100 40
68216 -79366 2476 -73638 69570 36044 8859 -35040 -84636 36152 82344 -40446 87618 -47488 -73500 20725 -46710 67316 -27873 50632 -42678 -44966 54192 80409 66283 -7078 38893 -52195 29091 77795 -5044 15313 79792 -26318 -79699 26145 -36589 -54106 3095 11043 -99461 -23588 -32656 79129 9403 -84450 59420 -69044 -22129 -64160 25310 16616 14195 -34611 34598 98122 96876 -30270 96224 53959 -13431 -66285 -54709 -23452 77863 52519 -68201 98657 -13207 74036 -75957 31286 86810 41913 41414 -33927 -66990 81927 -42835 40106 -86796 26326 -84853 16833 -94010 71933 -57937 99281 91016 20569 83135 -19627 90279 -78110 93390 38195 79847 24382 76302 -12660 
C 34 53 1406
Q 31
Q 47
Q 49
C 12 15 1612
C 46 68 1874
Q 42
C 35 81 1527
Q 1
C 37 42 1049
C 43 59 1332
Q 15
Q 7
C 38 55 1238
Q 2
C 48 79 1863
C 9 46 1804
Q 50
C 35 68 1937
Q 47
Q 5
C 16 35 1905
C 32 54 1320
C 3 41 1900
C 15 54 1859
C 11 39 1363
C 41 47 1246
Q 7
C 29 76 1511
Q 12
C 10 42 1127
Q 44
C 10 25 1947
Q 43
Q 10
Q 5
Q 7
Q 5
Q 20
Q 32
