56
277.9060290133549
-494.3524259861874
-296.3464027841405
184.7554237115503
-249.4343855619825
66.83798125717124
193.6681026044397
-347.77145589221016
-228.52539396969343
-13.85815614116791
55.3985803532255
194.4849992804967
-391.7019719559022
-308.73159629293286
-401.5265398838735
-465.2592166274747
221.92395744802013
-389.2971962210349
-268.5725303835106
-84.41852793841042
298.645832578099
-437.1134679699362
199.19515707433266
353.94481811557444
-395.2905888504964
298.01660992000825
155.60574592169883
173.43571953050946
-83.23218467537549
-316.97962313618467
-177.10040393150553
276.06982678704514
-367.87413117740994
81.6698457573242
200.10854465925922
-7.1155028441583
313.13014019629884
179.30956363741063
-147.96553291499538
-95.22838087842655
-240.43497026916248
247.8974051744858
-93.69213746536707
412.29452737509905
261.6733611654396
-68.19671426612103
309.4863004531585
-354.14118655669824
-176.2401479361033
-177.20627498282914
-448.67363514381896
-455.65606547625237
468.869599442973
469.707862032348
467.1075708864946
244.20945604135125
