100
-3.933634589707765
436.24842209886583
-52.90171581299694
281.75038183683444
-483.1037725175271
-225.87006111331675
-70.12335763041654
-370.19480474057076
170.052883206999
18.216582613722494
-145.0936025996944
-300.36473666639245
319.6278918735119
-60.500610138135926
-466.6125194378431
144.06823915991413
-16.04810329959605
263.7740490097776
104.60858467639628
49.01088880049656
-9.756182280714711
72.8153502399897
-160.651198527171
-489.9729211740014
-464.28091601616336
-64.69556287024392
397.5305238264224
53.08962839220976
-231.29064186452143
-190.74188888193845
160.25233410677924
-5.831218687460932
-237.9801023693454
237.0339559769301
-91.64164335064538
152.92746947054457
-70.77898047741394
245.57681039085935
-394.43355909237965
368.70859963475596
29.258347489707717
-372.02914424281954
322.89670260368246
-121.25185974962824
479.3961980708565
-312.4460063767492
84.77619331759388
-249.95099908364693
-406.8699306056015
-359.580439596126
-163.6623708545004
-265.31251322819276
-183.68771062704212
-104.99778667712599
-456.1945470461072
-234.60969160460718
-304.41257802078536
291.60008614324
322.70511737155425
-419.4903437686813
-499.71830161578754
-171.5168743434653
-70.0431979674504
151.5095090302649
36.20040102556311
-317.98565743973336
-451.20274020020554
-153.14192342768263
-112.31979001447144
153.032672344228
157.86351625277393
175.32791569455594
203.99135063074903
309.8476177865109
-488.7524740086644
-470.9599474992493
-257.06592706067
332.0763195790213
-129.35232554265997
-104.35882311679012
-72.77839782479344
-362.6134886174245
-426.226170361013
-318.14273621296496
445.968752903176
-75.51754908824535
124.71701867146407
-359.6794515322249
-126.51868369005234
-204.31995307962558
42.70464179904775
115.80415905069458
-60.21665914304219
-195.4773791985399
59.636385001226245
-38.49270495939362
-361.9214271756748
66.58001672161822
-40.71179387537495
10.080618485678997
