32
315.10204904457055
-336.97755274001463
-276.5627148987977
283.91573007560476
-255.60185565269322
-118.17769184064986
-41.48745383306465
-323.57083388474473
-229.1710148340108
-422.84894394268383
-12.571048703914812
272.66164461374376
-177.79854368569357
-164.93714718541264
-40.90958870454341
216.81853586828777
430.23647941297565
104.22777034713454
-396.94275505554964
329.9673071085323
419.0328843554705
19.737597727073307
-460.18830576867765
41.232529809991775
185.42660446507
263.926449359809
280.19046669249985
-43.795730787485866
-23.000211940333543
-2.9523817836043236
-336.24592782173846
104.88424979789909
