54
-398.80917663178525
-489.1547688287732
-55.405795011646205
120.435305863086
-413.6029450544688
-322.2726432144828
-210.9568397306486
378.03477838736035
-99.60325965713713
104.62229761974697
199.41575381575797
-451.66250249259645
-61.60771584982683
-455.47595656206715
390.9505766380146
-66.43825153292937
216.46787713463323
120.19697855658501
-469.3134396539077
-140.28471565395796
140.39034460526614
-41.998104910066616
252.32176381234171
384.3411348268113
318.00629441352794
-239.47579259971428
-98.76754617565075
-422.12493315034374
-4.379374682043192
-4.120008137546961
-37.85764111853416
-416.4125687746415
-113.71659426948156
12.802906981235537
97.95976645163921
-253.49847759502086
-442.0007224346191
-459.179205457918
-454.40641141714656
-389.2269258919338
-379.9081846249089
-91.53132658227537
211.77833853706318
-289.8697609071301
-357.0576899683135
-237.30805928361843
176.2157579360254
455.7044342486563
-483.78689496408845
-89.09325719461668
461.9569771005853
127.70549614337733
-9.181151451041842
214.09098160434633
