91
-182.52670228924927
201.44259672462283
-408.75315971002135
89.27364752355345
-140.61416244751177
-341.23306510360396
425.0517576358087
-481.6515132310022
490.12834693447974
-353.02125272412076
-290.93799202220083
24.567211309816685
-15.195185346466246
-277.3491003688254
-466.1380312483746
436.60417242642507
-236.41269112588827
108.00874117479736
472.1280172491928
-350.0140672491988
460.2153496319414
-269.29269941902703
-445.69964931063987
-203.5975692187639
147.42810753587105
218.24171773673208
270.42419673032566
83.96368270570053
-297.8025462106277
12.975202820836557
63.981876354031215
-117.37372052168729
-123.8474129166438
-495.72423953534053
398.6581623807698
486.50537106377794
336.58780518102697
204.96151449874378
70.5729637541931
446.01542126699405
221.80690641511865
-262.70670472499756
98.89712642978236
-144.20650331034147
-137.93599848690985
-164.06047969029322
4.8028714946798345
-258.0168257609873
-275.78609962222447
344.940556937985
429.280584634031
-210.08247900231027
223.24092382898198
-309.1147743819268
477.36641033133446
56.29903776675428
241.67998854868586
362.2694743854977
110.03360113498525
180.98016662793043
-366.0866206329181
-201.3815674176863
-33.37399291427312
-145.6699087971254
324.9143265761695
-315.3841239581493
10.018989786624957
-426.89229682305563
-38.21069119038236
213.52843028334894
186.4336146554
-141.43853940844298
-100.67089127266013
-284.65262469553875
-148.87914568407143
-42.261916027691484
466.5759317469847
472.1799467781748
25.958140487865876
-429.38695385087067
-35.63175599086611
-480.58068964783587
18.453582835939528
-239.7430724510001
175.78092974112928
-259.4728583505639
-194.69329933330414
23.319449256777148
256.9477288074794
-364.761105139122
186.37627888062013
