46
377.9347188710608
-84.48500260518563
-349.7104719699505
-243.67694195344546
50.155502292658866
-468.24021811695525
-281.9327266275098
-331.69393279181077
354.6429462259206
-346.0906235970929
169.11116291771953
318.39190896636853
466.6941726575669
221.1824622571212
225.19445879336115
-189.9935358783519
-431.3136651966038
-69.7337460186883
340.27511413626723
408.8547247984768
-308.906922485204
-472.46360556134925
-369.6479899071842
448.27708866678677
-301.8199370396434
-374.48820179240704
262.2805754571615
-275.95948461627404
452.5899952959239
134.34828238204557
317.57712803003346
-23.901552596548584
458.790405751569
494.28364552940286
-396.60749242590634
-189.75047873543957
82.78620310551912
-379.9462070258621
-288.9547569574825
-309.56313957835425
-50.037972742452894
-125.60812741251004
12.0698244424716
90.79249957864863
336.5485331736729
-165.23625306408383
