54
240.63516024978196
31.008823819265558
-385.18903385041926
429.020726913084
-317.76328516877373
481.3807710920198
148.7001733545594
105.2654931802166
176.1467213161509
-231.73121321580948
-48.588404535853215
-4.358953372790893
230.12908233666622
-108.37593748235776
165.5404929537375
91.62334432707644
-330.6573400881564
367.6953291223007
-139.62116961456474
-333.6424830750241
-386.14768400463265
-437.08336835966134
94.99782168592697
236.1464956342371
117.92984724650739
-415.81056075163826
-130.36280965267366
192.51666913248266
243.3962168309397
-77.2127033162048
230.3063288007487
-488.2657161891223
469.00301001238415
-27.970952385830344
-441.7226904911374
-433.029812782327
-239.6327644519011
217.88033646274891
-53.54477538945832
-402.15775493416913
-328.0575852701172
-52.525367818159225
-75.9512814590766
-469.76170213863355
273.7366851285909
440.7019304681861
466.9118251323067
-464.44334395262365
-347.3371740507316
90.71185625276587
-133.2076754076449
202.07945156856886
144.90738073115313
253.5755567818868
