50
388.88062999367355
-49.92947156878324
-170.31712314168345
-189.78057524243587
-412.1857405065271
445.76850986646684
121.37617366157485
49.169380227111446
237.49163530475198
-1.846502741859183
-443.3906317820121
404.45909812547654
-222.99812432219102
443.0117112469093
-281.29589227336146
-104.53440578122695
262.43494880327853
298.9877807802824
398.8474675223571
364.69436365614524
-263.97527033978463
238.95991593640815
-447.7179797994156
375.41916956797036
-59.616488385170555
87.59682368620429
409.90951745929
-397.3680233795269
-49.98484568937158
186.70051946637466
-277.7324261943277
239.1068365896159
135.18686803986873
324.2972401694691
359.6667200819081
136.66259602602292
134.69576716726954
129.93068103771236
-128.97281210185872
-55.18948067953289
30.98854937829651
-161.46000129218316
-480.66940074282803
493.5593009354027
-145.93486157737766
77.48928415164926
-346.00907734941734
379.5636656962265
-463.3320086179293
-393.32665803682954
