100
60
1635
-1499
1836
1313
570
-1933
311
840
1971
188
1926
345
1890
704
363
1018
492
370
1302
1697
1529
735
1310
631
1566
1406
1312
719
473
1236
382
946
690
1130
684
579
767
1110
628
1783
1615
556
1734
1559
1739
123
43
1368
1759
36
1613
-1619
-274
-204
-594
-510
1874
854
870
1128
1831
1700
1182
70
1270
1612
1938
1513
906
897
981
-546
1433
1697
782
1647
1485
1864
374
1895
361
1173
1523
1245
658
1293
731
651
1367
1073
1837
1091
1602
-2
1812
1581
35
395
230
100
1701
974
308
823
848
1350
103
1442
809
1303
59
-1017
1919
1778
695
1966
1070
1271
70
1143
66
1515
907
1038
410
992
1011
1813
1691
-1922
-1625
-1012
368
803
1340
811
1049
1229
1715
1178
1420
1315
618
995
1430
98
1609
671
-85
348
1439
1228
1573
1134
49
1986
896
1243
1431
1579
215
1429
1495
498
975
1901
-197
1740
1528
869
545
1303
944
34
401
222
1550
256
-759
69
308
967
1688
845
1191
481
709
150
1435
1218
432
77
157
-1408
690
406
1641
-1978
1195
557
0
