1000
414497576
180116966
110766268
421096544
36247056
473579410
402044414
506265828
347696572
35497603
279338630
64869032
322911316
164830845
191399372
33597464
350898845
230586164
208901105
479309616
111081353
331759495
117058968
274656422
505052831
175393670
380742529
382004750
390703603
326819692
487295439
166800656
5402300
430117327
191993071
112229234
420659957
470025654
323000958
27041507
465155872
267233230
271779570
188434189
466430229
474225629
314250800
185751926
226167821
92693869
457947472
220015884
34090786
238137206
373801347
527721727
428968831
226970310
420249618
113861668
6484686
183259695
32300097
197659733
482813650
435652396
218970027
178011821
392384739
472544858
352934537
161187330
164640865
130710068
40490236
436832441
284112199
33669264
23346655
340096220
194061197
190371236
38459969
13293611
265283776
264648595
357004512
425138781
403327652
169783456
501201281
143321218
411504329
288032909
226887189
288276134
109576442
292642050
176403555
164875403
216148034
170425798
476339483
320835969
402420390
513362046
284311572
533179412
242345065
139473948
469480315
31353926
377694803
448753954
419340537
12124146
111942234
1239723
349073210
202418800
527140320
432369061
55072719
13282327
297578688
504558956
455327968
422321677
402803240
40570366
266648306
326385048
516958536
514233035
100612976
305779021
430840466
155715153
222906113
65899997
259524443
32590249
464849282
77576546
34637661
431043793
75559800
218479481
194478033
172821225
416578082
441803905
80521601
242250272
69003215
373311319
415410250
280037282
109846103
146279692
123970529
122394668
223994854
217779800
18150689
269989174
125298838
244938570
298880302
525660391
280776774
235880885
117872792
279329269
222494603
274311339
238603858
229966207
163253475
84156885
357349936
429263804
369732643
364164289
350687929
266592086
516411190
168259382
63535684
79246802
85919231
338235668
406908060
328766597
417012832
267287069
29872950
91713658
56019559
71453705
132683963
140448189
319506244
388370834
209831607
326462081
350243009
279810110
144865540
242510556
92788669
166854102
372957612
355903367
98099212
447702261
532370887
504492687
362232811
406560312
530297676
117111137
451276226
321827183
376593540
35657079
270800939
20547248
347292973
159254944
116509421
310445632
326251136
300058761
88202311
290964855
26334774
338703649
300060685
271485718
317034026
13912283
466106073
136250004
460505879
317234371
106598468
406648721
267371022
411173756
516398684
449625896
169920057
12915926
24811737
162269313
259842339
9741240
17186479
131274835
465191952
461012716
465553424
518825625
525630965
527022634
92767358
444375610
200388862
498277494
22414629
376318864
412032778
472683667
373323834
432117954
497701857
290673489
212553829
153506648
38615773
54632901
469978147
392184165
376351917
281105864
221431457
32010025
300983045
342577433
57582095
187941907
112270859
361709549
514915338
424867299
509586500
130669189
525354423
402778559
457026856
503018008
495279898
231149049
327591702
307974027
462250094
286885322
465817014
12254532
530384289
110823406
69964062
465108583
492125401
434247682
200482115
437498747
17827069
3370888
254756478
105024166
4725831
485934556
303484059
3936879
245870418
118264316
336498188
498348247
448145082
142161826
370000574
158800992
511243211
364407711
115583943
493676548
451425758
374257506
243342201
495138362
487208148
518672099
521936534
481553130
229272110
41027375
425925955
341992316
532509747
308164197
501181840
73826788
330999894
357323398
110278013
496969979
493002590
89723612
174714957
533868806
159447156
449997141
239092638
505040885
536661099
113706316
192094921
527805619
138285900
394983359
337785852
402608615
282106111
431279162
80220503
115333089
351758372
317952409
310839751
408343606
22708627
15254735
476732420
492167251
20867104
24606760
394431592
396054396
386623990
59794443
404333887
516717119
307055861
440481210
519156359
459568111
159002709
194592957
105480580
219131858
4923436
438758048
389806427
119509065
139880897
248512189
300912822
444902714
536414900
325994723
295888872
372945278
55491900
114539787
516318926
177288569
345670070
50865495
248859130
491827785
53036322
286123151
113916598
443012092
82759635
235787585
165945311
417240633
444591727
311250318
261743827
188203105
242675152
213393237
312372782
98185098
108813609
274501649
318410419
165772373
133140243
138878629
248965073
416891204
67378365
329977749
26487932
123005762
214261997
359569047
209305672
178002715
32134554
305856317
305067367
409665924
153118315
488157
290138435
255202142
405856146
140326629
37997413
55013766
57706754
32049976
468666842
472763388
469000128
83847164
391876766
253689126
493649752
148259828
496994624
395970030
326756557
427349853
377830454
2710388
377766388
428230855
324814587
330285392
491445620
532580201
178535268
325768838
331305111
154269112
374226072
529388344
492794381
207204999
464779314
240578304
241832901
458815843
410122236
398148551
204247567
527000788
117789359
25613036
102420481
80485820
245813705
421072816
163502543
394964599
245951613
52065877
503687039
371511987
124705996
145053620
171056458
37523284
85858854
222092462
146625686
211952344
483869918
235830249
288899257
230701071
82415091
211132555
484256795
252623782
139416941
82681219
140493708
489731837
10623305
41457222
333264397
70277274
494061847
421376815
341046966
447830488
386408726
469160708
874475
334039198
282897466
149903694
13451625
13359733
89745429
68037250
192761109
513096539
306104966
278303845
343964443
290192330
439196025
284420986
332795609
483975073
453049424
300525156
387200729
488572840
73081486
368935105
153914370
449985917
296725381
425044581
287968576
164593449
247689941
422772074
424298614
95213841
196375815
377965838
152568386
65457772
467745872
64894060
160045295
386253345
535754512
23798429
460856140
50519085
301020553
197367853
166319153
318667201
283268407
216413922
177587982
17387091
528891786
444711512
109720276
78822471
415565384
520891591
8035469
97640002
289782821
472202203
31684512
526569988
194614015
103891460
419382805
265747860
175492479
18109474
479851037
71958986
105588499
211802479
130830690
239031184
384056579
243874109
217352031
522095131
141792738
458620521
51938537
8598234
225658072
131321079
381400635
203510663
332586459
187272578
331431610
375695593
390525739
16481975
412372903
78006873
4331862
490727156
219381416
91135526
115779610
294380460
149587496
123183099
501765998
240611332
473696610
522135305
170678105
411471230
143578584
196989338
57698947
160966892
98269046
70217972
529266180
504467267
426290732
441864828
98955955
126984674
290969995
455910796
306336468
530578343
493100423
234049684
208377177
215155304
372857497
121137490
492800277
210375146
391345044
407777083
422728110
16144901
149125822
184701848
422220400
120165048
34566766
130559880
437506545
512924990
176670425
263016664
5238278
40288446
268850543
501071655
331007118
422214529
191012054
36449825
386901739
259872805
232605400
121382265
232666137
92630893
272316418
96015927
121105997
62715395
262920727
30218107
169268003
362954933
75728009
66487779
163332906
512481210
67052326
6759931
78409640
175062725
295432422
470176212
308389721
284007706
382467654
150180247
491441370
523383466
60237427
141498
158010841
381921369
365728286
188582087
186209298
488281178
194065106
172322474
184801687
136509135
138422367
63893117
137916427
29138915
139537102
107769461
169448830
363789233
504849727
262640470
380141965
126234692
312469649
98609352
187316443
136068020
17678065
327509495
177558966
271548125
385590562
379383342
227899971
305820343
164670260
279588307
433912065
225831734
195543213
184978597
403516087
272175112
305331647
180832502
42308557
261630716
267046961
503984830
52521310
116622287
309629974
2717392
242997473
58005743
49517559
500531575
410620046
427110733
376408398
384830648
222813968
125752016
83018648
216901890
303265702
440889715
151539321
300147244
90028700
164990865
37351193
143145630
387975312
336093381
350768708
197449217
355050685
412241524
494128431
260856781
375964627
451734834
407056269
17644974
229043391
195872706
119202453
82346500
119830358
376463061
5949090
45629375
65294358
6716323
44018776
351832425
170817816
407392966
134074292
495083965
281482672
25367324
331564834
93014864
502474222
278591867
92454538
53918658
26808143
203353377
375671683
456373343
50610118
145774014
100459310
463233274
368628133
131114159
489684288
473585238
429059755
261714499
93494288
516565910
133628280
16969968
103830921
220094744
207094680
290162868
94205532
343747240
158745050
334611711
289428694
453097076
476675470
170664457
323626441
201474162
190126169
520860841
28339103
412637054
356147216
355033455
99262045
369033440
63052551
481642120
489886263
174972245
164019739
357979754
421713484
177646274
427869628
297606161
103881319
185919770
524219165
468899293
33997862
109075337
20048936
415618661
460470716
348752349
403524676
421023592
41247078
257838725
194565875
445186845
330160868
404566648
514166200
426969743
64942024
312880231
344132619
195805260
488283509
528139720
63217273
272026227
272483572
22794753
203386515
333337372
115720723
57639489
337690947
486411598
517502026
254770793
469166385
128458495
295852882
124386238
532442760
46504019
171601611
28766368
150880287
374803132
503127051
271851096
180801399
136278582
371537781
240671715
139654932
155421
429071031
392285548
484881214
295485427
191069035
443216766
256753779
142878557
41362374
456963024
202013939
530558801
415204699
403724656
185127220
340898953
10990488
158189246
137593434
174504364
217751644
383456383
396553020
105336980
116095709
362778887
319958671
388003166
302178077
210317839
109016210
234386088
113695322
191265415
269965537
155012345
389633798
496156353
383634093
454935461
107727301
173029941
132398610
405368487
460273898
11291464
393183991
329871535
336062587
366468873
0
