1000
277982217
431372926
-520692571
511571687
451891949
385552499
369378591
411070567
506772389
207402407
68365471
271294696
152005107
25241294
33901289
453122628
229532365
357545119
260709949
281041025
532600058
65352987
61352765
173814086
519806010
165800988
203778723
248703612
316703448
147504870
263318691
96104744
20732183
126864495
80412501
329363030
362285641
267038508
334041880
338494936
164756518
132590285
102881684
341748956
369042178
366524128
34806224
3018205
236543605
437244046
13494525
511255257
217637640
302088649
451962659
34050745
276417645
64707691
423197965
120571888
388901843
8331643
200590145
74086959
386313836
267835356
218232970
92341982
505463589
117554560
430750025
453513613
480637118
51769931
92833841
289998658
255667397
255970551
455115710
35678239
37613343
284061776
303864363
512905899
475146098
66771899
134637331
522237349
513043133
38390093
318799246
254260558
514610956
382580355
154438444
472370967
455580742
228056425
201602303
508996029
130954941
396900457
523633321
137179332
16038642
170885420
220056728
508702191
438323022
190359066
438986470
112863883
433409427
336144655
283386122
373052732
411058267
481233913
57304583
346360323
387206632
176536793
519986483
97168007
204703778
470314485
443274787
291325541
215196809
344184534
262600222
200558879
188463046
417163718
308719161
140050141
353337272
513755655
390255571
238152936
111210317
330146548
452737783
354798082
125379062
165240056
50942627
143361832
123951009
64783370
147798857
507491093
216682923
413200728
365284055
449207593
49843595
321798628
291450984
260622762
12764154
195852293
99629705
285124337
203084709
326279634
265617426
465515481
180815857
36000805
241962403
142011102
495979260
303642326
474414940
93594310
16091000
525164680
181426751
223340023
404433443
115545744
178226974
360198401
528154421
284081219
203002802
199225480
379706419
294408612
470641925
297146928
512440853
261395650
422389670
45443416
303844351
522886090
102990641
304912155
218351666
471474049
479945065
289863252
334265339
154271701
240506458
432957478
449692386
516184360
454864552
278993004
119441372
457197567
199250017
317329513
159852354
424872902
433719741
532383405
242330679
394999886
249955376
309884068
290684452
511148446
129923992
312021638
455497167
246522883
504065679
504620383
182226980
231689826
327153609
326315114
246907747
34281882
75701944
81649995
347254868
182711659
207060220
320882261
277130181
529061965
319331475
6456133
345660300
366238184
102863112
260505719
160487081
101960246
397191424
311189012
435704530
351507777
76396976
511054422
93622862
39813189
278763465
24945031
242990538
447819593
225550852
29534039
488532954
467950002
484639960
472427561
186775336
184178166
484005903
70445424
186575503
330149191
424679982
472455090
465181611
370614690
162955714
46341582
367250467
24422362
200010134
59842325
420106162
46723346
307839475
104881030
94563124
427752103
159700757
526508708
311949605
127696538
378276469
372593502
486677339
475261421
66361568
533241860
412018488
417344071
7411930
267958019
52900500
6598622
358110581
74225025
518693409
294801089
233188316
81010526
323097127
273290449
370938492
368859904
446797939
79507539
334583755
360941535
220427688
303156021
233209409
532575522
189915761
81024621
404823955
129226580
226059415
309093177
535478743
436023138
194001382
70102751
46952360
372776711
155162939
418168913
412655825
11001270
103378581
206700588
26949234
393256308
58377989
28858869
326930871
455114175
156977934
326201763
184511777
226858929
125556933
382639416
329938129
257843568
515201882
494451254
212939381
462402721
372081168
4158757
87120063
16864318
475441538
36265591
371259846
445083217
76162950
54250950
215668287
360266124
277185162
147158044
134346519
472155568
315636348
343100966
118410455
396023838
492232985
445296565
320023252
128424963
299735892
297483628
447336247
446438579
184734961
60591280
103626871
196838562
381521413
508138836
371275983
23837245
141221786
505442373
158107319
145103496
501485708
161600632
533359997
280887191
379737195
123127532
47608669
505517672
70435469
139662896
115569671
350149017
342012093
351641616
175452691
209081300
437745491
97673131
138994979
302492331
296589176
118659343
494358087
488750494
109968924
336260863
115127508
534074492
258865052
209983274
325985899
158859107
494223325
211396854
297646921
364456551
97655578
188324246
92947220
205291988
458871531
256726890
225109105
453197227
382615193
205367240
142390929
335095337
500323081
79818070
232230665
450370066
1684249
385125087
346678540
482247690
362792767
100797860
183483224
155810416
138698649
117167317
42094524
502060596
134408283
242882726
381402631
464376840
162307532
242681590
207634305
358618798
382788430
246626762
50554026
174393270
401422455
127529500
312212419
507368497
234027214
374086246
517017091
51633518
29635075
296143330
359757407
315944330
316585831
343493941
207097465
376108464
147150245
357286960
291278634
397143064
30872047
294305609
448310742
526294156
79290607
380697386
245432031
451340408
333627620
159530677
85864764
318216605
237853718
185372477
90329775
71082487
251754751
49985444
114137486
334420575
410502204
495526254
425230475
385861993
526613934
150935570
167381530
144669833
21576153
108871283
12493461
471257213
430949087
203712547
72537334
302647970
116523572
59804803
283822349
257151117
194572380
330114783
514284744
279509005
186469539
431940529
189159926
437492393
513488769
155009700
27259916
376024269
191547052
536361231
123627849
327059558
201580190
113231535
451275848
39661745
50607127
240255746
230810420
235244831
533501335
132351871
230084485
19843569
458736676
477264995
203479383
121731931
91557305
139394626
250257246
439045162
174752481
352354906
55850388
412657116
302466053
58994170
224493314
424814385
257087354
97575896
188202678
345720914
136971233
510072985
95987499
416536704
482699378
221518839
162072727
219082790
16069845
158396330
472534332
446972015
280687058
411401481
397661010
8141272
366990722
314347052
346536353
64657244
18042848
231240335
68682885
2260362
64327113
237377863
123825101
510300654
5105934
284697143
72144768
172280980
258602725
212496164
141818984
24605890
466684593
246609338
494236327
346970016
404875057
294540912
441088511
481412188
189530141
231618977
396591253
68390191
214377086
214368204
530016230
461750929
508896224
63248520
247244624
463780860
124849192
372654048
518582322
495778415
251241283
21175471
151470097
364707180
404743573
404643612
233505797
198241992
208924527
373144821
193662892
238806349
284484604
439335371
345449076
523673213
51336104
342272906
248814325
347299308
162791799
336309998
252536409
55481000
265045476
455363739
407769211
58538204
176618585
290101505
302660547
214122951
147634619
167531395
219181675
426444265
149050567
22876479
390081782
421396125
331191418
389261170
229054244
65385637
163895210
333118666
85288476
97244530
382026861
27869645
209506044
151524977
384240359
249475077
348562180
349787148
145984758
301072088
306885552
171276348
151651211
499560360
206119479
364695631
198173921
484824453
173308765
9279386
163053927
264984681
210832922
330434378
268302785
477032404
130231374
513693316
391199430
203274737
535498310
498284191
88370359
234925245
28072338
297410787
290893740
351192929
306833857
152580003
399693065
170118363
355613861
351826580
426235740
322026964
132069010
57767108
58385009
9311201
291281720
21489758
181002851
105332229
492189847
252462538
324387889
152288586
467439919
378635402
363185524
283018749
417728926
342946372
523837842
27156758
40023042
360777403
449445482
481325455
387577760
392587646
135059029
105128264
250404793
161788713
211258278
268634386
437696597
267141525
438202835
499473109
499825609
500190482
14604238
331053567
440014777
493911470
285544333
76913439
370679293
470165950
11561733
371755412
160137711
189617679
95746108
342180204
415229413
94012250
234734863
292847875
16811938
351047540
387229824
134825252
227469981
459717655
84385095
489645150
364791051
123137471
483620881
278291381
162428306
314803569
246090356
35254854
206201456
5109257
350985250
512653839
441253725
170013360
83201294
87941321
52462942
491897859
120636736
526649184
45817413
135932376
216391917
255272588
148297544
379579897
442327025
470310964
411844234
490959815
384273834
220222398
12448596
314374074
72517377
65482520
338152797
146567671
524014653
346319046
503996218
190530250
86560884
176468703
407702324
113041906
45651397
273032644
265718060
446559444
323448529
475274627
432986320
360072307
275844856
177377430
56881729
124644007
180674819
520140301
161596541
514279174
412490409
448894291
414883235
374888221
346436146
354228909
389628470
443412271
23587694
381198098
492536078
222632734
39306424
94732012
55901715
197093761
121429103
472484002
139536561
64021391
27256395
370166471
171181348
411409060
193553772
460827846
431267260
237136106
81477071
349578911
460928257
394685660
105994128
534539163
8560207
157674514
5797988
320050681
158015906
195107550
268180185
488630504
354673952
183515315
380380178
299124594
40793312
126040514
69029954
113119848
308489561
53735247
110071096
302316475
495507634
135163626
69714938
329013394
58756783
326474152
396470393
426341132
390496279
180360780
302148686
510760102
142685405
242881171
64300238
61399571
111185827
226977679
240123252
91986371
57862491
198390570
390984395
212513934
108415212
217598576
148005121
83975267
361673917
299482134
56428828
47366871
148566670
506545423
121514896
32224794
116060838
104026956
230578131
19937320
481885973
486953756
121633968
192986081
340941791
861585
441896993
376999103
144633578
363567152
327276867
278390487
150105885
498802987
509358621
94835954
360667061
53694111
485002311
267526838
12444506
284966225
487877785
354243787
330378909
341967408
418236877
188352684
209846221
39637053
190706724
515254364
289573510
34747450
260745119
45413416
392188095
143975251
1000
414497576
180116966
110766268
421096544
36247056
473579410
402044414
506265828
347696572
35497603
279338630
64869032
322911316
164830845
191399372
33597464
350898845
230586164
208901105
479309616
111081353
331759495
117058968
274656422
505052831
175393670
380742529
382004750
390703603
326819692
487295439
166800656
5402300
430117327
191993071
112229234
420659957
470025654
323000958
27041507
465155872
267233230
271779570
188434189
466430229
474225629
314250800
185751926
226167821
92693869
457947472
220015884
34090786
238137206
373801347
527721727
428968831
226970310
420249618
113861668
6484686
183259695
32300097
197659733
482813650
435652396
218970027
178011821
392384739
472544858
352934537
161187330
164640865
130710068
40490236
436832441
284112199
33669264
23346655
340096220
194061197
190371236
38459969
13293611
265283776
264648595
357004512
425138781
403327652
169783456
501201281
143321218
411504329
288032909
226887189
288276134
109576442
292642050
176403555
164875403
216148034
170425798
476339483
320835969
402420390
513362046
284311572
533179412
242345065
139473948
469480315
31353926
377694803
448753954
419340537
12124146
111942234
1239723
349073210
202418800
527140320
432369061
55072719
13282327
297578688
504558956
455327968
422321677
402803240
40570366
266648306
326385048
516958536
514233035
100612976
305779021
430840466
155715153
222906113
65899997
259524443
32590249
464849282
77576546
34637661
431043793
75559800
218479481
194478033
172821225
416578082
441803905
80521601
242250272
69003215
373311319
415410250
280037282
109846103
146279692
123970529
122394668
223994854
217779800
18150689
269989174
125298838
244938570
298880302
525660391
280776774
235880885
117872792
279329269
222494603
274311339
238603858
229966207
163253475
84156885
357349936
429263804
369732643
364164289
350687929
266592086
516411190
168259382
63535684
79246802
85919231
338235668
406908060
328766597
417012832
267287069
29872950
91713658
56019559
71453705
132683963
140448189
319506244
388370834
209831607
326462081
350243009
279810110
144865540
242510556
92788669
166854102
372957612
355903367
98099212
447702261
532370887
504492687
362232811
406560312
530297676
117111137
451276226
321827183
376593540
35657079
270800939
20547248
347292973
159254944
116509421
310445632
326251136
300058761
88202311
290964855
26334774
338703649
300060685
271485718
317034026
13912283
466106073
136250004
460505879
317234371
106598468
406648721
267371022
411173756
516398684
449625896
169920057
12915926
24811737
162269313
259842339
9741240
17186479
131274835
465191952
461012716
465553424
518825625
525630965
527022634
92767358
444375610
200388862
498277494
22414629
376318864
412032778
472683667
373323834
432117954
497701857
290673489
212553829
153506648
38615773
54632901
469978147
392184165
376351917
281105864
221431457
32010025
300983045
342577433
57582095
187941907
112270859
361709549
514915338
424867299
509586500
130669189
525354423
402778559
457026856
503018008
495279898
231149049
327591702
307974027
462250094
286885322
465817014
12254532
530384289
110823406
69964062
465108583
492125401
434247682
200482115
437498747
17827069
3370888
254756478
105024166
4725831
485934556
303484059
3936879
245870418
118264316
336498188
498348247
448145082
142161826
370000574
158800992
511243211
364407711
115583943
493676548
451425758
374257506
243342201
495138362
487208148
518672099
521936534
481553130
229272110
41027375
425925955
341992316
532509747
308164197
501181840
73826788
330999894
357323398
110278013
496969979
493002590
89723612
174714957
533868806
159447156
449997141
239092638
505040885
536661099
113706316
192094921
527805619
138285900
394983359
337785852
402608615
282106111
431279162
80220503
115333089
351758372
317952409
310839751
408343606
22708627
15254735
476732420
492167251
20867104
24606760
394431592
396054396
386623990
59794443
404333887
516717119
307055861
440481210
519156359
459568111
159002709
194592957
105480580
219131858
4923436
438758048
389806427
119509065
139880897
248512189
300912822
444902714
536414900
325994723
295888872
372945278
55491900
114539787
516318926
177288569
345670070
50865495
248859130
491827785
53036322
286123151
113916598
443012092
82759635
235787585
165945311
417240633
444591727
311250318
261743827
188203105
242675152
213393237
312372782
98185098
108813609
274501649
318410419
165772373
133140243
138878629
248965073
416891204
67378365
329977749
26487932
123005762
214261997
359569047
209305672
178002715
32134554
305856317
305067367
409665924
153118315
488157
290138435
255202142
405856146
140326629
37997413
55013766
57706754
32049976
468666842
472763388
469000128
83847164
391876766
253689126
493649752
148259828
496994624
395970030
326756557
427349853
377830454
2710388
377766388
428230855
324814587
330285392
491445620
532580201
178535268
325768838
331305111
154269112
374226072
529388344
492794381
207204999
464779314
240578304
241832901
458815843
410122236
398148551
204247567
527000788
117789359
25613036
102420481
80485820
245813705
421072816
163502543
394964599
245951613
52065877
503687039
371511987
124705996
145053620
171056458
37523284
85858854
222092462
146625686
211952344
483869918
235830249
288899257
230701071
82415091
211132555
484256795
252623782
139416941
82681219
140493708
489731837
10623305
41457222
333264397
70277274
494061847
421376815
341046966
447830488
386408726
469160708
874475
334039198
282897466
149903694
13451625
13359733
89745429
68037250
192761109
513096539
306104966
278303845
343964443
290192330
439196025
284420986
332795609
483975073
453049424
300525156
387200729
488572840
73081486
368935105
153914370
449985917
296725381
425044581
287968576
164593449
247689941
422772074
424298614
95213841
196375815
377965838
152568386
65457772
467745872
64894060
160045295
386253345
535754512
23798429
460856140
50519085
301020553
197367853
166319153
318667201
283268407
216413922
177587982
17387091
528891786
444711512
109720276
78822471
415565384
520891591
8035469
97640002
289782821
472202203
31684512
526569988
194614015
103891460
419382805
265747860
175492479
18109474
479851037
71958986
105588499
211802479
130830690
239031184
384056579
243874109
217352031
522095131
141792738
458620521
51938537
8598234
225658072
131321079
381400635
203510663
332586459
187272578
331431610
375695593
390525739
16481975
412372903
78006873
4331862
490727156
219381416
91135526
115779610
294380460
149587496
123183099
501765998
240611332
473696610
522135305
170678105
411471230
143578584
196989338
57698947
160966892
98269046
70217972
529266180
504467267
426290732
441864828
98955955
126984674
290969995
455910796
306336468
530578343
493100423
234049684
208377177
215155304
372857497
121137490
492800277
210375146
391345044
407777083
422728110
16144901
149125822
184701848
422220400
120165048
34566766
130559880
437506545
512924990
176670425
263016664
5238278
40288446
268850543
501071655
331007118
422214529
191012054
36449825
386901739
259872805
232605400
121382265
232666137
92630893
272316418
96015927
121105997
62715395
262920727
30218107
169268003
362954933
75728009
66487779
163332906
512481210
67052326
6759931
78409640
175062725
295432422
470176212
308389721
284007706
382467654
150180247
491441370
523383466
60237427
141498
158010841
381921369
365728286
188582087
186209298
488281178
194065106
172322474
184801687
136509135
138422367
63893117
137916427
29138915
139537102
107769461
169448830
363789233
504849727
262640470
380141965
126234692
312469649
98609352
187316443
136068020
17678065
327509495
177558966
271548125
385590562
379383342
227899971
305820343
164670260
279588307
433912065
225831734
195543213
184978597
403516087
272175112
305331647
180832502
42308557
261630716
267046961
503984830
52521310
116622287
309629974
2717392
242997473
58005743
49517559
500531575
410620046
427110733
376408398
384830648
222813968
125752016
83018648
216901890
303265702
440889715
151539321
300147244
90028700
164990865
37351193
143145630
387975312
336093381
350768708
197449217
355050685
412241524
494128431
260856781
375964627
451734834
407056269
17644974
229043391
195872706
119202453
82346500
119830358
376463061
5949090
45629375
65294358
6716323
44018776
351832425
170817816
407392966
134074292
495083965
281482672
25367324
331564834
93014864
502474222
278591867
92454538
53918658
26808143
203353377
375671683
456373343
50610118
145774014
100459310
463233274
368628133
131114159
489684288
473585238
429059755
261714499
93494288
516565910
133628280
16969968
103830921
220094744
207094680
290162868
94205532
343747240
158745050
334611711
289428694
453097076
476675470
170664457
323626441
201474162
190126169
520860841
28339103
412637054
356147216
355033455
99262045
369033440
63052551
481642120
489886263
174972245
164019739
357979754
421713484
177646274
427869628
297606161
103881319
185919770
524219165
468899293
33997862
109075337
20048936
415618661
460470716
348752349
403524676
421023592
41247078
257838725
194565875
445186845
330160868
404566648
514166200
426969743
64942024
312880231
344132619
195805260
488283509
528139720
63217273
272026227
272483572
22794753
203386515
333337372
115720723
57639489
337690947
486411598
517502026
254770793
469166385
128458495
295852882
124386238
532442760
46504019
171601611
28766368
150880287
374803132
503127051
271851096
180801399
136278582
371537781
240671715
139654932
155421
429071031
392285548
484881214
295485427
191069035
443216766
256753779
142878557
41362374
456963024
202013939
530558801
415204699
403724656
185127220
340898953
10990488
158189246
137593434
174504364
217751644
383456383
396553020
105336980
116095709
362778887
319958671
388003166
302178077
210317839
109016210
234386088
113695322
191265415
269965537
155012345
389633798
496156353
383634093
454935461
107727301
173029941
132398610
405368487
460273898
11291464
393183991
329871535
336062587
366468873
0
