1000
9492723
108654036
391711784
14097027
528428248
388375432
280821635
146448854
265896948
220042624
42639517
70816996
508200459
152958790
302593310
388444212
331999904
406635214
498857549
143262520
126467291
427636021
179022979
235190890
35463648
104866314
9709752
448204630
168066611
180797632
104036989
252015988
306955433
222791874
5918644
528695151
446108985
506464020
54484841
502552997
138954797
101813679
256124942
311485516
113735478
16203766
305786412
509981900
215531300
160802938
269535459
199179445
165221936
280344934
297011835
503657324
391408263
284107346
462738573
90740500
75591083
344634914
156398992
270267945
215317213
76852138
60003221
260635361
511397730
318863988
352669911
111985687
390209333
469278268
342941776
450225951
233663516
35430405
191573797
73537671
338763440
82296881
3741072
183581939
451149787
414912564
140461818
233985443
355104352
504164553
352920123
479512585
279503670
362230239
225516291
413060356
430617837
388754900
534377354
126751197
448987166
157970939
306434001
5661682
528296992
375296983
100172754
476025541
398104319
146973469
121282442
436574232
202575022
287250087
116831752
83795425
494134797
135058434
438520599
206281736
3715491
405246529
250782083
278968991
389929045
383576225
100530112
252029369
239224608
219900868
24902620
195242382
324673721
363708384
416023204
523453833
367485325
342756116
40685307
24763388
283327418
41671546
248410261
93500233
7005531
366361112
408184394
416675791
498959644
36639162
184165110
371886161
278359473
499751884
123014371
215877628
531632976
188896103
536735251
183653226
376862659
359058702
499725420
493278875
477262459
322732868
250081150
491621527
443536365
345448755
208245348
68772206
171152926
260010805
102773057
498956525
47065694
213383685
348223935
318320404
426964462
449319940
284978238
35764846
347401418
321877894
262201275
299378407
107806625
410409824
157111005
271131657
490430725
477156768
530659392
342858025
54707524
441752898
398407170
50652430
189996411
405776855
520621871
202285330
328293284
454362818
457019168
77718369
483772942
209136664
38766885
122058057
321552055
236872125
172883571
13613665
409981852
2696569
306460598
235131748
63523475
43987706
206312920
124465251
272472097
217825472
396038817
54489627
8141648
346867211
16770579
474384148
1489191
86497688
178876955
68047260
149401010
114741527
333256861
346591229
326864124
1868063
212144280
337617564
256846895
510655186
29347914
421104653
172619189
383893408
473752575
137242370
515462114
281681808
356466543
169305675
178250462
354838505
29417092
337536562
147852290
181695106
504126362
128279040
421609771
204226415
189937079
498883321
306334784
391708630
425467064
77934967
502462064
388172241
191493400
173511579
324308371
89602877
2774935
98467792
317384014
372405357
142231745
521854523
50031498
488092854
36103584
489781907
157381945
65244839
153473040
535839097
281346443
70862257
140471092
289388561
55236936
190085644
445905508
37246416
505379033
69077705
91041057
37981439
275674486
293515955
437722763
309274333
156230735
505360345
348870080
358934048
414699413
246346041
414370125
397439196
407314108
435107727
255503840
337890957
398722661
281344849
308308661
421275209
453546553
525844893
43100535
516266634
161887900
486890468
429335752
270926177
18807936
447800238
397138440
531703497
284307421
403489039
530558537
219130290
428896628
4037591
5957494
479033713
432791806
362890636
291235093
76013012
397486248
98655519
309022432
508546914
490508394
149119044
389745487
381990979
273958155
350565112
162875774
294992216
147161334
67033694
304940614
113325468
54731896
166059401
263469643
223548668
267854826
158896874
332765334
428933544
361174778
99833846
521677411
459340798
234403234
173034559
238669184
58317025
222041259
159896698
502457822
261484785
517364940
522437577
409379138
138878800
137956354
521331604
10623128
208504547
528160510
414120516
306147346
107683052
308707498
27513221
112734197
135835255
192193340
331383855
96249068
111357289
401462391
120686681
375693620
130448808
125590216
259678122
174491025
191509418
30320958
255783061
270735422
75755219
14081233
102190324
507615415
398349061
467902674
31545234
317570358
236819241
234467523
499629103
391244952
137495253
75324169
41664669
282815480
2899926
34198487
164535051
370279740
46486649
413207836
193815923
368923368
95707406
43218281
528517246
454997984
3709250
205451337
435528778
163281069
366676337
86738475
235308464
100495190
82984693
380234633
412641452
362769032
527557089
33221682
467247430
13832439
137590757
89506235
382127870
526884941
195191346
476113419
4215702
159837208
417701135
58907586
418959159
464686464
39398368
116714781
72252047
205569366
269459287
535759342
190749269
262302820
426485215
382415185
440352537
130711696
104644132
349096272
466383747
339619364
98011292
261109800
264433788
502056031
437345049
441095431
339690813
300774940
30879342
268716792
378319720
70515787
474916568
397056595
7720998
408036135
167082508
210631527
120647794
132398617
390734940
207339277
164204294
233449574
128401625
387944106
508267432
249070588
155618655
352168190
483464581
319287351
421045010
168181158
51731620
181487471
61987044
502150704
532633142
83205388
366519329
495051704
197685444
297963663
343489351
285203363
200635003
500428302
23788999
271427872
66309176
110425788
501155137
169427534
521033527
14397868
68856414
218881550
365050625
77432362
220531117
129441768
213992000
110926022
514854079
267242631
283959069
187963142
237872943
223490385
492823766
526840458
175252296
304380921
79606517
31958152
316605005
487467515
262860646
94349220
406531269
127455382
485028524
35725505
73201955
39908977
172011572
184554310
389942711
395101380
188954849
324993396
468862777
93773862
365395196
458367541
248695803
363252674
249536276
526231280
518052780
365182525
327445828
356900358
221734486
276220787
390112599
439035238
174164588
449665964
325530120
440506995
388268517
187380499
388498085
44043833
453752616
481669364
354399923
131163772
169980446
224141590
366037162
134258430
280929491
177058447
132004787
465579983
169739125
104300194
233076335
10504401
168663859
31506603
189862246
429088132
303885525
439322602
86163173
464015605
73520330
160674212
262950447
119215824
499854565
312067031
225937102
82707381
299760645
533741439
353535751
19602021
346497403
135501620
404982430
106099427
98158741
355244942
147176100
525460335
335357286
507476375
54636058
115604296
354492435
114881527
3192840
149467298
5125272
337503342
231572477
150363921
339843081
438977318
173196493
56428379
191988566
220900311
186296095
23403102
149712133
221771151
115075448
177863136
295316920
333983434
505459351
435171825
100169477
477739297
484495281
133468001
315049149
297077098
96505130
388108152
293731543
338191801
88362824
390170164
200494814
136298767
131980664
485579622
62429189
468393374
31326930
527349034
162825020
356517055
369124818
486840828
361871318
390212100
245041
322393289
526792113
397395268
277871721
381459073
497517090
100734392
313456165
99412103
31866653
112676205
446068135
37609432
393285269
69552631
224792932
48623653
199300021
485954738
303793101
387681393
104118530
187964230
130801036
146759566
389792790
271948557
495283218
104526623
132628963
157487833
500454030
451070529
473690714
296833383
423238583
10573413
54108091
420660550
448545803
489194832
462198980
530482016
342021575
61798651
213012061
73184372
200133981
33327057
310632714
151143281
337028196
380239045
442949453
7473622
192081737
337765723
312483440
17027176
239894368
486662027
186242179
432582853
4086036
365661120
250359504
465643156
3464369
195027701
283798142
412481735
221932765
459724375
264891452
196467907
262909602
357323858
17576151
229597203
293154785
300305833
495988341
527565294
534402577
213790496
287968641
530593142
306055435
219357930
441472264
245759141
422739240
223188916
383336598
463027004
135600135
194839810
293541497
332268747
57301404
185103824
316116586
449157239
194516861
52284258
425492046
282950059
91835022
508623523
279526157
110427321
140807665
207612858
370373973
447556984
202967451
281584417
232273220
312618067
379180172
191905607
31538457
451303982
341438397
379390480
112141675
443154532
86310430
407069934
161178370
149250880
280055510
454725123
203484613
141602382
147999889
92317221
359112248
46620884
33301461
19587273
473116601
367054446
210355749
329363769
172121421
1120752
154317630
332943582
478586566
106227850
488942922
447386218
269277562
367822078
236724553
377389508
198322805
174082027
25436785
432283354
174420580
77177294
371328238
29158398
369275621
398603713
122349854
284438226
409302109
448749869
171856940
222974574
333248509
530795602
67385343
394481225
26800810
155966741
355652021
250965891
182694850
504829623
99177577
491895602
470831777
494710536
211955004
250998244
336955879
389687213
131549084
436163270
224466053
43856492
50937413
358515251
119174219
462226662
301292341
364584798
426877345
475522422
258265368
437838078
166595918
92321906
357813720
392693133
93304394
481496465
6973641
366144389
422245948
163050299
348923256
164545318
423400270
311879396
32599244
266966316
256122888
493125979
241654553
50003882
556112
236186330
445253154
199916073
327037054
203704397
255026825
4430534
392567691
490866691
293378059
363613331
353562352
292365619
155256216
393817806
38818464
218168387
180228278
55957508
356053516
501866886
161957173
42419859
145172721
419857372
239352519
206729407
251632118
385295990
12113358
327968578
275460930
390008196
265719367
333567587
293326972
304527034
142913869
286785161
282381785
81054420
14961826
59541269
398938845
515714641
99078852
233408064
169241588
129018606
465633813
332409891
171844914
524515671
34052323
427610263
470904332
16871996
383075246
491629739
331002401
398940777
61331439
18224091
453467987
275265643
329772233
230560857
443042177
501296271
102875498
87499426
113410828
1000
301013175
322652769
161844793
168279661
510139861
522489655
466375803
409794669
525889223
525597448
227491400
453411051
337631345
149228119
64528873
419433213
173407929
480230373
434105448
142219184
341170574
334298879
186736887
312485258
512009068
494619753
242538952
330075956
252126699
215690609
248990702
319321607
67954995
101019416
530108909
512332605
186077841
319553136
273538763
25279038
157522362
35886857
456807263
474254310
258380430
266388892
366081047
384786704
39733268
339309977
434988926
38294702
253635923
375610984
339377447
329157274
295183124
320312030
268252253
141667326
320037758
252461011
223521689
520071329
125759238
244004339
191195309
503635926
455310832
84596792
264120529
416630418
320304223
224800679
49743516
432323228
223282157
94636310
307430259
377011598
305523661
317167768
535982199
448711915
167140366
174239927
170280559
316443903
22736445
31024632
43470947
457443120
85220241
457492445
419548452
215651285
294014201
182659188
483960004
157104477
413427425
527685789
234165648
72950372
482357916
494877301
164666188
509416009
491593865
513362474
124271197
444296557
320827160
177421798
157294209
253844973
314803883
130811264
55134004
334367726
102742579
1798020
265705675
118134654
66814589
415310443
521922123
36578595
234343257
108377828
103648130
270212679
58630941
269634122
474735806
211610113
329480791
345914734
78956731
139878650
521900149
34094647
322582921
66593700
439984323
112297140
328359871
408731842
123635587
407983825
226857386
237603673
125431253
457361026
107321793
203417405
141878750
535280564
162597659
121669631
313088011
425369867
179785331
454864894
475652925
320440812
321398361
270956149
166882467
268857622
365954482
451709211
225452909
56885800
437806569
36780016
448240577
2847988
208571310
146522545
49522714
3919331
153669112
488909082
205501243
460022154
356728819
277703190
531301799
489979016
201770189
98210804
390663662
158288514
324231858
243320597
166272675
30651515
229450589
481458546
202171678
337523933
400329196
220806209
312400827
188256463
20225877
53130151
281345725
143904254
439550086
271559752
300366776
133603865
264225086
374713634
257940354
63171000
43627633
11317244
423458075
521696801
170031798
288675168
214193635
449903770
485136354
86605921
224222361
452951842
447626516
447490558
449384844
333886384
97886333
155566438
325656203
374300704
98373931
104952443
425298948
291927426
40700262
128508822
402455670
349360210
475610239
14330540
411636646
20426972
195759535
180501380
344913779
207131456
284591536
316541612
238482688
520251892
40795352
7799742
489425875
36238397
134096481
262998950
296503225
488597938
277302430
49934597
516648256
288066181
456033911
331394876
192565197
35325066
293694451
482135092
161403200
464184865
534262182
363876297
191315655
506797620
518946665
442255410
202069148
347263595
194147291
11758046
99996456
256804782
351753766
532769896
71197830
370561984
499525743
345720630
113842368
53016488
236639932
323716168
397676886
21742260
242148032
242499623
139604079
41211052
202552304
191246178
280739098
9493370
282976500
28836664
292675491
196981805
26514512
129095044
5027670
244504730
353959950
314552627
437802775
52989929
417056531
453713058
520789926
311357666
457944684
471861275
243377743
90033580
176236014
248531115
398345863
74549234
104470761
221061699
487967462
311742335
170011222
327327320
81380051
466248187
208071857
94366995
328826752
105573270
189977094
274757088
226889035
249478750
179497077
411873177
183918552
185426096
451502511
519747943
20753899
8034370
532121120
61992707
321695189
201836571
222016071
12584216
2255672
343930292
128286492
78090194
329372073
416637769
520359970
411225337
157603635
178040820
489094607
311439609
151629981
337575658
75161091
69218158
408357691
152147358
338554453
452517367
415364643
459218550
422764580
185051275
231707836
417857439
134313757
37790491
124897665
105928589
424363542
449789881
91038637
276778151
451560410
379339009
330001423
492491322
50072248
512532424
12710936
57742897
102699521
308750270
19565669
393706433
455282781
131585462
322930158
377569387
156163128
362070424
283767268
171334712
247375147
9327722
100845406
32877816
14246073
352327573
148396810
381681686
463986879
473486038
247604397
89710383
99539693
141205844
53696269
193245040
161495431
67509394
500285298
250945656
297768156
509496581
99049441
108490877
356194881
479272598
274928084
146321445
406889965
310650495
120968565
508178942
18892556
362282862
288515175
528453072
142902297
27361163
391664558
533388436
18228551
396289096
260883705
32467275
170573493
434863006
382232004
139147269
471820606
210622426
325789746
526831323
446270515
210036177
301046707
352044069
490925599
491159386
441949476
368133213
185590258
65080796
284459524
50808305
438584018
475611026
93085286
298507971
175411816
131730819
227752696
168808011
247153496
333261077
390215801
273550554
430911952
403480351
215733394
394475603
378162025
380558662
114865517
500269883
404647393
62759915
412276887
51213367
392853872
347537436
183045939
394857136
104027858
264338277
459589531
81233214
85657189
268046866
278137164
329977100
476741371
432448147
381577487
138978850
232954123
423934743
292436644
40785065
111961086
313964342
301756792
149774573
39187219
352997760
71224537
535409203
16605824
334336807
45206458
132815447
163566754
8501734
88727452
497521374
133824919
237386572
330588562
345935875
153755291
497693909
516695247
502081097
521099689
112096368
171518982
338146797
448274401
44754398
459226518
176384268
71918616
12190179
418780519
480907162
319831349
227724018
289854488
214499533
473611683
290323772
268939905
315087339
339628621
288596836
284101265
356843026
87943105
334106376
378322911
245937592
288331884
264165222
463255764
232668556
420913029
329485249
335394125
95906535
334197548
76962201
443786519
105271025
124915514
78734292
60983829
465990389
350392828
469249130
445463471
36553196
18133559
414474877
219020259
328807582
184708699
339610259
348317055
501902236
32636070
386898667
125266194
183830821
428515706
326352292
60438092
360961015
298629444
495672340
16669593
201779742
181606970
245960730
505530304
519780787
243486926
236629505
492529453
123708086
442591736
181124856
239573659
322731654
488893703
193126237
474737816
207504515
200034810
198170591
483350183
191072089
277447462
402370392
285916097
164458501
140376348
83904219
52565929
331564661
219515653
242313860
116367148
393816386
406940674
81993347
104155280
359908799
380268445
318266279
20755955
395144679
117723120
337705978
453518393
303453573
179609368
418668993
429552890
491759654
500400645
529468096
57656727
93673333
30745883
28685688
180293117
427264671
525533418
482778832
103942280
128571157
441758896
318988611
211148942
8345076
187721030
279326476
337386216
54799525
501124333
519025116
530600002
343374623
25906853
17845566
354261349
80155071
466036057
420300136
168011987
160619879
101233175
97087443
484349721
513343406
329439834
414551683
213670539
499161738
159256691
297084403
495111616
313453329
198158027
241269664
336023632
78800555
510813989
117576750
298815761
214158157
327151062
251115762
106217227
66031104
445988386
371302008
347589921
323294445
6783428
209183239
410560610
237941858
471485907
506530003
327904096
470853627
257784727
394887357
108374855
44587904
284623931
246472301
220723034
72848116
318475601
89233663
47537715
105921486
510248720
486616629
514667196
380064552
517096329
155676956
392152136
210936428
188718042
227744162
233782202
327175599
121071772
128820716
335246733
225058366
225439981
535663035
156216203
290237708
260151217
306098139
188804443
143606496
208642835
375707772
397559692
103118473
148566497
90272406
90259065
437151854
54982454
129611838
506107129
170226398
151971805
135193657
506199298
163922588
493086367
267915798
286064886
488297804
183523772
493470293
270542445
511327430
22632265
278104711
39856659
243412564
509703198
198192449
428001500
171340747
369306675
161400263
223856176
310654919
2835234
251237927
33017143
502795006
212940318
288583365
429471013
441060266
215258703
25425530
511521793
71035865
58578916
175038104
79426094
295916470
500412774
71059473
102491188
412579017
297264058
430542173
320513830
190343104
232251624
395819980
157249517
332400410
12595463
66612552
227283968
374032369
199629025
165413735
129189367
155443340
166334959
57269484
234855314
218190584
56890582
338301327
348442027
33299820
63318001
323627261
26377443
148159235
213117396
276431764
436289877
288556719
29290970
125821695
96256523
256915802
221806911
170857128
528130722
372329837
373370807
199394239
289550270
207266895
508146659
454231269
431078552
226431146
535838590
463649347
112082443
100700908
407979698
105639495
524671358
241824550
512300540
218568450
319462161
458188293
487040028
215203485
337457403
410536652
72471599
400207923
49000737
478375594
35119607
501580953
245027000
398011642
208941373
403548496
281616434
235717908
407712543
54670450
302239265
281768142
350598230
436841821
201918066
247164314
51621160
191302579
405038914
185538790
398704362
8313297
28347106
471931478
65718440
396567368
38175502
9667466
520084696
529542513
528856088
395573988
197000740
131531373
414948391
188976384
32141502
364591086
453103524
304308300
240458910
403427067
345412948
216327186
424517213
140284787
243983898
300317429
422434144
360414055
410804547
25944395
143058646
227867841
152490662
388282383
374080120
147589585
257391367
309604302
182616112
178756197
258417222
318802720
55508287
365469241
334146743
466282836
351943059
183050417
355831376
119891475
56788883
263028074
269621581
173260058
229315212
90541383
93925320
308720501
156789732
335762347
135182251
22943067
224045808
366617994
524807589
502208911
452068403
262089889
319262780
325473466
79107847
281539179
418016657
203397185
298975221
285836210
348163919
363157057
412193794
75338808
427699723
218039029
88925617
179576354
0
