1000
423454617
284457676
266547204
416493335
330602956
38265201
499379233
262379306
211758504
244801965
26734312
487598906
213027898
471918046
136469052
208805422
340524556
196485701
236045980
423749198
123850202
485344309
80150649
416639844
419624114
134214386
301123923
307225770
145960332
254370365
346463873
236638700
434931994
426414383
201270102
505963119
103434310
333131464
173408216
382529844
309014496
615054
77735358
528602249
532879941
263331256
353832884
7621131
124303726
189305668
437339996
483190798
476189914
26889186
419815906
348493752
147753805
239211091
341594439
36228610
482988085
56920965
435328002
401457116
428314840
24991299
340040408
128747534
29483953
168071035
113427590
412966574
55819251
180768820
496454745
402970557
271811857
151579846
52404528
114055176
63905254
223559605
460612735
33700049
274867444
170009266
298176050
174488656
29197019
452125519
123939607
178659223
460484531
103855356
37517865
340195328
261260983
217362371
518961931
1252121
188513586
286424053
503009399
280588941
523019437
4669074
530223046
471635738
388352829
91451984
19840657
322092658
423746039
435508810
522689056
503397558
23031496
465460240
129634329
332535741
174766299
285467760
76947224
443414488
241775673
54104221
71483489
11690074
365529662
528851518
286195929
417650397
523889298
311895891
42191022
504420845
483469700
420421150
346468610
288813866
110196418
43028557
424977624
207237191
184196968
518018376
19152452
199806730
486474295
47133054
303648763
216427505
326889219
366549861
237350648
250331233
251368727
203582770
363674762
496767143
97566911
126692359
492251248
165028970
179117162
228234566
92384592
504873346
80534925
23627290
378472803
286431769
350872065
187983654
370877047
58376144
427477571
86947767
208409450
361201282
118828777
228994915
518652433
516404243
203446832
379988028
350544311
41280203
402292399
278009329
532230896
195234997
241126511
85037983
214908607
200599754
229956426
306061205
356956815
114554531
191403021
332583020
236177364
230210509
296788154
476444758
447459274
45734568
349005956
97494792
392164213
430823643
409854800
396125086
316315417
350060616
139010775
183276139
296308031
444977855
490374118
514999337
189924722
51247336
120080557
392866651
92022325
314873554
465101779
149992339
270792625
337990015
424205022
102368737
66791073
337928410
264702777
519732783
303477351
3361656
74419794
157125412
388421929
176298891
75896887
328694081
521064509
211448089
515548065
518970746
94188682
48015194
407638177
231750524
340695796
146662521
524442598
25419371
90206900
432152036
490280683
254508639
512615442
5253160
458135765
276052196
428067129
434418730
104938991
261766609
291775918
407670782
158553046
155786514
114100968
305561909
228429574
42818
420665849
280765978
325877202
402665490
55002504
534531955
528448147
188189638
402928885
384774752
444928843
270317665
47254066
475557149
271055125
13419203
475803975
529597364
314139649
132425951
419061325
225584992
39446653
466215805
535232268
340944324
410736254
515142454
393149018
41363294
288761758
511468037
307456637
61728107
196298832
392246256
110868338
19897974
109908281
269651766
109087013
166051856
245228414
239116100
206281673
425859722
44889721
368345225
215689437
384065715
328465194
295414735
330073267
255782361
392636077
236607419
509485470
517736407
519152329
424346189
457541551
429565390
97665237
121834123
353295097
491670457
190705524
390584166
474199424
453139335
278468912
260217394
115893570
349727416
364075610
273892540
417225035
437133325
435160934
108305679
189068081
233085409
377282891
90781303
446460580
156456548
386046051
406437202
213046821
216890046
414321007
494068540
373182405
340124659
212785834
273789886
245182712
378274770
175438717
489472418
533773644
303081895
77889408
305825749
243242958
474423078
123209839
392408282
380936823
493399738
210082258
116365967
451384757
221547760
482233157
150854065
317768032
347418146
217384132
317919421
365173729
101575586
91390537
219565149
183239013
368514629
172862956
404621200
364880672
507850063
329604370
529308822
244765380
287429162
342636962
333482464
374367843
197345699
351103848
138158375
346113203
320086613
7157643
325141775
328307768
45312604
415375010
442646690
223207315
260105228
117383468
423504281
447551231
333152268
474636316
77660401
103494360
234179017
518909268
215675452
456491470
297985404
268219868
5000216
280456139
536363049
134161345
75502475
189641012
321567266
390427823
12005871
160855756
127184851
201498660
146846644
394871443
519069809
61055406
420601411
40807357
259777218
463769477
419066212
263714862
379727349
294105016
107732869
108931424
398289383
271469445
426290574
14464481
532380077
11252620
521119637
295104468
169142251
165451581
287977569
14706321
290138759
358443431
397505880
441165797
477891767
180133089
389749561
39468971
107547038
169956307
304502812
495626852
70214992
300210068
211043652
402481340
25892558
491575717
351451162
346695473
271801683
130488350
513025324
77361000
201968532
226405874
145042841
395521376
430592162
304150992
244043845
533782442
380163621
464450439
198175415
384772497
92926075
34877470
456486243
248005859
104552085
26613520
32700850
118025219
295097073
382055617
157026357
297177759
363569263
13602368
128069793
43054739
322084365
238865679
523738897
521483576
349696235
522183235
126069382
437013619
568408
249659935
219305255
399966343
320433329
98141210
367036926
510284080
383546002
300285365
511187225
430431589
405128565
514383651
153152123
247397354
393456903
288561302
18552709
80184522
184828342
329978731
58519001
76972411
488676073
203318621
266239761
348034061
424744802
396847776
108070374
457746031
51056000
217893237
166549935
63942901
262742539
292327969
92338253
220003758
31860768
300659098
86469588
236221627
129306334
422836747
179092759
328862049
441695823
344221520
215362698
14758337
180267399
129860301
56322590
529643632
511062061
279344182
62744677
97040751
372100317
448485664
325211252
517914663
297836802
140917693
325631270
477428748
328121133
122946060
531721351
17080179
285650108
434807642
67674014
529587011
134673889
112395059
494537282
390027232
316995673
86218915
262944990
347626822
388959599
393414301
42874495
178113961
61702502
532097678
349181939
455835423
333080023
105231107
531060192
187910923
211351799
331968357
151259282
227133847
234562016
467284249
187155877
473307128
340135377
40001447
119637752
100922763
318038763
471016131
447307883
518697829
214114026
385016949
3833779
149093592
412284821
350180725
398594545
280131761
158727172
490259080
289255042
452226367
265250984
520904869
364441374
324330179
226358821
507405717
507168055
415513574
312694779
430751154
172656904
76185085
167484997
529640521
139414002
475742803
526527434
411010370
334345011
281336881
505031793
504800010
512733343
279492012
298282089
412605807
265351642
27141594
164895812
262501818
223369761
502669238
119758429
460291052
193199368
344644668
52180223
231354316
61091003
111223475
73442656
121396518
241653510
531688326
525643468
359001976
388702109
328798725
101544867
513344667
353948220
515534097
259585720
238905731
530105514
275031161
207877482
160515937
252417402
530195828
421032659
504600426
292244561
415807025
429980052
176800089
277470403
473792037
66764960
331544061
228913663
44064311
270301361
200289800
503742209
489194717
250419333
515486634
243511545
41894043
535588440
492942528
122788882
239645224
375340930
6600046
482818296
534399216
205731524
72433193
510094135
303349468
305979851
149933737
534464726
232104591
170036697
534825607
161660961
154288568
112807047
63424979
408404004
154405141
135728336
63080781
225131025
164775136
418299971
13871605
390185710
201661521
328198761
253007433
190407505
292887269
422266509
483822609
528479722
338270999
93073506
137311386
39166276
452594638
405300289
229079029
51994264
328391669
252803827
467264442
300542352
109814289
102640107
261684193
96565794
497633469
224786207
131149422
301707328
54415439
332895375
422693446
79804188
364595035
228199065
398015656
502661635
481450123
121929343
530033586
67532194
12436067
157405385
440908889
245952389
196236631
267470188
420348735
286162606
379849728
461399699
121438127
18709077
462184798
245322074
412921907
137471889
279046623
503267735
367051015
387249979
415882023
298981287
2643538
416605665
529368583
280816355
424998033
41333288
269554134
24424488
352400022
394107322
19878055
439185986
44120007
405251956
221779141
430654363
200811245
177153136
242123141
331768061
388449828
49311225
225405618
436572885
515658816
426099064
397264912
503650050
455409721
505206060
271456808
375399917
498635640
252187632
267500975
257231347
402273590
496040967
172622484
34069688
533094163
375122359
432270735
350765936
234221554
527273940
59393835
62377596
82395486
199288726
76791898
161189290
86810563
107498329
105139675
13595361
46499579
364985881
210893242
196153015
185601986
14973642
311305482
170611546
202948915
327886546
181623831
409472416
272050908
531604996
388265890
392100541
42355650
502706475
41782447
265511556
485801219
210913471
506616970
143941886
78700889
277046194
35668489
372912675
394677783
253369108
399917925
391848492
455513702
251834300
483515884
140071937
159336521
71384554
68219396
184055183
29688858
415430557
500374699
222455573
11963261
287304957
140226606
184930727
162823215
6943077
426436264
399861556
245592373
309374993
383812489
158709937
182393701
215866975
439355263
359116232
227399343
130124014
49501147
418203512
192937783
425282114
74428491
192802025
112659434
190902495
485007081
495601486
348823342
157123639
82973261
380481486
320460638
294544261
158433477
384760096
416289690
430083007
482928976
395170446
20944339
309751853
57540976
199744506
339126140
320973383
444363294
503210517
321108814
191184261
378263105
61132355
286107148
275592546
14192893
149116196
212222359
207770975
400879966
444292433
293931094
521419589
163460489
346309248
1000
262441353
237915023
225400827
348216137
50356963
522844024
63063479
284541406
431430368
184833208
127609879
368552076
146397660
111542983
97498484
533289808
108024228
406707407
26932703
461647440
27125533
97201411
17363222
395311485
335954382
376067752
520382986
184668107
176728398
345702310
25623493
176837221
441797289
113665851
388935942
486011062
334757800
247332726
119784752
23879957
145290139
100858515
331761073
470399127
437670223
503465419
171440508
315970457
500828813
504339312
520848856
330633466
291305013
420033108
469514446
62437466
19874569
55940124
275484830
276775968
500535575
68746026
283713656
276334031
143352139
255198971
296515315
419239108
93524004
51586371
336454681
452314577
481059984
109625227
210340168
145435086
332949201
466123593
237023761
183187329
351326190
480921382
446566315
89516455
513061876
13127842
282200003
393471469
415345054
188642554
469424981
76553520
135193707
289964290
401694739
339247083
265885806
213277224
420769737
290561175
51040129
429646260
418376670
214219961
208314582
523995948
236759469
528440797
81909197
58060067
131313870
174197984
83367299
201151634
482501312
415350358
178494969
299549883
287124553
469426909
278695030
414946700
47236732
121589670
423539064
3772697
160099576
435577519
443932483
454675750
239797604
516878205
152010111
512115963
133592291
402399803
16901276
225130326
82246381
292477445
504403851
202887
210368092
203979587
79102785
270422102
357062828
362259459
134540618
14274625
227218619
210622499
48540776
219805069
207546065
146863598
177820058
327858964
227587995
304270355
486731476
24137182
15952469
464363727
207230216
451389375
479489384
232379553
296948447
6833459
215936452
311694164
71868406
159886940
486624528
191770183
465828262
95648090
287418154
96401526
467212807
379550348
456166276
251054883
237831724
47819984
91788178
147266922
24305937
419110894
258541307
84437747
465065641
389343812
30610047
319744613
394440406
220275450
131769374
186387524
197616185
506697874
427833753
380576486
26403505
99060718
44583985
467171974
128804140
218361473
243582604
389391193
370875427
518052916
196727760
457929500
117464404
19002600
282829906
132962557
326934259
448058402
55770794
186031108
332938003
246264890
52681049
234019013
7888876
327961082
96584558
199501606
511717256
105498588
219257297
172688542
477218729
526675031
462602987
389841895
495820553
104230324
114685430
479497183
157920311
250803224
149421781
180846786
64998985
453315858
91258391
455919292
322830734
531045461
217364145
76754328
307590432
382713691
380913833
251127103
219356814
504879267
207363315
392392938
11316973
535872102
421905365
437381532
223193417
147995634
380094739
503162465
6673693
94480375
336861763
261699810
393261818
344248441
242638177
164396042
189021398
188653831
128992380
466753651
99858794
399775022
74389024
177418490
535386750
446124519
306066938
383930844
206891759
197088700
64487093
177089591
308893933
477126649
283125626
196978075
244674636
286575662
385136840
301668941
130194078
203185678
203003005
210421429
131179592
273593466
478738788
100123414
355228156
52986989
419569618
71996684
432484829
161460122
16787486
354118300
180098594
157226542
20205204
121144200
203672748
428030177
305478355
212462597
453523062
31789352
87773928
14835445
297721382
400979623
172387355
152126261
97021336
529771695
94069421
493322090
520123146
401163786
240203490
521273229
92592742
108510296
103119680
218633844
243715262
336830403
527849849
426646168
344053243
496222698
20751117
310600310
397149718
271601804
296804346
382245708
192077151
238979298
130670759
98187935
425725256
264920363
96206307
72544369
121097392
105146027
303512127
217999576
192967148
69682259
392472018
22364592
10047010
232999809
247712565
363776866
267328176
102136249
325848605
418733960
511900482
530579393
452844560
355015254
498491213
91072539
28966566
139927492
98434628
325151973
313114976
464683159
92235886
69597890
345652489
59028459
250871537
243905158
36722667
55080862
385788338
118298520
44335009
374121988
98290308
298575786
250151614
90104758
236747262
169362802
51793589
370111816
333766635
144817902
197620350
196703663
175401629
208795402
320360257
76471160
297693251
536292858
108260877
356778251
146165027
394409903
395070825
176733524
449519128
207418052
296354738
285218563
497919688
318306620
33410873
396795198
184417851
141768319
260494702
124392679
482075071
204007857
52960863
238250263
255014490
36275762
519750048
236241864
120282532
162228998
200214807
442879465
9355518
222801996
279924538
160881121
138203291
439306489
444977503
283548892
386916496
1608294
371141667
64428134
279751463
164909384
466957915
473423214
171881476
83301540
79050412
379903774
395065832
463585067
437712868
503246016
442478594
4765147
494968541
497437241
526783165
192758685
301066816
400823234
103225668
245252442
316131349
536561282
70672430
333636592
51405532
353866002
374788219
374452739
402439767
371796844
183819692
384140063
136725041
58311231
450539602
448513795
105989676
128094932
442316878
447114262
2901228
117493946
467782122
47082924
91680843
115481991
252905403
180204460
225259197
452201595
268419452
443055262
406535898
394480299
421184423
498072919
534679926
139532332
151245149
126538161
293269835
390703380
162407538
488342710
440713499
188288710
146274974
236768090
444684061
117045931
533072557
6428907
299548846
391141766
193124691
370036892
41555457
167966186
437350394
507946555
439257717
167833022
140039887
417998282
470662030
1304213
412852279
363029379
144367
295821192
124024421
338715147
391429661
224145067
307731702
226016331
166466984
345019816
519413130
33873478
66408689
353463442
191074351
48184816
411318758
219003690
31934263
222938991
119561499
98592063
167986997
211535460
255353251
293985726
97881431
437653362
145124697
500059215
308518475
58426371
229916176
30703760
412877354
366461980
444912007
8509075
330948782
515513410
238368364
205916010
498413167
429616168
21149501
350630444
8937769
146986189
356561899
224010357
189629041
380939914
119313814
497986870
450956312
22950948
51041137
441035119
178848078
393677013
202756099
386403266
118355771
152180220
362016459
203859865
334159402
91922218
168282685
63595549
226936460
315331789
298943424
136520513
464514820
380085312
435830527
135082513
145412461
404325895
140459149
169106153
306632490
267025758
10138172
413604536
41474257
60516859
498497483
264180888
338554556
375570017
320765714
32598710
440306495
136633666
225399899
158032068
217612475
28166926
326916341
467838712
109303454
216517796
358038455
45739774
297885898
118879291
459318122
73765744
384439279
237790460
309777680
186668658
325022231
233003632
336086068
155861755
256809695
340652067
249064449
97262621
387275372
260905418
394584349
178332258
184017806
332953965
249497169
205051022
37363799
475017495
377701415
184145397
531334609
233085001
194393176
345477089
509355398
126387271
472457641
354430840
284736482
134548332
411136545
177931741
378518361
298577302
325759909
381544715
146258844
462410404
528149660
229584483
458322315
122295738
195028351
483549891
119497147
360551583
22761825
13676225
124620633
324758303
297894352
22031516
65119289
432077978
309244720
3674985
343533917
48831390
477318356
15436589
392027441
501975133
430786290
463201264
162000088
369352974
84387240
4307466
511791826
327194697
480593200
176265318
9211969
187543800
302209484
33066623
97356996
26359757
461986023
310416643
54569394
97892670
431993255
192349558
76499324
271715350
389511786
52090808
162012308
268313096
508468499
236106017
343588864
527276514
301483203
126711850
235391978
233120454
24699029
442610303
218648022
69107678
61547826
355853522
491586961
119094856
54766881
532016955
152332630
186495276
140247634
20343080
28990029
388049313
526999349
240780804
382765337
224153659
316703648
37949605
201151737
11979815
230689428
246162773
37749569
303181609
95651668
140670020
461754547
195485366
196180640
172180529
220744915
144268889
341170679
39661121
265184185
299030229
86938024
68663961
204072508
128637752
429207685
170945506
224422087
214196399
499310062
417350846
437282067
404297561
335449860
140217010
160117168
300793590
359788960
3712976
54988397
498855550
289595372
2905835
176306356
384941757
88952960
54475405
86072864
407465924
363800817
392363705
204653887
169734847
519691229
378717661
209721949
155657711
426075927
79593394
132951474
329423113
388399764
351082667
156435989
75724185
333859783
224778400
470101314
4953445
390373525
460039894
189125361
55805743
192946919
320877954
255180759
168314538
127221467
314191641
86796549
92715196
349286069
489338825
243076042
314790828
111139658
236096177
468255213
317897766
149883654
48211507
382707766
309620239
530334621
274517999
160647865
397197729
390648793
283434859
157305273
331030354
119897652
469962773
369153955
478531142
216530023
278881145
19450202
62438121
56317550
49823476
42142500
524403247
332748118
517725830
81967852
298316719
473164674
93258568
254251780
514022623
216086851
323277985
124064615
193025718
99429193
505234353
120488551
207068556
191510906
17170803
88219555
78978073
324848162
466619800
284258091
365678296
227374282
319145875
166500659
224135232
361366010
77192371
373529208
321632190
516316704
221845811
93330152
322570211
262194014
351140013
84060415
445732522
58322666
271542568
308932583
423055933
27683364
112010739
475813631
262268380
458659466
302953736
69855704
516345927
49684364
176905055
331432524
54787804
45893424
504928574
175062309
534833795
510331036
285977765
32181524
312289779
343851423
300812209
476569290
466625800
17127828
118624665
81428691
488505976
55827117
79456253
533360827
161410428
408200533
451034029
74552070
295640058
428031892
452898991
437125166
330765416
462695895
366303761
361976555
64920975
407150908
64842823
362854619
52223502
449863053
452505673
225044346
455292053
160007425
68472250
0
