1822
1039068731 386944563
296602026 1511843592
654958956 1236050602
1029763972 1793956105
557185266 769142506
91272129 451544669
1051152159 1289378797
1766214481 1664583505
1373698424 1970556321
675044395 1326060942
780702270 92918999
266208089 62404629
1863986437 923985485
1492572840 1436562651
1916761709 894744994
1798258527 65765233
1640266199 71988749
1825277252 869604892
704538973 81017652
1027163374 1687473540
1026682633 1410091689
1035322103 844600656
1499252058 1947976770
1183901100 407778821
1215093383 1847918629
903400520 383771428
927475458 333751615
1210318133 1118879864
976691071 801091042
838164671 277202637
1648416615 520837187
294364257 814834102
950751749 89795576
780398107 93994925
1036204645 1840378626
458962549 1893805029
148938445 748034510
494202247 1974220037
934943404 969525143
1227994730 1314924432
883404502 1910010371
1348618486 301969843
42186470 1000903357
1105399565 874015372
1954919286 523017422
1107604869 1854785237
1779438546 1252122179
1111628693 630504522
1015521904 699520409
1914690410 1760108903
1098463826 1799383791
1325646376 332127362
1578095603 1810541877
816165436 1964888917
1369342997 292732567
444794975 887705384
1874979364 908270663
401389451 516406650
1156673670 932171780
1753685152 1692154965
477636722 1452062667
120141720 1672781842
1740618574 332140214
1753748474 1645694239
272192067 1801962514
1254173995 475242299
66883251 1457487584
480900068 1815587881
1400504339 1920509397
1693911579 184792717
1338265038 1712852276
1581323497 49360548
411002818 132974109
844254315 201196680
1501701961 221957628
1168396880 535212735
1414218173 1179092254
1625844801 1457167413
982892567 148209033
1486876179 505061474
164689711 1368942823
774351877 1517694309
499817547 1823731068
1920735735 1162314084
1037754180 257273353
1665936171 1748797951
575179526 293731751
1615930625 1185203279
642830701 1623898306
1649018864 1433687975
480790403 1658481589
1174245018 539847619
1372411451 497693186
1876222 147196315
104614227 519348789
1762943508 437240008
1571256751 1444295785
288430523 1819255424
168064471 1696688638
1397062589 742380055
990708127 1098259322
1362613156 33309231
1124855718 1851817852
1942491890 1553146638
1412450288 105184507
1815501822 1949823508
629408030 1659585134
831485828 101968202
791284736 1774048186
1608219977 808260529
1741921665 214598774
1590812516 1318069237
1169103771 150550779
1934802320 196260226
1046589526 541677719
1417221967 1474664633
329341015 1867830917
1192434074 1687505601
1042174063 856327182
556469385 160495075
950223658 768474386
130000854 519031150
1676915474 353506879
509286935 1638155929
220274039 1135288788
1821729604 441061968
1091707375 1856408792
1883629298 71607387
1508878552 709453848
861121682 731987486
200624664 1264631438
772027537 1570890785
232229847 1617701229
1496478977 817449538
863337535 1247131124
44014745 1195300676
1097304923 1627158748
196807035 406077978
1583328565 563094593
1917718115 27713229
831677214 1312686037
1438158522 503169244
425772224 1935535203
190346104 353896992
966704609 1060322795
163565995 400840398
1037203252 1754513468
1506320497 1280644452
1249590220 640812287
1252697485 542165715
1176198611 304450686
1960129486 482014753
1511243027 759062153
126939346 1029044242
1327393997 625017446
763507388 490431980
78772567 1233349010
546341060 83186489
1359595437 876492591
1036823685 1079645119
266857135 1260689975
1223601700 991594814
1080908701 381102673
1837003108 411596275
67816074 1763527331
914305391 882697162
376695329 925292598
1055835700 244075051
436837244 1463823127
329487863 202737186
1028996339 1110407544
1948506952 279530454
1267085575 1313686336
1662167954 1389721344
1974469465 1620157970
635873054 688058965
1298876044 582530943
1413081931 1840917657
1030910546 30375044
1985645049 1519542989
666600267 678571894
1310409938 1098342587
51317530 1786523757
443609497 947442833
1975970250 1287171303
1142308087 1803100765
1151796691 264208379
1129303623 742303819
1549818004 313182108
956482376 1953481833
1382066742 1979466077
1959852958 1150163339
1487615225 1418356555
416938657 396249403
658506112 1864185361
1772660646 870932776
480528638 977948932
80970340 1502351945
1829487142 747925838
1296064553 631116289
1236067819 710687784
731100082 1483260147
1128270241 1788182300
543493934 1145852009
43003912 786910817
1890526986 433945846
356303244 1537096870
31672111 255635553
1454110084 1734244450
1814912469 529403164
190159462 335767445
1328538303 1344989649
558606349 1520765413
97617702 413403747
1085750028 487954746
740578105 1581665311
1148465341 1795605408
766558175 1292711548
1111505917 1118463524
1166475285 570216636
1677833906 1679679985
1921340533 1740170636
1689559157 1612091050
1364380077 309861451
1349293831 1189170568
1335395509 1059783284
846044286 1002543572
166544046 88313831
1081248436 1433473023
803022928 321497388
1311784663 1979008899
1785656302 873605278
125589276 427426566
610549951 1265951857
1495487015 1381945870
1175786287 1152228185
794208992 102867065
510440026 1440516596
1634105221 45160012
1880529597 1130358720
1181617875 266614574
1929046233 1093813985
295071003 983385874
174714241 898036247
1821461881 1903860194
667639458 432297422
161083153 1105964321
225089858 1005040610
1288965805 1168081601
1403448025 971242751
1675937087 1264081289
1940083806 650952718
885618654 358272821
578228368 1248623795
1033262185 726598279
1807767930 1707024993
24234560 119117664
1371845119 303391297
453635817 1548342618
500682998 1401672011
214820396 550043877
34377877 1284096987
871215395 1880760100
559746792 1677540249
1649958098 439024285
1171643755 1401709508
1468531071 304895472
1049715561 1757972673
368793542 1988484257
313921690 248123052
48848454 648078250
1601757397 786171681
283726511 1901008076
1302030031 1253293038
1777627867 864144
1928736474 1798260131
1528347767 855375922
1176494491 1119261363
1950980272 111058254
16352928 1691684849
390833436 1100039377
1626700900 1403602287
970880148 1337631997
1227067319 1605241860
952108762 1671910431
1685047226 1133174405
1673255899 1223703070
1283483559 1433985206
438993294 1432046986
266546194 1185910256
310136214 323045828
477476549 1106753604
531440447 1320489773
1790946192 558282271
1291252230 1487185146
1031121688 242188749
74711958 531461289
7882034 954392751
1510427675 664359759
1246487320 631592639
1925978848 1622144679
582525792 864401643
188167744 1680961621
851381439 889346425
273624863 286317181
750070276 1417432808
1839669353 477045425
1215617183 827946930
1713885465 1778037048
622027204 196479585
1385990190 893381199
1805597079 478214758
1655999753 962878933
810910606 595011943
1775515368 1043921790
1484299374 253783671
1285733597 261349531
878194614 1816997068
182644433 1415543186
935458940 284601977
959711228 1662168911
1356136067 426311420
1380162478 50178428
158051009 183145988
706394445 1790688270
853131267 500758886
1450434923 1657281691
1000812309 1158421674
80653387 1675750479
1632379837 278417043
1507336095 753706004
464429928 1524664322
1131803386 1999507350
772842821 885937771
1617109671 1949553630
1009870968 424878828
113378338 1756423643
693238140 1588193783
848131227 1546534540
384839449 75212554
592841609 1467888589
543360797 1641804010
947679714 648485244
90931040 458631106
76030104 577029377
1941503277 240766053
920026725 162506762
906291990 1982641300
1391478772 453023465
1310444108 1960679315
1406142591 1619074934
266872345 1254844123
653074336 483416841
1087636507 335055548
1961845158 460510150
1172690822 395545281
752004275 1150311822
677675719 1969306956
1135437764 1607693398
1743645395 1890989631
256216672 745858393
394860095 666610230
1902630126 1770188269
1202104482 268556193
1858539787 705931179
1488263147 619004305
957401443 720311622
104037413 1781827231
681576478 943106958
460168082 1644319563
983310209 791786759
1383920380 1856852524
7585854 589455513
904061017 1896078800
1959738912 1392556704
1286936236 779014833
1037967087 1399749218
634703236 795256321
1693256331 824739192
3547479 550474307
559510327 323748413
1248683740 1114577979
1440201532 1501933839
24229655 1587575179
943474699 265197254
989453106 832423372
132526578 122675416
846884638 151964602
582547339 972693297
1017732284 170285869
1845124667 1424825166
302750301 99129485
176929922 1461930799
1671635921 292535756
1985759536 691655876
277903901 1192241516
698571395 1639155519
1388456883 1987607598
1975124780 1400664069
1398779752 604100386
1143503085 1766477239
1497936208 1131004465
510171572 1944158060
1397572196 603728739
1715066192 241492838
1326658179 1948988755
1313804162 1975937929
253539135 942176580
684331522 36230206
20404352 628545504
1258543964 1137545232
441954941 914970892
1878416290 958115160
1993187381 149807068
883153680 64736535
305134249 1576169016
1102828393 1384795405
470439938 217472769
871723108 481150031
676763541 608902327
337704185 1909772697
1755168125 1442523400
214808575 1051588752
1770905892 1048775105
194524384 1856738971
1474742814 1318273798
413133042 377586887
391638974 83002273
254127144 1273847875
805972643 1022353605
362023057 238088570
108929490 884988264
124236585 1865724266
767455487 330240697
1021500031 1822569662
1625910901 468372810
1093453068 1356481165
980679866 1450131335
1649151856 1931693230
1563294073 542541925
1574064934 925042248
160866730 1967153101
105856289 1455091808
269501455 801187988
931005765 880070231
1458244144 1254883931
118695886 665005894
901806456 1125505594
139864748 400780353
426402013 879367707
1901906570 1309841686
1360052403 1794282902
1085119499 657450494
1538263994 773749507
793780628 451752106
999711691 1065455922
1242496258 735608696
885693373 1457294775
236413496 1129074380
33453353 1766668059
234380136 1920853312
1867643194 1622938629
1808291573 578645631
1045650812 11577234
1255942009 925247278
57067583 478002917
1410801517 523567717
538774673 831551010
71800416 1524667875
1915256497 1359856595
525987319 1494527692
1472288524 858491109
1179045178 163984955
1296736640 1269269749
1257624752 1870628780
1694054491 1114296273
1726412323 592055832
815811894 1631190267
1620506378 158103016
1529161084 1345436192
1278916416 1387772116
857635790 1711731406
1607947006 1468774536
1270059345 1493318017
230959273 1717727005
1534397027 1612018733
1213433387 1331864359
1291514647 1979279021
1258122115 1106420985
46694129 768768585
816618507 1737348387
1234543300 1183162993
1649000846 832047008
1545426946 1849792699
1721092169 1490332714
347727452 1734407503
111608735 51925902
1471566596 396528047
504602697 660752309
816839126 287969403
1084499677 1761187051
189642047 222581197
597065366 1113826557
784126701 1482187291
1305123944 1873472911
1822963477 105819865
1860209203 1106418499
919398150 802635786
545694852 1699313283
450550116 786024141
1785712606 1593056102
373336797 1717783706
1774259080 598179503
686001873 160947206
1433180479 568389312
935699863 1148611621
1026638606 1226667062
641344959 1204206936
919856424 1760026859
1531315492 555635904
595266980 468282347
818353732 1702033890
680517860 1217865865
1278570649 101699434
398962795 273434985
1092084575 1483497847
230501546 200001633
1711138164 1754113694
1991664018 1219866197
355835669 1062098372
1655141744 620879983
1738782357 911125392
843566952 526232746
567783426 1934557893
1294900256 1024305832
243288874 276084829
710292225 1601353813
1215315470 1228660240
743690177 374025727
1646243355 35156354
397496677 997664775
435866211 855277228
1843391341 1979422115
1710249415 567315066
1869156958 720919077
824439213 1157815813
1392032041 81477940
1297367258 1752091573
1270607308 590798191
667131264 1461726365
899955834 1530083359
1767740111 1700774728
1480671026 692199777
577644083 592157849
1068329137 993320085
1317685153 184546447
1934077589 1626448016
20089728 115831983
191712658 1374975203
1027132840 108999791
667326790 54476754
1984137432 1613385660
320347001 1341334602
1393740682 476694906
1263067134 286844860
723032522 1966808049
1604412614 1692328449
1114181164 549354034
1533723534 1080188696
1929733840 1902195553
1146839517 1613082582
839702685 407954413
827781726 1626214543
1617620204 1864183754
316479664 1591143962
1570247942 1023987720
499565034 263884824
390834883 1716195736
1881575825 1242181331
670891572 1363071495
1730404219 1696726384
1544649103 350879296
1349126280 1247813979
1824486212 1990912509
1118696394 1104885123
640593227 1958881172
1369690925 74215957
20069489 548426898
1668463859 558910297
508591166 770856501
1095468424 336087578
1618258681 95297394
597827209 1720589797
1844884783 1268627944
1281642789 68220455
519286445 1491375873
1471658715 1318394802
353951106 322070248
1156022961 622650270
624424822 1556622793
123243380 658971837
443479826 1291756607
1748904560 95079723
1513653277 1213414938
1795766136 407497863
1396227095 1866012400
169546597 1893445918
909673020 940073927
710828826 1227533511
281736124 1536231487
669266163 1342558242
1708267619 218714639
878651418 1341644133
766243760 1563098787
1138880584 1829413443
598323012 533739593
1069376641 881151302
1300198306 1768460252
691759494 688711139
102880439 352197574
154347260 546591446
445792926 1690613892
933914075 35252757
639089661 1095197108
813998888 791946731
211723949 1389191250
1264360874 888070590
1939015924 254329747
1856664327 318737546
634423337 1180636751
366373979 1352293401
1498446614 680915006
738723506 640149961
109431892 1651869734
395534371 1443570538
1204645828 1823887897
1113179183 1452822297
949963822 1393389206
1596671653 109552085
865942874 1413378575
438981468 1574383702
1547902961 1091309021
1508122894 699856266
350608504 1315281549
282439429 1246904960
432948491 1694311876
551780311 1112914182
702592333 895380975
594317712 1066875795
1210016843 1469956407
577083414 1872165384
1325402908 740338796
1336068963 602164333
906839621 792175199
795801681 709968997
880860274 219214553
2944551 1805481546
1747054417 414003345
1401096023 1905355302
724955150 403348172
663358015 827691162
838667589 1386399090
1580210171 156468593
164805749 1072233300
727831929 736458453
1677708605 1031599871
1164423621 973441736
20348034 346322140
1126171682 1597225977
1280590444 604001498
1326048733 1973842549
191564371 1558128222
1835763966 425586287
83997500 1032573962
1230865759 1667601353
96425913 364983008
1463343218 1738355951
1869993274 1882774142
1336023273 557130181
1497912373 1464191407
409199008 1247715379
1509727038 1929400253
548061681 498008096
1697138563 720703309
1391849428 1680225964
1136690509 45384524
1336013543 1235263002
1777744979 1339044846
1389390089 157973046
1479449334 1086581244
1780169295 1352320764
1714355978 221988127
1979163033 634546647
897414008 1923059149
711258397 39884144
93747972 1155245364
1957945930 1090087180
1784055613 11104276
1893379553 1359372787
627648874 110680101
344324801 1692477991
570458994 365630212
1418568830 1501534519
1038335012 1488573991
1707833392 1692529682
899551686 336112417
1068849128 1412861983
1968627743 107021185
1047545118 872124448
1315509223 1671129585
728824620 1841790832
1479491119 582953928
242240827 1745459914
1334937046 1528612437
796612000 634636076
199753491 1424374158
1564791295 1322388538
746861593 1587792796
1490555783 1366219220
389542295 716852070
232845177 1334517369
564515602 1977465618
1538614871 675011704
1021331940 377862516
737428894 33525602
1417856429 1061427982
1576412286 361997982
1642462000 1782761930
282776702 553724858
450002686 1369830477
802818242 1128573770
1993590749 476267945
1258980852 863632699
995830356 907037093
1322206699 860012876
1279828787 310837199
436562324 489857404
301097646 609728194
197396252 1252281149
563901025 950465493
235994056 768780738
164531523 669761612
1752509787 1491054439
1521266619 284480487
647095775 1618767582
1511423688 685052940
113816809 1835305557
1611874674 1600734892
402473273 311982254
1122819805 578973791
841114589 771641246
483131041 1305571054
1393979788 1354058477
1482232873 1361843536
730301311 1434300961
1872026519 1840906929
173941220 702939393
1070766317 1553336321
130411572 1517484393
551124557 590398653
1310306891 582546028
1163538324 951967187
552213362 1907909953
622725744 932334276
1014641633 1963255697
1984090237 1359934769
1104872941 634958023
921637886 620824183
1527530546 1939247973
83338065 1958957272
1529209578 1822153722
255163035 589824110
1457988881 13614061
1306048432 25700959
843196894 597636196
1760313901 1099755333
1178232663 1530588462
764324939 2623487
592589192 1295112146
88095101 682962127
1603267238 1184870699
1273525007 1705469396
479463437 628719450
1758279982 1402273886
1574632202 353869071
1659378496 1498621794
1560612286 1842853014
92669222 998435551
1841192598 434441351
1014770126 1384715159
759873430 1090497958
230583288 1113383089
233443502 1810037171
1452534988 1743611047
970610595 1557152274
1445567772 1494885116
1337768031 1454984548
30041162 1653263990
895052668 832754665
394144692 1657296711
375047633 1128426868
911440455 1998265622
510536574 1654966220
353456822 1654076505
371918125 1691278763
1516364695 1321937581
736566252 1164997324
886060521 1063420649
1559886270 1320711744
1441714299 718504625
377251164 1563250393
794500341 847476675
530578907 634500349
1586592839 497764236
1816319065 1441183823
1688126583 252029653
729382219 125145302
1949456169 1443316098
372446181 861472103
500656188 1882895822
994866214 121810773
775321303 171209593
1317053201 330623197
1889015873 1455526792
708298441 1873418335
1441367731 1114842826
889731406 728888469
1249376584 285406167
1914965342 382659359
651375332 1398073934
758411681 433198049
147849174 1716876165
1448465660 452734364
1923857595 1532824362
620477725 1855581898
181407963 813716946
336232358 306344989
1512284231 20898483
657115482 1030629780
400334447 1509830359
1121201337 1668003315
1355031613 1982345998
972350 1956567901
1694183050 1414036717
1442969274 944566755
1938101464 377193802
1931951023 1744666176
1075917107 173579881
1895582864 1368914341
746471540 740955116
1588191912 1897115590
1552292049 378536341
156791565 9820441
58872769 1588143507
1509036581 483088565
1459183163 1007221610
1708365557 918969446
1244636612 1319159969
158702675 1801979813
193090782 411201399
1125837127 1513352459
323404781 777491214
418223405 1654564126
1076683702 1035211258
186918871 323830615
141228071 1909275501
752726254 62908349
842995806 1778809508
1906495218 857049571
132223190 265988024
1628358817 1807854972
864774619 16736559
1518507158 1487173390
352589119 1519033069
1714163884 1339346506
493553230 1378568301
316228487 482090679
1930402532 1331062428
901145684 733075677
528344547 1603020629
446711036 1508534837
816973207 974636761
322291159 237168909
1471460177 930134291
800332808 401242005
1985586811 1823204683
1504493020 1840576190
1791162141 1094519251
1427245876 153248366
401850481 1234515333
1511692710 810923666
652378452 843782411
1333570729 181449655
1835995975 963540536
877297785 1071749488
80565478 959876241
472437281 1941366207
1531840602 1395510710
1797978787 778883233
1011321924 1541992964
725916806 1987227645
365421370 1688452111
1906077236 1502800362
843843111 682114878
1825190738 1581001791
1762203411 1533817616
93534189 1276218640
774153170 1096296058
1577661090 934352905
1266520330 990804726
339752461 303682897
1315115100 1975708397
266013032 1037044244
1177405710 561617149
1236391377 1347595947
416260535 1288460665
1671540544 1738547120
158037175 1474822728
247734521 76396220
1929490311 640463134
46185714 1395090439
1018490802 1030926374
1248287425 1967229811
274912700 847042437
1172161105 1450254007
1359422812 1059138413
748684768 962130122
108907412 1946817851
4009981 180964114
96674304 1295403958
679055267 755081605
649271845 1001569082
1078405213 1212323242
710717222 75363538
1301653108 1563749828
957786873 521416906
754979991 267355482
1586909350 1594015371
255215997 1676325630
1053869049 721653560
1695571082 477132333
1900422691 283619546
1017733009 187717066
1323309737 1467962452
112557033 839230557
1620116584 965949385
1092809915 199940285
1949991829 528572257
600965085 1217012851
987998458 742030152
1730654882 503827726
505728179 167075359
1820646724 1147225482
1193029142 608564707
1492391573 1028353649
397753003 1256467056
947700245 1286660060
1361014206 96884401
1335970934 1613862618
357319793 222935016
1741827103 1275319960
1754980642 1593492293
195068618 330269182
552231713 786932554
1216120116 1024537408
788559811 1944023452
1485267136 452104310
1947290594 1161549122
1429834652 410395776
383773159 1193966686
1445813552 695371134
1510040027 1548469973
345624545 1024744801
1328748628 1378981176
331017252 1651674929
833925433 1766257126
545973823 35103293
461225756 1171798702
1193135201 489795133
953282596 278722170
1393159434 206826624
285443459 1105586687
170041900 986296285
377263465 1599153825
219153070 605589063
656955540 166441734
364691345 1315792548
1614608037 1375583258
1015415523 1247227023
779597058 1242971332
1945528438 535420313
424127931 683664544
1995932776 1685038137
1578987487 779922647
1689240127 1348812294
395252562 1734710451
1220207988 1160278094
542761508 391790365
913126335 965156266
1740247145 1377210547
1039088068 242118832
7174890 263438615
577856998 1239931848
652640612 446727709
1895498704 443930699
266498942 1635237793
329215085 885854420
1281044134 448103009
1692656819 1562214121
1117036232 1288981910
391514777 341308610
1387915326 401082711
1094050490 498458019
1792069154 1525434422
459560443 511236244
468022932 112541225
397134544 1528879303
1039365047 907438709
513811114 1789633607
1501201567 1015241065
1087036975 1898357744
587057682 1242353025
1495904733 44582915
1343946902 498003301
273195587 1181099850
1655327993 1250086347
1319881471 147382146
1116719690 1736310273
1706812005 1091789260
1840267037 312880299
439609422 787822610
1444743711 1016323459
175945573 1535546121
1256826841 738350742
1828460608 1479782797
1950788759 1327814794
1283921049 14225395
164523133 833975276
431268549 448999444
1045236557 440036317
537391189 590822040
604589186 1704780545
627821125 491601095
568953798 1108357203
208508703 1868295178
291445562 1603015512
1693177427 1809013391
1967311808 963380159
1872583360 1327734968
1762639058 1252881419
1029122237 1558423576
1290908571 1780709631
1288317178 598753847
552100967 1937312125
919459258 981276150
757872240 1765226168
1932442680 1635215779
1227524319 1212857051
1828315654 1822791427
659949312 1992400174
493897543 474329828
1798498102 83210287
164929337 160016308
1133382130 1625877906
561315932 474452176
1700355403 1019580443
1907676042 858950668
1119021106 1890001878
141224070 9400445
1061213284 108937769
1262433880 1354872817
1352720429 901604609
1381121034 1641891768
1366317086 314171518
526018236 883250513
500199206 864271102
31704754 782005534
1226658330 709513161
1152277431 1262261341
1801573551 698555308
1360062062 1849914855
1085103459 258233020
1451938503 1690650828
87921537 477515460
1138132886 1897467695
979605951 1595552097
900265602 1118847197
876866514 894206982
691124204 1875531858
431125347 83789813
711792899 1359110440
1792622757 1415395919
963516506 1619374771
904350373 729421821
413538045 1868449225
1351007319 530217992
14091355 1793658755
1177281200 93720328
1295226341 779449546
638834379 1283772988
1444796727 1002465262
902840534 453950215
1206574585 347928979
702261497 24808701
1751978491 1918764577
1474059862 894011143
484788803 38117186
657102062 1221177981
1583288139 1006561183
964754515 1267578906
270435389 931465619
127973084 221060759
467005291 421901170
1131612233 73112447
684549731 947845719
121085457 544045128
802937739 233797512
614637820 733129636
1273814518 1029494009
1175476828 1330365884
1075297827 482763222
1290906686 1417473269
507281177 238408905
181286678 1986851656
865611474 1317824802
278866449 114681526
1697037635 1704940024
1483215005 503179268
341445270 876606312
377957759 1951638543
1384054933 1943050733
645117323 916996798
542173693 1072234174
927211334 923057151
1116804863 343086114
1028610859 281391677
499677639 1490341817
779218433 417237038
1455956807 966677063
1579375098 114468794
1007853997 1861416722
871910694 762469555
299755916 501128404
365559943 615052886
1186523115 1358182918
1411920560 1445674765
743075023 1738696278
1788236223 769716528
1052870406 849568032
1553253771 988694109
1035731783 203626899
155237606 1970481569
1957936614 1414549228
1296978174 130107432
397692416 171878586
1788832680 1915023634
22707446 867921504
1303519666 1831933132
1483756236 270877902
1937915280 1637158235
516417592 73927126
75706961 765346999
483593673 1570852451
1511102541 909373395
1846856926 1691400376
55301917 1636341785
848202180 1413265160
944250249 1521042140
987144347 1407381459
1426317680 1155746910
1621272862 1545685149
599168158 343808228
187244944 1227219901
1106823511 1764005205
421305931 542279397
77757367 1809348596
70027668 432676087
529411626 1876512551
1802929954 1492003997
859886443 1377359912
762358520 450695163
1253531402 392515207
460309540 1139987115
631151203 1127124369
1483984624 512599815
526062998 724726917
846731865 1017507062
1717066266 1399166173
228139172 1596911409
595243646 354539298
1587488048 246637627
1561070989 1760941139
1604080050 722386592
1712067335 1578076095
931929123 140567175
1414735670 840438222
1613860433 198411466
1535728902 549591564
556479717 1474099233
288339533 1864085961
655297508 875084532
190199168 1461592202
836546086 321279717
1778414614 800992033
1002634194 667871321
1249363081 1527133306
1532853668 1210777241
1681250160 1718891791
956989276 1773819222
973900180 1680246384
995548543 678863484
1267407419 1929976065
503020810 1818946188
935576573 531681828
1923411799 752272346
754850100 949919047
1941722021 1465093091
1046000056 1518792846
1857474528 825299702
1138215421 910924780
234989523 1282143536
1296588882 1697750099
591946571 818478273
1647245254 195421170
273594686 935851258
42778699 1439924465
1079733931 1931500572
1671085928 152839501
1984416066 1734945046
27635326 716099119
131195480 1850731640
1129182984 111998348
94677986 842334640
1779341873 1674001213
502311025 1288900121
810554731 1657878427
1153225693 1203124754
1612723406 1584021473
852015151 723344178
651386507 544221059
1297987106 88240591
1816980379 22847875
869143616 1446605668
483019959 1719994219
224206263 809778129
454569580 138209048
239507214 1103642187
375085839 181602102
1179916461 316976899
577859189 1967651202
1725238524 36011109
1776933862 731282067
464926491 904430269
995841654 1607719243
1802820239 160756113
1120345190 338866488
929570778 1503974911
217959155 1446370625
356505817 866362445
644532733 1606073749
991049466 1612058612
889148916 903784062
64891398 473591825
1913598551 1002472333
626210734 1597671940
187659811 912474705
1888532406 571646047
1815892295 800976370
1362101456 61984123
1967850230 469179181
872318371 1541218438
1931127626 1791831151
1014798411 298125035
1674510291 222578601
554923682 486801483
1445455806 938681420
1813938699 412113841
1936068888 1930058350
941415536 299615264
1325890616 1344055640
716495465 1792306407
1673919964 318072974
1431953662 1384187569
1517141984 183236790
1542588502 1351848252
1806707793 411189226
739710661 1713883935
440561660 1705857665
760220317 101577109
1757614806 974834058
36721959 602366316
223290422 780683267
1217168649 704703832
1484530151 755469941
1651917726 46402839
1023019462 126976442
1479958522 805061627
1483028975 1383288174
1130851878 1337765061
572650050 1826588958
216554364 759699687
379070999 1222372502
1409755478 884055809
1173299303 472424625
1938382758 1039851963
290108732 1310045608
1915011913 682328722
272153005 1879589930
328346702 1256964534
599089028 1054560092
952725366 396319817
1469031267 964125789
916616424 1978893990
333311451 108907005
280680978 1457153061
1978236302 1355822847
1182334334 560329779
965085449 1297290425
1227274760 384807936
1058444487 1353193494
328931995 450732415
1896420426 1642042639
1158422638 1663259135
1004540720 1734821466
115080152 271295928
467845777 1945786499
857602899 1394381829
37649811 114696078
479199647 110881955
235658281 1390478253
1746451856 1434018083
613293228 19932554
390669356 1737505547
780184292 1828868719
702065372 1024883995
869883882 314359882
1504250698 323296453
298171065 1475730341
1692375207 769247214
664061070 1549377205
1801428828 876067741
1921756024 917933156
588583819 463552494
1552051622 1877766629
1244435670 1411809394
1715424065 1383893652
544949371 974584416
1136309339 654890685
1377564407 43387799
1278182516 182275101
1357164629 1026983977
1050716106 675988005
1874725215 1801683877
1436923465 1773733689
350733748 523632434
84870464 1983530952
1322793999 1516903299
188843786 56285022
993513178 1840859627
352025387 1586467428
1551045857 1945774913
1880107854 724640717
1593789301 1670916786
554299001 1484718851
583517554 305403952
810027622 215153500
439264002 1660452571
1380777830 870840859
1074062048 967429568
1564645265 450501061
1984850555 778381785
1911987997 260959599
1447082300 922510991
60774329 366064454
192843544 855720610
526645142 1936626495
538317946 138408936
1097550260 998625115
1358705430 1253384264
486869554 373734046
992536576 531599857
1715348210 1772908151
45665665 1932967725
251138270 926185012
1269358458 1149707290
1946016651 211057286
613293820 1349875734
105886626 1144616113
573374327 363053434
493773758 343297671
1893784514 1832518036
1427333792 480191087
1093618375 1164208764
128329784 1477471116
565042250 1510173434
1903612589 955799584
1574052475 465842277
926371500 288093509
249337957 757773622
1344639916 897300827
252269776 314990954
1216648537 1478813556
863591483 219086471
148520940 995638933
1056714683 124191080
371949201 1779466580
1305518659 849705176
755948152 549678574
493396251 1927427436
1199187013 549696170
1417755416 725507509
1046974091 1441087358
1856905797 1229625771
533723992 402399822
1590956472 1882279513
544450490 164346039
1580289031 441674528
1861695302 1607397711
490798525 1937925560
747519865 409175262
140425020 1493191292
1972701420 1081424572
1187022470 574575075
1197779355 1582459369
1021075865 1173887504
577498491 302278303
1054265245 1188201153
766466643 400694261
439165127 1823087622
808738377 381730972
229653512 1878261486
1381532950 1907244202
1172068323 340403901
254207724 1487323328
1568773353 1789772016
1921980970 581367530
1349153546 1829693138
748434682 699787268
785364463 12212158
1771737634 1780097942
1614226569 791756916
20334517 38852384
1140097984 1791075443
1463249726 1187010971
1967810890 236559907
444789560 125176170
1402697694 384628859
126382156 1511870290
220425651 945693548
950157010 184088795
916371013 1128736132
531795754 52423654
318476252 283061806
626034000 347280097
292656169 1949252187
167449536 260267905
390470353 17806507
1669441137 684423060
1467184005 716345317
913984793 391859016
1504965818 725090096
1246323949 892816431
352018054 125993019
1540550835 629733003
1774982237 44705205
346405504 483927469
315621623 534845427
888822662 954148771
1645846924 1745139658
203377749 788091898
1376779358 32627125
384281143 1970721620
777384538 178799411
1007486108 1139502485
1386977021 998709331
1876447516 1577804933
1986156824 194893776
916895483 182984420
14709941 1231256098
1493150507 859183737
1659579420 701627336
609005049 1295375864
553747669 689118637
774322724 234057333
852089325 493486098
1288588973 1575464555
1174321832 849136795
1018614166 1204984385
1265645841 986135725
1449889679 1871142222
1309760490 1362676892
697472412 1975541366
635865150 1984921988
1887876096 1651752574
1869897643 1124028139
849090236 1707449751
1148527502 1544323268
1468779624 1199970486
988488241 891347846
923382617 79815462
961751782 1835801936
1093049624 1548971699
1069364953 1351574983
640013579 1728404510
703229964 710682737
471851193 80210889
1393956908 1620935492
1713156966 274652708
722934213 461696577
495808905 1081292232
1845469825 833866238
1072528741 1016049928
671855800 338008028
1319765674 888837736
1599013124 830547414
29838866 1429783035
689406005 1743735854
1280612871 1344651198
377420946 1615619071
1960759263 1684724937
1679554911 1138828745
934063200 1248609479
1122959924 1395089736
1028235702 187835802
445688169 1521179136
1311616366 1057022316
978535784 1441892093
166026301 1534604629
511754243 136228731
896713110 413619732
145749395 445450257
884667253 25143308
471733150 1396834138
904962079 1969865324
1254104965 1975696856
1049295670 776126650
478382640 1442830925
803274577 1554980861
1807407940 159070680
346850707 1248208331
361723 867460537
1799816147 1668317659
679171320 475542632
1097137243 950658542
598234225 1086671432
912122938 712863132
1835099241 1086041308
930658452 275209838
43727171 1663834890
379903424 1359062318
609889703 147311434
1712569596 1716963585
819720921 287878387
629256854 1751847604
485323065 713404665
1950734322 1785009369
1232264051 1188099610
1686752498 726690325
265947034 291780868
773874452 1866258184
1846728337 1313804463
1114055491 1757750620
1220692379 940941596
421385310 316906267
1012853719 801081903
775427129 122455635
413666786 1766515536
373894050 1798004539
1741729131 749642558
738495090 43562848
1241558114 423732836
1078720094 94731365
577903605 506720241
864321388 1409460471
1035322744 1934115670
1755598958 173104253
268258725 1819730617
1956228362 1566381344
1694938459 1418350688
1308766384 586507823
1354596375 734360543
1362610496 552222818
1101790241 567726691
972513804 337729812
699436131 1793563829
462660380 854053596
1417512021 966296394
39432291 667698990
1591356327 1456882208
229430103 1562069043
1404779032 1801177512
1736203666 194605818
938252933 511686158
214817364 565930004
708283797 546509322
336770554 1264846566
106948439 1671298176
454991442 413857789
1791211236 1434207763
1804774818 1316489230
199262669 413944021
156250750 1982934581
131917676 102567987
1415654723 829659458
1360376778 383754041
585065716 1961679611
874164965 1286035665
1526314011 466683911
939062469 1177771058
1519956703 206275875
419879831 512828069
1917167336 1022397459
1646032564 403638773
1576438834 1969283304
774992318 1034989342
629990163 33727355
370407644 1586066434
634532248 216411159
607582893 1310680814
1465298165 934587347
288346380 143431694
1344035863 1107922259
1938697069 343086464
1010949340 261631129
1067231001 1070298608
1493555543 1502863234
434777989 393854632
1991316717 833396078
1184973501 1045374789
1691247725 206754984
921066878 1981791609
561572275 1831085789
612927393 1587931652
1383887754 828380840
499752750 1353681149
1027934810 1161619594
1490537917 458938321
834271579 319056551
132364857 157181633
301523703 1550979978
1429188735 944310482
573181102 1275218227
1276131281 463577600
1629752048 1437573568
318789378 286771487
1108974166 409292014
729025210 115336277
385957590 782020540
666887667 930141671
1524449349 1646882032
1737876872 921050360
642752580 1818491833
6630064 694377600
1602739777 224756986
881988773 283940490
79984145 1108147377
1416142668 1635023556
1426210897 1257014761
1183109553 141535687
522145383 38120698
1967916240 1682254400
712705225 1866162724
1302823759 17157719
927603076 284819733
511441330 629967799
1088635962 1811988813
1128053165 1898091521
870727594 1743126959
34623906 474832508
1321515490 1231672304
160492054 246679081
537665268 728288075
34230410 674931115
713589713 437051414
950542408 886810257
309627602 384280469
712978560 1926130130
650324832 1285639645
496292920 225345021
406469405 696161864
782355210 1464139809
1288901944 8468697
930191081 1170013113
226799798 1284007662
178468215 545455778
1667610110 960882654
372165493 579038113
1228894161 1122101802
1896005172 1112132449
234054477 283586997
1656850545 954486105
573316390 1015529400
1496409710 1868494447
539839535 1245268366
792492581 518383452
1036826777 1488530507
1928840487 1445536477
164171694 1721278134
1276288999 1982571259
1586104755 55742923
1782209145 636320956
204234224 1709004793
996395951 1756165197
856014483 532799778
98658222 1313754985
504247184 1616013685
1758153493 1735435708
1895802783 782116594
781166464 304064686
1161048561 769710018
946729406 1067673470
1907227373 176690929
420392976 1195237009
1440646001 1976072255
606363974 845913151
1131051154 349908881
734934724 41034449
1064897840 131658105
869368473 214219495
740862347 1777296736
377639059 1226770202
579416421 823600779
855478028 745070117
888418648 865704521
1153979698 322065417
25439495 1535808667
1058521599 1771193949
669503733 53042185
1864502002 1715022137
1496961618 740304293
1254054775 1292108674
1561126813 680469568
1960452774 259262113
1242221736 1266506544
799153830 869622637
16361135 1878061946
1502012698 11390834
1028823052 962462152
1546691907 478151941
759290049 165014568
476778980 45816813
800695676 44559529
1092434537 379057222
1046368366 953757497
24050165 937561753
1519730311 477298293
834998869 361605332
672079149 1832819161
1354170776 85827476
130534530 418416563
1208827 724768941
1030405625 1809990450
949026757 962533141
1507544294 1724694354
1704600593 349175976
299720616 163754608
1696903068 1080549858
1085344731 1194379757
292778487 879389992
348933945 1303838653
1332342199 1798376842
944560639 1846179590
1015513745 962813244
327771 1479294871
1426700624 521078649
436296943 774199064
98433126 900652214
1237147113 1477947486
1055401420 465684247
521408982 959391583
607208418 1601963095
940394950 127777580
724049362 640859775
121991535 1643951263
64121677 967737338
1468016941 617432653
1965522656 764098797
1968835672 1990841367
1843180123 1142851549
1025916512 385804482
202709952 1628623162
1875979920 692650841
1174300979 39372739
1799578656 401772279
1743227999 1692711553
434147908 1985004477
642308856 54142090
737047746 1617376634
887271759 936336746
1181929912 1315455136
79843366 1101694097
423082023 1315986887
1284286180 1653981613
978203430 738963239
1859099734 1463550157
1687699218 888026036
286897129 1300307437
945154582 1973844493
1541161569 1877604479
1226706231 1095433934
79791532 901259121
867556697 707346689
603483724 1553694580
1622115617 1421355141
1480428804 17393330
759594522 405032547
1925937285 501434676
186941537 1315345957
1633218493 1870619879
162944270 1159735197
811560511 1750947857
1954155590 1217751771
1549257149 43200960
1192965876 822495486
1619316436 1804010547
1477500166 1800712569
765777199 780610091
1898741205 83437723
68673241 633185040
971530354 219367079
1813393059 1001582687
1356883432 1918090287
