2871
730283517 790001052
587066503 3425865
980102055 1878615682
1458258463 194905332
1946081442 1313754585
349883388 1415391038
824704203 729808793
1517288071 671551025
818782151 1370846208
1274584409 89678738
1837987091 1072290974
1408440269 454779702
686156331 849099069
882122330 1511494311
243563239 597725830
1445052978 1367535300
1900337140 1996882432
215332474 1595865133
1914008411 1796861526
319093533 1141499016
1244204655 1454131703
1242962242 148198960
389924269 437955873
1887504875 345092851
1388192995 978755535
1626023614 584725014
357014824 388021293
927517062 1506412000
1556725022 1391847313
195729599 1726926449
150086181 1058911642
229973619 59575239
1824919658 992663512
1320480102 1442854929
692896720 1051957468
597717731 359930677
582035533 1969938864
1130398131 824331096
122125018 1374795480
1173404651 351935960
1062923286 598735046
1425342406 38808849
485682001 77088769
881410621 215840248
402477194 583961916
458400810 1136982356
999955118 917977496
654832800 657488571
1791714913 331534774
741435663 401981723
336336939 1668610545
143080464 1857838766
1986508012 1695543835
1874063498 294770756
489355106 1517050132
598011846 21858146
1745834759 156048703
148081185 1210985181
906376052 1932273663
1332267832 396917308
1827772858 124353624
1868728168 1028375611
1256603546 786801185
1882417591 148430053
1942799894 1886238120
258256817 599403084
1378654475 843400180
955291731 714650517
1963145411 1393708125
927773136 1341958902
1379593073 1418956571
343946612 1765656238
330488298 1534180395
1559786849 175330987
547654720 1819044219
829792241 1998072042
809252025 724847177
850886548 454601873
1208414101 950082305
813260248 698418109
349111093 282861149
1830883335 1458741858
1823126566 1200417073
1516778677 1960917330
1785738635 503446124
1171118210 1505634758
1296644238 167203132
804927548 1580167561
706873760 1991810473
1355847683 876585932
214616852 909600768
552793144 259039541
769402302 1611328210
740524212 835291874
1825837032 261218568
261379517 670924883
1925405981 1689470818
1082059833 1735321119
1898159587 1519507959
964578617 1217740636
132434896 611707082
1626451835 1444762494
1855390636 80217794
1499188585 1312640897
1754846161 321051766
1811341994 1880281551
1937046779 133960569
999568723 1733161053
516700044 1479929454
1850665368 898582908
1862792409 202913198
536203791 1309173947
189462200 337282813
235503769 1754273991
829626473 1244617450
375267103 1600276229
526137339 1268310244
608935491 1851601125
1140671818 1403641610
1234499173 885641901
168525352 32772181
179038680 1664128871
1339256478 1157981419
836346592 925972657
574394943 687457389
47921559 929576052
616776937 1313422549
1160088857 1338632529
1754067631 1914326061
1443824103 3055367
1806502922 1733683265
1109138238 152204118
866734125 625294788
1014907642 142670624
464694679 1728459173
589617982 415206405
13482219 708992075
1113246394 599715028
167743017 1060705826
310929187 1514591814
904234566 1259240163
546495920 129069684
1621118363 298072530
756385997 461782563
795814500 170241867
773790864 1560237084
1200447639 1043240472
877604707 511733404
1726213780 1717855802
1456758438 359053795
292521660 1223980768
158892923 830904615
1071298861 1951473095
935230649 644141021
711973359 1080829118
1577251442 1333768191
1500560168 1217262930
733348229 82274886
111285293 894314135
1832136077 749519653
110163537 1827857904
349436148 1112475120
1170323080 11815505
1316402409 423111867
875808991 811555624
1524071840 1795236560
888042713 1556078555
1668771133 1505669793
176370435 293080668
451498286 1701386585
419720260 1299146318
217665180 642433918
297613689 562883778
1998718736 1266619598
115045772 238430858
496256566 1844008672
1607408196 178837612
197558869 698387918
271174439 1584328731
1425338317 3024411
739094041 445634090
1546612091 1971185477
916853682 1082499636
870011179 1839177645
1461112123 1005712532
288203014 1534389716
752204709 1157122321
590814959 1827987713
209691503 282444187
157747110 290244245
1081722030 703169743
582729514 1398192007
322404084 214881943
153915328 68102916
1714030495 1252491227
1973196798 996837598
626527308 1063783079
1538978866 962178683
155373427 1017065639
1405197590 640926140
1860062400 1425208347
1802075984 1228720244
1973543144 1376237544
600292992 131768931
114927349 965331829
721613851 413796
440982298 1608699510
31935013 686177718
392056705 279080779
846120683 361823620
874958053 1493243375
1293781595 1181557449
1949949648 467045416
1409516718 1873515458
414005842 1358870121
955686196 1423744656
1873552241 924892185
1497448099 778945045
477597037 818729583
1048683738 1942304978
402279118 1362300245
157355136 486173920
1308809982 1402705761
1775932003 364841891
1206665500 1695043212
146718344 1480894506
659283877 1153495563
17380643 358083009
934430893 929820544
1809249510 1284857086
1129764270 446789734
682728186 1850836967
477145684 1037031862
346702827 115230857
1087142394 1046016480
1742634003 781562237
1906161429 1425064479
428758550 1412877261
748987045 414971605
1794294014 1311953490
1191275519 1240853697
1779070016 373144579
26292569 1932018859
1758871586 1066614703
979883003 55421372
1849647731 415012935
1675434451 587089815
1388081440 1471604550
1428840123 374958424
1199810909 741939352
1122894521 458293506
822649183 1495697700
1943990465 1419760969
212218988 413111726
878138833 205879998
1411543875 1414232392
1810511970 838026983
665854147 1547732543
913403972 1916747313
1277053203 1220865959
1632080009 1744552685
302935088 938279097
985365448 967291911
258205804 122294768
427165234 1626976965
855363864 741028
439520533 1913910073
542513071 1402222074
1543361270 1314808084
382311183 199948769
1046745468 1193218023
1204686931 1629613473
664850432 1184149464
302837188 211907248
1532063917 893080760
1394643612 294248521
463294418 78059313
1626853097 443831831
89022875 499831520
1313064234 665598725
1148712278 914870180
873864283 1138236011
1902385781 1111171468
686260452 1946530972
474902696 160261664
1479145655 456539742
693265962 1039150335
534040866 1692824242
984473019 512313582
1711846870 479365666
526578110 1924325755
1340768298 1615144486
571706352 1799660716
450723582 81963879
778772557 1918728706
217845069 808497474
513635610 329358157
348768223 563772169
74180586 1965595699
1228093902 296293193
482440587 1310558456
1461783054 289144468
958467489 438869215
226031940 1577038224
901968531 143736600
1233961320 1854294406
39181191 534295761
316740853 147187818
1978166309 570664192
138167661 1145366557
945701750 1381499820
940983906 1904121936
809107078 1685690608
1730166208 786332634
1400693658 1516167712
1419906520 462379675
1921660038 1843776477
1978959767 1048726648
505469773 1230019668
356522365 400304755
1141342596 655567133
394092545 77959698
1077313718 1355127526
351722094 1002558970
1938366444 333279950
928288980 51494036
945767729 1546120666
304586589 241059636
1522190691 342439758
1815608637 1127357477
138986157 496768333
588453146 673749205
938599428 910135807
1398985731 714159185
1495294142 700885937
1800752391 1040068110
1423078797 1985610115
1748801250 1129614465
1648668706 1406547773
759719728 1116949741
1362704787 62894975
1986240926 844781768
76598904 1294681849
1636180692 963501633
1670598052 1136825592
569334865 1550800812
819092003 1612240195
1363695266 1988852393
420658985 956653556
676898523 1798757814
778680291 805736937
552308348 1897915124
1530448899 517699529
1124820233 1090012231
261397412 133041083
1874893740 647094153
549593377 961946398
210466524 87921770
645901703 1449597908
472965394 1939131633
1529860808 1627309367
437229168 1256368839
1162747619 1387388759
943845525 1235525241
1540786973 1661019416
275764499 32907420
595482100 1881308792
1039594321 1897701675
812581731 1458648440
1949088983 1824790768
1164536936 363016101
1969400705 725651434
605359142 822011256
1159884288 239250160
1316452021 1494769810
1825384039 60271959
1964910075 900545068
1949747818 78671715
318054903 1237389021
454145393 1318743091
1484410401 1381004462
1355996222 1226492789
1265095167 50304127
1331199731 245080280
830024573 821962908
1932356212 1143143134
733791927 1996982748
667350479 44612788
1835197100 764550030
475232416 1172802751
282275427 1159164631
13667121 1924844336
879087 341767941
281345000 1413845510
1273239061 959320545
573034510 1287390731
867968672 606570023
1220516049 1199317951
637252585 790253965
1122111985 1648229498
1402724061 280050060
782285127 560823311
115010559 1759785676
731916486 513109145
317125070 1526150780
161852438 310915406
314510074 1168016772
28945789 1124886639
1567179477 920303047
190423766 1725433297
1705832707 714063146
1490617474 253729281
1824141980 143506740
1912299568 236921920
1384937568 1025739525
511332469 1260990042
1662616587 794789629
633298744 1256321881
952605658 95363578
356490083 171859915
1647102991 238212005
202709947 1024232299
1025496809 1872993208
995943544 109538402
657800633 1828691553
1795302747 1251912573
890129515 923311767
721349585 1917731445
637135433 1255862507
721994079 839281947
470172645 819812828
121915725 984118742
544254866 1806100241
1747320833 1474635207
924925491 1102651581
723507269 1593857187
1817104025 1606284777
89839796 1717918478
1947440399 826044915
1273480600 1474438748
965468963 1430748928
323325308 55328405
1713111871 1097843523
119253375 473762470
1174790037 715513378
669899665 1283342772
1877885254 1024504265
1029757912 1617858839
870646156 1827216421
186942683 570914049
318069904 1423809951
473770477 915478044
82157314 1982342904
1415052842 1696298516
367860242 14319451
1228970334 1262151558
876500241 1618788277
613754403 203984249
1642352018 1196074922
1388856207 570399581
1549605933 84033084
1579591373 435281047
1214054942 1070645211
616866157 288123517
1274004159 1984905987
299945893 593537124
1340785597 1760987191
1798991908 1410627246
1870550081 821753665
1319454274 457202402
66030138 657988231
1950471533 1648873406
77926416 545957021
1195362763 329541522
1333007225 1442901778
1933742169 334792130
1711719196 1352813399
1100883216 506354271
13665373 472429629
1945663537 1636520228
436231064 970549183
1052499426 431013582
1954871696 1997667737
635101547 140151835
1065590636 1555700405
632665300 209451089
270979277 1677409804
781885788 1154308065
184110703 1421116175
121632880 1344686240
1577093109 1836243417
1707650070 1398518156
1020127416 1107784847
497844401 666416778
1726688036 920277535
1185381276 780049976
1151286595 1330524734
786411878 223125270
1557242195 1898437532
337925240 1049145365
1360773605 807626984
1089552408 697738042
1247197943 1972967823
1298679180 1560880895
1364815073 717082202
332719180 1768265760
1657488366 1279277629
64725619 1445007672
1684736208 523297260
244840177 1602685926
61208889 778325892
203416440 308099470
1147586450 750670472
832534984 1657345787
1429163279 282161450
1376794420 179165725
1920014746 1264706635
1787292525 1036824445
818843733 385427394
1456884668 1403972107
1074138904 554650552
1107972041 31319828
1606167406 663570893
794947735 1325359807
978193011 1369824075
1185555750 1577006254
1885481067 463716106
390014418 1919026608
1610428428 1248401473
1330278557 1624812682
433276047 552476107
491812323 1669946025
1649209539 750173037
268400216 1291927465
1517548555 357991632
55845474 1768319910
1782436013 168216111
1269984886 1571578433
879377096 895867195
1395629762 211135747
986203403 1681683241
773950187 248289145
1788994071 1725214255
1267745991 1784084348
535474450 258693949
545756136 1559601338
837683907 1555087294
440751914 162231066
1112022920 1079899349
236763426 1728515935
1593648992 570652052
1905693974 419727459
1976681078 1560690788
1953729096 396489824
1167875114 1673929618
1812321598 741715942
477926785 1519135636
1471554108 1271654200
1248139253 1127179464
831262939 1282686734
48156391 151297987
236426828 827242379
464599107 25897410
319396394 651195609
609847163 1585897252
1435324683 1759893478
1779367039 276974711
1790085813 256801645
177037331 703606638
934456530 418335964
1824424006 910063625
646871635 8544816
866977672 19525038
39032514 1496063720
735893502 548330868
564392168 751428869
1438675251 1527519410
1937807393 197360533
244384998 946729959
879604981 528924339
379941718 687725720
824464946 1074191575
1868068901 1624498264
1804322700 1241341960
1298369103 817538634
748487304 1658314741
981155303 1084467265
562429923 425156059
1523285869 1969404930
762951124 800478364
438078823 1432599982
1942769564 1840558312
78089314 1745509610
1388324415 1722745934
1221534186 322656161
1210688178 1207732568
845212006 471265293
884494692 1105643096
25945065 1568067956
676752562 1927913201
83595948 1651471033
1940967808 235549095
50690339 1596412746
1371569489 1257864846
1038014229 1356657982
1859538514 1459561224
1572559766 702261157
326272897 1970351570
252802895 1170042115
1685015408 152022698
1243987631 432990902
329308085 88516825
719061539 1645949174
1749053142 15880098
1523619956 1979402645
1514110894 931830767
560383530 1415533204
141512436 377096575
395805774 624184815
762347083 17218613
375536103 1551647389
1163667735 1961406334
1910644102 664993274
923106079 524267508
1477556143 669193693
1497256746 1257463015
1697332865 1735620162
1729357301 1797722164
1705291760 1905113570
1112120674 122393612
1521087206 1877721739
171535468 211198508
1798774076 1972765856
1419841774 620272111
1478367261 589689216
19844734 1739295182
1025031585 837984102
1359558781 1708946411
1874588961 638479861
1496722326 1609384823
59931291 379708264
1848247539 298601308
931769347 876759300
1195764923 149470682
1186610148 994906002
1134808303 781672248
699995460 802861234
622756915 728525647
1771008270 1366328372
1640013559 789315147
1149725132 1567688116
1405736792 1343561898
1518376933 1136249775
1006375061 852977308
1887997095 478035437
757771714 663698806
1594423317 990647305
999125905 825939786
1013669676 1051035092
574761957 1137857533
1813818951 1909196215
820403760 531834286
1430812033 207336201
1199784542 1659207137
266194099 1623264319
352836243 150594272
1616718117 72611617
163793624 1536997358
1142800624 1477607850
854734503 743785623
1921096008 274409012
1729809745 300715775
629213357 566524485
1095310322 1749326961
111038551 732986412
1275799344 1945571137
51234022 97957087
954422093 1080980485
1855791704 1945695004
1826144686 567546339
1819999844 965400738
1865359374 1286545872
1437317103 704835593
1665502225 1313309397
743842425 1169300391
188084029 132797115
502433533 528031636
1247406982 309676700
284350914 1837666513
1038744519 8806941
1508304684 1778004086
20708585 522550731
796000815 1790539783
1423052724 780649399
1321652598 947417843
1651454798 1072538758
1474154090 1356994368
64774446 434981080
1031669224 502294
158289789 851356103
864865150 1160992508
920157901 510646313
1115454975 1433565499
1149281747 559378754
1030765449 1750550068
1825773612 717576490
1874628011 594581819
617704601 1717327720
1959153361 1092820078
1593556151 1112880966
1612123171 630332908
459610009 463350225
1959227629 55576635
1944521411 1053749425
1721218316 414726841
95723452 1410691240
712029521 1348791639
81792364 1730870149
420655641 404422611
1151239462 898654316
398533075 1737688465
1304625397 297886314
341156801 1488485989
252657493 499509394
1451160005 253087010
1670553268 1261000115
1299615585 585602173
403689257 443022366
1321683329 907226508
1577010643 106646808
1428024352 673382443
188637849 1911966358
197936965 1771308750
109901467 33704464
3299169 368521353
1318018240 679871998
92827194 1785342413
286296535 17628877
983789724 1879021193
83564185 144769684
1055810621 1463908763
970792745 1137979943
1400951166 164162577
84116012 868816859
1320142667 754892360
156802256 544899896
1582742416 501434691
184654490 1493145089
482568529 1332144699
1415727328 1391812604
863523645 1190385892
1533492457 749509027
316269469 376808444
1091667476 30085307
341829588 1538141554
1373074530 212949348
1438651041 436279039
1066773786 970304287
150479722 880265278
735383445 697107156
1261267295 1789727893
1685942557 383659074
1273513451 1491464460
382370235 1343123855
1280569570 1998045150
357790178 272924261
749480947 702076229
25123295 1514280811
560968040 1652462118
1935018994 1291648853
1156425859 1650159965
859007738 1553858510
957210391 207797720
1738589256 599095146
1253135595 194617417
624692961 866446622
1701954912 1608557322
792754772 89143164
279684208 1485918775
264541935 1942246225
252128529 1814638767
152487596 516424530
1096125512 400242775
81062745 576942524
827300480 1180898721
1307396448 1951640217
1669912543 1790478750
1800482984 602825231
563370728 1184496610
1146240418 1402061
1734311137 1216475830
1970095350 1289577517
1977563089 1132340190
498342509 1775543602
629274627 146879785
1951142525 1630049438
1357675340 1967718386
907130371 174570987
747658464 1463382523
1363085030 233076911
1091028082 1004990694
1581160469 1203497688
287420535 56509751
948189586 1478011271
1452890242 480902534
628177982 1569986370
803662950 1747381141
367629375 739609861
815492659 1249906918
1149774421 474862159
1301604268 1295867963
805092460 1971626176
582126440 1993270482
515425325 617567920
1544735047 849541856
1220509708 932821211
176694238 1313697100
1446100698 1326395760
1015580225 89696473
1655120470 1406131130
786561895 965902039
818634748 1081432011
1310007348 1878668861
1070866670 527476836
97169999 1543967491
607420428 686559126
1039722126 996884967
1160195432 1778038368
1947126158 903213882
369947892 1009325042
442994554 686822533
1066646729 1012767171
441415778 80191080
1206172589 673392005
520662517 327337691
150662355 188182415
716394972 1854204983
1099375333 90714500
1701789439 342746712
988884043 1316270247
1927781926 1627217508
1186674299 1465718721
1620952150 86670603
314640098 1889687504
1393177915 1237914794
1953523205 1798870274
1901980063 1220294064
379811650 430101994
523000766 1663951129
194401119 1298150477
890456635 1485994319
130358705 1394196670
1321533894 1016078419
975693222 1850887824
526552177 494106404
1886111412 1636672023
1550005319 1919205238
317914580 271525719
1963009343 1860255404
1541114046 370608765
502912441 766969658
1063514125 488920651
94807366 1903024345
1562798313 114833425
141880903 1971464597
1892505312 267261772
724545239 898862385
281227700 1484076366
881790021 1351085386
1244406701 265930250
114757860 31481382
1576877118 1837861447
331241590 1893792533
337260219 1313160505
320492680 510032389
1800500259 944546618
963462280 684916151
466737125 478960366
41110695 590842317
1664104470 474616575
1133357126 882556186
359699171 855815056
1681447462 1170838456
1750623364 340652194
1937879477 162197901
947428717 1290219927
1999699624 1994067594
1832606844 1884691448
1131820453 1086509820
648427402 1580898448
52874400 1110797953
1720492671 1158338420
551568143 666479220
1281833120 1530339302
1262074661 542981170
1671069719 1882302201
32155110 1072180179
1689067404 1861757224
1205820229 791829128
975910724 1201704566
816731101 516637793
1471573067 1436311856
1372345840 264623633
698246382 262839357
210165773 37768374
1050561158 1511823306
372294171 1686724753
1230045414 812864633
130994624 387879568
133294742 470694317
822081494 1505125288
951460147 621989475
91757878 834007280
1847123865 461373527
1010062456 525597569
1100658737 548803287
1757414573 265447093
1424065654 213225285
811551243 1135997256
877950155 552609640
912841189 181890001
143741 1840778449
1353429946 1059723900
1261699944 537510198
1889297559 1313349493
90190620 1740396392
1533644415 500760953
431463201 528093905
777104523 145889812
134547359 1443519413
124845219 1726236324
631847122 580232163
1572813157 1213794060
1070689374 1253197328
1439060276 231778999
323594456 963221612
1865578878 430587700
38443284 836107610
786900601 1277670879
1871352613 1760685483
1995161510 1551185696
535030 1378201595
1560937504 983304971
1606095391 357854560
1500258287 1360491936
851062140 1662589378
540673436 1074061506
891470928 1009843591
1847466876 232252152
611932381 1145850762
1278924076 1982151147
90100106 1021567435
1019037236 130910027
810056153 530024019
1113366343 1491150202
491788724 1175918195
1651192163 300949714
597231844 381208615
435371199 1512221829
154633679 11045992
1719296642 807205800
644021023 574672300
1891626443 1410096199
1353861411 1649775800
1293078920 1268856415
26664287 403927530
1281773467 773102184
1579956171 180624083
1179049252 1862154745
947150587 475310627
1921479381 1595165159
859667851 456406863
1200233696 398592625
216010757 952960366
1224129210 411619549
1537372067 1611247988
757727841 1434713916
1587708781 414795267
1463125946 1146703208
600736273 1251054952
896433525 55768216
557646395 591298322
175994809 1072363039
558431061 642831638
1684879239 861610747
1960331345 1227614046
388938407 1078316590
1182820388 1670203734
266518370 1531229012
924785460 1841151822
998050548 42124055
1145473788 1314180388
1175612843 1625052153
366280593 183876667
1610738114 1952968071
997048862 1339805751
1019601094 1602477467
38551646 1975078801
254392767 1310805213
1015670971 1330601532
1707704186 1818461529
1372673811 1377313824
1330583244 1434267594
141779673 66891882
1292158689 803457173
576165655 864502307
404674968 1085866851
1782475583 855938978
1954550829 1029319767
1903296876 188032413
779096989 157796360
709804596 1089070846
1515490976 1251591144
1557550988 635775024
1574180998 793469521
1213542684 1216798091
1865325649 1318043716
944438681 1871898973
1124493296 1512406345
1433175172 1118243036
370024442 630189704
459339527 1241864231
681506214 941856058
1239528518 664439093
1545849821 331874829
84646361 779490011
16776748 1503979892
1574297372 36515435
12683906 737569807
1330206040 327611941
708302024 107117584
465747413 846446264
226995857 1393855343
1546899588 1768816882
343114063 1194650536
503508069 67836197
711420819 1358244803
135080364 486674543
587229505 1085811130
633419294 1199780187
108145722 546377125
693187447 341533605
528036892 179446467
1587611868 777032288
1372747713 565202375
845154070 1673314091
74213741 1815010710
743518410 190816020
1781938959 63652212
364475374 1506402522
622573737 70628828
89564446 1232552831
1338893381 1900359948
1197936595 225212396
127152196 604667957
1415223421 1844825790
1158209243 354764559
732597998 1364312733
856210980 1039112817
618560173 314613056
1639940604 1417018913
940830399 962423573
1721918783 1375557797
671966035 1077353600
725424394 161612474
815863219 1715940214
265678952 1349663127
605070710 608237367
1098985905 1743948130
1821810775 516915138
751203631 289046406
580188827 568625680
188463263 324970635
1189788908 1135359424
876458416 246098676
538996807 1041531566
1366304209 1200438406
752809270 666636887
1210082710 400285322
1935203297 57378100
1128792380 496891661
7514030 500515326
621515529 1946485866
799332019 1435526556
598109953 437366643
240253205 610521323
1928496967 268220305
829114482 208143763
1026818194 941655041
880969726 1149185635
1374786811 815710784
270235289 1172664587
1180199437 1671461864
1556479075 1468315330
697230133 1482816821
993247387 1516134870
677952317 1332924713
1004404355 756623647
697844780 1373700298
1801741683 102782817
1659247198 227018733
774706733 908373284
1069621158 842845099
1914206207 1924202381
1277146594 1143060202
934160638 1737005213
1972957700 1426657728
1246843885 677659378
759916895 1849778185
1773766972 1439696789
1877633489 1152132946
721046874 1364276224
711752521 1940572645
1498650780 1864898398
670066551 1186220609
1977825535 1273467047
1471655291 1312146617
858352937 1902571162
1552347232 1579754872
1294843157 654909739
298346559 487470701
1519569943 1251947247
1299960240 1155607724
1105863891 50388365
1614557913 685474509
537869707 1800484184
129372520 1964684051
1887822157 202462519
857571837 1236506048
1530819703 1523181997
1364874674 1289169688
198621581 518048770
76207509 1194968612
778366429 705636436
812778906 1725750369
479795645 574048486
474636102 1587316543
1925668911 1736375366
1328808480 1400985206
779378825 1936821693
908217232 1887335052
1066912697 145273878
1389580191 1809176738
1873370037 555352988
543551096 1688324261
1847314471 961710480
822515801 446782156
1163024734 22144237
1415280542 955861340
1326958736 809468592
102173433 28705194
1437298258 1603453682
1233804203 1369639406
1617210136 598677232
1829856332 599348301
1571251307 808274100
835826059 532990417
596773400 1716274364
1243532415 682154198
1374079713 1206064898
96252892 1930014251
1822374778 1470042852
566437347 919356432
88912870 1080995642
1177784969 1745918212
1972630169 1051639482
613137107 275535017
837713088 226466994
1408166479 892846509
1776458341 181368909
785353232 892313456
975430649 476308849
458571902 154458494
658685685 1533276422
8594050 1502292506
6050238 577741796
1689486222 1949658057
1431661988 819370452
1794777954 1852799072
8232133 629225041
1858329199 920837790
1510343404 1649312081
1941787015 1198439052
1161944397 1137172601
418652277 197528615
402928171 382818429
1036771004 16548573
342586987 1993588557
1799530687 762647804
867107585 407696138
1390843932 1919733436
676122338 1244246516
1119000845 1714468731
419841836 176560172
1817260778 736483953
991351153 241463409
1569195838 1494345593
273188028 1055396581
315011364 546791339
1780325147 548166909
656897187 208758001
324985013 1336082840
959991175 1853227180
1852864370 1126704154
684571085 1119291824
1244242080 1091342019
1890169693 233255583
1693904376 1899718586
355194586 1275372410
292895465 105844574
975105180 593380763
760235769 855121080
1574042966 1940650554
1579786881 130242752
165373276 1701424645
1803747763 1475918006
70324147 702525171
1087674746 14647804
856197702 859144035
1356448793 721800077
340242878 1773842412
1458041229 1248250655
861493619 1870672424
846173497 339078327
28249713 981231513
1516751310 267165664
1456255641 367384538
211100322 1282883645
1825985740 1781842910
584016721 1330002344
28881513 166753643
1171275912 686706982
111361784 345898446
1307234881 950645060
1487195550 1148128180
1671364955 965887217
401212839 244578637
1732863227 473673236
631083317 1915995019
1108282163 898178336
177303298 1646466807
1670540258 659338095
309814828 101774499
1367490639 1066546297
1274113262 1129774596
1828934418 962854052
1677618741 1602576408
756077216 912933020
1484619496 1228802061
864980418 1883064485
973305378 27059306
1274106482 1702121448
1126375744 999780998
1086918440 315325040
1689938274 1538300330
967939335 651740336
664653468 560513076
830109806 1398364967
488370335 859070262
5835228 1525217571
448521768 568563765
416958026 1370015597
653202731 1988142028
66293426 973556050
1431234266 290298204
715851761 1445167514
1223039132 1830180431
958813627 1911109361
54212535 933842814
1267649024 265684036
332852795 271851702
680968661 973722642
1531938281 474984622
1148148746 1967938147
1716824811 1996126444
1273178301 1704880355
738785982 328345483
1894140868 818112293
472209025 638566999
1664525846 728417929
237574743 1051595424
1019574981 642934519
86758625 196152301
1057621785 169463081
1408767291 1748718768
998044802 1137842437
611098595 966252202
1456932473 1353566572
1348854971 1300111552
11663375 63371509
1588534632 700893689
1900489627 786105266
368749562 1653443740
705591326 1018782235
1281667211 464820525
55527599 267252357
190266348 483869186
1119410416 421586978
815895298 146764706
1933184511 940535727
1538421481 590872027
1139939424 1329574358
599099016 833205537
11865249 1796751389
1119982162 802762310
828063721 879696272
123911130 1933246900
723337521 170276127
1648103733 1237066728
68047985 1054381100
1255787910 1437866913
1717390631 1235347096
217533065 1297718152
146181083 116963322
903315174 1125290692
281015956 1242697222
1271992782 444432342
1991753986 992743047
316746222 1298816411
254274936 1757676724
1375356367 1249452114
301215641 1425025278
114792964 1798845620
1402519644 1019276313
839957587 1190686625
1840201867 90720747
1681875560 499114431
343484669 356201928
1526582617 662946470
131557549 586000937
1127494161 1529300206
1199522011 1129663633
229839050 13927097
1937740179 706922001
1026923299 560724361
1723349173 948054783
26130749 1844732213
1534778337 1098899685
1700755524 272011101
113223353 1185804992
893536770 1640304246
382816016 860666337
1277571353 1111722442
1270948300 604904803
1011096968 392742672
1131580214 658691765
816932828 1125349187
1972938166 1881404178
42033124 912381905
1096427110 147837098
1098572329 1272131188
1523280862 1913718457
156730211 326136753
1024504532 872570006
138206821 1375329316
413992343 657065740
1977929578 1456796956
389826871 968033553
587822551 232411529
1895583358 279744817
764449974 1851181668
1774134359 10095742
1351356401 290031561
982119385 1083314206
1405991884 1217720099
621987261 359312123
773366638 1417485834
923572484 1919224114
682698020 1088891766
1230230289 964488989
1953295369 313528931
231812627 849931101
298167552 23789700
1962476180 1746827733
977276615 613393206
1352769002 451982299
569734620 320420639
1755209570 1229588132
407253098 1071456157
1091929436 1661062451
1489110079 69360535
945887170 487651137
231054400 1760812218
1705712990 794880413
807710667 92725156
1414081157 723862457
930924549 463831972
1260745154 727450722
1374914189 468001708
1446189224 571149650
628763139 1301124774
850978166 317497275
1892706407 506433661
401483359 1753367797
1975073304 750555107
111514211 966363024
1383440886 19540966
359726582 1840788463
1404590239 1214109252
967513875 1648537230
291693544 915607296
635068057 238429677
797274747 1210543867
1663143482 604288375
1748434834 257481844
1261498199 324880624
605591517 730229607
91230714 606523885
1108016645 199193127
515139191 1609565989
1591390329 1361006557
1173686229 1679297557
113563911 120904016
412196746 67169772
36848179 1302139543
644494341 543919731
1595388006 390800476
1223610258 1958146263
457988413 1823384127
333676419 311318511
1790979372 746151676
255125133 834555027
1690386904 1976214704
1761238098 797126932
689835660 524226707
1326079620 440268293
810752994 393428394
10370321 1203253566
985348186 1538228521
467049954 951149411
215181323 616314333
733064035 1730266190
262939041 1251442241
1984487589 987437364
1693140636 863925394
209537166 1919366205
1568516652 1241958491
1842711895 110375294
1252323023 758939847
1649508363 159472937
50656825 231529465
715758229 1970409934
281389425 1210097092
723961413 42975047
115084569 1649617984
595986109 340246026
76492515 651277656
74764040 1996942783
1455026582 1148122711
1209138501 1747144772
334109406 553406643
415542687 725794144
1601083136 425947204
1747370127 1166862271
983505664 1034252149
8731553 56302719
940106680 1423206471
212142246 761391520
519176553 104136617
1008431514 345333855
1203630589 1510941703
1373115652 231780579
1928664653 1422830522
810684610 901810159
901781738 1977601074
1642462353 902559891
862113714 1675903731
1714233662 997327753
549988492 1729095658
240250840 7453217
1672697058 495898276
790587817 1665133161
1807405331 1607924994
1978609804 1796933786
418323113 400345506
1788542237 761400260
1654292313 1736370753
194191032 1172343951
1035629384 1543303818
1707745098 977380564
1258941846 1815401175
1816104650 1955919246
1277712538 1825351916
1031489978 1315599841
1294256985 1488625467
628249126 3810902
1029032990 1806439240
1744569473 39291968
1422148240 1320684432
323835935 721102055
1395462243 1114001456
1562903841 397941379
1976647932 916428049
620732941 1687869184
1102748069 266386890
632341469 201219023
1758351768 1091854357
525527388 1155443659
1002543683 1606122826
1209375918 1650007624
406458161 1738945747
441370712 42762308
779194422 20379834
1161425218 1715763096
1431468425 1327747039
1342635739 1764405089
416842527 1677221177
1718876850 988404051
1673314517 1451929627
1049959201 437968625
1415494327 1885935860
261194407 512092982
124472234 95509392
199322606 1760456131
820009486 1817474774
203095497 525045394
1204127001 855304239
1628749357 1642758503
383598335 596756381
1361640473 345870926
181514970 786931034
550941034 1001252028
1805738876 1144245741
1645877720 1938321118
1474103383 1057345228
45509515 897479182
1521560651 687558232
1578765416 1459079941
1354029511 1635495211
309725101 538345432
1649410611 1498432419
862145765 1842597324
691106806 771165990
111049657 518551281
1228727950 642881020
1314672209 690243517
884741917 1539915009
1480699121 1286079477
1215987311 313879948
839318436 1491721150
655625939 1452833296
434426819 187517697
1019003378 1748668599
477834364 1196788925
1763474047 1621891531
1133743937 5823407
1207556600 1952542746
1426456615 262711806
1848305416 1413385731
387997708 653863985
404393202 1137553522
1913347770 366639676
1065550864 1800131952
1533831910 1606668811
1795367210 55579934
1896899268 1414679623
1745816688 1979656170
603232408 346821012
457925987 380653090
384453661 488455709
1768581188 1682841983
1367126116 634833376
604151160 1531194524
916464851 1367910068
57872898 676262531
842557982 920429606
132874071 1655627828
43880691 1037200110
441013090 508440268
1318812566 1439260331
826950500 1119206881
1601740208 1341451782
1580775779 1440058695
353752669 1712274448
504019108 1719806413
1141615684 1860587270
44427418 236127579
1906534410 1114080655
513319089 251500368
1170942473 216406890
1283991800 974601476
629118476 446684100
237760441 1337694906
359057526 250209129
874118000 1916493452
976605359 879850908
29685499 58025465
646313394 1016654755
464178042 590279326
1211315164 233784339
423024499 554438073
1253097275 597766014
1729836007 1722104650
1389432427 1959953868
958618527 1677882072
505264404 1460345226
937849886 1759741807
1060367342 572724337
1009593798 3149912
202904365 602972275
1751210406 734365145
1166770438 1516241286
1593522419 1607953015
1957055808 1098256291
891967300 584174132
1159072286 1407347732
100968204 892898031
1081747693 567889764
911800674 1640867671
1662802346 1524823087
2722699 1401796760
1013458057 813838963
719525215 1137542161
126045292 170311498
1874769369 63405876
1365838613 486042699
1326628106 1342685297
459797772 1380559708
1685927622 496859819
379756010 1398941848
1009246687 1134019400
1353407319 1300756773
1639925304 1085934613
815911243 1341650505
659320050 1257559436
1240504206 115019235
1264044604 372381629
1478470429 358900709
184030003 397778847
261257799 1155451632
620050396 1315287667
955541043 1670328438
576315701 960870943
951279014 1218226303
667137472 1953359822
216435811 1497038117
433532322 58386689
374309647 1719638591
1966024858 135687281
1282880505 702001774
164963881 1273959254
1229767539 606548565
1970580280 185988815
449506648 967021857
599670900 118100418
301891137 1155124370
464900192 444115323
1441740138 1070815691
660658069 1403666971
899583403 213407954
732936844 780882759
1662246093 271487929
1167592302 858769122
1254482017 1314700195
1085606500 1327021227
1233088430 94565456
1605940094 872243184
243727369 527471894
1236536518 422427861
147219466 387635930
889576130 1037958940
806887875 1755887568
1314052772 81218917
1291636734 884194307
535359812 524497491
1306594134 426914084
1196531591 1354346271
116207494 1885662030
122915290 1530815844
1537204242 1876764648
478139957 374205294
914207680 19493725
1886657510 1603667164
414775813 1762902012
1934800136 1557830762
1000236401 1652878873
1203611700 946866105
1678796989 263515814
1174127152 760434008
119102035 1841131474
309320664 1853294649
1515277039 428919111
211326392 1626125284
1589676420 1408941194
1359412672 603147998
1414834538 630848207
484812482 829498266
1542649327 1908943890
492201602 1811141295
105299988 1319213891
383271990 1903589828
1878820477 445219821
1218606549 1800627362
1866071508 1587616562
1124961867 1217994063
1297175222 822031502
1084978571 1795459399
781973425 1146039431
118939948 1972294608
1049719799 1575875374
1031970399 1492688015
1562597462 1358198498
1573486485 1731240116
1969315056 1134367313
1417725294 1583960112
982168162 999314398
1178415670 1362777905
1419861589 753764626
281778449 581151891
835155874 905069867
1936966728 866207276
345777064 1503773340
1699156027 814383574
24347618 1344431946
657717380 946282519
1445076034 809859319
342172405 1322750142
1125488155 1495199854
446357896 583738363
1394408535 482093009
53622407 1872800029
1454320350 1156841556
421214454 1222850963
163714594 1418761592
465341788 50076714
1346188165 940752920
179413811 1830266860
882681473 1739956450
1999307377 846783952
628331957 1897523055
523125188 830475395
324551978 1034211692
1145547897 1931426089
193965908 1084376009
862954005 394684162
1049123918 286235308
1435226733 671590505
1738611754 430414482
1690718318 745882203
1287593949 379298135
421062260 1795527316
972346493 856005659
526116660 1795847166
989639735 1256660567
1728075216 1774804788
113039834 1152322210
298972651 1024583962
903704712 1881795273
1371350062 488762321
241022265 1156052740
926665080 1063668212
586448094 524174835
1340131704 542773769
251665990 1196283199
433481748 1699357603
860110582 1686885872
701185399 456884454
1323466731 756164725
1407558943 1851360467
1817572147 743550788
1523853219 1847508984
1150789393 402466892
1092153408 1854253029
366126544 203514307
1802587731 1297940806
1241753522 1226995981
1012438482 826508691
537204696 433854691
1474949279 33943475
1850506735 1143989963
1365404776 769833624
108217829 303872724
627999880 722463769
1507788944 1216988527
729118377 540289988
1210789543 770272978
1768454212 1064572904
1369976174 1678769033
412492547 146367164
278432397 1126687143
1339334720 629931165
859372659 549286001
1786080270 1119312497
336750983 421950471
1541657609 360535299
905077508 1406534493
1620065327 1269561000
1869961741 1720610869
1985928887 241448847
1348512010 1990199567
710376077 595587433
1891660738 1539880404
1292286025 156214193
1519725456 860285334
1400996061 458381945
804290033 1518312575
344372123 1531417160
1032602447 1352979714
580051282 572558016
1811630001 664469329
45533771 475396606
380039415 614128236
282590315 1702730090
270849853 1540866955
480675626 134537681
462346192 440557240
986705251 530250990
190040245 1673262315
23041095 1035383045
1346923815 128754622
1724455463 1174513591
47239110 1452262582
573584440 917035786
1111811023 1488720324
1656748601 555602486
1265545152 337777946
1086657113 1603533300
343934911 31401498
1166275675 1872473620
1497982353 1384924197
167065226 374646394
693544052 1886492035
903090271 1608868153
1785228618 1069011446
1553316832 914888518
1409283075 586261502
1055755339 358056785
866370924 1570961632
1347341506 1276464420
681508099 1319810671
605016398 168879932
391497393 1536160930
1183931247 639311824
396508221 734328699
1293694867 46735270
672024113 1247556428
1274712058 208483057
1380991364 879331262
1823438090 300611487
699192009 770439943
378702639 810030570
1120264708 800990240
1037868729 1991642343
1818332828 1771623358
1780102829 709313757
1427601478 1544340381
526195843 1035062636
1911088643 1130118303
1493610880 183357165
32978493 1147519406
1341216445 218356937
401188966 1308962616
158515346 238591571
1929104315 1846187906
1404245308 293113298
1868289743 1066612077
1748145615 649599775
1365845465 795410782
445042837 1804902035
202444333 61241645
1419357381 1920291269
1258902014 1918644777
1475689030 667115959
1609328195 1154993828
50901646 1027972570
1814925414 367484071
1858882461 28221593
596108030 1553850652
431047749 1588218724
1702410052 1728384512
559927662 1152162913
1381253789 1344992990
1078170534 206650125
237678582 1911048256
654584164 888146607
478904900 1582612967
1079529174 1446633543
628244560 1942694203
804362857 848009575
1491288583 1019616237
1794811922 139932661
555345491 1679668022
678892029 741507507
1137900820 1287033882
540566621 1612606387
1017391041 1334379852
69978701 1766489654
1568614779 261492852
1095485004 140089028
849709806 1345854096
1137556682 1054407819
879253542 861310711
187540957 1293357625
1805416643 967265084
1532651620 488459665
365993452 1695374552
1755460959 1987955551
738836318 75840599
1769088337 172468883
428340692 1365473979
1297399251 1922481550
1453427180 756180394
1751536627 504288027
1582200251 1668410622
464752905 1323407440
1311549478 1864042961
363366842 1024033162
1012688855 492904476
737361886 1883807600
1462788198 1788511419
1630904881 1626445844
1111476791 1117041267
601602224 261597393
64437956 734869433
973439048 1995619759
3679606 1303735158
1223365634 1041763773
282945596 666952652
638053776 521121802
300161331 511794305
140679363 1779634669
770226157 1120649103
305345452 831014945
613376307 361421095
689027998 366431228
1159875633 817942500
511915136 830352611
1299181025 1704713115
1132566029 1295981043
717060286 224329672
1213219207 1862957060
73158050 804920574
1107345299 819329341
1789600818 1858428101
1991759985 1798349796
1720707096 1857266217
1732347612 184111735
1223633446 643709906
484169761 1760402819
10702963 1200370578
1440162154 349037407
93380522 1294885126
638756961 1820337084
1889261786 354561918
1905999829 1883028300
1179269277 1335797176
1281968666 1844524241
786886301 612091742
1907682613 1625418793
603745063 1605050436
1728639700 1549497297
671052792 1812739125
1006662664 838780880
1827452367 367684190
359563328 1897560769
278080361 680245614
1168770969 758888317
806196337 801254472
1254120564 1980995255
399462208 150733461
61317431 1614636100
1517440320 914802465
808106500 1146521855
1215876162 349791295
1349748502 1989964607
1390600167 1459060769
1804886057 294142057
1184984849 508677474
1218368196 105003307
160750482 1532561542
1784240105 870783966
105507089 942310445
910323649 1080332338
199446143 224421921
1355373700 79733389
846318092 1370795051
721393456 564202166
488691139 179623658
203732965 1088946990
1742157368 613335695
890302718 1587146149
229438643 240667942
639327103 1075173148
138616645 1935173650
1255054527 1973402704
1317843566 27049566
1905814660 859316314
949135713 23779219
134869950 1056679412
1865280387 1506189143
1094122255 541336833
774330134 1735704904
279631883 1429706266
239968405 1076456063
1322689806 1881011591
1597667467 469166205
1776256304 240256435
427338647 391266498
649589313 1113509388
396450463 701284154
1395876165 1680797594
1443594079 1365028446
490355335 1793466512
330661771 1735950348
91049776 1343052393
313629905 1811855411
509785669 1996786251
80181820 262005729
13686427 1068060149
990369322 1938492333
1993107695 597002684
1113128075 1572618724
1550880489 1543597553
538766102 371064874
1352920574 1090755255
1696755743 501957835
973718489 836545587
835434938 1101306169
1034525531 586026142
423947368 649106940
485941588 1332963572
173401535 562285931
467605997 116036335
293685830 1228033123
661596805 1747826402
1867603869 1832690540
264462051 40758174
1180055718 623811730
960498477 205529248
1503788478 128718134
17182440 1690357553
11926172 319000017
1286513564 444271085
1773045879 785545905
1308635155 1064973387
1371213724 752372960
1986862504 1023862818
1193541527 1991621296
1114206466 1417305792
625589394 150456775
1045025285 809894552
146367354 606921742
1246538325 78541907
1386462550 1480189493
1950603728 1878944386
810595719 1803243693
1521256801 254178408
937019737 574541817
1294879300 125832160
766234147 598512636
337938755 1939271513
1862750275 1526752777
797465822 1777128272
442429028 495396045
884236589 118847045
1596916865 831607490
1831192575 1927163016
670213941 1374572722
1990689214 589805177
97084872 664223252
649860963 1619630307
402617553 646967553
940101147 1441742714
1398778710 1964445159
1765187496 1097391899
264044976 488604437
1931850454 798445543
42972870 1001251713
982437424 1244728547
659179175 393713458
1562572151 1115467729
706247818 1982265219
664907291 1742907815
169067874 1152343580
1294432716 1018406503
1897876763 602583913
818549828 1314808826
110767815 1127622470
979111777 1393676066
1676668788 173931492
778540378 1849170295
1272875826 1450453850
1942991727 825777234
564991907 1978554152
449738503 1280895211
117122274 636734916
941487026 482874711
1396059286 10589219
1180281917 1382394836
279402386 435201143
1115983095 1543465603
477461588 1780968616
1314346181 1271936508
1455048576 103389824
367295417 666643802
934631169 804050773
1369466682 1280416471
598508032 1479257418
211475144 1029595412
1044994712 430463219
1679609770 720441198
1558000977 1670866236
376423513 1474420849
626405674 404222288
1418596351 839309395
1633337801 1020534604
660345564 1415892217
1488942765 1826498743
1562574867 1040681579
584315498 1638648212
251381079 772941219
340712457 1716021246
699471117 1084630514
1993932221 753996001
313631346 1935156085
1483982460 468941704
1159120950 830948953
177962561 381903783
1597396341 1955640990
380306676 1682951603
1273263270 1298896974
1041869552 618813919
906408283 1221768629
767371201 912632867
368860523 1951743770
50989852 1459961830
1697623080 873842716
819301841 591433981
1994436990 594806539
983269054 1004325783
204251265 1896087697
335997181 620851083
540346637 1727025262
719233097 1434695732
1024031760 1842312991
70825728 567687809
1666760635 765679120
1308651663 1931383220
229277414 1127188471
1533797636 1413001329
768576234 1100551317
1743082083 314558246
961223326 1697727783
848895828 541187790
1202176675 678881505
1615286208 1903341757
1864211325 155196239
1331036517 1605922323
1275680299 430738782
398176652 793523853
888416790 1429339853
1760805630 1835080471
1150653777 95228399
220121064 1797043887
314472280 961703754
1554500210 1740183734
1660920284 1545203256
1442172816 1647196336
257328027 1107407476
1036931152 192745483
824862133 1982384722
1304411186 66992631
1025501492 1289513162
1302659886 7428398
1852555506 469949600
1070390064 1415999632
243851654 85031783
1847243955 1511270541
1091881327 1455535005
1997713019 1448201696
1169124252 648998933
726876341 1186466477
138743328 1790490963
986303982 1285907090
191392152 1208814849
644282020 86501417
1290861501 1060778722
1934464247 862117718
694120482 684192467
1608624004 1240138642
825011993 458029267
94446704 141602957
1476382297 1871689473
1824902640 1952197397
85387838 210613417
610311952 1505877633
1096235263 630368458
21882282 1678889988
1080785800 1178051010
1874046033 1227599252
638384027 987787836
264595001 1635818392
959253285 1444667621
1136714055 1576905881
909213426 1419027717
1241534276 383263660
458481290 1854313463
1605531857 1453459123
1139987337 1228390157
1146459569 1939175375
1710588032 712126123
1012791454 641967863
1706615050 453487691
993558068 1371115808
1064616830 690285958
1945759464 1132598606
1908035372 1647867136
1709550650 448932804
420042480 858087550
752836498 1300482863
130300896 863865928
1525427849 1983849476
245374262 1724363214
351968034 101885497
1667566768 476842481
1219826133 79453730
903938551 314457548
181393094 1314661909
489697220 1140421834
1424195617 1161881059
1072839676 445486219
1703886140 569078412
678060036 456418106
130406072 1695156781
49857088 799675925
649954786 1636085854
1008321902 864229559
1204383880 479988608
1688044059 1742632248
915839955 639623576
888574568 898385303
1406678453 314430854
599313720 1438978921
1601037418 1396985360
1214292813 1103823215
216305447 1268428529
823456771 1641204244
1373835046 1082708069
1575857409 1821683164
103580601 1134637878
576222087 1107202927
770664766 1437264196
1191777028 291954543
1232261774 568424919
1721835622 1616436761
275680174 964168271
464509459 558683151
1044170858 1303833858
921888164 173058571
1522265742 106702865
766031302 1894122014
1362475747 1686258935
361815625 361649832
665273248 955408754
1945290253 1422055344
937061550 1896813412
914647824 677378759
744532782 656953687
234112890 1318097210
1013230967 220995859
1034655976 326092146
968808050 754671914
1787646645 467386970
1178295054 776983771
742155742 1082974282
1550702660 1337856773
1058028440 1321726178
156785122 1452684049
1268521344 1900155912
904080429 1126182955
913809992 785657987
34815032 1112385298
498850070 1119857417
1043430200 1558363832
507714434 1276847140
1191446375 760254596
522437662 240733428
49158390 848978219
313138855 483448872
1021076569 1460737660
682072185 1674282472
494314738 1608547641
427245328 823704638
1555246188 621133529
1028572220 235647135
1296688859 110794112
317680927 1586133612
734146344 107187946
1534120307 783785286
115266093 1292543412
1946588364 1219575376
649491665 191545014
920358350 955018122
1401046308 1025995192
545648309 62639992
1177707705 42659647
1243925329 307178461
1596564625 482977289
653524627 1460701358
926574992 1194064319
1479344057 599790503
461603205 1401252938
331993682 925700719
484838431 1911462958
331017016 1155604956
288902833 868992983
1637523433 1279363208
12992268 1481709604
1272784428 1029987420
1587111059 779631401
148120843 90107439
885287320 1731641917
553655897 1607168808
1133897005 345333947
265083222 1114517541
1043325664 1634910989
1917361821 548992025
529229953 1064134505
1931172033 366272378
1709348390 905051893
574517172 881420320
1459579085 778483196
1750897600 1480097504
173998896 179420553
1071482909 1152059657
974000581 959636038
1104534866 1530427874
730500068 1742908896
1287289435 1790754321
1064502329 1366233461
1531479872 603759189
1072152642 1670499499
1275256307 756820604
729773544 68515906
1652295142 916270737
1183484105 549788235
273447127 93232543
336119043 333498584
1132186575 1961110471
1002347827 1679207796
1447212420 1488725848
1638946176 57840043
914315070 1141825661
1613855596 1026898758
74254215 112191080
468853297 1604564825
724290931 1202572951
1123011668 1154013715
1526874299 1169240180
1967587534 1183684532
542196035 1629526200
1443261545 1150849254
453132591 1704546704
1798424488 647556007
1419727789 1997483943
179219379 617369105
1684527100 726657873
398795606 1537591730
1030943066 419144278
997143177 97321418
1485843967 1034146278
1562628458 864787586
981371272 1355000129
809525168 778815149
718722204 1077298243
1791601105 1582943223
1463481745 1254052669
1941743049 1703233657
1739314189 867059234
800537255 595687706
911900773 1719938800
43805459 21853315
1194885242 692340379
348626468 1971850853
1351015087 1419886188
810001043 1124208562
755763544 96653577
1213638668 1273654113
1045624544 620079225
366943947 29055592
135514193 969083516
1003465664 152570574
1157533505 1820727754
1041834571 1195076325
1053585975 370653769
226317205 1949757041
1447514777 794641209
1898361988 1680423643
1391512632 3650112
402222402 232858837
150683792 313152382
1868550443 324709456
446526229 1144993062
1636575613 1580028991
1926556630 1780707903
1724459224 404298767
1978544498 1759132262
1284632100 21376591
1755637694 1785569314
816114763 537553711
874182241 762774867
917485228 209329936
1459343661 1380575591
1253510442 181745521
149269638 1135495666
402154163 29271851
313138008 68643336
1727771363 1056457927
692147009 769762729
652676736 1404386685
345229123 1842942179
552089105 1701518498
1875635344 1972653100
1808614738 1529301287
571654192 580355721
1857583015 1564870799
1337085776 834047869
1271659534 265897094
1171069919 997077991
196021508 1660431030
1040600287 14494577
260901651 1500975076
1118568868 1204303053
534170889 92670358
86358381 889833456
252562394 381734140
934840421 1118950556
1518188524 944919380
258191449 425586371
1534820331 1395492244
166047222 1015575383
236935629 1633991897
674384500 443595809
615033244 1081483823
1838248853 1076152955
1139348604 219780262
421250744 672879688
951616031 1722286545
1035273385 1964816158
840207279 1344215255
33882029 164092116
1998406442 1161918288
1602255850 1529963606
1232072298 1474828144
438373997 1752017553
82569230 1214394739
389778310 94875916
980521533 1708601610
105720192 322371688
1522418234 1474990969
1847788245 1363497929
571442346 180135111
1419165342 912839727
187995316 1665087484
906740883 1686633472
1622155184 249942033
1993690275 632702024
1499474421 1822534334
653412317 79537750
1427751243 1805189889
795400278 1591089808
1060905120 155603603
497935375 1360208915
1264778677 1295762247
1428713345 915278454
824942001 1067745925
1700795527 1529400134
1665852149 1493440855
1376547776 489746066
198459134 208037918
189110388 109200048
974959852 1419269262
1601801209 988713547
1846560583 1454224816
1775778657 1535501008
1841448169 482589340
1334984501 1902582413
1609872361 442356060
1950768118 1792914670
1460980971 1954190416
78675779 1044541097
1246768611 103352419
1988987188 1396716108
113795031 840810841
929175033 387154256
1798549499 360763975
1507554530 833971911
1292184780 527302873
1148902719 479357867
783871986 603383567
1190933541 1282607624
1542669735 478408726
1431615097 787141267
827439954 1911381760
1729691738 670372461
1487913393 1313602580
553908525 1499038801
1286504308 1139681018
1516251727 1301054207
1525990226 1749036577
1755910641 1455299729
688401573 1750366903
416287189 1556347145
1412107452 208092867
510259974 66352913
677169216 510623139
1210117079 590454458
603478185 1629591231
666232464 1947019293
29761278 181718027
356087605 1530275220
1277422246 1921710597
448122087 1661836098
1319563875 733812567
1598848427 1489050572
1517904702 1332971073
499830504 347156800
1988109239 492982370
979248752 1904164016
344424830 1796969513
785648604 315097548
879619320 555573367
263854227 1743229407
67983491 1231249112
1583197661 1765232704
1426760250 115488925
910906653 1648481151
1021418104 432497001
1003923639 1221554801
288069467 1144172540
344995740 1932170433
1986842994 142856558
638362019 541038467
1681235656 577222295
730255516 473106274
756317130 1850563691
965459058 1719928362
257357790 574652188
1527388322 541241063
416748137 692273484
1281204858 894384489
795236786 1643004131
1240915376 1095774795
201217270 370535749
522890164 638127445
1889934354 1670411483
710840877 1006689377
516004450 1289009769
1995514062 1042628636
1378639605 723949549
1077373851 1978502013
1211911623 644624544
1523890941 789456428
720723435 389075033
1702877238 1717192522
1786492072 602386321
1519464244 693310843
95248997 1874311909
1948530217 666992131
220032067 238437493
1630277406 1990240076
895100400 455997103
923576536 1701891298
439542616 939540706
1682158055 713712395
1477784325 184796264
1533107556 423489969
746374196 48687573
691226097 665770715
1829129112 990631840
396050209 1532864209
539899832 975250361
927993573 1987351362
1245093390 65226998
1682369410 748869347
827269931 1253121639
197193294 1254041231
1804819898 1248626011
1273478235 725475128
709364097 850165601
491265501 447671405
775268720 1895635473
333124797 1986648680
1221242111 1969067382
318170158 689326598
638542133 536941060
536821898 1012462787
15495051 1765164764
1840848657 112017114
1897673662 1081895977
291481041 1285319506
927747055 1169548530
1195263544 1707107459
978399625 1824913554
1901724395 234263083
539258141 1600249029
786920086 1147064524
156077249 187744739
115460382 602653971
1800516123 1685509538
464281493 719537614
689721972 1547662607
1963563990 1634335276
299811604 145150852
1147186149 1486966546
378154726 490141359
1677412128 1596397305
1159303425 243408644
603824716 1454369166
1487164264 623158376
1349440873 391464299
1675830845 675662367
55092018 77430930
791499752 939135835
1315917048 90485175
1707013236 1664114954
458244704 1740530912
654398813 26978204
827805308 769381556
436768703 652030706
501525369 844946741
677992735 489065932
988613789 771248938
210721927 304059640
1529915199 1410247929
1707112578 1455382726
422453671 1672506771
1162460278 823865592
1984808921 1827978649
895274492 687927841
1933615327 747829433
1091445734 285432435
628071033 1661182769
1526679204 339168318
158992715 35971573
1917519216 625783072
322625241 1631651522
419345733 1913341788
54651531 447412125
1773717116 811578517
62088034 1338147618
1684637609 590335437
1983901117 451504038
1546716139 1380723475
343777111 58709270
1783505018 1870347841
1973280350 1142885235
964188671 1380752393
572395388 70177329
1514713110 1428464329
1480966769 1522713028
1249658659 1307889278
988340844 516028538
1777608821 344711107
500592616 646961908
1402619804 670291544
439370857 913630215
491126475 1898219407
1382135956 1031232488
345163526 1725121701
1874897729 78894218
477508052 354795831
1901722193 1217231610
34362037 1805991216
1671551278 984824367
1484837489 741417280
219576839 270635367
1411659667 1393132336
26994054 1368289627
893843855 1211629181
1945289526 1653984235
1088029580 1512177379
1486133028 186091003
349182152 1477355687
483841328 1257579817
1147762133 1563175028
1564307421 551986898
1291994169 785882098
1241312911 209539203
136589532 60906552
434166488 511890530
773328898 1887636257
245531805 1057389619
236452437 1907888827
486833502 1932932741
207150106 632394392
677187742 1691983322
1366922265 1562261203
73772134 1478156870
1381470560 724150560
1378540885 246757016
1014471851 421116044
146869366 1640247330
628471359 398176476
1170831117 836884685
1119292976 929917169
85973418 875702939
147280479 852541738
976262469 1065975555
620293026 334965447
1832497652 1032756361
1280553454 1134028107
1662300018 891678186
470427212 635196704
1331204663 532185773
381659439 1525671151
883357612 369392531
640091156 1587504121
1575224111 1847850215
1492821342 1712234257
694972510 714934414
1626535627 1571766070
1473758214 1885941854
1579318673 1836515444
1496591614 1457335780
919767021 1123344159
1852556841 889892281
1338917869 1773082335
95020963 764406888
1978430766 981436090
1095785679 162678312
1003922528 455185438
1913660634 1265100974
1178858843 1597169133
869521027 1369882834
1549715120 1722071155
1794316135 579179291
90454629 206030518
1652148533 1327130721
272894647 730356843
844149263 868769277
1119926386 73008882
1427475785 1809291831
1947839977 1257626724
486493351 1571639371
977531440 1215236056
687364355 414981328
770722319 1301208285
701537118 146065568
271393300 490098925
914771725 1974928101
890472528 1047045870
1279387011 452203098
1326758775 704118617
18432425 1097770266
1879711943 630282373
432181094 361699835
1821463852 297029015
584856981 1232411825
19571358 104582429
869907914 1287356803
1325515635 1494181117
1451793852 1603070886
302503036 767684648
111513348 1231358254
817998879 1846037086
702937800 814831840
736822164 265753695
23969643 1088823657
89948054 188168820
1369651077 1044999215
1261553845 62033171
143704346 1849693277
1253254293 1674227489
43296434 286227260
1522662287 1835637341
1748941181 1662637586
1271621010 1930511640
799317887 642359432
1530019979 624023617
1638693854 1902762356
385052184 1873678862
760246601 543727598
1757937659 1784454221
1229063297 1176199477
1168707717 238368798
1244116102 1304014386
369136347 1511125158
339894032 1539450307
486998240 1362990536
1504092267 1866582976
523158104 1032109162
1991464026 1103638521
728528813 1244746448
11544546 1269871890
75742749 541881155
1891535481 1595822314
1873507041 540772228
851288574 1816158361
659272649 1768323576
1282034874 1980956426
769031293 759640737
792091931 1263996756
1023068235 327946240
383904324 66836801
11574716 720845221
996461885 1923821089
276711509 969946914
723493911 1963688117
706683776 1577994873
240484549 846164574
1455095474 321106238
491183095 408208291
747890839 128523842
922898367 195961785
1155648123 1837076467
297626972 930154044
624950906 1232617838
897579355 1598606552
1749471315 1860006273
1687608853 1093437142
267239624 1178369528
342036463 1373278248
363004394 554947351
930101760 1476662393
1745957291 320148894
1923012404 639597895
1165712420 79060249
977240894 1951331719
681700395 998226288
1976825282 1809225691
444928725 119848385
915723077 1396806963
1202824725 218575388
1110489979 632288955
967805342 503084400
817240504 792649753
1299933938 254360513
1257370569 1307528788
630975833 150168615
1393873731 1505922632
1891646154 1538065710
535808368 698357914
328705383 808143979
1508334019 411934663
1499275165 355182499
662738687 1629642107
1088748967 1715500712
1511373478 1774390433
1649269574 1453413173
1465921924 1018726087
1053625883 961072393
1980407870 1366562585
1490536063 963917019
1551174380 328113843
44035265 1985762667
1716982185 608909886
1024883588 1160845746
1524036596 181526721
78633287 320297643
1166119550 445970417
169054252 226825783
266206776 1420172914
1484457044 964672012
1123556341 1662246926
729728561 1834076111
1335163105 1293650618
796903423 1869962898
146196203 799962280
1905324310 1678428667
370457667 642871115
425226143 644432555
1872264310 1886248532
1520019999 768908699
819778581 1013898081
1245843030 1843232847
229792686 1944766540
1367104160 1058517619
1456979325 992491574
1581647947 918229798
30027805 1463609859
