3611
455561022 682379565
660087122 978931560
589371983 1135314543
248834063 1836804922
1601984592 480528479
916191876 715056067
1878061181 1301218985
1403999898 1459699757
1285596001 887639518
517159865 429797716
1622575425 855171374
941114013 751625693
104649215 1945706771
1731954998 1825707078
1147409344 389757495
789421327 51350999
1109665355 1951606395
775964900 777436317
1976110923 821806376
1199356039 1932900634
541667580 1426712213
849694662 313435914
1013121183 1476833694
1469893113 1539044003
1463038585 702427151
836152883 1606067780
1649413123 1577255602
1928651698 277889213
252832787 1015898791
741225851 984520316
1448982785 1156801096
1545247831 1549290733
1321818512 1517876189
1609381925 214617155
109674565 1001978496
411524627 1767406289
74624406 1232468904
1704818026 115599788
1911334530 1151741314
899824066 1027892715
1632601971 495925037
707729729 1663871741
918689905 570850393
700297538 608047141
1278708586 1606213119
1816795973 984124884
1327925295 883112522
1233690708 1135703454
1577974039 273949438
1398076237 1982109199
1885311308 240393241
1119600475 476604754
61860007 834941291
690096218 627058641
1000149509 328070632
1237794526 220989254
1504677679 1317712680
874146078 987427341
1930139397 8898632
1157082054 782091058
540759233 1697948284
1581288204 532984283
914209981 909729396
993540792 1976488082
60218952 93103304
1044034689 566413691
369682722 561694143
1724083596 1815715347
607887736 757442591
529332075 1331563805
1876519541 782078628
850248215 1842879887
630582093 387705489
1065650471 747235823
758009395 1674578472
1323269459 1467397765
331432833 744388287
1572671143 1485226898
343124982 180756261
1316264024 134878856
1724143859 1141521382
1891337364 341080628
763627301 264683190
12182784 34658437
1580607547 1317977261
1347312813 797304987
961042687 10389025
705111687 142293263
1103918041 97066559
1298548119 992238245
1994332698 1689549618
11110413 1940989299
1583610690 329735362
1536784760 1336914874
1211526477 1202499763
1612364601 754038461
1985251858 40780614
1286647063 776232866
1721756167 298065055
1992488534 934356228
965909350 1250507069
701760034 70847344
1469257242 1313736166
1570850107 1629710909
1246101289 1503406268
1116309229 878569227
1639088927 1892922862
1029169744 705013101
247491200 571761628
357040910 393889981
1963795047 1524620770
1710352100 1699258551
570610333 731457210
1126624108 1369305352
12130965 41990881
816392073 788040550
786216895 1777016589
615447647 1745354403
548246296 165962813
827287213 1762073539
1295497057 1672908744
1516236134 351617351
184756167 1598722468
1383518725 723899330
1572316640 496974396
1908687059 1251500428
1737360260 939302846
1708081039 1106402305
332037387 429600445
501718353 1090574604
1337722199 1392803146
1883246808 1393639870
477089786 382532515
471982673 521216461
1731892043 1518063928
127676120 1950347031
209586832 1798751237
1001346861 1289221934
1956920373 205030952
379551861 1535806616
566882921 287862322
1722984735 1973481164
1914095628 1828711278
849843532 1454706663
1751125162 818797037
1446273258 267780949
589737730 1422167097
662323691 1757379767
1885314806 623285484
1659676711 579677566
1936336758 541206737
1623316804 1200344067
126660802 694809088
1888306790 783489663
1170272098 164182584
1249308870 1362867241
1302023463 180131366
523785051 1903190761
1460977992 354034853
379744589 732593719
869023873 1500525499
235401040 76978889
1103952529 350089407
1531928788 367426055
1018552558 1712094084
1419432576 1384321425
137266396 445645321
1663717283 374803984
1779466731 1088355204
161881484 60643102
1635236079 964229488
695950423 1401998587
712431670 1380978643
1055660345 1227875605
1088279337 959371422
453071903 1382948183
1283167456 668772238
904749309 338551528
1484619842 720946594
136499982 238893007
1677190951 53649744
246107702 32172477
511121657 634075853
739826672 844538088
1242539334 341185687
727088054 990005228
771961713 1782575199
320934353 600772878
1278190307 1685615999
1508926923 1271529790
681138312 169108292
346346403 778237032
130282320 97212264
197791657 1084631124
806998433 653220190
1409567662 1127614370
366044089 1749385396
1891300651 498240618
625952296 833403509
1282542829 778195993
17358260 348024098
1556377771 1737451582
1459007959 467433863
53591558 1431953654
455673478 1561047607
995290250 463001608
1524459821 1159653800
637157330 1736868260
1924147948 1715106645
1329352364 491616166
699508005 672295559
792889046 32547006
467730855 1354956143
1791026534 420939813
1408544905 1538431989
722266816 1216405697
1485966732 1346178366
611133686 1304315790
1391122660 683381537
118172111 175573041
1947677756 1493753268
143032501 1721785542
145174326 248205161
901878661 446446567
1682430170 303275553
1269705750 746746986
1776159820 444543369
645292538 1071661540
83751842 292289628
477478558 777308487
1770075689 431295995
1782126127 911726579
1485887796 1337344209
867879117 1644215858
1391620991 639488535
1017339503 1263229779
1303795400 944479001
24559948 1606489402
1426125677 1499542394
63460880 998690639
1548264388 1578847106
1595296659 255300051
1571331051 1306200796
1288035850 797860619
1824231361 368400742
1249331081 846909706
1216564533 527439596
41503675 842959745
1406390988 468011859
436295179 1892342905
1779604136 820441004
79796444 544446087
277127715 1578305672
1796604326 947902127
562024335 1126535839
583925438 609739961
666153967 1107438762
120955551 1497295953
981130522 1469043660
798465961 4737200
1249261974 668520413
205627152 1650717527
996014686 1534431620
1611643199 782553984
465087629 620767287
208969111 1094462929
59984144 1144966570
1977735341 1536327588
277465682 38397903
697136601 1610868249
1865850082 1270384751
1082956576 1474928802
1388691335 63776353
1443325636 127745286
1088403096 843166583
154557145 497851442
26211285 1623391556
470171501 1605828523
1337154273 983651580
1674168463 1413528378
922920711 916685860
1498736092 1586675785
1346887346 747766998
405761921 1976403913
1648562230 766415963
137960402 1377460596
661896214 311032760
1843164513 1866716598
467135677 1270064607
130664013 1685837569
1784809026 1181896256
348605731 1392505643
1611340616 1610471845
374932203 912162144
743449123 1399792920
817873729 367271760
941354545 1975816932
1788024257 811966643
258380762 1481421033
74401639 623164563
1796960459 1181076395
8952586 1156363284
1411384832 46774142
1525248368 1429618586
1620163487 743150762
1614155616 1547544543
716755836 544755911
151554790 252120672
1766254643 912457538
1310260373 1912894323
1933890920 678601274
1501748998 1631191369
1757500454 1740398941
1384409837 1273295568
1066279173 942519439
4253865 1827193934
1092002625 776953699
981608003 676525623
291316918 94004733
1094649577 1814166825
791637779 321813502
533624451 1595422187
583646688 1725841056
1824328019 541733242
1874690429 1336500876
1812489445 1074619449
414051106 581996634
1944990450 718649831
1005070071 1687770468
794459824 394021339
1543867436 1211559099
929803679 1300898225
463355546 1864917256
1574171901 1528424874
76516787 390224042
916306833 1094695881
1718182027 762271326
801555277 1709928495
363662589 1754108057
827019465 1041097100
838965144 842361362
1820666503 943254158
1019042382 91652416
55440514 418787910
744353598 1111857607
1377712250 858591623
1126552603 704464757
26193871 1687269342
1869191779 861101612
562629657 1410753176
604019201 867099570
916511993 966627401
1711010021 1161599903
1428367539 627221086
704033700 1524946161
896560515 981847646
1808864666 103192876
957405668 1635635045
1176916331 1974425229
4774816 385471651
69049566 1384614261
1727454412 1803154578
177920270 389217822
79864756 758475006
566678226 792912955
1579396890 299310022
112942865 668043315
1785215294 1299971109
49891985 1697368301
688827631 1894538001
158765718 1818441616
1671382731 1681751638
347009364 1481556496
144546373 1067575722
1262226101 106269386
356239855 296011155
1818553391 1078278801
1344594025 118841197
241467850 1130940975
1425993686 604132468
207632415 1024639906
1417899492 793727867
1917044746 840781764
1269195412 1214052983
50111561 1741498836
1436683155 1991772311
1139212985 540711246
715152445 1168303779
1307723255 1618888145
155573310 227564760
1568300150 777019171
297552908 244998517
844415354 184429995
1152157887 323236368
1843761121 1844484462
1643419073 1129313020
175329946 1843914959
834123151 1034131576
236872443 1021358347
228067818 800855182
579405783 534900122
1902518878 1541819319
640361878 1529038198
96701998 579621758
963138988 1619145594
1263395801 607705164
995833180 1024200258
1335440319 1401637561
1810322786 1349635475
1150417900 402476892
846516453 119477406
126851824 671615719
1868819256 1357153576
1518501661 1078373775
1212561585 913431854
285068664 619170934
482492028 524577282
1910278842 1422484448
1542648159 1960720092
1386319805 815798447
1047937543 233839839
1009451721 578479522
444415166 914604044
470124234 370244742
764765783 586420955
1919411172 708936267
2531342 302099673
1251201033 1123708287
179467155 113642337
684369913 1841601805
366138209 998915405
1359623896 1571920264
637964082 1574074558
922078167 816569374
526166920 1078790640
1226796341 1745636778
1393098240 1447984054
937497641 519258057
807766215 1336822341
1747310125 1849590272
960870340 1268358873
848121429 73371067
438865108 214491273
928216259 38398743
1669497640 1500054292
1429341997 1242429003
308692825 229258700
1632126447 835611777
274497912 1851713095
1993403167 1601944530
599154266 1966733069
573189513 146306691
1957626024 273438825
815651591 1137061470
657781323 137201318
995686799 1745619918
611604602 844851199
1723050549 1939989816
479348870 801263911
56186963 244278162
132887703 1036695064
1287546746 37505197
1739916676 1227855367
1523611556 485571128
1925809635 958914868
498959177 1831282430
696719863 566010173
116414259 1231917635
761392078 1920772556
1479364279 433902100
446186270 561909775
1941665745 989692297
362743314 426532539
1617707462 972712237
1314707306 708956764
1498797524 211424984
990675087 363243930
1592163536 578942748
1430802212 515194970
1633096958 840850254
798577100 530015138
1568480883 190004303
903739321 467973046
1750291408 909417974
1750887473 1803836072
1690641622 193695061
369086641 108028931
1975462582 1722130451
1225028180 738170956
722582944 1363919198
385170716 234355115
433667541 1585464099
1884772110 164801783
1041940489 1444063008
1652572661 1657554758
1974453642 814429830
932671496 745707852
1396161920 1642140206
531860830 452986263
1206041659 1529870353
1127970815 1039653181
1575342552 56349948
1649486295 43303123
1181470993 1383358780
1088650127 1011773402
620928145 1862340139
1732915038 447156301
1692248665 484444896
1046362819 768070710
1831080425 564821665
1210053430 685306117
875991215 822957955
622810723 454380064
345579215 585213884
1624344611 284593145
59400849 1424775629
1148382768 1117096188
1395882917 1034565583
1462632567 229122988
1436789685 677730365
189726289 1006476543
772570021 1321221152
410877356 26323368
388879796 433356818
1287701946 1006865085
1554584426 1100090638
311656130 1736382057
1888386778 856322749
1006894251 245036591
1966596802 1369317304
352268330 1963985293
1351946062 1966660895
1451840065 1097210083
618969348 37483180
1171393486 559773910
1496833376 862400601
628628967 3092152
1801134418 1329027659
1764662543 1274850360
1828450393 1945486407
1175261968 316723192
860294997 608922402
1358233005 274146401
1133010173 1196002581
992856082 1477986667
1876771431 1361425083
700807516 705520329
1686458885 1678064696
1912182372 1870869994
1621994717 728753452
1751958710 834990808
728775452 127212569
727093619 1199298534
636572517 1170049066
286513612 657306494
1223317234 785455153
400766802 1659301899
1088881163 812713618
1830270808 270576867
928048803 1249372924
164711857 1610159430
1232070204 1996666654
252281223 338852664
1481773612 1254691882
445709824 1758439213
342062066 328622582
1402244036 1783182787
1129442837 1761915809
1905315123 1926457695
1349176634 230539449
1429367040 916739190
1149611248 1946273451
1325681955 879143694
1477233709 1679735006
618939103 1284205351
1293585096 1640613208
291287983 60691403
1859462592 285922849
153073504 1383132117
1257064539 437931575
1713495346 1800920030
419681100 579233467
992036423 1625749500
363102614 1693119838
185785783 1322163785
650170247 1816819320
1781410428 1601940788
1194847635 1858343577
392843392 76318584
768391123 1388823257
1722421188 1562428364
257053868 1045587371
111571475 359636247
1849561065 556372640
738303691 1057555139
1079042982 535167688
1205697859 1645103190
217886753 1762730595
585032909 438920579
83211608 1043354244
368975601 1263725878
1481964266 77920818
723655117 105621710
1019084244 76165299
282329141 870433774
1475914946 132269745
1005227286 696486597
1314381257 344618421
1236547481 251432529
1884832233 1749640885
1142214075 667844784
1252713442 1537040067
780636284 1464649824
621522868 1430449540
447023963 1233755008
1099437106 932336055
979584675 532388635
1952442609 451460605
1386123875 533184176
1484772660 680665349
452278878 1315020278
1912073784 497520986
345032200 1979734799
895969261 691188331
1384792614 1453263706
134801726 1188021293
565604322 559109464
612216708 1551710297
1230315432 776869057
873581520 1277764975
487490840 1672917131
253075283 615918652
228013838 1592892365
787028910 258615404
995091940 1827545607
1064882772 1789708087
1120249831 870113617
276266621 1557308883
1248354632 722593242
1569166109 135812968
537434399 1505774589
208590536 1198124640
144936023 633028456
272621240 1847950045
1412395576 1740909056
237816865 164112965
718534162 572418126
1568146749 1973180938
1196345976 1545299944
1832371719 1807787892
941078251 704136588
543468447 1407461793
472234288 1281859230
1772089542 272610689
838846291 1848304721
624630487 1940336663
508731853 1352743688
743015113 185038423
1714669829 1923313448
1021147893 574138830
1908809713 814184606
786155550 625766960
458997670 163060151
1583445729 1870951347
461167844 1078046700
1770355195 830001321
485003363 420364401
1436601017 622259614
500222495 495556972
1337111826 1235492669
1933258098 1710977110
553213130 664451323
888742100 1344275982
191722426 1834038434
1099818910 1062871355
1547397265 264223849
678529333 1934438300
1107359256 983116565
1414014998 1623680581
843700728 1149473596
1594545633 1448090388
934822899 1935348827
1739299901 42140313
667635290 759095970
346483116 139778779
971510178 1831875578
1417904449 1440655587
851206949 1382343798
421942837 147593339
194992460 1416891958
1379093231 770281552
956687414 712006483
1655223732 1003966752
272593083 1115804348
1334985823 537411565
52182419 1779623334
351841273 1688587313
1636816515 1197858277
1974140835 1772918785
484633019 166416670
317890699 1791263486
17298989 1906158105
1892880657 709545660
196991445 1628271111
1932042656 909968556
299746951 1096648486
828380673 156754768
481980652 86724730
84668638 1563045139
735547331 1778454213
948799691 586734359
331939552 624209021
508564749 1108121675
1874301506 1686790371
670014549 1802174817
1311883224 714193261
1454829037 1000040421
1519263397 429569333
1733758736 505219590
1111756896 764531392
596909048 219622819
834375060 1901982547
164527940 93384710
827688651 606255083
1396000297 1113243678
1800842499 971677175
1610974784 1804580856
1536817673 1315014029
1380908573 56088693
287587966 852252461
1919883767 1863017954
1025239560 418738882
968270962 1908229830
811036735 1395639909
482999653 753735731
877463428 921718384
632532828 594462442
1143794936 1074624010
1898111578 1948101925
761555521 1001661481
62418197 909301596
70730678 332997025
1540886916 178269836
245677314 1973822670
454987689 1278616547
1206821410 1863245042
958919418 1813452363
1083903949 792226397
1636394053 1263523804
666952047 1024466623
1314594562 190219446
1027782651 813378210
1387460830 50954665
510519038 1200369614
1906646645 976704549
1639421923 1468542613
1246173112 658380947
201648600 1485345514
433874630 1639924616
295227499 622388804
1158891608 1634033832
496999498 710195800
337002930 862581327
1390385088 1172975431
908059752 879375701
771571329 1860965421
1823920052 869676379
1988646342 919743986
1325685451 577199488
1738873447 1820713440
1715626545 1839322263
1047014031 1995725980
1332293961 1968528527
24801079 809930774
183568634 1992012553
306081592 434034411
1425213293 27452957
1972871116 769131341
1849356715 1393583357
1812788925 57252039
1368416634 82053927
1263610942 337965862
1037154574 714384141
129678962 1735515024
614276036 1969265825
1926110169 1827408476
1591667362 1091350706
479831175 561101494
1025319077 1689718279
264792613 1996137262
912890876 1393161350
497847850 703634770
253590760 1199564190
1336506004 1192294698
193676481 1868868082
555825475 743670384
1532083018 1007156342
579210418 447468297
754423378 889931705
661779749 502061598
1686605742 155951495
195166862 1009507798
127065953 562252254
668490957 1055759678
1794827415 1283173086
507975806 897266799
1909375779 555191864
1939691970 1515906419
352433649 987239530
113902740 1118740555
606227732 704098860
1081847769 126657205
1018508946 145664359
1522415322 1703031598
1992267826 682966222
1969699289 467291031
1883727367 752850709
390674443 1185588306
1445552421 328829348
940451702 1429157175
1557407250 367835031
91472299 1619503730
1870827597 376569857
981983288 1549373886
1276361512 1531624118
791760703 645283644
564325771 1606033163
475532014 51012475
727281279 1532178273
1873792727 1523507191
250052697 1939185832
171666244 1933039199
1624499852 621608342
1588626421 1813621999
1828670071 1122152055
504983892 1590396217
1306089378 513612278
1798033558 1871834448
1949531473 71911164
1385788156 1729097404
1398250562 1601891484
1097822058 1939098919
1712574806 234692048
200881434 1656424923
1094843486 1726034586
883255181 1659387673
1751335599 1999113035
1886512763 832658605
1599547754 613391714
173610494 1845818250
141990169 1365960796
1681549691 1129137296
1728628607 1553788841
1685975356 1017776882
1243905646 400458981
398396379 938228357
600396038 252454005
393670507 194559131
1746628268 1787345515
700620654 126788853
115286695 1022363715
153161510 283230440
841546471 1934027224
642838151 34706242
1332495828 1898930477
574020429 1798268715
1567441019 1778755899
826451412 1769592138
1895600692 75694003
1425956016 1320901312
741076620 1469717452
1747656195 263410277
260498010 617482214
1835041889 293482815
915249586 732304282
1187517038 1813204726
1981239734 1532151209
374912161 1230848655
1445279989 507585427
1321891233 584171398
774643788 1340955047
510470044 1057888563
1866011287 1846119543
1486036278 1184527746
199846393 458582333
1932320350 1551822311
1269883901 983983725
840831132 859805676
1085667472 1016592116
624741440 1800587819
1130892812 328405306
735503274 849637854
806443345 1125553663
1223122221 1978637620
402659377 1129833065
990210592 515672463
920268854 1248926970
1523926937 693071809
568696748 248508707
786303974 730018657
1588403278 1907135716
530107711 534810263
1505340476 1062300996
1688238647 221050881
181493770 1635382044
1224957973 184717492
534171925 953029020
1341789084 1049302752
1791617092 1273825857
1900397059 1053757520
1969271039 1208508670
602059508 22721145
1800027653 1270686098
654647588 1523699265
956816929 1859130621
457670081 988126331
1721080043 1814102029
274095388 1122939293
1881198291 23362795
1011466015 1049116979
1741036085 55739131
534988388 73759474
1525809201 1902482744
365631365 377145554
1996815187 1980617113
871800381 1573865739
1785842291 1635662557
1645780897 1104023701
1650759429 974882914
1834562955 168031952
508959786 373665620
1336909987 1484154373
563379816 854619285
860729982 366095754
1619538438 382801401
1327143062 138513488
1321791569 376671824
575928771 498011083
1830897275 1942573332
272903968 1874839188
188129293 1851601817
1763670072 754783655
1828738062 1112020328
208064907 567191884
460804922 1488959237
130662651 1502714755
222086034 884761716
153980855 1640373143
76240009 969740717
763510026 180757176
1651081883 1719862504
1092643199 381196113
283817290 1833013042
1208895274 1074898353
1051961359 375874604
1537338577 1985671833
249380432 1454376078
1244389723 1521893474
1133384586 1565023319
247267235 253752765
1578305221 1209237665
608500312 1261175908
1741661018 1755302529
210706302 842889845
339704494 784380742
594173595 1743235952
467660639 346624142
1114675866 1080153659
94944119 1734588211
1877304201 1265179483
1861456260 1160078559
1653469900 1582544699
155655282 470028240
1647818640 1344976475
888808166 914043160
1442190158 20986511
1294088966 1413188098
1187076358 1001771654
1379640067 460825491
1013714445 940987652
1983304361 658985829
42912582 1159802629
591619316 1744986536
1378630249 1593289177
58117256 1572820881
713569304 1749564626
572306895 1222414780
292116210 1442149096
78605771 1442809500
546912814 973094967
1272147912 1887149549
244720298 957028137
634304120 344139856
269699821 734781393
47516002 86687076
1092680170 1807068710
238133166 473129389
1918587113 557334877
1198977052 1151043947
1231405148 1967999339
1708987831 900985435
448382716 1660446520
446406619 1315667290
1536707047 381958932
1926390776 632204646
1923943016 1721332805
1496932401 1192377689
1425079366 1426826282
169415323 524787331
577564156 1844623080
1024232016 1132769110
227319037 570240992
1307851115 535504129
1746420207 145764920
505283545 823593055
1517829204 722297513
935847389 1381356166
1104433804 1660439967
1575363638 990084010
150735216 1518506302
1311897188 738767400
596257450 1320188626
1799426193 1856402176
1373999107 591507860
85018561 1090442535
1116360160 802447761
694984878 347669520
1214760463 1664746055
818225837 658561907
1033603258 21926600
1293526284 1769354941
367413423 172718600
1327228427 543836225
308977812 558394702
182291202 1166635772
1894209201 1451567856
1773896832 1288042572
638818033 1913558457
490646848 1688859722
370701530 1465967594
1678030672 628806146
858647588 438805906
1368966881 1493747468
1768400819 149268576
428145686 818128722
924241964 1113124327
1307683526 1480176706
1253617046 492894892
1705350892 313109329
351084065 468190627
1412514962 1992437258
1726862817 1780130729
1120922127 1655654273
1058025268 45451109
164456811 1794929597
1902919283 1779437103
308598979 1908392349
1728439576 340398518
31104464 482153816
386289873 281271491
1101599512 67329651
402851816 1238534930
265957486 1159549713
518258023 1343068705
936046814 1929169789
1557905680 964320928
847235302 1105593696
674784098 483161120
1591605136 298768602
736453784 959683963
872490746 1534414056
29461401 216840537
1562183479 968262692
219189035 589076160
1312854867 1106682095
1429869786 478020674
1921721007 1314307829
544669442 1089714415
6157525 1920856190
144704117 1642768508
1620705372 1934038860
1958390685 655523362
1321614656 51883016
635506246 1170346619
1527624906 1679702180
74357926 1076361906
180758524 1242584524
813167498 1974397440
1303703657 1432147093
566068987 361269744
1447664560 1634082963
884214686 1457397116
666613833 50327127
1186713983 76563724
1025866000 1882571269
370702959 1404153406
1086531328 885612636
976277381 1835067638
1091052942 829140530
825137842 1094990321
544968840 1999186207
469871051 1040407022
1665292840 216741013
461339280 1220296290
1494940570 517844699
998238673 1969021083
1150688615 1476109406
1459381811 1199979240
975547028 272380499
1845676665 244274129
758618784 1335761431
179803364 163350834
1621513845 1880939562
1032256153 1557983032
1123036339 1006075447
587130160 1640050657
1137122545 1318135951
694477866 965216352
388373545 664557708
1134573970 1296468630
288881895 853371694
644119356 50666307
426281526 1839038833
1215194155 88871119
1376609975 1105997480
1071182332 1262459577
163970300 1899504498
235549336 109147224
1675869560 1856349648
971481881 771499328
825324443 701897629
85909883 777907839
1704803540 1238725123
1863145863 389779426
737529322 1242880570
868919905 1341824572
1166150230 1872365700
1423612225 895778217
1136339858 331901383
1724694044 663085234
1504906059 1124564336
1963392102 1379078305
231482507 1712226625
651617965 1739846660
290913039 1833724948
1923524227 527149579
109629353 33445828
379042148 147802974
1346404762 594067495
1601816655 627708718
1132469444 756224122
9464536 614282491
1375483610 1271575657
1155696311 1016416004
91261880 1863724715
1646984779 1968350058
1552564795 668799790
1052789883 760302893
1070349805 383109691
814089245 28209121
1530208891 1137057358
52545069 288267071
518081433 1198100656
352646633 942800213
812755656 1773952377
1075792010 1068542113
1101674188 1656274799
435225777 1257377917
1905464575 551599351
1086084079 1592514003
669001345 1881017199
1220000105 1626888393
1875950600 1216633851
1755546626 1307492327
1636271389 1543420590
821564519 1506935896
779561159 342239907
1210913029 1940717362
662353288 501191991
968440061 1311460164
1670798446 1751467494
421185242 706464950
408676429 1818062172
494458694 726185251
788525260 1001640196
1869489370 397808534
654123266 848158428
795322593 1728588838
1623322050 1745230184
471671880 331898795
835254499 376503821
1017551343 1037404916
1847035618 470573318
507077747 1145125680
897724575 916914596
1777154303 326839653
58694068 1876888277
292738793 1877801130
1783649751 1234069021
876196056 1955598981
1196772745 1796402781
1949898272 1233149750
465386836 943485883
963943784 1406777574
1701896081 179299572
928975192 1025678990
1541011715 680831075
1112458264 1777423818
481803873 434518444
189544838 1015478131
355708737 1950797639
1370229459 675791528
768749697 1787897774
1170605393 285659909
1847040822 1559411663
1792776171 269719275
1605624784 978468901
131575116 1407852583
873282058 1325535992
866304274 915438839
1144474760 499343058
146153365 606392658
380400434 540361775
607954017 321957254
722091497 498175509
591667281 202472453
1136158899 695160624
272107108 1538743890
1055492587 546417178
153555545 626245165
286362806 371248453
1988879419 1378729491
1344869127 1434503668
175528343 1893810351
832411919 1348582586
921167685 627412502
1356440707 936059554
1121114021 1868858983
1293974666 337673600
725645919 1722478071
1275080117 575138887
1549101486 943078420
539831518 702282675
306238559 1093180745
608703461 1379376479
1153963682 1090843755
1731541527 561024958
337169623 1231576264
734409079 1884882177
1685455098 724632608
426144769 565272720
622531474 1008710184
1816066364 1147957708
1330357843 987313738
1601480663 17413369
114704733 1797859023
824702829 1412358188
1866586942 1979382493
564557096 103268613
725596617 1676108451
1141822396 1870872720
937865210 259571983
404775075 1264183337
1262248837 462556673
45824772 559847985
1433048242 399944884
1888771460 1256290468
1767265334 86808776
200448092 1061109056
1600134865 996721703
1779400557 872084304
1829458902 1590867722
793117058 898620920
1559146216 1602013369
1299154429 1391311737
71132744 1077355994
549223482 270818152
74709522 6584552
6286920 1199474300
858501425 288445225
1223562059 829541201
1781014198 897009727
1419698871 1521180702
1473300318 1766075952
477586798 1668490236
681560584 815434978
279825961 1737958154
501131598 1976616073
1037902523 484679146
1755416656 1308340629
404714124 1938098859
1280298296 404342222
53702411 1440082453
252924636 467994410
1172148140 1210071215
1399701309 1932715988
231021972 658576011
1334861630 1385912543
1667638894 222638696
1591396310 1242953506
1012253108 640572852
656973962 457554494
426184538 759067430
1447601763 1962170751
1431457090 883807389
1610014264 710640332
517527210 1469888482
252366188 132817149
628378069 921603319
31836364 318170313
598942940 1143707663
812441418 1944216992
1304727016 1408421301
601495087 1460208313
163423772 84376489
607359831 1827651296
662601673 1952253553
1288190395 1861700682
1559624722 1114795472
908328236 1711308175
1540993867 490532925
1988375763 1478764728
1432680350 1953950963
749101628 1256079046
1940344791 1404226963
539952952 269613503
1552883258 152271869
1816564775 847912831
1417248883 1299774547
11029976 1676975695
1497756181 1519373581
1492309748 834574832
979160607 1158501236
1131168584 1216496671
505001352 174329558
519732679 584666641
217695839 268189705
1963082771 1907637389
1992660962 806270902
180705854 994542429
1114432892 317924581
1971328389 165624773
440156706 1987562260
963406532 701597965
1572459791 762506066
1527850410 1373053004
1295827956 1448415338
1911049438 603389302
878991870 1863992019
1015995947 460553848
837421354 281921864
1333560737 1107215706
1331188456 714261952
1070376299 625696191
32897299 535197989
1211213548 1858773692
79267880 256299699
1636700382 1064027228
732911582 255150232
1313586821 1937915885
1240749916 1880014801
1034083546 1249543987
123382903 111236555
1946562330 653584885
1076781941 1952327052
182136167 1821889427
97742375 130262859
1527095991 668130346
125400873 1159327558
1003166702 1729404446
1907365333 1346909700
1933077578 1491622128
459151928 202671816
1962865367 1841822324
35513185 136636411
829197035 1023871298
1125151123 1764500967
1581784361 92827258
1150740656 1332306358
1932471774 44158796
1741622066 1494857026
1237124725 1653108481
504355528 1561027404
1215769376 1163478369
1819366800 115099480
1553504270 774875660
794708771 27375765
1890331453 733555728
480505545 1097314900
789969313 251894880
38206368 902272508
175182409 1181837582
489451341 1520314130
1495873941 1147071984
1913473174 1897495537
1091197035 705503525
1581105787 557453871
1534905160 872059479
1968982556 504998000
1073924916 1001020760
501080139 248802817
482408926 367797372
983707725 816601406
1759517077 1647538317
1872482676 958208108
1322085123 949882220
417710804 1032770007
344583971 1511602498
1343996961 996741827
137964202 978600342
1356155935 1696189939
1366599857 1737812589
1681476465 1438496517
1585967123 982430148
919342352 872671412
410331840 278749660
572634837 354076320
619077329 326751639
844633621 268531647
1252894639 814278068
1555102875 203064727
1590604909 1197742026
156651170 553977502
232241414 90377148
741037262 651263438
522668325 1153014627
1444536489 1721268806
1008313268 1400332890
431969394 1809184376
1558212137 1016219093
1900433077 960197653
1778508738 1622741803
1744641471 1178454188
1727400434 596610521
181530112 1433302725
954702248 422918435
1923200936 1269948589
64469687 1787264254
1563847585 1949830308
45842416 197613858
1264431437 1479957335
1253673606 400511385
491927895 897870076
1553047324 1540297254
1387003915 1206200722
480626237 1079096964
1606603547 788644576
811193062 572142597
1883710029 1030720150
1998701227 596621112
255987962 185622925
1546740698 1557677636
1248488838 393736444
702349829 760844640
886085072 624268196
907865433 810628966
201872070 1271069179
1414338620 1812031159
574971017 1079355168
691706011 680636027
864553353 923652029
1982009494 1564588814
500204276 1518499809
1808952123 24328732
376835220 587258590
555386623 700398467
1285039512 1255354140
1854901364 26482305
1008921259 493255176
371447609 905614947
1021803308 1245877010
962906219 205982924
1498489163 1000053657
1880397756 673455448
163909672 1090092668
29390386 1617273122
1129695605 1013936132
808413300 1373167289
977801225 664912113
114275153 23618040
1834406570 1621220174
1012239044 1346347698
207184553 57295950
602390300 1292292675
630073715 1274964257
879149196 1733961507
1109142307 1093520345
1738264040 768956880
314927976 509764706
134916150 157806057
591047640 1478801369
1023089330 588558229
1072898914 1473021468
1851442684 203501469
300278938 1831506463
284048885 1052718501
257475892 1378224026
489730688 1232879715
1204693029 1316451347
1886953417 1858319945
1039612032 415005055
417644906 1958749191
912462430 777414455
1040401279 630329674
329457239 980058703
1076694462 1727263574
1644546009 558892958
1421474302 1056215980
897659866 861762540
1190955841 942005211
185037242 313763527
1853305344 1699451459
406817049 1444387316
1049204635 700574774
1191754390 1024062770
824282950 295023371
662846250 173739235
207084044 1285233967
419335891 319464048
711160521 948500568
1207126526 1999157725
1477080645 681978003
114815562 1168183929
228360708 494405330
681704233 1866202692
695311055 1811558014
787560581 729195659
1971088257 1862232213
1841022410 155277329
1532438964 1597402172
1422388105 901730754
1151406842 442354706
1764519961 912463283
1533751111 338113404
1319967010 444404267
1563196086 985268886
1805294682 1374133855
853427887 1125396358
1779282013 96377414
1558101563 1430237739
230321825 1602102590
237302019 79052621
1680733572 136184521
32542414 313375739
559980894 998511614
1392883856 1712663969
1107581363 1398629917
1678411127 382660949
277151683 471564202
1762820241 77442892
652580109 1302847768
1379995349 1076267310
423391999 1866045000
1331104676 982476169
1090187632 393445414
1956394758 1319785758
938074610 83802228
1829423138 170294568
1015295493 1678219554
337135207 1362446595
124395351 1221396320
1427802960 1773559055
482037215 149880225
981916172 972267627
777336838 1749971788
569206784 668325470
509146703 1075306444
320605382 789848454
1213409173 1966381442
526625730 122371114
19648120 544236941
1858253580 1930797230
34512575 1849987258
1350558589 660804135
454430145 1604172638
1058957404 336687880
71120394 11599767
1155039418 1105059931
1435054313 77958737
842986193 402022258
1227475362 1201913170
1298192828 476136932
1433154282 864902437
1330887178 412192271
403102713 1267519343
1296794699 1682994482
958206869 1176956167
547252833 59088491
1474542511 532517843
1275368015 816801433
413594484 276499652
1239426675 1903197655
1279071344 1886291865
114222278 699321458
1889218498 1180305336
210956631 448347090
105564081 1107861371
75457153 711068637
1095919239 1896519536
1446856261 1536761900
1244370557 856182368
892474087 983160631
862336790 531909131
1826575856 604710300
1261965942 309038253
666414759 1659754708
393450488 1393725768
1843815395 1745695363
736682372 397387428
902124946 1728428363
828422199 576724197
1968970561 641081742
1596883036 904375026
1279082713 1558792476
1648788994 1361306062
185750977 1516567369
30441780 778248301
585865250 344553148
627840145 417246143
110709973 1038734126
1672201788 557424223
1045584538 116690664
1997062418 505701550
21732169 1426738391
399513319 1413762694
1139415054 17595263
1834901047 1743808943
79119402 852645698
1561118440 1122871892
552194721 1875416124
708626237 173387835
1772160259 1953858388
1496715970 1414845822
580305487 213412983
1317023603 716772159
951149380 1419201845
966876104 1277715827
908529134 1938250768
219922957 1170083736
1985510873 62755348
403149126 1547165418
1659927569 1279020917
521907099 1969673077
1338100260 214960233
1786851167 455098920
1662736568 1252803681
1658657030 683004958
1034662842 1314113276
45438596 360286499
746905616 189729866
128580916 1429634341
1044354199 570284831
1891039891 450380504
469767792 165190642
355392156 846222979
1289937977 1486698638
1863043734 278956310
802280492 1987982721
714041974 527272649
1636134694 1794084359
1889641262 1758715867
516240162 385814587
772767292 592230973
1611912503 173995965
924946299 481843480
1833749936 1371283589
1512654474 1205884168
803232484 1905324251
1472790128 1463497745
349500009 996628065
1694738377 1023355255
707873626 1323876576
1758106144 567884059
1302940041 1353238736
195428819 436044091
516377181 1928267442
1207713571 1274770293
679721570 1093856191
1478679733 1554896445
118643104 711019208
1342683435 909861317
1530717032 1430726613
1301381660 1803275712
915764641 652767832
1910646619 636601965
668865288 724899082
490298889 192144940
1972331148 1702233407
1534523407 579619925
1094519771 460319654
245884919 1920412837
851017836 486049314
1484842510 1585308075
1591292104 1215532088
1852340251 381535518
637449159 1592378541
767884267 838692625
905619821 198162371
1561649149 1493236986
734113907 385351827
1489126725 695103219
1076442192 1158552477
1376849656 513713314
683534115 327435661
1535941915 428627536
880542140 767633932
1737510027 351193113
55147667 581156448
1030373795 1185283274
756261685 633667250
1026823307 806126604
999721971 41671686
550539740 295486595
585274946 1949387504
344850901 630871989
1319209573 37713093
1346145034 1180423085
55053313 1972340532
1874622360 298982581
1243784369 837480616
714431668 343423463
1908171241 938980268
1302592312 571241773
839453552 1819732714
1011998088 1147947620
538950554 1390152074
97266305 1473161695
1554005816 1670144287
1762684279 553492884
1530851484 62055588
1985446671 1161760787
1322798517 1644974922
250792317 1185015192
1918822857 1206418661
1512920129 257515947
675894973 694579579
511547497 1368276498
416682868 157568651
1732170725 447050192
976268964 1703169568
1219401370 1250110887
238758299 881001666
1398499358 1684541311
71959930 1874662227
592021369 285400340
968465894 1022933504
1674743636 643754477
1285143795 870486188
1738933115 1408692613
161762219 1541311372
445355468 27697357
1808981718 1954911771
975344200 1065184943
1513832410 14274631
69353902 1698126211
821819711 199348703
405004007 594503135
1811223502 1385056788
1401825905 1097607415
1380126542 670118755
1671887541 1340133249
1706475632 593312856
1702607951 1576960167
1171706964 936589175
1779646679 1424261469
1205922863 790363079
676092331 1227105530
742781171 241536054
1397102326 1605804464
1391238690 291557749
978244314 420837489
835870466 1054132134
729011357 337710446
311399218 550936639
1856042545 1628198067
484323985 1608119287
1951040826 1929811598
37587015 643907370
1254994367 59759108
393257862 237905133
1674855700 1943688836
354858561 465105224
1880511612 226582979
1491293047 183529954
1843622360 625347166
868324828 1073372129
819733275 501463771
993530966 4898845
241931253 1514592473
948228938 510396011
394648426 1909334718
67644397 1395358877
1919376953 1940010115
1393165712 878962175
1650565614 1549178211
768881785 1321776911
826183205 973625891
223068655 973575434
339627018 1948155929
1804164582 428898690
1746040027 416848169
1624717683 1348337946
588382818 226560700
999235070 1785604933
1199753003 792519497
1884469566 1809687945
753614104 791380275
1709168082 1287617169
867450652 1752298330
1434470471 151691985
1125207479 147200027
932032251 501543389
1363881489 649361292
1760748649 841830488
776297040 1343651593
1937831062 284849219
639882065 1702998558
884920236 349998633
262839607 1191661664
1337046702 893214332
664975544 623110366
856896738 297821839
1221273563 605150376
571984183 205940423
988005595 558860493
978858100 768602262
201984232 1873085534
702841563 1342953948
1504826243 1433389413
258448623 926778410
559024516 1711139222
1174531640 737350743
1090343737 979654185
402666961 74664603
1286359901 1223481921
1904212531 17410375
1930975554 1983124991
596169545 460201880
305592926 1196331446
1520424755 261551557
879150685 1391120981
1223301501 1335834905
77498406 1289993724
1512601589 209075876
1566625726 296088607
414027024 805574457
1755771546 1006777567
262634079 396368210
1698243432 973492800
646690672 1891711560
1299241376 149402520
279840663 603569885
634628930 1615501786
1283430832 1054113889
766733062 1879193817
689161748 263490083
1695929045 313937341
738396989 1458861350
676701061 1327304332
899761386 1325137449
1535876979 1901018819
970534793 878300638
6726128 707885156
147964878 1524039550
387187996 1232143132
375918017 217444013
1637883634 475065679
351127669 249119557
1225052846 1399335393
957092853 1863230633
1973210336 975454942
343541658 1675379525
510494011 1697269906
31402490 866964324
1038642639 832552149
948960525 1986955927
1383853451 1841160470
1160701826 1741096439
1501697981 11893127
1636715622 937644623
1081328745 1245142988
55940546 227974380
864564748 1772323996
364644702 1537328597
1572831222 528235891
861387476 689100435
525280202 43470336
1598836477 1846567877
1320489990 1895130555
1702100575 1725264917
1014151869 1314838612
520995837 1679595644
187147256 1317324268
756894581 972583118
1414604614 1073844174
285202920 1106619102
1935854326 214715861
970760620 1784841335
1811487061 951663527
260194198 1728690602
129151944 1341112318
658826538 988160040
814641393 507664214
108287206 1640793908
1087248712 1231137677
107692177 1752011324
499528291 1641389874
284283428 1200161170
249955116 1171430455
1729521776 1943066349
1964015189 1547685658
1971892938 1201205921
1223506143 217882016
867406783 959114066
709675879 1175269228
1967360073 1599645994
398714240 1078588816
590519169 1171295347
1769821786 591721423
744321416 1737521954
920507129 1202559516
1289992438 1324741898
1207847536 1359443240
620592215 67726554
783920545 518929495
1695608530 590923392
739766900 1073848649
1807535719 1297658690
1984263609 1489484633
886700490 578357811
396411505 1607644750
491528129 699197916
1219737877 1140576101
518316621 1456237288
1795696167 5902081
1843154912 1168856340
1444137663 1690108024
87156795 78480406
120680210 1454607801
1254914201 1553670502
1826397145 231766412
802549243 533577975
769435912 1559793447
68343809 327585478
1837356622 1505738352
110380251 1075781375
1770016120 544908737
149273799 1021418835
1454418730 849537442
164391622 1360606951
577978946 1695655929
131097662 1938067689
1161513916 163247923
870386431 1996356637
139871219 1039952954
1815838923 13769538
900400299 333298675
132351957 1158855597
1958635906 1920704332
552622096 790518642
871574965 1558170644
341225665 1414137246
177151162 258667921
642714929 1622396056
1093707267 1674329042
1266821050 258758456
578713801 63727358
1594528380 1322480048
1719008305 1696368775
783445159 1591059929
1647622045 980575387
901290616 1914099868
1186995785 634630249
496780352 625958476
1672541031 1531135748
712117172 979802999
327667875 718235038
1702879939 1666997244
109722430 408005626
837904678 1051389364
1595272572 1234319217
1526905139 1501900780
75059010 1764106793
902564103 599059101
1042658121 714731837
258691950 1201565405
1181325290 728608254
1515375803 1555863915
79755594 1216880897
752310490 174927246
1469087358 1112775652
1574882526 1738387044
1311223475 1809977202
1751828246 1682904719
150028581 603881939
1412676895 1537981867
1792052361 330072864
1415850634 1034794525
329995668 1419341526
101241193 1652111299
1133495879 946940815
1449698500 723808367
960962205 1700973942
612484242 198378872
1214415410 296393959
93513270 1610323332
513231902 1526678060
1165962812 871830062
1265777439 1046830458
137418290 519956003
707978055 125559795
773877117 1205488687
397877466 1933052547
510845981 964606421
778112728 1832256011
1536451062 1467850184
1691590034 1055834572
1227695900 1171221607
388781416 1279086291
1055469615 272784976
1978567021 508420441
1356569083 1178031024
1844720767 509129969
544642887 1868244481
337802090 1656242835
188094149 1852189052
890621721 9170391
50445685 1931834877
1877027525 329919084
1340809641 61767623
1498099046 534296289
1823282768 1512866982
937517666 420941276
1134471370 385564329
155875855 439825164
1298357127 1684800307
242084932 61194062
1244162005 1194845054
1048183942 1092692238
1896441632 156367150
912794852 617356195
330836741 821561739
1974041167 1632357391
1691151508 794823020
1918374862 1759601099
314744595 1147116925
1761962615 350786962
1714315367 515050741
1858915648 1675408063
1392431150 929969940
1451250958 941872386
1674578284 1877481589
1575584623 632134265
1678628034 1776394787
1875499389 1161853278
191531616 1408859392
654151792 1851189116
439204106 361925610
3104099 1088825530
149466026 835451524
1538696349 1598521337
1635083199 985661778
694545571 908766845
1087698199 12178929
161250961 1249876384
301253986 1671171842
1366550260 223027482
856124258 1268362184
1872020479 1017836793
1849748341 1829375158
187197939 1547618449
728168325 699327270
1495162119 922966286
1534842508 1522522939
1179236911 804672022
200180229 1202884314
947039552 502282849
524701309 381489213
1221680283 666161697
16928872 1731416093
236802080 609135077
1122744109 1959964543
823473564 1331129370
741482308 1608389372
1454277508 1189157701
893442281 1551103006
1495625546 1357849021
246377377 1291798283
1517167200 1525240654
1490954156 986271919
1134001701 1706804467
611712052 1356910571
1537160583 1060388483
1401154657 1568691353
844272263 1964360346
1072727648 901356968
1538976427 54230678
136651899 953960209
1072945455 200232460
1349912943 1440577411
1491706872 1369549870
1291943420 744753523
1541697676 993282620
1899922561 998220657
1461762069 928168498
996711626 1192879062
576331340 928172884
1063011361 799684737
1377683998 284824970
822459187 926517009
1901278832 1754789710
1908613191 1952339702
1271878555 147306955
1606632258 1075890918
154516339 488977976
1168006449 1023963104
1089648298 1206449165
1975337048 1369779875
1123341967 439912962
713624517 1916674606
1201989696 689343905
1228344106 655573635
1959887041 1617730934
1775688338 81917986
527276282 1716004759
1647132909 877543305
761937804 272674316
730133870 895812752
710153966 97516381
1996681741 1335696598
525355558 904940237
1062779181 593845322
242059539 241355518
1482885428 1417139388
1873256489 1015210813
472698175 912649022
774474383 1723309784
743917444 432295573
697474177 1808891182
1140158427 608613052
1301973791 975369156
883763478 1427394168
626881472 131124078
1521379512 1133085492
676060289 1397602803
335417458 657952098
1826278139 1895853081
1715265780 152811581
1069998282 71532976
1098573528 985995641
1985003012 1405952696
415825152 1768396945
667063408 1194960977
1109984544 544388548
1089103562 1871125088
1438423094 1853813586
998293428 1188607872
774714333 612699066
634412715 1347242167
126794706 71212168
92487247 1626457165
234567755 248984588
891893625 45090206
1415225516 526392169
390597991 303282216
457961992 146195047
1488191374 235633740
1799365562 1288845916
516080101 1767870989
256892498 989971874
198431862 1544276015
955866763 1295895032
1221542066 1503664645
1862931280 1930570758
1384141219 1783926442
1545980476 1833629362
1377726444 1146362124
373031775 1663204490
1220785584 1268972151
1145641065 707599119
373740643 1624989929
1471881405 186735046
209265015 784305622
695390230 55168515
1075121449 1517715111
1293331240 999761790
306236762 502030156
1257343144 1395827456
1168227812 984222173
39111785 647676080
1920901029 424848682
1392158342 1761874797
1139420544 202788755
480877451 1053796761
1108266158 759268871
10546565 437245687
1701273279 565229632
327552915 219901054
1919674843 1801601863
1232701907 290949282
1817315114 1849021409
1112597465 125183309
369428637 426855318
496340340 313323698
70423688 1043317347
1534068908 1432499714
505005138 38507001
1376612546 1834906664
202018483 802229835
441471841 1878085548
912309607 317234803
691381313 736385662
1624219761 1828648780
469920389 1763538439
758208220 1116778640
642174714 1276730714
355665545 1800278249
58987161 1603821824
1078976793 185836522
1365478266 1517474112
941356334 1049863302
1549596880 200557334
1721603506 1249375393
488089818 987476078
478816242 496799161
70952193 1969786250
1732965901 1713786099
547563749 1335486177
1997760976 50997938
1369931504 1605833645
1390088650 389574010
1462810396 1119882558
465175957 1144858238
1680980236 1190963241
1539095757 1501303719
1008388589 899539943
1013595239 990849688
924262296 1520854685
662142813 498608055
535346336 1190111684
295347694 561015027
530089314 368980145
169819271 872226750
1469351016 562851425
901725229 1674144955
1592769618 775260563
1565899214 544670340
88470496 360119570
166407538 1144259004
1674173217 369373243
468931161 1794362888
1885218467 1579083081
1890127848 667876452
1570792055 1412914067
1809100168 641410962
1467706008 1074922135
1583215238 870471917
892886736 1431188026
1291467242 497633884
1053959134 1070688422
1783704400 206161354
1522429305 913145635
1409303621 7527477
907265252 165342611
1057963122 1336907048
1277621284 908928208
1694960854 1058190553
951019201 1134240243
1824377445 1362636603
922851763 1094912145
483715968 1890465653
1621132079 645854342
951069213 260404562
57575460 1320863978
1483940738 201698528
927553443 133846186
1161242607 410680791
1607196359 127277629
562162448 663612571
180088182 42122265
111358174 281125626
58668700 411128009
1671603221 530904393
723941130 1005730895
1561020093 1031628881
419131386 264107113
323145300 628695162
733856378 1280593136
1558153574 420969279
1099716709 1486265703
369655407 433605470
1094964493 1219440581
1229507096 1355318487
297638239 1207207442
1543505228 1748905897
1932628702 110874351
117561204 994879387
1112511712 333265991
263140826 360180593
743234338 1472253557
49258305 1831942296
920412731 1969125772
1663950814 422366634
1113558550 1043307321
1191993957 1700217303
287370771 344437534
914640395 202721831
179504513 1079758748
306075722 571479427
424422261 1893988060
686177071 1940903669
593857494 1687766569
1250461549 1861241981
1387441812 839479189
172661570 1661361939
1841516267 805090474
193236591 1301012280
874629200 1946804491
1473534716 181840099
11253851 1391347520
1710089246 696812795
1674546138 1643575854
965911761 635172608
503259910 1933600416
882160875 285225012
1120131189 557900056
1515950208 1042718503
1935546245 1523683486
879132321 659518264
836648245 273495665
1020912061 360540029
675530739 917321929
1679782442 237192155
59001424 267878341
333694246 1385184949
543522849 227392189
1839059460 807445898
1505566017 733600370
319614087 914448358
1881931364 1102268318
172197510 985897530
1276997424 1907838966
419393789 866886061
691271155 1737640339
530297301 483035732
1129684669 1144509738
63846186 799667250
898056624 378510730
54069438 1915985266
1310004961 143316849
1443990579 1969623979
1251228529 1525305388
1523463001 1408262277
1305062688 1227861535
1340709196 947987405
1754219399 1369460010
1510381285 1847117693
543305161 991228971
484781510 675721995
397524420 560685903
810502791 1349048528
944512656 1878755661
575782574 1504615753
381474232 1073015734
181713618 99724355
561354346 153361260
1985628202 419749435
141445956 1464365165
828545186 754740536
78385297 1187018966
959108222 1005341268
1232002239 1878866487
1589137834 1091141643
1745525414 1166258404
174262187 201707669
161507201 1027065187
803792849 1036203939
60479650 980534324
1353483191 908763398
793333779 1663570256
1955790175 1224288037
797179581 1135608678
928101083 813529769
1568331007 349624838
241767422 180123324
1122697768 470826936
740073148 55648139
170597848 900228664
1362586557 856414443
227520604 652634411
1836775676 1897147106
862639591 1671591764
91127450 1133581489
1182550493 1882593908
606498902 1637930697
275426223 205561212
1153296407 974112848
1359261055 904334796
236877487 864441346
692388387 987511342
479632277 1344791896
798985206 667750525
654217044 385646312
1399062189 1821746132
661903262 1912774870
1000164973 24679741
1303526035 182616819
969268583 1502242880
202244517 584799499
1262294801 1336006156
131528464 1716806470
551775224 1766966082
1263352705 8215752
863632976 1670698197
736740772 561943828
1991355646 1513396154
1633441578 1242493905
683021306 1433026613
1131028422 1352994300
1995909588 234056730
142245225 1164521806
1833802233 1147885842
1574755566 400326237
1871883076 1886903312
1043157365 485729683
1648568430 1661065675
1585553271 406137802
13056305 1715312719
1290995707 935515191
1657823890 511448247
109838581 1065172334
933084990 863512417
1699774808 851087530
927740531 616064199
1923510788 1749883909
698436646 703439065
1041639265 1959390941
1349957957 470795573
1085187846 1832370908
616684143 1525105536
978683654 1556077623
1883941443 589974157
1030743161 561470581
850908563 1778774128
1088366622 240799606
1903577384 1594147093
597625848 1736452550
1146137906 1086947274
1009990123 1301084824
1567903681 513480409
1378419845 956962330
325005666 1496039083
164114592 1561594503
1933234619 1747429213
1688922725 188068642
944610518 1389425484
1008712564 1654055290
408399533 1950336394
1413616144 1188855447
1681318990 1543985429
1959902454 495309994
1740810331 982769076
269606334 1229971304
312893745 96959451
905260749 107615026
149444211 1183790475
670739675 1660496905
109612 843256909
473005296 1008170383
143107331 382523810
98838215 742309628
549663943 474417964
1590718917 1699740699
28823933 918512497
572251168 94502140
803504568 1622962835
1852794803 1712690495
186632547 582901714
1761293757 1340367701
469786547 1622759420
489799130 1776775437
329304169 1439101877
1338199029 1730870449
848714071 1117172112
1033783632 228512296
1469190448 18556323
1361191456 1723907327
168180642 477971009
1411381895 1036943646
707457774 832778282
1757082645 1892103528
1128439652 703849894
58639394 247694831
1128685413 110850997
1481491367 1675515661
1277835103 1745734200
765277873 1230124194
177572827 1077570697
1163919870 805790632
1776036806 1089966403
312837818 1184132477
817751330 460236679
1581232505 1756098462
1617775757 1915650488
691824242 507587612
804522208 878424983
1594408880 179893532
1730420162 617619097
1475917362 1531912187
702152264 1778637515
161172947 1897990371
1151967478 1779786988
762905175 1105999241
590474777 1200288846
48328053 85330658
1298100974 398390538
1273988580 159635611
182451044 804367246
236505853 1323794770
1068341329 1256711639
416994484 751477476
1117641378 1184920252
757337827 386212497
323153509 1709849615
1660111212 1731486130
1170330722 1291067782
1326308208 910205864
1481460878 609257024
1960553200 1653232915
545750532 532048309
884299328 1256417836
1710228645 1453661677
757449411 1504646219
941242566 1237608948
1331109237 219608103
1951127058 430170029
907340874 294247385
695115518 1053462636
1196871455 481799712
1527582355 1495848335
172231221 1855310790
658044803 1902104179
1564485444 78316539
900557911 1517559676
1533501074 1086523654
1008562307 354874605
1071372272 558152053
228102554 1218939511
1714066900 981528510
80815452 1259067372
131550333 591438431
1447583448 532246425
889212376 226488782
1877296271 1602932860
1711834767 191679826
902700849 1539599998
370759541 648181388
291498429 1003498196
120189059 453175183
1542371376 1470808877
1891723956 1335317929
264780472 1004656036
1452973198 247608531
1086999417 1725451520
137106339 1652110544
1447494856 1497887126
403166021 1446244337
1128872442 1293972964
1889536418 801832701
1362103954 1748655813
1281741329 1345002684
1928011157 126623534
333877935 914654618
1634439178 1120518145
543111071 886819221
707876299 386409268
865655629 1570035507
147758333 1694374886
1108331215 1718023654
1684296267 275014637
1179834416 1959497142
463394329 1873910295
1465716978 1663670267
1800259390 261238122
1682421486 367357575
737094472 1853580172
771372876 1112639866
1555869292 39054064
490708262 739762051
503789266 777114355
671684634 1709300441
419188168 1847128003
1824897755 686794206
810308561 1728884593
261702173 379958821
1881102591 1541295260
1093545222 1942148229
367726194 1914665214
886725345 249946371
1309811708 1623347902
109274477 553967855
1494934283 1435535224
642125765 776749062
1666832735 733963019
1696186270 1098097889
271249754 63262254
409043706 1507784599
1195329299 956566265
459698096 640313663
354012616 763584155
794076621 1390052163
260197187 144237463
691715134 486429118
1781147876 320129834
292165031 851942957
1742824619 889793999
1796955921 608550912
1177361342 477215532
754809422 1110306915
733788289 791447315
35746382 875039498
1756429125 1528994994
1089543990 1850212840
736112296 1660266532
426132021 1604872678
410316185 266823196
180485988 1710554823
975776110 1903967647
618213440 1385326346
1952297408 667997669
1301550295 90083126
1677869573 57452877
1503768347 1377426055
323736222 33336938
801846984 1569948025
1900359051 190530506
1952236608 249175989
1497947470 1055801107
605774823 1433999377
1595295850 622762434
1172634940 1339857190
237002996 1601641799
975346078 1111809856
1562924114 651278694
577593778 417188704
69331936 220216280
1058033940 1757468829
1936230062 868740128
1447667488 902308530
1515071061 526072676
1991948521 1861797266
503079409 1485403830
1437036679 598601710
1366051193 72437821
1132950869 216247768
1862109829 1616907663
100176495 630533270
1412426051 1323518839
1988437788 621879497
1783579539 284011060
223838311 490879628
1594381213 1039619825
444631892 1260351169
37769756 382742271
1686676962 260547879
522993283 1115234006
1086247841 406587992
317623350 431813441
1277404290 656016185
1566141298 164092584
912528267 511386219
629411897 1743989297
303319762 931280573
702649585 1082219610
1723637530 1962678034
373196236 1937662713
1531729024 1978558636
192873791 855642970
1488013183 1339749050
659870680 1297546049
173783066 1979445519
1237642615 477386894
1681767106 691532104
321415871 655978347
1760056899 242568903
1259574320 678682946
889260107 1927185718
802563378 1090866479
762505804 548013652
1815312427 1762039569
744422335 358275123
1515231236 990916669
1768940913 1417954841
59901756 1515560800
671595001 292735118
675937027 826510232
710555679 1315605576
1643711124 1683834549
1649184530 220518351
1086040463 708392168
904316904 1716211997
745990876 652404111
97608500 436328244
1789519398 1890300943
1574263269 1492951241
1802972665 1676536552
949671043 1612636518
579453265 1884078340
20870687 1590233331
898762479 886389456
445572010 957217687
1686342793 1450626363
746836601 236682884
346223713 1599329596
582309416 528096776
1034992854 216036348
1785010933 1848127246
17613745 1570718796
776671307 1596478737
1044857861 312404990
772758946 1337401227
1922852959 865047854
473795217 301883872
1703018609 1709679590
1457105329 1751695662
140475077 145911302
1321042292 403114912
1549242893 1113836984
1830197695 872554585
1194545154 1200626142
169422403 1399869833
432845856 915004581
368059962 1446483405
694807003 1950970018
714382052 1624624264
1999058099 1055064957
1342225384 1968879460
687306864 307754410
8197263 165488798
616968664 1294467671
848881246 1426070722
18102210 1198768471
1272389215 674413588
998184294 1783395882
1751830074 452493415
372659606 1278501334
1271032173 629228880
488856610 408954255
439624835 1815516111
1411419121 797737025
380907488 947750238
461138985 1665610748
23181829 280411170
19984920 505528712
461537386 1872996668
661118180 981721916
194659831 236622587
1442181669 1521689556
1884252202 1946532195
1224965114 1347194109
636123502 823168246
1558787390 1844977099
667437716 1053449555
1323794694 1479866363
690033696 1805620430
19627012 709289657
600457144 664871903
1697382291 689170717
1790151467 234191314
1094494688 1648399698
1199686082 1135588682
1463393198 1778231569
1969613299 95397784
375202141 1996920300
1404758800 1611907822
1409004855 1604653981
31101401 1858935537
1997843667 307078911
1273081858 465908220
403022199 1376285907
1323355989 971733172
306189179 433002584
1214277699 900560963
604962857 1154389558
1458034168 100689851
1824499762 1303162428
1250476932 748759004
1898519023 1337169187
367312342 414633500
1882280875 337630502
980706744 341724661
92543713 1553238442
117594531 514339938
523735269 517689217
10657716 1873305536
1597797945 1345221798
1911898720 1832722149
1708264045 617527598
735544319 1162641122
918609101 1096959860
912074455 1353058118
55635312 1922569696
244091723 561884527
89547264 1156322027
1149848668 451344420
1441172 555142094
476981078 1331403186
276337966 1010088868
1517445569 150135579
470013347 1053467204
171680519 929605162
347713969 1173460279
51483276 127924233
1284389528 902614114
1844893964 157104597
214280167 243454153
973081262 872343376
1493568924 1752709871
1366709706 885567418
30381181 1552387848
1015137523 1450673996
660981685 46816991
1170295392 449958629
151466490 93259144
166438373 48851989
781324611 1119436949
409283457 1165262854
616306902 438070296
1764088811 902301864
774536310 1832195417
616744685 1876831111
1564697730 347356070
444571108 1173067490
1908305946 372002840
1120334352 934593009
400391262 1142280457
1674868544 1397911953
1462601726 251836755
1007276479 320373659
1550465445 1205851337
1501773444 511250444
171028800 1442380498
785530904 1645735260
1657862039 280956195
1972085331 1872649237
1805983944 1197272956
1092562839 426257576
1369082362 1510836547
783032543 64732284
141666011 1320348418
191291892 609753141
1677043899 1589728682
872837966 54626736
340562734 1640801301
1998760930 1078363624
987514837 1087195506
51020307 19327690
423151188 29208580
680442565 135978559
1734288058 48332193
1650842519 1428852890
1229856282 365905229
1525543391 587222076
344405957 1302531559
548847037 1267964794
1440745207 1164089256
817043034 922012868
944270270 175565448
1107131977 824281527
34592411 1478674148
948944520 1425391154
1045883012 1547203634
1424791400 1279008010
227212329 1215942459
376569450 826153199
519383644 744114112
89882873 89222092
219540499 916898168
583293288 785049150
1205793580 1692022535
1842707638 1029052931
972945770 92175494
1945996031 490813755
64322149 1847608473
1197300546 822327850
339983380 346867420
674525629 1503399750
1705056721 1423894065
1587743272 346307408
1645703790 1381062034
1505576982 407356218
815017565 978275089
1426893023 166260175
922014692 1054851218
1402986734 1921186622
1991287799 477454414
799180556 910817515
1671022343 683007794
1941592433 1495541565
1483863695 1928472016
1577421679 1601762676
922405692 142693489
11750277 268450723
1184674042 936202499
887430978 1456576826
1171679319 1227748159
1921857213 959871359
808416981 843110690
366143274 1947539917
1921909578 1681645826
1046388707 1778503489
849852990 1188309931
712686645 1566152940
1186708695 733450124
192622418 1542334510
1604075370 1856571747
1686988571 1618845295
615210400 24233008
700477216 64323838
1882856630 142996215
1130362491 1012559689
874119846 1585156004
1650792082 1800870085
1976805891 207360753
737422526 1545843077
534480400 72321907
1773788602 1439341802
1360302034 1792839155
1781724398 1370220490
1336776511 1100736651
754223738 344541114
309336139 944578435
1379792273 1950492392
1103627569 1505617749
63922256 1949979534
1965210445 1574680881
1867502990 76256883
1478436818 186181407
699524093 669487410
796653104 385548056
658224849 1218262873
628059075 61152030
702026406 343817169
1110639702 838438763
1484558818 1415605761
1834035982 746745730
1303291967 59532885
1471657756 1208421132
1738037400 1666279761
1094902629 1672381830
552616724 1814983331
82497611 1343858653
617964740 1709863644
460036358 1233785013
1343312386 1058340284
941102249 1333779342
1019396710 1159009102
923877009 1189531952
553021707 631295541
600803263 348017165
1429641084 1344606132
1930595148 1804965207
1820094885 100203590
868136799 1826675145
1792438480 1904845395
1232203131 749635132
1672938403 119524151
564826249 1257461468
18294600 1129316114
1786432617 1490743439
1383939084 1996155060
333485757 621010979
1087811412 276862352
891904534 816303350
662349364 869001327
251811600 1557155809
74173630 1310449060
562444727 624829316
957159471 1856672339
171955845 980079636
188570237 1282036611
909372386 1852501445
1974206246 1816040922
117397094 1718210386
894993925 98081905
218264498 436070474
1300239457 484290671
1608599107 1014979814
1297566339 140937453
464040093 1830664992
1240406733 1258805230
99663454 1173563251
197747422 1256519854
1035294814 1232104735
1057491862 691970085
893878305 791630619
1447825317 955700255
490937737 487733002
753127368 372769795
277938395 1590091292
1383119567 701380934
1966211472 1506103835
756078946 1354169246
561295754 1996135903
1317563095 1677979291
31338436 1516729227
1563282191 475248957
1842371336 517247602
143451149 1547214784
591601589 375843841
1804082116 1536151281
12871401 1799476265
785133434 101841745
1987257602 524885459
1229059471 362606918
590885524 196457686
841540227 540686414
679701517 1032086982
241313208 201033339
484376669 520812789
101636529 343138136
427414555 1750822047
357043490 1010836561
1644617265 1533983611
844102327 1933694883
152938013 1928054211
1545716614 54782810
1914265383 69213037
1518446534 195023249
1458766508 1557936742
1711347852 638936817
153743819 84448119
1259424476 1364173797
168597116 375264705
227150922 655410833
601242581 560508762
1544285990 730863640
505578808 1814434013
1921432719 335756810
979047101 140253622
1518060454 1672915391
2688379 1452619352
1239561928 417071559
1790276822 59802846
1931465831 181952991
1301238628 65767501
449159125 960062368
604178092 1527416795
1606699482 1472591614
166486803 484846159
352323782 1513924593
757687116 1181316734
1234061292 985521055
1971148774 1372665926
318484811 83692194
1324583883 1218947642
1538478222 1386820183
1527307644 1945761407
276039509 334687620
1211822217 1540149284
1415907562 756464635
1328864326 321805146
1590179104 185925381
1410499075 169720997
898574556 1966073561
122795169 912749931
1869018892 45759175
143686296 368277871
101655620 233884240
617215702 1883094400
1122026303 1111966747
1632675725 1503575549
1337535951 1560782341
1103767219 746881439
1863401902 53578931
207076961 1582553089
1215746064 856261736
430366586 1908897126
468681842 485886196
176909644 1945190273
151048558 1993728497
906586881 1990519005
1701248170 1933632516
1530663724 1159480434
419782258 1147879781
337822119 1040418211
1510037909 337233761
1432591641 324893169
453933207 1089349798
887240246 52855112
1167783483 359799738
1391320786 217212014
332430466 1808783615
1720291798 556011993
1736719356 1966616316
1602822964 1707406587
1471689637 118895679
1179030335 630904668
1706003117 1802652574
1604679405 1646267763
345250067 335133993
1410539071 1308625877
628204073 353661942
604777218 132175293
1544564289 217989043
1296450540 1751100468
961610293 735110611
1503581616 266548529
1337274863 499695634
537116372 570335397
1408591421 887045914
1593202622 278524810
30027717 1140160794
374631288 253407602
1646738730 1242716590
1009748405 516369810
525588581 979470568
445329497 76174885
1118996967 320445769
1096096088 1322613280
598668663 81028276
1517474238 1743762994
1037161412 159736844
1834752036 180791173
638083544 35946591
811928589 891912891
1618228113 1157674679
188419743 534214940
1065016833 339031358
1662549055 2243567
1902895794 29074295
1860220714 441872532
167866462 1618826322
1034216782 1717924286
872392285 1750377691
1259135977 1773440382
162118696 889353631
1971094864 451235749
1714503150 237507788
772265496 1564630289
1523112554 1443899986
1886442749 1158663978
1112897098 784163315
1067851581 730641716
1530780649 1080991849
217451915 1175413406
1587410532 211408651
1619891563 620989100
947439664 718778740
1849386092 170477458
1252912632 1041575402
329382933 1442646709
1585505208 835583073
525676058 1051271513
233445079 1572576715
1139414181 525494236
1507162169 406977297
813086454 623515738
587208270 860086374
1717382815 1328030360
1227015656 1063444071
1942633900 896469358
232715196 596279110
441361430 1537467180
59451840 53101328
461489539 1727257077
188108115 1923398386
1698266295 1073137027
148103819 461185358
214777071 1443296315
1282819208 343220503
1442979272 50635624
241696530 1644443827
325953993 1289353666
423672400 1781046551
1878176336 646307125
169251976 1932262522
183674247 1520144239
1362595812 1108391592
1260186099 626668791
1467103516 242801664
743849085 562683719
1044574666 802954045
1241778889 813890992
625824463 546140298
1833003524 92987605
816126460 178608628
226635316 1200779900
907435484 1280248944
387806787 291098195
1443792650 937370392
1733177618 1503085903
974421537 1862773286
1035036360 1868536606
1944663131 633020413
1081875018 785726749
1793972683 895298180
1379402763 1347009293
1324148276 1938475902
675565603 1972406603
1874478763 421063885
379726063 1063869377
1399214871 87455684
1068991182 727546971
347211312 1811895504
1086295185 1077864538
1287288546 216337415
98709287 522523335
1900774029 692412603
64524317 947239847
100950619 1858585854
535084271 602750689
1281156001 448613498
1291520054 1854435951
1725372549 624826603
826930611 156287383
287414180 259318054
1965190885 498716845
338834089 817544240
1895540212 1537209411
1726239303 1104277237
281616480 208792382
319695086 1418084545
90782169 1943747997
1015391244 1329784700
1241779683 1775543474
1049949088 1483901107
1646624781 258590836
1744456679 548223581
1784506259 909410258
806808843 1391542783
338501294 749683783
1044723090 398250618
546719485 1189380778
1564033240 606369972
1133782199 1856561843
1694651663 1570856009
1204057954 1866547024
906415108 325059853
1828028830 524818412
725347277 1614031158
709407699 1155903420
1757387162 924356779
1736985627 1032767016
1345848757 557539542
715082696 407745834
1351624621 74856184
1411781080 1393272595
785743420 960498808
619101358 569759821
1772214427 1753030423
1920281293 1936531895
1049384416 590763407
549031868 376580760
197975314 1353747366
109302640 1105176056
1380209077 520188310
1675774798 1746685915
1661995906 692782958
1893332511 793953346
721962536 1423378159
1177604711 1964754318
1753348606 1669837564
330503980 1071742591
683852393 1578548630
849395086 487408302
596144419 57949645
734271660 1718348421
389034736 1588834850
457881314 1580007812
1974942078 194866080
34697448 1795744008
248746505 663337891
1318981061 1157116518
55455106 1607668377
102814381 1152654704
1224652587 1702511728
281795567 382758943
146750617 1008676103
1300173593 1777068299
1398444575 751496581
1690234241 1336965241
1051397956 619943792
1307611614 595196241
653169240 885938071
858296133 1906690905
767649074 1423174267
265335819 33462680
1635841970 1966700738
232370914 414091252
552561627 413926791
555168892 1027326001
1971531804 1744472481
5682446 1990922058
589118726 1529005809
997786322 86838007
1210403776 1871694790
1681866560 1379839489
710302867 1887417799
183899069 1547945841
990751588 5181494
1956336160 764338044
696269052 772735952
196568942 1403242900
171549877 211235693
1548436097 1924147907
1756130376 1894359696
727072207 754571846
1716608510 206372090
958860209 723948353
785362189 1864815086
1382640472 1977257018
1954858632 1449060373
700847790 960312897
592766304 1647084766
1191029639 1932530682
1558818251 1778383758
193925647 1361701810
1297917691 1707131496
1382185968 1959789240
447145243 1031343916
1129331318 1936609615
1358173918 1053536856
995784770 668013849
1633416486 1226229509
316298059 274517811
797515721 467429039
1894059706 385063298
861660966 429856158
1975130709 353200050
1188999303 335438790
757122168 665220884
1824982518 477002079
1118285906 454293070
876871946 1404760831
1460044266 1679839546
676032845 1522982219
289393495 1829276003
1460038671 39613282
579643374 1803250607
144094053 1569163171
450773529 1040973890
1123390745 96723056
1068918803 1933257611
1481543635 1408459879
1506333383 1504863661
1691621880 489826222
135831251 1403981684
352044735 1730047215
185981550 1817001767
268635351 150005578
832035212 1884818191
1785534989 791544958
648363771 641620635
1038945426 1345899972
1618302747 911300568
677190004 983565964
1975452135 1697406555
181544027 1193885503
1951549846 397039136
979648079 1442951252
42075340 690503224
1377425120 487548824
626659143 1759078254
805720218 423576837
39545724 1740070621
1172605109 1308459818
1701651087 570004508
1941965427 1345171223
395184221 1594967228
583822767 1365195530
1477311575 614304230
808913684 853272897
567364310 1980673173
83004217 77439192
547852965 1662648642
1076586865 862754691
283542263 566396560
213766296 1351949704
1943671393 1137082152
547777024 732700281
894298848 1996554607
1188262096 722091561
808861334 1313237787
1975359008 1656902588
364597465 245859734
121180315 98466302
1962009304 366980031
1903175954 1439205217
1373626960 1568433256
686420927 96840100
499933185 1993995323
1129756695 64935346
366840540 343852008
1050748519 1715135465
377200280 462484664
1027853641 1129441309
1728621188 992258011
1211483483 366708416
1717321507 756011781
794920362 625373715
411206253 377530766
701587587 125831173
1317879352 1958358206
1892457623 787918312
136605074 98078898
25788772 541232374
879838757 901433124
1860727216 1433706355
905771436 1527496445
435095679 1909587725
1718698389 607488798
1527009512 184763556
229047924 80435400
1622942349 97346237
111078323 1022331083
353016125 643555515
1150354800 976745849
315988359 818317409
164057316 1272564103
1826002188 1116874578
1964193908 1112357666
1152370410 1096722196
1371186391 680982384
567738208 1996744678
1927368819 1058473451
593907571 543794116
60813783 1099587753
1984656648 1677102771
1764346410 1935314700
208769414 1420452614
645044431 1833713947
1852203489 773608868
1262201814 636047565
815451540 567218492
1396981132 410652666
1209280233 1388908236
63985754 138500264
1066552782 1961467792
922594894 616757851
1893167552 1587520128
1158694675 610965163
1782222652 1394563442
1879875417 780247642
712004486 159122259
54458295 69147791
908110062 472576190
635687359 1155586393
451326883 1733135277
763241050 862493686
785758777 1571719396
335794687 417046174
894793941 1487770755
330647699 566104348
1983081325 1363727980
301771291 1178242502
163318947 1049781801
1141805020 234662204
109381234 1640474740
1785498941 1152311388
634898873 973526346
533629393 900299270
177366095 993908258
322862903 8445931
1502763215 887558025
1009308748 377009588
1462799612 596078660
1020938223 267559905
1770335371 776778927
1044036272 1474660457
1579026484 1433157039
1091653115 1428244596
1706534520 353345940
743574801 672549899
1475671880 755118830
1343586922 890406783
166579454 815890070
878570992 626232716
761488979 859559878
196225592 157606254
709234258 158098361
815330738 1516197105
1737894693 702578170
907884365 1699949251
630089366 647082954
1234772670 208464465
126252029 635536291
1835553108 1667123823
1542339863 726467393
1427320207 249303203
1486390110 1289924241
477596988 1484248363
125044274 969019224
1946437146 905425713
728725429 285260632
1179992880 52447309
596110039 464185855
1962640101 1240683741
1464660183 1155107945
346538902 348996746
840276363 1299823113
130527211 1725343607
749642937 1492080520
57210788 1400835339
1088333847 874058561
1783063395 1770032872
50758926 234682329
1285429841 1124759640
846318356 114612553
454836276 189240044
1521665021 134477100
1550738195 432917406
246127492 821646668
968773291 1449670453
1156549991 941240671
256195695 832144213
1207196935 734145580
140919041 156853412
1159349055 132214274
973011906 431378578
265685943 32641304
798469177 1863944791
583052410 1631483613
1644504459 1543427392
1075879963 890871245
1827792953 1813904041
1423098157 1218742170
256859345 1971749844
546047029 1269313838
300164172 1996567947
1452463214 1226692548
65555730 1628553928
828632478 937874256
1346746366 1074176382
11414219 663755866
1517456283 1237503827
467817191 1267358800
407468456 287164477
136900195 546805663
1039088077 652924710
548992626 100484942
175482848 1603852222
110207789 1495894464
1291733377 75086589
525269451 640593241
871495108 1366028098
1567986634 84034295
1609141272 1510236222
1395291219 312299438
409253925 144233980
1545125629 987004340
1143040197 1124935230
1827881040 228502235
246018773 19216393
827895055 608172071
153344064 37397351
705738290 203908663
966048859 172647171
369882301 603357534
1130824185 964686518
1718665835 1179291844
961518730 579189869
1796641093 1382410192
1923263653 122316183
366701862 1734603987
772409543 74611472
1747681269 1390275409
1936760282 1981143647
1109423658 744199052
1589685264 1523434840
1296921822 364807533
1309713139 1271218864
1539507986 557362903
1640552965 1163315813
900717625 929284599
414475216 1264411018
219791219 1856671760
1924410750 1207064896
440320026 921489124
959779540 1290185604
440240754 1747009871
983407108 649592497
90785098 1254895436
840058763 921630376
1574105553 349919656
155115853 626744134
1156653935 886489929
948351555 1358848673
110891732 303246378
1841278906 1731719573
1138392770 6824193
1648394684 1912063115
594225618 262125121
872506046 1914419176
310291990 1694894198
1951066513 1336952801
1206950412 271294049
1364862387 1918269687
555392384 1343448973
993883582 1863678321
3967992 876537059
1355407579 516215827
185150269 1984362792
426789057 441514877
1406191363 1922646347
290586294 533999068
1989835210 949208375
271488649 955075854
558447840 1118573897
1078916793 1768756749
1066565984 1554181824
