10000 100
875
644
899
575
627
844
586
626
956
708
754
765
805
992
620
724
956
514
774
933
510
517
642
557
658
624
674
890
878
786
890
675
852
973
885
961
593
878
648
934
618
819
528
532
520
693
689
530
728
643
530
915
606
674
854
870
691
908
797
952
627
746
901
655
823
773
700
586
881
669
828
548
912
828
522
523
566
573
758
860
943
987
727
703
860
977
928
660
809
713
980
697
894
579
586
906
506
572
823
867
