93
859301
877288
132978
946899
577318
337119
883701
180954
290505
611878
851703
955531
936434
302838
194350
740684
767237
559725
675364
281831
73816
115772
904804
447360
117565
939939
824291
815403
139447
32857
508593
414103
687977
873540
477761
837793
808210
766265
883521
880087
688928
662697
731285
317873
349192
710954
664148
729662
419717
119584
227776
135205
626128
259734
692495
131133
936477
654226
488453
758816
183904
739891
391500
706608
415060
790087
613955
296710
193563
853858
366734
852069
556995
43137
670771
51497
557081
227935
988030
486771
995085
286699
272568
43486
976550
568938
692559
164801
641985
220956
440227
452432
84388
