87
1
37
234
9455
62889
48091
7909858
99129516
695204102
9113372735
6
61
843
3626
51872
170483
6117470
14334300
360534461
4953090479
1
56
747
8307
45333
417911
4854236
13945701
468373295
2682620298
7
69
975
4752
62387
913577
6254061
22540473
57969586
7198392098
4
59
374
9712
59955
88836
6195576
33311925
517189448
9257889253
6
15
448
7237
31105
369296
1812465
10343152
938669687
7507329155
6
22
284
4761
51810
405245
277895
35919336
938003283
9664975171
5
81
333
4203
84153
378130
1963970
48289010
318029853
950952950
4
1
209
1875
43498
496282
3303090
