97
633861
239717
91853
143527
836587
834676
755608
742943
673414
313349
940902
899095
930029
922900
738847
701699
668972
698204
234787
739401
433303
536649
620245
398044
539444
930294
187345
572032
254492
369150
270259
864229
704746
728797
14257
136781
152802
660341
349972
877980
399194
653378
685753
565045
541273
805834
463121
665189
268058
889179
120464
704392
665604
437242
207299
513449
473182
144833
121023
554118
938772
480393
136243
216009
728578
310783
797718
529102
54507
472176
70276
997333
77124
700577
130320
875036
193132
832651
644367
75090
217862
938285
699197
420937
655031
569978
888387
949221
539497
744454
904419
996362
285244
756855
463985
387371
221402
