79
575734
79573
858716
59871
104557
587528
985530
514833
520852
461651
700365
772659
180459
780644
151046
955709
53644
388312
569406
197600
637428
671120
879290
817671
978648
963777
410067
775539
103493
883967
196440
47666
645277
54977
706172
584992
412311
728665
614571
372825
519636
764229
887537
118230
640355
998875
924742
933989
604134
122928
381933
580748
7165
283541
95461
541970
934603
316808
695491
264869
259006
898917
705202
313966
977593
166695
424671
810680
57696
509344
364176
182379
793653
292725
987898
580447
830188
694711
854239
