4:59 20:52 9529
95 16 0
24 4 1
120 20 44
139 13 78
121 14 72
120 26 0
13 34 98
100 14 34
121 25 0
122 17 25
20 32 15
115 9 62
96 37 26
46 11 0
34 5 6
79 22 2
56 16 27
112 6 0
100 9 8
148 5 73
61 22 32
110 26 82
36 14 29
97 26 52
64 2 0
49 17 47
143 32 0
103 17 19
114 38 0
43 39 76
129 6 65
91 20 74
5 5 48
131 31 0
123 11 0
102 4 43
67 33 28
18 7 85
150 32 24
47 33 49
14 35 39
20 10 0
103 24 94
138 2 23
108 38 81
132 28 66
32 26 59
141 16 7
22 6 30
1 21 0
103 23 93
126 9 86
70 4 40
141 5 36
73 11 46
19 23 54
76 26 1
130 6 66
2 15 54
118 19 0
107 38 24
150 22 69
47 30 82
55 34 7
118 13 83
35 38 95
91 29 74
129 23 90
48 22 54
62 20 69
38 33 83
63 3 75
49 14 97
72 29 89
76 15 79
80 37 36
124 26 93
8 20 59
45 27 0
87 5 56
53 25 40
48 11 56
81 9 70
100 37 85
95 1 53
28 15 59
19 8 32
58 19 30
128 32 83
102 13 18
59 34 84
13 32 76
42 7 18
126 8 12
127 8 32
74 31 40
106 7 12
93 25 44
109 4 54
134 23 4
72 25 97
150 39 52
9 6 0
43 29 92
137 10 1
114 27 86
125 33 76
142 32 20
12 23 87
84 14 64
103 11 45
115 6 3
140 38 0
72 34 37
12 5 58
49 19 77
140 5 5
67 18 0
63 12 55
4 32 13
134 29 94
49 34 87
111 23 55
34 8 88
90 31 77
48 31 52
102 30 2
68 18 3
2 15 70
142 40 52
53 21 52
21 27 0
101 38 80
14 15 0
7 3 37
8 14 0
148 17 54
25 39 48
66 13 0
139 15 86
5 10 81
126 21 0
8 4 12
45 24 30
86 13 20
71 39 69
104 6 48
20 37 26
136 24 48
84 2 0
31 7 30
109 4 0
34 18 78
94 11 51
71 1 44
91 33 17
80 19 83
106 4 40
52 33 90
73 17 88
33 10 61
113 38 0
52 27 63
111 35 0
30 15 91
21 24 1
129 9 16
79 35 46
26 1 52
84 33 22
69 7 22
135 39 35
73 2 58
10 2 0
136 11 0
98 40 0
97 31 66
145 24 51
142 28 46
82 23 15
22 12 43
115 33 9
67 40 97
76 18 52
95 15 19
101 28 59
118 20 37
69 26 0
130 25 37
12 25 51
125 5 4
119 1 21
42 19 58
123 37 52
108 26 58
128 29 26
116 14 62
1 38 48
16 37 66
76 34 57
13 11 65
17 37 100
111 30 35
102 1 0
80 21 0
120 22 12
108 1 83
113 4 69
75 31 30
112 38 0
68 3 34
64 34 71
137 40 0
86 31 95
34 18 56
146 11 98
96 19 42
47 30 82
111 4 78
5 24 38
51 39 57
110 28 19
131 2 8
109 32 65
69 36 0
138 18 84
34 9 85
79 38 19
40 34 91
107 35 44
39 3 6
122 8 1
78 4 91
16 6 83
52 33 0
43 33 76
144 38 45
17 23 80
61 17 0
105 35 99
21 14 63
118 16 78
27 23 58
121 7 0
34 33 96
6 32 73
129 39 56
119 12 61
110 12 59
91 23 51
74 34 71
145 12 5
69 24 63
124 5 0
19 18 12
11 20 0
19 5 16
145 14 63
59 28 48
3 39 98
80 12 1
34 14 0
32 30 95
110 10 43
5 37 0
33 39 43
116 18 71
134 34 12
18 13 94
120 16 29
8 21 5
66 9 50
54 7 8
106 39 15
79 4 75
44 13 60
41 17 76
63 40 0
127 5 0
147 32 44
45 26 72
128 15 62
59 16 0
44 28 98
18 27 97
9 35 0
119 6 0
49 38 76
119 39 85
133 4 1
30 25 62
141 32 22
113 19 55
27 4 39
141 40 26
147 17 78
64 20 85
27 35 2
97 11 0
3 11 50
84 40 0
16 14 72
124 30 30
122 21 92
18 11 61
68 3 14
4 8 26
131 2 39
146 18 15
95 27 58
105 10 38
127 15 18
113 19 59
149 36 55
76 24 0
16 21 0
72 21 59
22 4 96
24 16 0
99 18 68
33 32 96
77 23 57
35 25 69
53 32 56
67 9 0
43 36 20
31 26 47
18 14 63
106 14 46
139 15 82
147 26 88
97 32 82
111 7 63
126 37 89
78 28 28
109 31 93
37 20 49
20 2 39
124 5 88
42 40 22
70 10 34
126 5 70
83 18 45
69 33 5
61 8 7
91 1 5
16 17 69
75 30 67
77 25 57
25 12 0
144 35 95
86 26 40
43 8 92
2 4 17
85 39 14
97 14 65
139 7 2
58 7 0
89 7 0
148 10 0
116 18 35
78 20 80
113 17 64
126 27 6
43 10 42
55 5 0
21 16 31
136 39 23
36 38 73
143 3 78
51 24 77
46 17 39
30 33 83
90 18 18
19 19 59
7 15 0
55 29 89
49 17 90
70 14 0
21 12 18
1 15 52
125 21 9
106 18 0
45 6 62
5 32 52
38 19 0
77 37 57
117 22 89
68 26 33
89 23 0
97 36 3
43 19 31
141 19 59
93 4 70
2 3 62
97 3 64
61 24 25
57 5 66
81 22 0
115 4 94
144 23 49
19 39 0
121 35 0
110 38 58
89 24 91
14 35 16
11 9 0
129 19 85
86 20 0
32 32 1
110 28 0
107 10 2
107 29 17
93 15 16
31 13 31
55 37 0
7 35 8
11 38 18
32 15 95
6 31 28
103 38 31
137 5 97
29 27 28
83 38 25
104 4 42
5 27 78
21 14 49
110 33 1
131 15 69
35 25 85
11 2 70
145 33 35
32 7 12
116 26 71
93 25 0
45 15 95
88 24 70
92 3 0
6 13 94
20 10 70
46 33 48
134 35 88
108 25 15
89 39 0
64 20 96
134 17 82
135 32 10
13 29 23
135 14 56
146 21 70
7 12 19
107 9 0
139 5 57
117 5 70
16 16 55
12 40 73
52 25 29
100 11 18
98 40 98
109 31 22
145 2 15
52 13 9
118 16 20
3 23 15
110 32 56
9 21 0
1 5 7
2 3 0
71 31 96
74 1 0
125 1 56
67 1 0
71 14 65
137 8 55
140 25 77
138 8 48
80 31 94
143 28 0
137 4 42
145 7 17
85 32 53
72 13 12
49 31 68
106 5 77
127 26 55
78 20 63
147 15 2
144 33 0
128 33 0
13 35 84
142 29 68
116 37 68
146 1 0
136 29 84
103 24 23
110 8 6
2 36 91
82 33 98
86 28 0
22 11 0
28 3 64
81 35 26
135 34 0
70 17 99
85 37 99
134 22 56
105 16 0
25 31 90
58 26 41
56 33 84
117 11 0
27 17 31
10 28 24
117 26 44
99 11 71
87 15 100
61 23 43
2 2 87
88 17 73
142 5 0
60 34 0
139 34 92
117 5 54
24 23 67
145 14 5
118 23 37
70 29 0
65 40 71
122 27 87
70 40 81
9 29 16
143 7 54
129 5 30
80 31 14
63 3 0
52 9 20
6 24 56
146 8 18
22 14 0
19 20 32
102 29 0
123 12 85
83 39 60
106 16 40
69 36 11
40 16 0
121 14 8
99 31 2
58 33 59
23 34 11
119 37 0
24 16 0
41 20 16
119 32 40
65 26 94
23 18 18
137 13 0
12 4 43
116 25 26
77 17 0
27 38 32
80 40 87
108 36 69
14 12 52
93 11 2
138 35 86
77 3 6
34 3 14
105 18 26
46 24 76
34 32 98
148 16 59
110 12 7
55 15 59
33 12 0
150 27 0
142 34 37
46 26 39
41 35 89
104 7 0
96 35 38
79 28 5
148 29 16
74 13 27
100 36 62
73 13 27
92 38 41
98 5 11
77 30 45
11 34 0
110 16 76
49 33 50
145 37 70
28 24 64
76 29 68
117 9 63
7 30 40
112 30 96
112 36 32
68 29 47
99 4 35
84 7 100
138 4 86
71 40 30
109 25 68
41 26 91
84 23 38
128 2 30
76 29 16
13 9 72
63 31 98
77 28 84
49 18 48
13 21 28
129 3 63
63 16 9
50 32 22
62 22 54
14 29 81
65 29 30
57 33 45
24 14 61
105 22 0
18 17 96
65 8 73
121 1 55
104 16 74
68 15 94
99 33 0
124 34 70
52 4 77
60 31 81
49 21 11
23 13 52
133 22 0
99 40 77
22 19 1
41 38 98
67 1 3
102 23 73
121 4 0
18 35 47
40 30 92
10 15 27
65 37 10
59 7 88
116 11 6
12 39 16
72 30 46
23 21 0
6 15 59
79 1 0
96 7 65
91 25 0
33 37 49
42 19 6
19 32 8
71 14 0
15 25 73
150 25 48
84 22 41
60 10 39
37 25 0
102 15 85
107 3 90
132 25 23
136 17 14
42 29 2
109 27 7
63 23 97
42 30 23
136 21 94
64 3 72
105 36 78
122 16 65
106 35 28
137 30 88
146 14 14
71 4 73
81 29 0
104 29 92
58 10 89
36 15 67
108 15 71
92 5 81
14 37 38
34 13 55
123 36 43
111 17 78
27 23 2
116 8 18
117 40 2
38 3 0
42 5 38
30 36 39
128 10 0
81 13 15
147 11 0
77 25 24
76 15 79
36 7 0
147 2 31
131 23 0
25 17 88
34 25 41
25 29 0
92 13 1
74 2 7
14 37 93
142 15 54
73 23 11
137 21 45
40 9 11
54 23 89
126 30 13
114 9 6
80 14 0
96 19 62
42 19 0
7 9 80
80 22 85
101 35 18
59 23 3
109 28 0
14 12 45
126 28 67
91 18 2
25 12 13
59 34 0
78 7 0
76 40 10
43 37 69
33 3 37
111 22 41
31 19 53
59 38 5
67 20 98
147 3 0
133 32 93
46 33 29
71 36 84
7 37 82
58 7 22
60 1 19
100 14 97
137 18 1
132 34 0
105 2 0
52 33 97
41 7 21
94 34 77
124 12 0
140 17 37
118 22 0
12 36 13
78 15 0
67 7 0
1 26 93
3 18 8
29 11 40
107 17 36
49 17 0
102 24 58
66 33 72
7 10 20
91 16 70
3 13 64
37 38 95
51 23 0
40 18 64
117 16 41
86 11 21
129 23 92
48 22 0
122 23 36
81 26 21
146 29 5
81 24 17
75 15 69
118 7 98
41 25 14
139 36 26
99 32 36
21 9 62
13 16 27
79 8 0
53 38 56
9 27 24
79 9 76
138 25 17
75 33 56
145 8 50
29 27 74
8 9 62
129 36 71
137 1 75
4 34 43
147 33 2
116 24 11
42 15 50
71 14 98
124 19 77
85 14 92
135 36 89
130 33 87
132 8 88
13 8 97
135 31 0
93 30 42
4 35 96
103 25 84
78 30 44
101 27 0
126 30 51
6 4 67
5 21 8
65 15 93
56 39 74
101 15 58
125 18 24
73 40 27
124 38 47
96 21 0
121 7 0
75 18 33
9 9 8
110 29 53
87 12 47
117 17 96
138 39 23
149 39 56
52 20 92
88 5 10
28 35 10
72 19 97
12 38 30
115 15 88
58 13 7
40 26 59
16 26 14
83 24 94
134 14 48
93 12 43
84 11 27
9 10 47
93 16 24
144 27 0
96 11 0
56 28 97
58 26 36
136 6 4
131 25 88
54 10 42
39 37 62
130 1 0
129 29 0
89 23 19
148 26 85
116 19 64
67 14 85
107 1 84
132 22 59
33 33 0
65 30 60
28 38 39
31 25 10
149 19 41
139 17 96
45 24 68
104 11 0
119 19 82
117 1 72
142 35 14
129 17 14
112 17 75
17 18 76
134 29 59
70 14 25
129 8 68
129 39 100
128 34 96
95 24 90
4 33 48
66 33 99
3 17 75
142 15 92
81 15 93
25 33 48
113 21 13
55 13 58
8 10 38
23 9 0
59 27 2
13 5 38
140 10 82
132 29 48
4 26 81
96 13 91
109 21 0
25 18 73
123 33 49
84 35 19
139 21 0
6 20 100
21 16 96
76 7 66
71 15 23
46 15 98
81 5 87
43 15 0
75 23 18
35 26 34
11 27 71
95 32 24
111 25 84
53 22 20
75 2 79
121 30 59
132 9 0
62 23 95
46 28 59
88 29 0
27 32 0
17 39 17
65 6 86
55 1 50
57 5 50
75 11 0
30 6 59
13 15 0
143 14 69
103 23 0
42 4 4
142 38 32
120 8 40
90 25 0
80 4 0
149 2 83
31 3 0
89 9 91
115 27 10
63 1 76
137 4 42
95 20 16
71 28 6
78 34 50
40 22 17
82 8 25
137 39 92
115 31 15
46 27 0
145 24 40
13 27 64
87 37 86
26 15 0
105 3 11
3 27 0
102 30 34
41 2 11
79 9 0
68 35 54
106 40 0
129 4 56
79 36 10
148 9 25
140 12 80
84 30 44
90 22 4
50 19 0
95 11 0
91 21 7
41 24 99
1 32 0
83 4 92
24 24 43
44 4 63
25 15 93
97 33 93
61 15 92
136 28 68
57 34 94
1 9 82
43 31 96
30 25 33
149 8 28
118 40 42
99 29 8
65 23 71
142 15 88
44 2 0
51 14 27
99 10 34
110 14 73
26 22 0
108 40 11
22 16 19
24 4 51
108 13 23
133 7 10
146 23 35
11 9 42
91 24 51
42 33 0
1 35 3
14 12 80
38 9 19
53 13 48
144 23 84
78 28 16
3 29 93
10 10 95
18 38 94
49 13 64
35 4 60
11 17 0
68 15 42
13 3 21
53 30 20
77 36 13
140 35 87
98 16 26
19 23 93
43 34 83
67 9 73
14 11 46
49 36 86
8 16 6
109 39 20
91 18 7
17 5 91
4 21 54
25 35 97
35 1 0
17 30 0
131 12 84
144 40 97
148 2 86
51 30 2
136 27 51
42 5 82
115 18 0
3 31 1
118 40 34
125 13 47
19 11 83
61 11 33
107 4 59
123 3 2
115 8 11
74 34 50
136 21 17
78 20 92
77 26 14
12 29 0
14 15 12
126 11 0
77 8 95
140 16 73
124 1 83
19 15 31
118 16 71
17 38 62
88 37 0
54 26 0
100 4 21
81 12 93
49 38 22
147 34 0
48 14 96
24 36 67
25 13 63
101 14 94
124 17 65
27 22 94
10 35 0
69 36 12
26 28 46
142 37 88
122 20 46
67 11 65
85 22 0
100 28 68
80 4 2
92 22 50
123 18 97
129 40 77
37 34 0
7 13 35
78 35 61
21 5 20
126 14 30
95 15 14
140 22 20
121 6 36
24 15 0
140 12 0
112 1 9
8 35 90
123 37 61
124 7 78
103 2 50
71 4 44
63 20 44
85 14 37
141 17 96
14 7 83
88 29 26
102 29 77
17 24 57
72 23 88
99 35 95
20 11 30
129 39 43
54 35 50
100 22 5
131 3 0
74 33 67
59 8 36
16 2 54
106 13 22
130 3 98
102 37 91
135 21 32
34 21 46
9 14 88
146 4 47
8 32 0
121 8 19
131 2 43
93 6 42
143 28 0
16 8 89
74 27 82
103 19 54
44 6 27
76 14 8
3 5 0
62 10 0
11 3 30
7 28 82
123 27 85
101 32 29
63 40 0
56 22 95
108 14 3
47 27 23
69 2 52
49 23 53
46 5 8
81 18 71
115 33 52
81 28 33
52 33 76
109 28 38
56 14 34
73 37 64
44 28 42
57 36 4
88 26 35
118 27 15
25 30 77
84 33 94
61 39 14
83 40 47
22 17 46
144 13 82
74 4 66
71 28 49
112 37 36
117 25 16
133 12 33
133 16 2
111 36 94
16 30 46
138 31 87
75 30 0
49 35 0
16 7 0
35 18 55
125 22 0
32 22 0
35 1 33
20 37 76
48 36 0
23 32 61
68 25 75
143 32 36
41 22 83
79 35 13
143 31 42
15 32 22
55 28 24
23 31 85
63 22 77
119 13 82
55 30 41
142 27 61
123 22 93
35 22 1
1 37 83
45 33 15
20 39 0
6 34 26
145 29 0
60 20 0
75 16 67
120 34 85
130 36 13
139 16 97
39 4 93
95 20 58
37 30 64
133 2 53
140 9 3
98 32 28
80 21 38
24 9 0
52 13 75
88 5 78
127 17 28
150 40 77
15 10 65
112 24 0
142 5 87
101 28 56
87 2 63
87 27 44
97 17 96
99 39 71
71 8 38
100 40 31
15 19 58
77 29 66
33 26 44
14 7 63
99 40 9
78 35 0
55 40 90
102 1 59
33 35 71
23 12 88
79 28 64
47 4 39
139 23 40
138 32 6
10 20 99
136 17 100
108 7 54
4 38 73
42 1 31
23 2 0
147 7 0
125 30 41
53 22 56
132 14 55
125 5 0
78 34 10
42 35 11
65 33 9
41 33 79
90 36 91
70 21 52
57 17 7
21 34 19
41 12 12
40 28 84
44 21 0
101 9 0
133 37 0
147 10 29
120 32 6
19 33 81
52 39 98
61 5 86
2 5 98
61 8 7
112 31 55
94 39 0
145 37 31
57 7 75
146 35 16
88 7 52
70 27 60
119 33 26
114 40 89
44 17 0
150 23 2
71 8 3
89 25 56
110 27 75
46 33 66
110 7 0
141 4 40
45 11 32
100 10 13
63 5 63
34 33 0
91 20 74
40 27 36
107 30 54
83 26 75
81 32 32
123 12 10
82 27 64
121 16 22
139 16 66
139 36 73
41 23 0
46 7 19
40 35 0
145 11 76
9 7 28
73 31 71
38 9 71
122 37 26
105 19 18
77 29 94
94 14 18
25 20 73
68 10 42
73 33 32
79 17 43
128 34 44
82 39 95
61 5 34
36 32 80
48 7 0
17 11 22
37 32 66
111 1 60
90 22 9
14 18 56
73 18 42
121 28 75
80 34 36
132 39 71
100 9 68
10 15 65
28 29 52
42 14 92
17 25 93
77 15 0
100 21 1
113 38 26
23 34 60
139 14 88
21 9 51
77 5 0
100 5 99
133 11 10
144 16 75
23 35 100
91 32 87
44 6 75
93 32 0
131 13 19
16 10 0
50 16 28
40 13 84
56 30 43
77 4 68
72 19 86
15 1 0
131 14 26
37 9 75
122 2 69
102 21 0
3 12 50
18 11 67
60 37 43
124 32 82
15 18 14
25 9 1
97 2 100
71 27 17
150 13 99
83 12 86
147 1 93
143 2 86
86 40 28
90 17 88
133 15 4
61 2 10
25 25 100
27 38 80
72 35 0
121 27 99
42 6 0
3 27 47
30 34 3
124 11 83
94 3 0
2 17 0
88 9 0
85 25 10
108 12 94
66 14 0
27 37 30
96 4 17
129 4 3
11 35 98
122 20 34
44 15 68
49 5 54
127 13 69
86 25 86
47 21 0
61 34 93
123 17 51
35 31 87
147 16 50
30 37 24
98 36 53
88 26 14
135 2 82
71 3 60
119 12 99
44 3 27
96 31 50
146 26 11
41 35 97
32 11 27
43 23 58
85 13 36
75 2 96
118 3 0
12 1 70
99 22 21
38 21 100
10 2 71
68 24 27
104 37 59
138 35 93
61 17 78
88 2 0
87 27 53
117 13 43
115 28 97
116 40 78
64 13 52
41 36 0
2 7 94
85 27 44
5 1 68
73 12 94
44 2 41
62 26 85
63 26 63
124 2 0
144 12 60
145 11 29
39 11 21
77 15 96
27 37 56
23 30 89
136 32 68
63 17 14
94 29 66
84 34 29
142 10 69
139 8 76
146 7 51
1 39 0
60 15 3
111 10 0
43 19 1
37 26 0
139 1 83
92 4 9
48 30 87
11 7 92
49 1 28
128 15 0
4 18 85
94 32 67
80 29 73
139 14 83
94 5 65
44 38 39
122 15 0
105 29 58
76 29 54
98 19 63
38 3 16
36 20 99
95 32 58
24 15 21
1 20 94
113 24 2
23 37 99
15 21 59
55 29 84
61 20 32
11 9 32
47 36 15
124 26 64
46 31 27
105 8 3
57 23 0
112 15 21
33 9 0
77 8 59
108 32 11
116 25 33
118 14 48
97 26 4
8 14 63
127 25 0
11 15 95
108 33 0
137 4 11
147 38 18
149 23 37
95 38 31
13 19 91
127 14 15
27 25 1
2 27 91
86 14 80
51 4 55
28 14 48
1 12 9
23 28 79
108 12 85
26 10 35
44 39 0
113 13 0
93 12 53
24 40 0
18 35 32
136 9 82
18 35 0
110 10 2
140 16 51
23 13 4
41 38 0
125 10 74
108 29 0
112 12 53
17 30 0
19 31 12
38 27 20
16 7 55
87 25 20
61 33 42
140 36 8
119 24 0
3 31 89
46 10 61
74 2 92
74 31 27
12 19 40
123 14 23
61 10 3
83 8 0
29 27 83
10 20 24
131 1 22
90 7 0
135 23 7
121 10 19
28 6 55
139 6 0
83 37 71
108 37 88
60 13 90
46 3 50
69 30 0
9 5 62
44 6 39
115 31 53
142 22 92
23 8 47
76 19 43
119 31 39
31 17 43
55 24 0
92 10 0
106 22 30
24 7 97
6 3 54
64 32 63
133 25 34
9 37 7
56 29 87
53 14 94
147 28 8
72 16 88
144 11 49
136 11 0
142 28 0
45 21 76
143 1 44
43 32 31
105 8 60
91 26 81
102 3 51
16 13 71
1 23 7
103 11 22
34 23 12
79 14 0
79 5 26
63 37 46
88 36 53
56 2 56
105 4 35
75 11 81
9 24 0
15 4 0
85 23 21
94 8 86
98 38 90
25 38 20
33 3 89
74 19 70
10 40 87
133 20 85
81 17 28
150 16 0
86 16 0
28 37 10
44 36 0
73 13 81
25 7 0
13 1 96
87 40 35
108 17 78
73 30 63
16 2 0
137 15 26
23 18 4
17 33 4
133 17 0
87 26 44
94 32 89
23 16 0
76 17 0
94 19 19
77 35 0
62 7 60
55 23 0
96 9 36
123 37 87
5 35 34
131 21 0
104 5 46
116 7 82
58 25 14
89 2 0
4 38 9
53 14 94
148 34 5
76 11 21
66 19 23
121 8 82
40 4 0
99 18 13
134 32 23
1 2 99
46 27 1
108 13 7
49 36 32
17 19 10
30 29 34
127 39 26
64 4 10
18 24 57
75 18 33
150 19 30
112 28 4
101 40 100
115 29 0
32 27 27
112 36 27
66 11 40
113 8 27
114 23 9
136 18 24
136 7 100
140 19 15
36 23 81
74 19 94
150 16 89
113 10 85
77 37 66
121 7 91
75 39 0
21 1 0
8 26 18
90 39 61
52 11 54
38 9 37
18 15 0
34 21 7
126 24 78
60 33 89
128 12 0
37 11 0
120 32 100
77 13 64
18 14 8
115 24 88
95 27 44
149 32 0
76 12 8
104 16 11
15 14 23
148 33 0
16 34 0
15 24 0
91 3 51
72 22 82
45 32 0
42 18 50
30 35 0
122 22 23
67 38 99
3 3 54
19 14 2
77 8 30
114 18 0
91 12 83
123 8 6
14 28 9
19 11 87
12 15 36
16 39 0
108 14 62
139 31 5
135 29 52
82 28 68
78 14 12
71 4 0
123 36 87
142 2 29
14 35 0
38 29 86
16 13 9
127 13 0
141 38 70
28 40 26
19 15 24
43 14 99
79 36 21
52 5 8
7 19 92
71 12 18
119 21 68
18 31 98
33 25 0
55 3 92
96 17 0
95 17 70
136 7 0
39 24 0
120 15 0
84 27 0
32 30 56
106 15 0
117 38 91
44 1 0
115 38 90
94 25 79
19 22 100
102 30 76
114 26 68
47 32 61
27 9 33
149 31 74
32 29 75
15 39 84
140 29 0
2 18 13
10 40 0
91 9 97
34 27 89
97 3 0
15 30 8
142 33 19
59 15 77
129 10 55
13 6 7
115 5 82
150 6 0
22 7 60
83 8 88
125 39 47
9 18 5
27 28 7
91 22 93
94 38 47
25 24 99
64 29 30
62 10 54
121 10 67
47 38 40
67 36 0
95 21 89
123 5 0
98 36 0
37 37 70
70 1 23
138 23 24
23 35 0
86 21 1
29 32 69
21 3 0
36 35 71
89 19 96
63 2 72
2 29 89
54 15 11
111 26 43
136 4 29
131 12 40
148 21 36
45 10 28
122 2 0
119 32 8
61 15 0
145 15 28
74 12 38
118 14 0
94 26 42
134 25 26
142 18 39
61 22 53
19 35 32
135 4 29
21 24 87
21 32 0
128 22 99
21 19 81
144 34 3
139 29 25
129 25 23
92 5 0
74 36 13
42 26 37
44 12 42
83 27 34
132 30 0
136 38 66
66 40 46
97 30 2
108 6 0
13 3 0
147 40 0
103 25 36
80 30 60
55 5 15
60 18 87
109 17 44
79 12 0
80 22 59
58 13 37
97 38 26
77 10 51
138 4 42
12 28 30
64 5 20
14 32 43
118 26 28
15 28 11
10 34 89
100 38 14
97 13 20
79 34 52
105 10 57
148 32 47
35 18 10
87 20 51
79 19 58
75 12 45
14 14 55
17 37 40
15 33 0
84 33 100
135 17 57
92 13 0
108 37 82
135 9 0
124 14 0
24 31 50
137 30 54
57 11 70
86 37 0
60 10 19
63 11 0
35 8 76
39 4 0
34 26 77
6 1 0
141 11 0
41 31 23
77 11 4
14 13 0
126 38 70
70 37 11
55 28 98
74 26 66
88 23 54
102 29 96
43 10 42
132 3 7
46 10 90
146 11 41
51 36 100
119 11 75
46 28 0
144 25 0
2 27 23
142 1 0
22 22 67
51 11 39
9 8 0
132 9 46
128 23 25
55 26 35
58 23 0
91 10 84
92 27 41
116 36 59
87 31 46
16 12 36
117 2 74
124 3 48
114 35 70
139 25 75
59 17 93
118 1 97
91 11 0
12 6 0
85 25 93
45 2 81
129 14 97
35 1 58
103 1 75
53 6 34
109 1 0
70 36 52
74 34 70
51 18 17
40 7 39
57 35 35
7 31 89
117 19 94
141 10 26
71 18 48
135 34 84
146 29 0
21 28 72
138 23 27
10 2 28
33 6 9
128 39 84
145 22 73
28 19 32
133 39 0
43 29 35
49 22 0
10 19 32
26 31 0
96 1 75
141 37 0
37 37 0
71 26 94
81 37 85
44 30 72
90 25 29
51 27 86
15 37 60
49 8 0
18 8 78
72 6 38
146 38 62
27 20 95
88 38 42
20 33 31
80 40 52
16 8 0
67 19 0
121 35 91
94 32 73
26 34 47
22 32 30
49 21 20
139 31 36
148 38 6
88 31 33
60 1 16
90 32 93
89 25 44
126 21 100
29 33 5
59 28 85
124 35 84
55 18 6
95 12 80
102 29 0
11 20 20
142 30 0
131 8 9
47 2 8
110 26 0
17 18 80
50 5 42
136 8 0
89 33 10
43 18 2
30 13 83
63 18 50
80 5 20
107 30 33
135 13 1
124 1 10
19 18 50
14 29 7
142 25 4
72 32 45
92 8 30
144 19 44
26 12 80
105 18 72
134 25 7
9 39 9
89 21 71
115 15 16
49 38 12
30 3 99
103 30 58
91 25 33
84 38 48
150 8 48
47 1 33
84 7 50
63 36 58
85 6 20
73 5 0
39 17 84
146 15 17
86 31 78
33 9 28
3 1 5
95 6 0
11 37 8
14 15 15
101 15 32
145 2 77
62 4 26
102 35 35
79 15 21
141 24 59
30 8 65
38 10 0
131 21 70
84 39 0
74 32 0
76 16 81
12 22 10
131 34 72
78 5 62
23 19 0
66 39 0
83 7 94
64 19 67
16 5 0
127 31 0
123 25 0
86 6 30
101 15 18
70 39 23
30 22 1
70 12 16
127 18 42
106 36 66
56 29 40
46 3 10
139 5 10
41 3 44
13 13 35
74 23 95
58 35 34
7 31 39
23 32 42
71 39 6
2 11 95
118 8 60
127 14 36
26 5 19
145 31 95
118 6 4
113 25 0
39 21 0
141 11 36
9 15 8
52 35 0
142 20 35
13 18 23
73 35 47
10 23 52
61 28 3
57 36 42
131 12 27
97 40 47
64 29 81
109 40 71
104 6 87
58 27 0
78 26 93
6 15 0
67 18 37
47 14 53
41 22 27
139 7 91
106 4 0
73 7 35
98 6 74
67 2 12
59 16 64
84 20 92
4 32 0
13 21 81
70 30 67
21 38 73
49 21 66
56 4 97
39 38 9
70 37 40
4 3 39
63 35 100
38 31 0
23 16 0
103 33 30
58 7 27
147 5 51
136 38 41
80 14 5
103 5 0
139 13 55
23 24 0
14 7 72
12 18 83
124 2 14
78 4 80
23 30 8
61 30 87
38 19 64
45 20 69
32 16 46
104 14 32
140 38 67
116 39 7
87 34 92
29 22 0
96 21 89
53 13 32
124 11 6
60 5 56
9 21 0
50 14 26
25 36 31
42 22 0
21 15 42
76 8 100
77 27 69
49 27 12
50 34 77
42 25 73
109 32 8
33 32 28
101 7 76
80 4 64
111 27 15
89 35 58
119 6 47
103 33 0
4 28 22
18 8 83
150 40 16
105 29 19
102 3 3
50 34 0
128 5 82
86 14 0
136 19 0
15 4 84
6 29 88
47 16 48
135 22 57
21 10 80
24 20 41
41 20 22
122 2 0
1 23 0
113 1 50
21 36 28
58 10 93
51 33 32
83 15 85
33 32 73
102 12 74
42 7 7
138 13 0
44 25 0
24 11 61
20 40 0
141 31 94
52 28 5
86 12 61
15 6 86
137 6 22
45 19 99
148 28 78
100 39 0
58 15 60
24 17 97
97 20 83
124 15 0
127 8 53
49 2 0
97 21 0
137 12 0
84 8 53
41 26 69
84 26 52
124 9 13
110 29 52
128 24 0
4 28 77
4 38 0
16 22 43
126 23 83
18 19 67
110 28 17
123 21 8
133 7 14
24 11 0
59 13 27
47 11 38
115 35 0
24 38 0
115 8 0
46 34 83
6 40 0
22 5 37
31 32 79
62 31 48
79 40 62
1 2 59
14 18 18
20 10 81
88 6 92
9 24 9
67 7 0
43 40 34
140 40 0
73 10 0
103 33 83
35 13 93
150 8 78
54 18 24
48 12 63
102 25 63
128 10 35
15 34 0
121 12 98
112 5 63
35 40 57
44 8 45
94 8 35
59 37 62
50 34 3
120 28 8
69 31 83
24 16 15
37 29 0
119 22 40
69 38 0
20 37 23
83 9 65
133 37 90
146 10 2
13 12 0
46 34 65
115 9 41
94 21 5
77 38 57
9 15 65
95 12 21
111 40 22
91 38 34
79 22 0
31 31 53
76 5 0
127 33 40
145 18 24
75 38 67
72 9 0
70 6 49
104 12 63
122 21 6
105 5 12
46 1 1
34 35 77
101 3 40
134 40 10
13 15 0
48 11 0
21 22 0
52 7 0
121 23 0
132 5 37
66 39 0
46 8 8
139 27 20
113 20 0
28 24 59
105 16 29
47 21 16
80 23 10
53 25 56
60 20 23
107 40 0
89 12 37
48 32 0
117 7 0
114 32 10
25 22 88
43 34 0
66 22 0
33 21 76
33 15 38
93 9 26
65 40 6
3 3 6
131 12 89
5 38 0
135 3 53
127 22 71
140 40 0
135 23 57
93 25 87
85 34 16
84 5 35
95 34 10
46 35 100
119 8 33
25 37 48
38 18 64
73 19 0
64 6 0
29 34 94
114 36 44
106 5 84
141 30 20
73 36 57
114 37 11
117 2 37
143 5 29
148 28 51
72 39 0
21 28 0
49 32 71
129 1 28
8 26 23
115 6 74
110 21 75
31 13 87
71 22 0
143 15 1
139 1 63
56 16 60
72 18 100
135 1 12
70 21 17
101 11 96
11 37 93
145 4 65
142 3 51
55 38 8
101 35 29
3 31 33
31 36 60
144 26 79
133 28 61
52 12 22
55 25 74
129 32 43
108 9 51
54 20 0
32 1 46
49 19 25
10 11 0
142 6 0
2 38 91
146 39 0
28 40 0
59 20 73
101 17 0
120 29 96
142 9 0
59 21 60
28 19 4
121 29 66
15 14 31
1 10 30
30 35 83
84 24 0
62 4 96
87 6 7
14 13 43
54 1 0
98 19 68
143 34 71
144 25 91
9 3 83
42 31 65
26 30 29
119 36 44
1 37 6
86 34 2
109 28 0
88 21 43
59 38 30
74 14 0
119 23 17
130 5 0
89 31 99
16 40 98
130 18 58
106 13 0
139 24 45
142 11 20
2 14 44
138 4 25
76 14 49
138 29 87
78 29 54
2 3 6
54 9 39
32 16 49
108 29 92
94 38 0
140 10 11
121 35 56
129 8 51
13 12 71
80 20 41
85 2 73
23 15 93
16 29 12
26 35 44
106 33 67
30 31 20
36 18 92
75 23 31
38 2 44
117 9 88
150 12 15
138 16 31
108 29 21
90 13 0
1 15 89
94 15 34
94 17 0
86 3 20
11 30 0
39 2 7
31 25 0
32 6 7
26 32 95
29 1 82
148 35 12
12 37 0
11 36 78
19 32 86
52 12 87
1 20 0
114 36 89
135 21 78
106 11 76
53 28 96
134 31 84
88 28 8
52 35 47
70 31 9
26 20 0
62 11 96
113 14 0
127 22 0
37 9 0
121 4 37
82 15 39
56 27 0
21 5 96
98 30 0
73 12 49
19 10 81
21 31 60
147 32 56
4 35 0
109 39 81
108 2 0
71 19 32
115 14 67
79 40 0
45 15 0
3 40 51
122 37 31
114 15 0
41 8 67
94 30 10
40 40 38
144 27 55
127 28 80
14 33 96
82 31 0
110 38 34
47 35 21
2 2 83
59 8 78
24 14 21
49 35 50
145 3 0
84 38 80
36 39 62
134 32 30
14 11 52
27 24 33
86 36 50
119 34 96
66 14 85
133 37 90
113 32 35
143 11 96
13 17 65
22 34 1
117 24 0
148 18 74
118 30 94
53 19 82
143 2 26
61 19 14
83 12 14
100 38 32
36 35 10
82 18 31
43 30 0
134 25 8
81 34 0
142 27 96
147 23 39
68 7 73
96 29 3
93 37 0
11 9 0
10 5 66
51 27 58
5 29 98
144 24 41
8 29 93
141 16 96
125 25 67
17 10 36
9 27 0
40 5 58
117 2 75
43 16 61
89 18 10
1 18 92
144 27 0
127 4 27
99 26 20
50 40 67
22 35 48
96 31 55
143 10 0
82 29 23
45 25 76
4 32 86
46 2 48
127 4 0
132 18 27
62 16 4
113 16 24
101 10 40
115 23 60
12 14 57
85 39 5
94 5 51
150 1 13
92 29 48
104 6 59
98 39 72
64 33 0
8 25 0
20 20 97
106 4 99
48 38 72
58 30 99
118 4 67
123 39 66
124 9 27
147 19 92
66 35 29
70 18 43
13 19 0
5 20 71
148 18 2
67 35 14
11 37 0
95 17 56
23 23 0
24 5 17
137 9 0
127 29 18
112 34 62
111 18 25
20 6 50
60 15 0
11 26 89
112 32 42
63 26 92
17 15 71
2 5 0
60 19 48
142 18 63
138 22 0
90 21 14
49 25 49
2 37 93
148 34 78
46 17 19
135 13 2
15 23 41
13 1 0
101 2 17
27 5 0
82 35 2
74 40 15
55 1 76
59 9 0
139 30 58
74 19 16
14 6 54
48 22 63
97 16 0
15 37 0
148 28 0
13 35 59
115 15 50
73 32 43
56 21 55
125 21 0
38 27 0
104 30 84
64 27 96
78 2 41
12 6 3
64 20 97
89 6 54
3 35 100
45 28 13
23 18 19
41 6 78
135 17 7
60 37 67
77 3 0
32 3 86
127 5 28
143 8 56
76 36 46
134 14 100
146 2 40
116 31 99
85 27 91
150 17 95
99 23 61
68 29 57
120 3 98
134 11 96
25 23 33
121 4 0
51 8 85
1 30 40
133 27 16
50 30 86
39 20 67
30 1 92
98 15 86
9 21 0
48 2 0
1 24 33
102 23 7
137 32 0
125 11 33
89 25 86
67 13 67
137 7 76
101 36 54
109 25 0
6 34 29
51 13 7
90 24 0
69 16 36
116 22 60
107 24 25
28 33 9
45 3 80
46 13 0
83 28 42
3 37 68
4 29 16
99 7 82
121 32 7
102 39 55
35 24 45
84 10 69
15 2 0
116 23 0
79 39 0
101 3 0
138 2 7
100 22 3
99 34 0
118 2 96
57 16 16
74 29 44
88 27 37
29 30 54
18 1 48
109 19 9
13 34 88
12 22 20
59 1 8
80 22 0
97 8 14
80 5 24
73 29 0
37 3 70
147 26 13
115 12 68
141 20 73
97 15 86
71 17 20
143 21 55
143 12 0
3 26 26
61 11 0
36 5 76
114 15 7
62 15 0
54 29 0
89 1 53
32 23 28
129 39 79
125 14 55
119 38 57
72 3 3
132 3 64
8 18 24
109 12 91
33 20 61
148 29 0
6 2 64
3 13 85
44 19 91
26 6 92
139 22 34
74 39 73
56 2 20
7 35 5
21 35 51
58 39 48
89 17 75
147 29 31
52 15 0
127 32 39
80 26 0
145 37 0
124 21 34
6 40 26
11 27 12
112 11 96
129 36 71
97 39 53
101 39 5
66 12 67
3 7 0
126 18 14
81 21 62
63 6 86
29 13 0
99 21 12
80 25 0
63 37 59
42 21 4
53 26 34
119 10 26
85 33 98
68 32 85
20 32 13
140 15 12
129 26 67
81 12 3
24 30 40
120 24 28
75 30 100
61 22 25
150 33 0
88 20 67
142 10 33
132 13 85
138 12 0
32 35 75
125 20 42
69 5 20
78 5 31
114 24 0
142 25 66
18 13 46
80 32 0
3 12 75
81 40 87
48 5 62
31 5 97
22 14 44
69 20 71
53 17 21
133 16 92
14 14 92
28 26 3
35 6 33
87 38 74
102 17 13
70 22 0
45 38 17
125 24 0
148 3 40
30 38 13
86 26 50
34 32 91
64 22 9
58 30 93
119 30 67
55 8 35
55 27 0
115 16 37
65 26 30
40 12 57
70 25 21
141 14 0
54 10 36
46 15 98
89 23 0
136 15 0
46 22 86
66 25 17
18 6 90
127 39 41
6 9 57
77 37 34
101 27 88
113 37 27
64 3 74
91 22 96
48 38 29
128 7 0
89 21 96
121 23 12
102 40 29
17 30 87
129 7 66
120 26 72
88 25 0
28 32 12
148 1 59
109 3 53
112 20 87
137 19 25
11 24 49
114 31 9
88 23 35
9 38 8
27 23 0
138 14 49
123 30 64
108 17 20
92 23 59
97 7 49
24 1 7
86 3 86
93 25 54
104 17 88
50 38 26
5 11 55
74 34 83
50 29 48
91 5 88
94 9 0
120 26 86
34 15 70
20 7 0
125 17 71
4 7 77
73 9 60
147 5 14
58 38 22
68 4 0
8 14 1
120 26 36
69 31 19
95 12 75
104 19 69
43 37 9
38 35 57
92 18 0
135 26 9
146 37 0
72 4 12
125 2 0
43 28 0
73 30 65
70 33 0
64 27 91
68 13 4
140 2 20
75 19 37
81 31 35
122 39 44
45 30 0
113 35 41
57 22 68
97 11 66
64 29 82
21 38 75
31 24 26
25 5 0
68 37 76
48 32 55
114 30 34
5 24 35
91 9 100
76 28 37
97 5 0
116 35 0
88 10 96
115 15 34
120 38 4
62 13 16
150 23 75
41 40 0
26 40 21
72 21 74
144 3 0
106 36 97
148 29 37
80 22 45
49 27 1
110 27 0
79 34 36
98 14 78
3 20 29
106 21 88
139 15 81
76 25 91
129 29 22
78 15 26
27 30 66
136 17 58
55 28 42
141 11 56
110 38 80
119 21 59
59 22 54
83 5 0
21 12 29
60 23 5
119 7 59
103 17 76
94 30 47
22 9 47
48 17 92
69 24 70
108 27 84
62 26 45
105 34 57
60 26 98
137 19 16
47 20 86
110 28 45
70 33 75
82 25 49
59 15 33
40 40 3
50 30 32
83 4 7
64 20 64
28 22 30
77 9 6
51 31 28
89 36 92
68 39 5
141 12 4
36 9 0
29 7 64
2 21 79
148 31 94
51 1 35
48 29 92
6 18 49
16 26 10
84 10 35
65 31 13
129 39 88
138 22 5
130 2 63
68 1 68
102 18 13
135 25 14
86 15 0
78 31 60
147 27 29
108 28 35
62 33 8
121 9 28
88 5 36
107 22 25
39 8 79
79 24 0
117 18 1
33 3 49
46 30 82
85 3 60
150 17 36
104 4 17
13 8 72
129 5 43
68 20 85
48 16 0
125 40 5
144 10 49
98 26 28
72 7 46
150 15 16
135 11 56
122 7 31
139 24 72
122 17 67
146 7 34
62 27 0
105 14 10
130 21 0
145 20 79
138 8 0
64 11 55
130 6 54
31 22 0
119 28 26
47 30 29
134 21 0
133 24 59
57 27 100
108 8 93
9 1 35
112 8 59
150 37 0
105 32 82
91 31 54
110 16 62
108 8 62
62 38 17
36 9 27
23 20 29
59 38 1
54 37 34
16 3 0
34 35 63
8 9 93
14 13 81
125 9 40
33 13 20
59 39 94
111 34 23
26 35 0
7 11 98
79 9 25
146 21 41
101 38 32
131 4 0
77 38 26
36 4 91
50 25 85
85 5 0
77 12 26
94 31 44
32 25 43
48 22 35
27 30 98
115 32 13
112 32 40
119 5 40
34 6 82
97 7 0
12 24 94
18 22 63
76 38 28
59 23 96
147 1 43
46 31 61
8 28 41
68 24 46
13 13 47
75 29 30
143 39 48
37 33 91
128 8 0
89 25 97
81 11 92
119 23 0
12 27 0
112 16 21
54 39 8
85 23 0
63 7 29
37 22 5
106 2 56
97 28 65
74 21 61
91 36 72
147 8 33
62 35 44
128 40 20
106 38 76
76 12 93
148 8 11
90 19 0
90 39 71
103 23 17
54 22 0
87 29 80
16 26 78
69 36 0
100 32 40
96 38 18
40 17 61
138 20 41
40 39 100
89 22 57
90 20 0
128 14 17
11 10 28
32 15 25
107 5 37
103 26 85
40 17 22
132 35 0
134 10 36
55 14 36
59 31 41
87 25 18
20 15 30
131 20 25
40 24 69
63 29 53
94 27 100
100 1 0
73 10 57
128 24 0
24 11 14
36 20 0
23 39 77
13 28 74
123 24 0
143 26 86
123 19 0
26 22 23
150 31 81
84 28 42
38 11 48
89 6 87
144 13 89
1 27 5
25 32 0
77 28 26
94 34 89
126 37 60
141 28 91
102 28 41
47 38 69
77 25 0
55 3 59
129 33 9
35 32 0
36 26 63
25 19 3
107 8 47
37 8 80
15 14 66
57 9 24
124 24 36
135 18 72
115 37 76
34 5 98
39 40 56
54 16 73
39 25 15
44 35 83
85 1 0
115 17 39
131 24 80
25 1 20
17 19 0
54 24 0
35 22 74
109 18 83
30 30 0
6 3 25
74 22 14
65 16 29
22 34 1
113 5 54
68 23 85
29 23 30
112 4 65
103 12 23
13 25 19
81 16 56
114 29 17
33 25 0
80 22 0
41 16 36
108 24 63
98 4 40
39 31 33
89 11 66
92 19 54
99 21 40
78 24 68
54 11 2
111 22 97
72 21 0
133 40 1
71 11 54
112 17 0
72 2 0
125 20 84
55 26 2
146 40 24
141 3 28
96 33 47
71 15 31
46 4 76
94 29 59
95 34 0
106 28 85
62 17 79
58 16 53
41 21 38
141 10 97
63 37 55
125 26 31
36 35 86
1 29 63
97 5 0
118 38 77
33 21 56
112 15 25
50 12 5
1 31 40
33 21 23
19 37 22
25 16 55
105 19 79
148 3 7
128 32 58
52 29 0
79 32 92
103 31 25
106 32 19
123 25 88
139 38 0
99 20 60
76 7 6
90 24 91
124 39 16
21 16 1
81 20 74
96 40 83
124 37 0
41 39 58
81 23 61
30 14 34
65 37 7
13 22 50
51 3 1
97 18 6
9 8 26
107 3 4
97 36 68
128 21 9
8 39 100
4 24 62
66 34 27
123 15 12
6 28 90
1 36 12
139 39 75
109 10 80
21 9 38
129 18 0
20 17 64
137 11 0
125 38 97
141 28 5
94 39 11
42 34 0
136 18 92
77 11 73
10 13 49
91 15 0
68 32 50
43 32 96
55 11 53
53 21 93
125 31 5
32 25 48
142 14 14
90 40 9
40 20 78
61 7 82
146 40 73
106 24 100
2 31 90
64 33 0
70 17 97
91 12 0
55 22 66
89 7 93
20 18 0
98 24 76
132 18 95
114 7 15
18 22 85
144 8 75
126 4 59
145 6 67
64 4 0
95 25 67
64 29 80
107 34 48
2 22 73
7 8 47
17 26 0
9 20 6
133 8 90
45 30 0
124 36 76
24 26 41
97 32 39
76 18 4
109 19 0
38 31 74
143 39 0
36 19 0
130 11 66
26 12 62
14 23 0
68 17 72
143 33 64
43 29 48
62 34 38
117 19 94
99 3 10
66 11 86
139 22 66
3 18 24
85 10 72
126 34 71
75 27 64
114 8 5
138 8 89
114 4 16
33 27 88
62 5 75
112 13 97
96 2 0
127 9 0
136 40 0
30 26 53
36 26 0
29 13 20
69 8 1
66 16 0
6 3 45
118 30 0
81 9 3
24 39 9
138 4 10
117 9 60
66 6 69
93 11 36
92 12 55
41 28 63
121 40 87
125 23 12
146 9 29
141 6 10
99 8 66
45 12 53
127 37 31
79 9 71
106 16 7
140 34 4
130 25 0
141 28 71
91 27 77
3 5 95
17 5 69
1 26 48
114 5 75
145 34 52
122 37 36
94 15 100
18 9 90
7 24 87
47 2 70
43 32 33
58 4 91
138 4 34
99 8 25
112 33 72
127 34 58
92 20 40
101 12 29
136 31 66
5 10 62
73 19 92
146 20 76
17 17 3
36 31 71
138 32 86
37 12 0
80 2 67
57 33 0
2 14 98
150 4 62
121 1 56
71 1 56
7 36 44
43 38 6
85 37 71
35 24 1
45 14 86
94 37 45
114 4 85
130 19 52
98 17 10
20 6 85
38 26 11
100 38 5
140 10 71
57 30 10
29 37 57
27 39 27
90 14 7
41 27 21
66 26 5
116 35 18
103 26 88
118 33 56
97 21 0
105 22 55
24 37 34
126 14 18
28 22 0
33 14 47
133 18 30
129 10 29
48 40 0
60 6 89
9 18 0
87 8 29
12 37 4
145 6 13
133 10 37
64 30 8
10 34 42
51 13 36
67 14 43
137 37 0
56 8 75
109 35 68
91 36 17
24 3 23
51 32 28
33 22 0
118 10 0
83 21 16
78 19 78
5 29 93
93 32 0
13 29 47
88 19 82
84 15 74
46 22 47
47 10 10
85 24 37
83 10 64
56 29 46
138 13 0
71 18 0
98 38 0
7 16 38
64 34 98
1 19 62
93 25 46
7 19 34
16 29 68
14 24 60
101 11 92
58 30 73
53 33 67
49 25 51
113 19 23
48 3 74
12 39 66
78 7 58
18 8 0
106 19 5
25 9 0
45 16 0
59 8 56
129 18 0
28 12 0
13 22 39
91 7 13
124 36 0
101 5 43
140 4 2
60 17 0
40 31 18
103 29 0
3 30 35
60 7 11
90 39 0
92 9 3
83 34 93
89 23 21
149 10 79
144 19 76
149 39 18
134 35 52
42 39 33
12 17 74
114 40 35
125 3 17
113 24 73
66 9 40
129 12 0
120 29 59
60 30 62
30 6 35
11 36 97
95 5 0
44 16 5
146 12 67
91 1 42
115 8 97
17 19 63
8 24 31
79 37 0
56 29 44
139 9 23
77 40 0
1 28 66
3 29 37
27 35 7
113 20 0
92 34 11
25 5 5
121 6 0
55 1 60
73 19 86
131 4 0
73 36 0
38 24 69
93 28 96
66 13 0
88 40 95
149 3 0
147 15 0
33 9 95
68 14 24
100 3 42
136 4 26
56 27 31
34 19 78
67 13 40
147 3 33
104 27 32
88 23 94
34 26 19
130 37 47
138 20 93
139 18 62
117 28 16
63 4 93
98 5 0
124 20 0
22 7 87
126 36 65
14 40 0
115 4 76
54 25 0
78 40 56
30 36 29
40 13 77
100 31 10
30 12 76
77 30 0
74 1 93
100 33 4
86 2 68
126 28 6
86 14 83
48 24 0
137 11 66
66 35 94
142 3 8
103 13 72
62 37 34
114 24 0
18 33 56
88 6 3
23 10 80
29 19 40
139 31 62
18 32 0
123 38 78
105 24 74
67 5 96
6 23 11
55 7 0
24 20 29
120 22 99
106 23 48
36 21 41
28 10 37
26 38 76
16 12 75
2 35 54
25 25 80
141 27 66
89 39 0
142 20 87
114 16 99
124 22 17
40 4 45
18 6 45
64 14 90
119 18 85
69 22 50
89 36 77
94 33 72
149 18 35
116 6 94
23 22 40
134 18 80
141 30 53
82 29 0
65 2 85
59 7 0
144 17 80
94 3 53
27 6 26
39 11 57
77 11 0
127 21 53
87 18 24
59 18 54
108 33 62
62 5 0
24 24 0
124 26 33
20 28 42
37 24 82
95 38 0
13 17 7
40 23 4
82 3 95
148 29 95
52 18 63
46 16 6
26 20 18
149 16 53
112 9 60
102 8 73
99 7 36
45 6 0
104 18 85
146 19 74
82 15 95
125 34 67
128 5 61
24 12 0
139 5 55
72 4 30
139 2 0
14 20 25
19 13 59
55 13 29
143 35 0
141 9 0
29 33 96
120 9 28
123 13 74
150 39 38
111 40 3
94 12 21
73 10 66
118 7 36
70 35 0
142 4 99
109 13 38
137 39 32
56 30 61
9 3 14
44 38 37
100 34 53
73 16 0
100 13 36
19 16 29
15 23 0
111 36 80
8 38 50
16 11 32
106 24 76
116 35 28
137 32 48
109 3 52
44 22 72
142 19 67
47 27 19
106 24 38
148 17 0
86 4 47
91 9 44
66 3 71
72 38 3
88 7 4
69 20 44
55 19 67
95 11 0
96 40 100
35 15 9
12 30 9
6 24 29
21 3 64
128 29 62
113 21 81
120 12 47
6 35 46
140 38 33
139 18 60
115 27 45
109 17 55
56 12 0
76 31 26
119 7 0
132 37 94
92 39 35
92 40 24
65 19 9
46 19 0
26 30 7
116 10 0
62 36 38
140 26 53
28 2 31
80 25 36
122 25 63
22 11 38
53 34 61
94 18 0
98 5 0
130 15 61
135 39 0
78 3 58
60 29 0
48 20 24
48 24 0
122 17 83
76 28 77
112 17 31
6 35 49
140 38 39
44 9 63
2 13 32
89 24 17
17 35 61
1 2 88
104 37 82
53 10 7
46 22 95
39 12 94
63 13 10
104 25 95
134 36 19
8 12 48
128 34 55
49 7 0
134 23 0
143 1 87
120 20 25
108 24 87
133 19 16
140 16 0
111 30 7
21 4 93
50 15 96
119 8 18
109 31 11
146 16 11
3 21 0
110 26 4
118 2 51
69 5 8
137 9 40
58 24 3
31 26 0
67 29 0
33 24 21
120 36 0
42 28 0
103 14 55
140 20 0
92 9 60
42 15 11
146 7 0
80 24 61
110 10 28
57 39 66
137 9 94
3 31 91
24 9 82
79 6 24
149 9 32
63 23 0
129 11 9
33 7 81
87 2 23
108 7 0
64 27 87
8 2 60
103 16 99
103 20 10
79 2 44
36 39 0
133 29 56
1 32 13
68 11 78
81 17 18
97 7 0
124 3 40
142 25 0
26 32 0
80 3 37
37 19 50
65 11 94
62 28 43
1 4 55
17 16 0
37 10 10
148 38 27
91 25 40
25 31 4
24 32 0
64 38 49
14 24 50
120 27 0
102 28 68
86 24 16
111 7 71
78 1 96
60 34 19
49 13 26
119 1 88
146 10 36
142 3 37
113 3 13
128 14 0
98 24 90
82 7 30
38 32 7
54 26 86
34 1 30
47 15 0
7 4 28
63 18 55
56 1 18
94 13 100
74 12 28
39 30 0
93 39 83
142 36 54
141 9 64
123 9 52
87 36 90
3 17 64
149 16 81
17 39 36
113 32 10
112 1 0
119 20 16
101 5 15
131 32 71
89 40 5
126 31 48
105 8 33
133 11 65
39 28 36
117 4 0
86 22 3
37 22 88
14 26 12
49 27 47
98 33 16
148 17 0
99 21 50
6 24 34
142 39 71
133 3 63
31 7 0
129 21 50
47 31 28
33 40 0
1 17 5
128 32 22
58 23 16
14 26 35
59 24 0
53 13 80
26 24 33
127 18 81
48 4 2
40 8 40
56 26 99
24 2 58
51 8 0
113 19 51
95 14 56
51 18 44
120 21 33
20 39 22
81 36 19
16 4 8
47 23 32
141 20 23
143 27 89
140 10 41
74 13 95
38 26 42
106 12 97
39 38 50
97 10 12
19 34 81
122 7 91
112 40 12
85 22 0
119 33 0
28 33 1
146 32 22
123 35 0
35 35 11
27 4 43
10 10 79
135 8 36
100 2 40
63 14 72
19 13 56
60 11 1
100 26 3
44 6 17
22 21 0
122 1 0
105 5 54
33 27 8
131 39 26
24 14 16
31 9 2
116 12 89
127 8 2
65 3 49
134 30 92
126 7 99
40 8 46
45 32 9
111 25 71
105 18 78
70 29 26
70 3 12
125 7 37
49 16 52
53 27 80
137 25 25
123 5 16
47 40 49
125 8 68
91 14 100
115 40 80
109 23 74
61 25 49
60 33 89
44 37 50
118 32 0
75 34 0
129 1 29
108 34 0
51 28 0
136 10 2
34 32 0
30 22 90
26 40 65
120 14 10
104 19 0
83 5 46
110 9 2
61 22 63
111 27 61
75 18 0
112 11 0
133 25 55
30 11 74
56 30 63
104 19 22
54 19 38
135 40 0
116 10 83
18 8 0
72 10 1
22 6 0
80 8 73
130 21 2
100 12 14
82 24 93
25 24 0
41 26 0
35 38 0
44 40 38
2 26 0
144 14 96
11 11 99
27 23 14
116 15 64
70 11 0
125 26 35
41 26 74
97 26 34
40 24 8
59 11 65
102 3 21
119 31 0
126 33 0
112 8 0
114 30 41
98 17 60
92 20 8
48 25 86
13 8 45
128 16 41
35 27 29
3 29 17
121 21 56
14 31 52
77 25 14
31 37 27
131 15 11
69 23 0
35 2 7
53 24 0
148 28 0
24 3 0
24 17 25
109 2 42
40 31 100
80 28 56
124 29 18
122 14 35
132 2 1
73 25 30
43 29 96
70 39 20
109 29 80
26 39 3
10 26 4
33 28 58
35 17 18
45 6 97
4 28 72
55 7 93
76 32 0
104 28 73
81 5 65
82 39 75
118 19 94
66 27 50
109 9 27
75 34 21
144 29 0
46 11 98
24 16 95
139 21 0
2 24 38
129 19 81
3 2 50
46 34 46
61 13 82
148 7 0
44 18 19
43 24 51
33 27 3
120 13 73
1 31 69
124 2 88
57 39 17
68 37 2
141 4 98
23 40 0
45 13 32
11 3 0
122 27 59
78 29 24
144 33 67
40 2 28
95 39 88
65 30 87
2 23 21
13 5 71
143 40 16
46 38 89
53 27 22
92 39 55
121 23 54
93 38 56
98 22 0
33 26 61
135 15 0
58 40 0
47 23 0
38 23 74
125 21 0
8 2 15
59 15 36
63 2 63
35 38 73
107 24 26
35 22 91
92 8 31
79 36 85
47 37 48
28 19 62
12 17 81
95 27 3
127 22 1
31 12 46
127 40 57
116 40 12
100 1 0
120 21 4
70 21 28
7 5 52
71 17 59
43 2 69
138 34 30
92 22 63
136 35 32
17 34 18
96 22 39
2 9 0
148 21 71
1 12 78
127 25 0
107 27 0
79 29 45
102 6 9
7 16 12
114 20 76
140 3 66
44 10 92
65 9 18
31 6 25
75 22 31
90 15 82
134 7 19
44 33 22
117 2 3
53 31 0
103 4 33
109 35 65
38 21 49
15 2 76
17 28 0
49 1 30
21 9 94
69 38 85
9 36 81
35 11 0
44 14 15
117 20 64
77 31 44
83 2 25
41 38 73
67 31 36
131 26 0
58 28 65
25 23 0
145 37 9
78 10 65
106 26 9
75 40 96
36 16 33
85 4 84
34 22 32
61 14 76
15 31 12
31 37 66
105 26 16
64 34 0
133 33 15
82 21 33
96 30 20
87 4 53
83 16 66
126 10 26
52 28 40
69 6 26
34 35 24
78 28 82
5 3 0
124 25 85
13 16 97
27 6 42
26 2 27
38 31 65
147 38 63
19 2 80
18 24 76
118 22 43
68 19 46
14 40 0
2 16 0
54 28 95
16 7 89
25 17 29
69 27 0
28 12 85
148 37 40
78 30 34
63 19 22
116 14 10
6 11 34
131 4 76
149 40 100
135 39 83
53 25 62
146 16 33
94 11 41
144 37 64
53 21 11
145 39 32
120 3 0
31 17 43
23 7 45
37 22 68
96 13 1
111 27 67
17 26 86
88 10 34
125 2 0
72 39 0
61 16 45
56 29 23
112 13 12
110 10 0
55 5 60
123 35 49
3 21 50
23 33 73
110 37 95
100 15 0
44 33 41
18 22 8
119 31 22
125 9 79
15 25 76
97 39 66
131 36 82
73 3 4
125 28 89
3 6 0
146 40 10
112 22 0
145 2 32
3 17 96
101 14 52
106 40 82
108 5 17
137 8 9
42 21 0
86 36 92
45 22 16
10 23 80
126 23 76
143 29 15
27 20 0
24 39 96
80 6 93
143 14 0
93 34 15
11 31 74
94 35 61
150 24 0
3 10 9
105 16 2
123 3 25
21 34 79
7 21 58
109 16 17
58 10 0
5 40 6
47 35 68
55 13 93
69 26 65
32 7 92
87 9 4
142 22 88
41 25 23
76 28 0
143 36 47
19 9 0
82 4 36
41 29 81
12 1 66
53 13 0
3 35 59
45 10 48
20 21 48
88 30 6
39 34 24
97 24 68
65 14 77
104 24 13
136 19 74
12 33 94
112 22 8
44 19 95
83 24 49
17 7 8
139 6 16
80 29 0
29 32 87
96 28 0
45 11 0
149 20 78
133 11 21
65 38 44
77 11 19
5 33 20
78 27 47
107 36 56
44 26 9
108 21 0
10 34 58
65 13 0
122 27 0
87 8 0
29 13 38
98 10 18
113 24 87
49 37 82
149 28 76
8 27 95
131 15 0
66 25 0
23 7 65
56 38 72
16 31 47
137 23 69
42 13 0
69 19 72
65 18 0
25 28 65
147 34 71
67 8 64
10 5 63
128 26 67
89 5 36
56 11 70
90 30 22
99 15 28
133 30 0
76 15 84
73 4 95
40 33 0
55 39 46
132 24 83
36 25 31
148 17 27
136 23 82
141 2 1
136 15 5
23 1 39
5 3 39
120 18 100
107 33 15
121 28 74
88 34 51
53 5 20
78 11 37
7 18 8
37 7 85
5 8 7
55 19 73
129 14 16
89 1 56
86 25 53
95 22 64
142 22 6
102 35 72
146 3 79
99 32 26
106 15 74
76 4 42
21 38 51
83 6 77
51 6 78
134 40 95
115 28 17
29 30 0
83 39 0
30 36 0
149 10 39
30 40 80
67 29 84
111 10 0
9 28 22
47 18 77
85 7 95
47 38 0
47 2 0
121 27 15
69 24 49
70 27 54
147 27 24
21 26 56
4 6 21
33 12 5
39 13 0
38 23 53
55 23 0
60 28 100
42 39 18
70 29 11
103 20 8
47 38 87
11 2 42
20 25 66
61 28 99
100 21 63
108 19 81
15 1 12
102 25 0
80 29 0
63 21 10
22 14 49
149 11 35
137 21 83
81 1 0
120 1 60
116 30 61
25 2 34
6 5 68
112 38 0
92 12 0
144 35 85
25 30 67
50 9 30
86 40 51
75 40 8
134 15 75
12 22 41
100 21 7
2 16 23
68 1 28
81 23 57
68 37 19
38 21 42
58 23 15
117 36 67
6 24 38
68 16 21
40 40 52
74 24 80
51 40 84
129 17 82
73 22 73
117 19 28
45 36 13
69 18 51
79 10 0
111 3 100
21 18 88
44 35 0
129 6 0
132 21 4
4 14 6
88 11 2
22 2 0
60 15 33
117 40 1
138 13 16
36 12 15
58 2 25
27 25 82
89 33 11
88 21 63
2 39 62
81 6 0
66 6 38
108 37 44
87 18 78
62 36 46
127 32 39
96 19 17
122 19 33
83 19 39
11 30 0
15 35 95
51 3 56
87 1 0
89 7 8
51 23 32
79 7 73
140 28 93
26 31 17
4 20 0
88 19 95
87 15 71
101 25 0
14 40 0
143 11 66
85 25 1
83 32 60
75 25 55
139 10 17
23 11 74
6 16 1
80 8 22
27 5 10
92 5 0
8 5 46
9 14 18
9 23 24
21 12 62
65 39 61
84 16 63
141 40 46
40 14 14
11 30 16
11 31 32
134 4 28
79 13 89
108 31 13
5 33 41
120 16 78
53 29 0
33 40 42
41 24 12
147 6 70
41 31 49
55 39 72
102 29 50
108 38 54
104 28 97
7 23 68
144 4 10
126 38 5
104 2 92
75 40 59
2 23 63
19 23 0
45 10 51
92 13 51
85 30 0
1 24 47
56 31 4
66 28 0
57 33 94
65 6 59
88 9 7
100 9 82
14 40 0
30 10 80
129 37 9
30 35 13
98 6 64
83 3 65
13 6 93
33 14 24
25 18 8
93 20 63
96 29 67
99 1 47
117 4 37
116 6 2
14 35 90
35 14 53
54 39 21
55 10 49
33 2 8
148 21 94
85 2 60
64 17 3
14 26 23
126 8 79
126 15 24
89 28 65
4 12 10
110 24 58
69 31 9
104 4 66
105 34 27
85 13 90
2 11 36
78 18 17
32 4 67
103 9 42
26 27 15
69 16 91
108 11 59
41 28 78
1 17 67
75 5 39
48 1 96
88 8 91
107 7 28
71 36 88
131 37 0
145 1 0
31 34 96
18 19 0
20 21 38
81 3 0
36 37 49
82 1 50
39 24 63
23 25 63
34 33 92
74 9 1
37 40 0
28 27 1
62 22 0
42 12 55
133 10 53
141 22 0
71 39 0
124 39 14
72 26 53
82 32 50
77 15 31
55 11 0
123 10 49
149 14 89
81 38 68
42 18 41
73 33 21
111 33 69
24 7 9
31 12 98
12 17 8
49 20 0
63 11 17
125 30 37
60 29 37
33 22 48
126 28 25
150 19 58
135 29 14
6 4 32
71 33 62
150 37 54
12 22 0
2 11 72
93 6 70
116 2 41
23 4 92
17 38 91
136 40 96
148 35 99
127 7 97
118 30 39
54 40 65
64 16 0
66 10 0
22 16 27
59 37 74
99 15 1
32 16 0
101 37 27
48 31 0
35 13 15
77 22 0
117 20 10
12 26 0
93 13 96
8 26 0
50 17 63
122 20 96
113 14 0
130 28 0
117 20 0
44 17 15
114 25 54
124 7 16
44 5 11
61 22 59
106 15 38
23 24 3
48 11 19
89 4 89
75 1 81
49 37 0
105 13 3
87 9 49
48 33 31
122 21 9
127 13 33
97 16 7
35 6 51
64 27 32
97 4 0
10 10 0
115 20 54
135 22 0
135 26 18
131 25 76
137 19 59
66 19 0
122 5 56
141 15 0
73 16 46
31 24 7
86 20 48
20 18 29
2 23 12
45 16 29
23 5 91
136 19 12
122 17 42
42 22 62
105 17 25
1 32 96
13 5 45
78 22 12
9 20 0
21 12 60
46 3 0
44 22 6
132 31 36
17 33 11
149 32 96
145 18 17
56 32 21
84 29 97
1 4 0
87 5 58
96 13 17
41 24 37
56 25 25
149 17 76
19 32 37
90 15 30
57 36 73
11 6 64
120 2 0
134 12 0
116 25 3
145 9 87
99 31 15
58 17 47
100 7 69
83 2 3
64 13 85
16 27 0
46 3 23
96 15 57
89 30 81
41 31 5
31 2 55
134 18 27
14 21 86
102 25 16
25 17 97
9 25 96
72 38 36
142 25 66
48 38 46
66 40 37
74 16 75
64 13 34
10 38 0
35 10 46
141 24 92
128 9 36
23 39 17
98 31 48
125 25 81
99 17 38
57 28 0
54 39 0
118 19 81
27 8 59
14 9 77
22 39 75
62 18 0
89 12 52
100 3 58
55 10 19
131 35 85
72 25 40
60 19 66
91 34 45
13 17 71
61 36 96
95 4 0
76 39 28
95 6 24
128 7 34
12 6 69
127 19 49
116 2 75
21 32 65
103 8 63
27 29 78
91 16 28
79 11 53
60 15 4
69 19 72
54 23 0
61 8 76
2 27 63
125 23 47
57 23 33
56 11 41
40 30 82
110 1 0
67 12 65
149 40 67
142 13 37
89 14 0
132 26 79
81 31 26
38 13 17
139 40 48
82 35 68
81 32 88
128 5 55
93 40 12
3 13 0
126 38 9
108 16 86
119 30 41
136 22 45
147 20 0
29 19 0
95 2 97
79 17 62
22 19 67
149 39 24
38 26 62
112 17 49
39 17 15
50 2 0
94 17 98
48 28 10
107 29 93
118 28 37
53 35 91
26 22 80
88 37 15
107 39 0
92 39 72
70 32 70
18 10 47
27 17 0
40 32 0
59 5 40
104 39 32
3 20 86
129 13 89
51 39 45
128 16 89
84 23 78
79 4 98
56 32 42
150 13 29
18 25 70
32 40 31
133 8 71
87 1 53
67 36 59
145 2 25
67 25 41
19 3 11
34 31 0
67 27 8
113 23 0
113 2 45
150 23 33
5 18 15
34 20 0
120 26 99
124 32 62
124 39 55
4 31 46
87 38 96
64 20 42
68 23 71
32 40 63
126 29 89
116 24 0
13 20 62
99 17 69
112 17 0
3 36 72
149 12 42
24 22 60
32 8 13
56 25 54
133 22 80
21 10 17
8 30 17
132 25 0
147 25 6
121 8 39
144 36 65
79 14 10
34 39 54
82 3 40
74 36 32
134 4 3
87 3 97
46 10 85
104 6 17
67 33 92
27 22 22
4 12 71
31 21 42
62 15 75
117 2 75
139 27 11
140 24 80
119 21 97
81 31 0
12 33 53
31 19 89
28 1 83
129 22 0
88 38 11
32 40 6
13 26 0
150 15 92
90 28 93
48 35 0
28 18 63
105 19 7
30 2 34
49 10 25
83 12 69
123 32 42
118 7 54
137 31 88
55 23 0
91 38 28
9 1 0
60 1 51
90 16 41
122 7 0
88 28 23
54 3 51
45 21 45
77 38 74
115 27 0
106 25 37
65 35 8
9 14 11
69 22 60
30 14 68
134 34 0
114 32 42
31 39 96
70 4 88
133 31 0
77 5 47
46 14 26
17 18 60
12 14 47
43 5 79
55 40 84
90 21 8
58 14 88
139 28 44
116 3 83
65 39 28
28 23 24
78 25 19
128 7 76
13 25 40
149 19 37
135 16 5
9 6 0
86 16 62
148 31 82
83 27 27
119 34 0
44 17 32
5 21 92
135 1 33
98 18 24
131 19 0
17 35 16
6 32 0
54 22 62
82 20 0
81 21 96
7 7 21
103 2 88
46 5 0
94 14 0
143 14 16
46 36 24
6 2 71
146 26 33
146 39 8
89 4 79
11 5 85
101 6 83
87 11 0
31 9 69
120 32 24
68 18 0
7 15 80
84 14 0
44 24 13
146 2 78
85 15 0
27 10 24
24 27 71
81 30 62
77 18 14
70 7 0
122 12 67
138 19 86
117 5 69
112 32 99
103 16 29
54 15 26
67 10 51
97 22 94
82 10 9
9 31 9
91 38 48
61 32 36
100 28 0
97 12 74
8 28 0
99 29 5
59 34 58
31 37 36
19 9 69
49 11 0
92 36 50
120 37 8
27 2 0
91 35 24
144 7 45
27 37 69
133 23 44
138 35 72
15 31 23
102 13 85
61 19 61
8 31 95
11 33 81
19 25 63
109 10 0
53 18 29
19 32 37
75 32 2
50 18 0
26 39 5
102 20 34
94 31 0
101 27 33
5 4 22
11 34 95
51 32 4
13 39 1
99 3 90
145 21 87
126 25 0
40 29 55
28 18 96
149 18 0
51 28 38
139 3 11
25 23 55
104 10 57
93 13 67
33 17 93
64 3 47
49 40 69
59 34 21
136 25 22
132 13 67
9 34 0
50 30 0
37 34 47
60 3 16
67 16 0
86 30 73
47 8 96
49 40 56
94 32 52
47 36 30
55 3 34
41 12 19
72 5 31
22 10 54
54 19 51
107 38 3
51 16 9
63 38 14
84 17 21
128 33 78
124 25 81
45 35 48
69 5 24
3 13 100
87 33 94
99 10 80
84 26 54
56 27 0
6 27 85
123 34 22
123 2 12
121 33 90
108 7 69
105 2 0
53 34 58
120 9 37
127 9 92
83 24 46
43 18 0
18 18 27
11 32 39
41 18 45
43 8 12
57 20 0
27 20 24
92 27 0
137 35 0
147 2 72
70 2 63
44 9 61
139 19 24
93 28 0
124 24 88
51 30 82
90 2 96
26 8 92
77 4 87
31 2 96
45 40 17
55 32 52
136 34 80
136 33 0
147 11 55
46 20 14
120 6 37
67 19 97
49 19 0
105 10 0
94 2 96
132 6 57
81 31 6
18 4 47
68 40 0
88 31 66
4 33 60
104 38 96
149 5 98
23 24 11
109 32 77
119 16 0
69 17 36
10 26 39
129 29 0
142 30 43
60 10 0
88 4 93
54 28 29
11 27 69
134 21 74
53 8 14
5 14 14
134 20 75
110 2 18
95 3 28
83 23 53
10 40 53
74 25 32
132 30 58
2 7 47
144 15 16
91 13 47
91 8 83
57 8 58
147 27 21
120 37 85
103 12 90
32 27 97
133 12 42
74 12 0
36 26 46
117 22 40
117 4 14
91 33 0
85 25 27
93 8 80
104 3 77
45 38 30
6 31 64
17 14 8
28 28 0
117 29 0
49 21 42
79 2 14
127 15 42
128 16 67
147 13 79
2 3 15
31 39 82
16 13 4
135 32 0
76 32 0
135 12 7
12 1 10
43 33 63
48 9 3
35 11 20
45 20 87
40 10 43
100 29 44
144 36 58
85 28 0
110 27 0
57 37 22
83 39 18
92 14 14
97 24 0
5 34 93
33 1 90
28 31 31
77 31 81
60 37 51
150 25 0
144 20 66
29 28 72
102 22 33
123 36 57
112 35 36
45 35 76
8 32 33
90 5 0
141 11 48
150 29 94
25 34 95
120 30 93
149 27 63
60 2 0
37 25 0
76 4 70
77 5 98
94 21 82
83 25 0
22 15 51
11 21 57
56 8 90
118 27 0
95 8 0
64 12 78
71 2 0
40 36 66
138 39 81
71 5 0
136 31 3
138 29 0
91 20 63
18 12 56
99 23 29
15 5 37
9 28 92
58 32 0
119 35 91
110 5 34
102 38 49
139 22 43
7 26 93
59 9 99
132 38 78
114 14 88
14 21 61
4 20 57
51 30 46
138 26 4
43 35 45
58 31 77
125 5 46
1 11 89
113 7 14
98 4 8
78 14 96
35 2 0
76 29 17
60 33 9
61 12 50
9 5 82
135 8 40
7 37 24
101 23 0
139 30 8
134 9 96
18 21 38
128 16 25
59 28 9
71 34 0
94 8 10
134 12 83
26 8 50
122 9 77
123 35 0
22 15 89
131 29 50
17 26 14
60 11 10
19 24 42
40 36 0
40 35 55
118 19 76
49 31 75
54 30 39
39 23 48
92 34 27
46 29 0
131 38 56
113 1 43
106 24 49
8 15 0
37 1 38
16 23 57
95 40 0
127 21 0
10 21 0
128 30 62
89 16 100
55 28 24
28 33 26
39 38 74
40 27 0
123 31 44
9 16 74
105 21 69
84 29 68
12 13 62
32 32 34
36 16 75
55 19 7
18 26 11
100 31 95
47 37 0
128 16 44
141 35 14
7 19 73
2 23 56
46 31 49
43 23 56
19 38 0
67 10 30
133 30 78
44 10 100
109 31 45
93 14 69
63 32 94
72 14 0
7 5 86
57 25 46
56 21 21
1 32 0
25 19 42
73 29 47
44 18 34
79 23 36
34 8 6
20 32 0
73 22 10
71 4 9
147 29 0
128 32 1
68 26 0
94 3 78
120 28 94
67 37 0
116 33 89
1 5 13
61 20 89
23 31 39
119 18 0
85 3 93
37 39 60
145 24 26
93 29 27
148 8 28
111 15 43
19 20 98
117 9 0
33 33 22
17 3 5
122 8 34
67 33 90
84 24 74
134 23 15
143 17 41
134 32 17
80 31 41
56 17 36
111 10 90
148 5 0
11 11 94
95 36 38
81 23 54
48 18 0
119 19 90
2 10 22
55 10 95
29 26 20
136 4 0
137 18 85
75 22 0
149 5 18
132 18 0
68 33 64
25 19 53
100 8 0
47 21 68
63 33 50
51 32 94
110 4 86
28 30 17
53 14 0
6 36 18
104 22 49
120 24 75
44 40 12
68 20 36
110 4 0
100 38 61
116 4 98
35 24 0
118 36 26
53 15 0
143 21 80
76 11 36
79 37 0
138 30 0
118 17 4
36 15 90
64 3 73
145 35 27
150 18 0
135 20 88
29 36 78
144 33 69
5 37 0
36 7 42
85 28 51
9 10 45
37 33 59
86 20 41
76 39 30
8 40 11
14 24 0
130 25 81
41 30 20
66 21 62
29 40 0
110 14 77
107 1 34
124 6 0
70 3 73
79 13 35
62 11 0
144 36 14
141 23 0
8 23 79
13 33 1
21 30 47
144 12 0
133 10 69
124 3 80
40 28 59
59 25 41
112 17 13
28 22 77
51 10 82
1 39 0
136 18 0
149 2 89
20 28 91
87 22 0
145 20 6
57 6 46
147 19 0
5 14 43
126 6 25
75 9 77
5 14 53
116 7 6
106 3 92
41 20 25
137 19 96
9 2 16
54 3 1
41 40 0
99 1 25
28 39 7
35 8 74
148 20 0
93 27 74
82 7 0
139 10 33
129 11 0
38 33 3
59 22 0
8 15 43
132 35 11
101 20 21
60 12 81
77 23 59
79 28 93
124 40 77
26 37 12
125 17 0
79 26 0
39 36 0
139 2 95
55 9 19
101 40 88
86 24 47
138 17 0
11 27 70
109 28 34
116 40 86
113 37 2
130 27 0
113 8 0
133 32 0
108 9 0
114 39 87
61 34 63
61 32 0
113 3 81
136 37 0
116 24 92
72 20 0
45 18 47
12 31 0
72 6 6
36 32 79
123 30 76
104 7 64
141 4 75
13 19 44
3 4 12
144 40 76
93 36 79
49 24 0
109 18 37
85 14 0
69 8 1
21 28 0
51 27 93
29 4 61
73 10 10
117 25 58
61 6 31
115 13 63
96 11 48
29 12 37
80 40 53
103 9 83
138 16 7
13 40 45
149 35 63
134 5 24
59 22 90
88 27 47
35 7 24
60 22 0
47 15 16
95 33 5
145 15 0
7 23 13
39 9 0
150 14 34
12 26 50
13 16 58
117 30 41
118 28 40
137 14 0
72 10 0
125 5 0
65 36 11
88 16 32
58 32 15
52 5 52
131 28 82
89 27 62
36 18 96
5 22 93
61 2 61
4 15 89
78 30 87
105 27 13
44 20 32
79 9 94
94 31 5
65 8 29
72 22 0
144 8 21
35 12 0
130 11 16
42 34 61
2 6 46
49 11 74
119 29 94
63 26 54
22 12 30
95 34 42
83 34 73
139 16 22
147 2 64
1 7 56
59 37 84
81 26 30
31 21 0
86 40 65
24 32 35
33 18 51
71 24 0
27 40 57
131 12 0
123 38 0
103 6 7
47 7 59
140 8 0
14 37 63
139 13 17
68 32 54
145 16 62
142 34 28
96 1 41
113 22 17
92 16 74
125 22 98
43 12 59
127 30 0
26 16 30
135 28 4
99 31 7
96 3 31
100 35 73
45 37 43
150 40 26
101 24 87
111 24 86
124 39 12
84 39 36
103 26 0
29 20 81
3 22 82
149 40 0
142 35 28
6 16 0
50 8 55
146 11 45
62 5 47
143 38 95
90 32 0
24 28 66
68 25 29
71 1 86
131 25 56
123 15 80
86 13 22
135 21 15
101 30 43
143 13 90
20 39 23
12 6 69
32 10 62
82 2 33
13 20 0
50 7 0
114 35 100
77 33 29
147 21 48
52 37 27
120 6 93
13 22 92
25 20 82
141 7 0
46 17 65
113 31 51
55 18 0
101 13 91
86 34 43
55 13 0
104 24 67
15 1 14
118 19 39
142 7 39
114 23 82
9 17 55
49 7 80
47 5 18
93 10 60
79 34 33
89 34 76
138 30 7
102 33 90
29 27 9
65 23 84
94 21 11
51 21 33
114 30 40
98 22 70
50 2 0
55 38 73
86 40 0
28 40 95
104 7 0
70 35 27
105 34 94
88 39 3
75 27 90
59 22 0
149 29 19
39 18 0
87 3 92
136 38 69
15 26 57
39 5 71
80 33 3
48 29 94
115 37 53
76 24 88
129 33 41
115 25 0
135 29 7
139 31 0
6 30 34
144 24 6
12 32 0
72 25 25
141 5 79
82 39 49
84 23 0
147 13 23
85 40 29
7 15 77
99 15 83
1 12 67
47 21 60
121 14 9
115 5 42
25 17 53
128 40 0
48 27 0
81 6 1
25 8 41
57 26 67
13 14 0
98 29 3
31 32 93
98 33 59
45 40 75
100 1 66
52 38 41
76 15 83
11 12 37
95 20 0
147 22 100
7 17 82
102 38 36
18 8 7
145 16 0
102 19 55
121 34 100
93 17 0
129 23 14
126 32 28
61 20 91
16 1 65
49 34 2
66 16 39
1 10 0
26 27 7
66 10 19
8 37 35
41 31 0
100 15 94
6 31 85
133 12 35
150 40 0
101 20 92
71 19 0
53 9 28
80 24 0
3 29 0
13 19 7
93 20 70
47 28 35
61 11 31
9 3 0
113 31 15
48 29 27
109 2 4
149 27 38
79 13 81
111 31 2
40 7 94
11 23 68
149 25 73
96 1 53
143 34 65
57 28 7
121 21 62
10 21 55
7 22 19
124 19 82
52 40 0
115 11 73
4 38 9
125 38 68
66 10 0
140 3 1
61 34 8
32 2 20
41 3 65
8 25 12
83 32 37
100 22 87
144 19 64
92 36 0
8 13 94
54 20 27
124 10 71
145 25 34
123 26 78
98 9 48
51 6 3
43 38 68
16 1 70
129 37 32
65 27 0
17 22 56
132 25 6
129 37 49
103 27 46
19 32 1
103 13 50
40 19 10
89 39 0
44 25 71
63 27 84
4 4 70
9 4 21
30 18 70
115 27 22
85 20 78
41 28 63
60 5 30
78 13 47
51 8 17
95 8 65
74 15 0
54 5 91
114 22 0
66 21 0
32 30 81
61 19 0
105 7 6
27 9 79
79 30 48
9 20 75
142 2 99
101 24 15
27 27 91
37 9 33
117 25 55
116 23 0
16 33 0
103 2 20
102 37 96
58 25 68
64 30 24
139 24 4
147 20 45
54 8 0
137 16 79
67 27 77
40 4 27
70 5 94
12 27 20
62 2 99
126 32 0
28 24 0
11 36 0
69 12 77
83 4 47
126 6 33
13 25 57
43 24 39
134 18 20
125 3 5
71 3 4
104 37 18
87 35 34
140 16 13
103 14 46
73 9 16
37 4 38
32 10 70
83 40 0
67 26 0
121 29 94
82 4 71
16 25 85
57 21 77
89 31 37
23 39 18
10 7 0
104 23 0
4 15 51
39 31 50
86 25 5
99 12 17
34 23 21
137 17 32
122 10 81
116 17 0
1 9 34
41 34 85
94 40 57
129 8 94
17 6 67
56 18 65
64 35 34
78 4 0
9 24 97
29 30 83
35 17 27
5 1 0
44 36 50
57 39 94
32 26 26
67 21 0
97 6 87
83 21 0
42 14 44
126 40 41
63 36 35
13 26 0
94 39 11
55 23 81
74 18 0
24 34 29
37 25 4
51 5 86
97 39 14
133 22 94
61 34 1
73 38 88
3 27 95
127 35 49
93 35 7
142 21 77
4 5 89
49 10 0
87 40 94
139 15 45
141 17 75
119 32 58
87 5 36
40 28 0
141 22 58
86 36 0
81 2 42
117 4 93
85 39 0
5 40 85
11 23 0
54 18 0
43 1 34
16 39 56
8 8 49
147 28 85
140 39 85
3 20 94
39 34 0
112 38 96
78 6 5
69 14 25
35 11 0
142 28 5
137 12 66
5 10 75
97 12 81
9 30 79
107 21 44
118 3 7
78 18 0
52 15 80
45 21 0
64 17 14
147 7 50
92 30 15
138 40 12
146 40 25
128 13 98
38 20 0
128 40 68
36 3 21
63 35 98
60 32 1
61 28 40
119 4 0
89 10 100
11 7 49
112 9 83
114 37 92
25 38 99
6 9 16
12 15 0
147 14 97
34 7 92
10 30 42
4 8 40
13 31 0
26 12 6
84 35 46
99 20 7
7 13 52
50 3 81
36 14 59
90 12 49
38 18 44
124 32 42
7 13 0
104 30 0
94 31 27
26 14 36
115 22 9
95 3 69
116 17 39
78 26 64
124 24 95
92 20 19
92 40 9
54 19 42
112 27 41
128 23 4
15 37 3
55 2 21
58 40 71
14 5 39
41 26 45
67 40 0
138 7 58
141 20 0
135 17 58
27 6 64
120 14 4
98 40 62
44 4 0
2 30 0
138 32 66
64 12 18
148 2 61
61 12 24
25 35 0
124 37 25
121 6 9
130 30 0
42 28 62
102 21 0
11 7 92
3 35 0
8 39 54
108 5 0
10 36 74
21 38 45
142 32 76
17 22 0
36 16 40
52 35 44
78 27 14
148 31 24
54 36 20
115 36 42
20 30 65
128 8 26
20 35 87
126 14 71
138 30 75
53 20 41
76 38 0
110 11 40
124 19 80
50 17 3
95 29 0
11 24 22
71 14 14
88 20 55
16 12 0
143 20 38
43 25 61
98 13 69
136 26 35
41 25 3
72 7 68
90 37 82
20 7 76
94 7 81
144 2 67
68 27 92
28 23 68
133 1 27
147 31 17
11 21 94
119 8 0
81 7 60
72 38 0
58 2 51
13 40 7
11 32 76
42 26 71
135 11 0
14 12 3
40 15 79
97 18 10
49 11 63
3 38 0
49 8 81
56 22 65
88 20 0
92 29 81
135 36 53
79 27 59
12 3 6
72 30 91
88 21 0
5 6 31
52 32 96
148 22 19
106 8 77
89 4 0
81 2 0
25 7 58
132 31 40
20 33 0
129 19 0
50 6 96
52 17 27
136 38 78
33 19 50
97 6 0
52 31 17
125 30 78
91 4 20
139 35 4
103 35 82
36 11 50
104 18 57
123 14 0
150 26 0
111 27 78
138 26 90
29 39 0
89 25 0
47 13 37
137 19 5
137 36 66
102 22 21
141 3 22
88 23 77
150 9 0
31 14 50
73 2 1
111 10 0
132 22 0
35 24 36
3 14 69
137 31 92
33 10 0
134 10 16
47 7 84
20 34 0
137 34 0
77 39 0
76 18 75
147 30 22
61 30 20
128 30 8
133 14 94
29 38 43
117 17 56
99 21 69
15 26 33
56 32 24
118 38 0
127 11 21
126 2 78
89 34 15
95 7 14
120 2 15
47 3 10
124 27 0
51 34 0
61 35 68
124 33 88
102 18 96
19 32 11
139 5 38
14 22 50
150 5 89
56 28 3
42 15 61
27 9 29
41 34 0
147 31 9
4 5 90
30 9 77
128 1 53
26 14 97
31 33 43
27 23 24
51 15 14
24 33 6
51 10 60
19 21 65
136 12 47
116 7 19
112 36 72
67 15 78
47 20 17
22 19 59
3 27 11
124 35 75
6 13 69
39 11 49
103 30 70
81 37 18
107 19 0
139 15 90
8 26 24
39 17 58
14 38 47
59 10 41
101 17 82
104 33 92
77 4 0
51 32 65
32 25 12
126 20 32
82 6 26
52 4 91
20 22 34
27 30 57
118 21 29
18 24 54
83 6 0
67 39 73
42 12 78
63 24 34
102 17 57
58 14 81
116 15 0
33 24 27
47 38 83
98 7 33
83 2 85
20 18 76
84 1 0
122 29 45
74 28 14
16 38 38
143 24 10
127 14 80
77 37 12
145 22 99
21 36 42
70 1 0
75 26 1
14 18 18
58 10 21
5 14 0
120 40 56
93 28 69
22 36 4
68 19 80
57 31 40
82 29 77
122 15 33
61 29 47
122 10 60
40 32 0
52 19 15
42 39 0
113 39 65
138 37 34
2 40 82
71 9 73
133 22 82
23 20 63
73 16 17
101 7 92
61 35 18
61 7 0
102 3 29
140 12 0
67 22 27
133 21 94
11 26 84
108 23 63
127 13 89
27 9 22
57 29 10
51 33 7
33 4 45
56 14 84
38 24 42
83 14 34
73 27 0
42 25 92
86 24 66
116 16 54
97 18 77
25 9 79
111 3 12
62 40 0
113 40 0
54 19 0
22 17 30
11 33 0
44 19 9
91 14 7
100 34 0
139 15 82
39 20 45
101 32 95
128 29 83
69 32 0
87 34 0
71 14 95
62 39 29
147 39 100
94 21 19
126 4 63
39 37 63
12 27 0
122 9 0
65 36 27
33 33 74
53 35 33
25 38 65
101 8 0
112 20 9
24 36 0
89 2 57
1 23 16
53 17 85
15 23 0
19 38 84
146 7 72
51 38 39
78 3 0
77 27 98
36 21 18
101 5 26
94 37 9
35 24 97
36 23 65
61 12 86
130 30 46
40 28 13
3 29 28
63 7 0
132 37 30
71 33 56
50 9 0
95 22 11
98 31 76
86 34 82
70 27 39
67 14 64
42 18 8
36 6 0
63 11 42
86 1 20
31 23 20
76 23 56
127 9 0
85 33 27
97 18 0
69 15 98
40 33 67
49 5 64
52 37 1
58 7 95
62 11 23
13 32 82
66 15 19
88 15 51
105 19 0
80 31 0
40 1 89
80 1 78
121 35 74
33 13 0
139 24 91
126 21 31
22 27 0
4 33 18
48 14 0
80 35 20
36 30 54
70 35 89
109 39 72
140 38 96
100 38 7
14 14 28
69 31 60
70 33 63
31 9 19
43 17 34
103 16 6
82 28 0
48 18 18
78 19 0
14 11 10
58 36 38
128 9 92
149 22 0
82 24 82
82 20 87
122 1 4
52 6 71
52 20 41
37 20 46
24 39 64
23 6 57
4 4 7
13 16 0
68 23 23
131 23 0
80 17 3
101 4 0
3 37 0
40 5 81
84 28 43
136 31 92
93 33 43
25 39 60
13 12 88
135 29 77
107 24 37
65 25 56
52 37 0
62 5 54
143 3 84
140 23 0
79 18 53
146 38 52
79 33 71
132 9 51
5 14 45
56 9 0
140 25 0
124 2 73
16 37 86
58 6 47
30 7 7
76 8 11
24 3 87
77 8 0
17 3 16
19 11 92
121 20 38
11 27 55
70 21 39
144 33 31
32 13 80
10 12 97
107 6 64
143 40 19
146 13 0
64 31 0
36 1 0
28 40 27
38 20 27
51 29 32
129 39 85
32 10 28
133 9 0
22 6 52
29 39 39
101 16 43
126 26 5
63 17 23
4 10 46
128 28 33
37 21 8
95 22 26
93 34 19
97 3 33
35 6 29
15 15 0
30 35 23
117 6 46
2 1 33
55 36 79
126 27 38
78 16 0
149 38 100
126 6 0
100 6 17
150 17 28
79 14 39
43 14 34
26 7 22
134 5 35
119 12 46
94 1 90
49 10 33
94 27 94
20 18 21
18 21 80
106 10 0
103 28 73
110 12 65
125 7 38
98 32 57
101 35 0
39 7 0
10 38 47
124 3 80
14 12 72
84 12 41
23 22 88
64 18 0
78 37 28
38 23 0
8 7 36
22 12 0
140 35 1
125 1 52
84 1 46
86 19 24
108 24 23
147 28 73
138 36 31
132 34 26
8 6 97
76 39 23
134 34 0
55 19 62
3 39 54
26 30 0
69 31 60
39 19 0
96 34 0
6 39 12
43 40 0
145 3 0
24 9 0
124 2 69
42 28 68
65 1 70
12 7 96
91 30 0
11 6 73
87 11 75
14 27 52
64 22 33
2 25 0
125 25 0
103 19 43
138 28 68
27 21 22
148 19 60
113 39 23
147 36 86
121 19 0
47 33 51
69 38 59
53 7 10
6 34 64
50 25 6
105 37 52
123 3 0
3 28 43
148 30 0
77 3 55
90 36 51
137 3 77
92 18 94
51 27 71
25 15 68
117 7 1
35 33 20
86 13 20
143 15 80
42 16 10
90 33 18
28 23 0
107 30 44
115 10 12
3 9 18
29 11 66
139 33 95
143 22 27
58 11 86
101 35 89
68 23 78
4 2 14
17 7 0
128 37 34
34 3 91
126 39 40
147 28 84
114 23 28
115 31 22
140 17 61
72 39 77
104 18 13
57 29 31
118 20 36
100 21 81
78 5 29
136 14 0
116 1 74
55 30 48
45 27 50
132 2 52
20 20 85
116 13 17
67 27 96
104 8 75
67 22 82
44 34 0
137 19 82
83 29 2
148 24 6
118 11 33
58 37 43
100 13 62
136 13 54
102 29 10
114 13 21
80 17 81
143 20 0
19 7 41
140 36 0
54 27 67
37 38 44
48 21 95
85 40 67
29 32 16
44 1 59
145 38 38
116 38 25
106 22 32
50 23 42
125 33 53
77 23 91
144 5 100
146 8 0
89 32 33
83 8 60
14 23 90
44 32 96
126 4 78
47 2 3
1 16 5
18 40 52
66 13 66
118 8 98
64 30 89
58 37 86
92 15 35
23 29 46
99 32 0
100 38 9
35 34 33
66 26 33
125 7 75
103 8 90
76 28 65
59 2 77
56 31 70
82 16 21
110 9 25
73 21 44
14 22 39
4 15 44
71 17 0
4 23 0
36 22 30
90 21 91
46 18 10
58 34 87
55 37 0
56 12 56
5 33 39
111 12 68
39 11 6
143 28 59
43 34 8
8 32 100
71 22 39
22 34 64
88 8 48
53 21 68
68 16 21
4 11 71
18 33 32
77 40 1
147 40 82
149 28 86
11 17 49
108 37 37
148 19 41
9 19 69
65 23 83
81 19 75
71 28 89
22 13 0
127 8 98
86 17 0
19 1 0
9 17 61
54 2 48
95 9 47
80 27 0
18 32 0
46 16 90
143 1 65
93 4 73
50 35 0
114 9 61
28 19 81
18 18 0
100 19 3
36 18 32
56 30 27
87 5 93
100 2 72
56 29 0
36 30 0
141 7 0
14 6 0
80 24 25
12 17 17
145 2 0
32 8 0
51 10 93
40 16 10
98 29 0
27 25 94
143 29 91
10 22 3
54 16 0
18 28 10
144 5 50
23 40 55
124 10 18
102 36 61
71 37 18
12 17 70
72 18 90
72 31 86
73 26 72
21 14 75
17 32 4
23 5 0
99 26 5
28 9 6
9 36 79
78 3 92
18 34 77
79 4 67
75 25 10
109 19 7
143 29 97
90 13 44
143 20 0
81 22 0
7 10 72
30 10 0
89 20 10
28 3 55
90 8 46
9 25 18
79 40 39
68 35 31
8 33 0
35 40 42
27 37 49
103 35 9
50 31 0
60 7 66
51 17 77
40 35 100
61 1 48
37 32 11
139 33 16
46 16 0
139 28 0
91 9 11
65 31 7
11 39 59
101 12 76
104 23 33
128 5 93
137 11 35
97 40 91
112 2 0
147 29 77
24 17 97
93 39 0
135 16 33
10 4 80
120 36 96
105 1 24
115 38 43
18 2 2
115 23 19
37 2 5
145 4 38
123 24 35
126 30 35
104 39 46
133 18 0
67 8 44
4 40 68
57 22 40
33 1 99
9 11 12
4 36 0
77 14 50
110 2 15
45 26 0
117 37 85
47 38 16
63 31 28
142 17 96
65 32 0
16 35 11
109 8 81
25 17 73
52 33 8
118 11 61
73 31 43
144 7 58
139 33 53
81 21 94
30 17 18
120 27 91
83 31 15
22 18 67
93 6 96
111 22 100
22 5 85
70 10 93
66 7 0
25 11 40
100 8 0
43 38 23
146 10 21
150 4 59
39 2 91
16 33 18
150 18 28
36 3 98
90 32 0
43 37 63
82 13 63
113 26 0
28 24 87
26 10 42
122 5 81
16 6 63
87 23 32
76 4 0
20 40 52
79 5 0
50 13 18
20 36 43
133 27 0
120 26 1
45 28 20
12 30 0
73 17 42
12 25 48
70 31 0
24 11 59
66 20 84
8 28 9
3 19 0
24 22 23
144 14 96
59 30 22
75 28 29
54 33 77
62 3 0
72 38 72
14 23 81
76 4 0
11 14 76
95 21 0
111 34 90
140 10 66
74 37 35
43 36 54
143 35 66
7 35 63
38 16 19
63 4 13
58 27 47
63 1 62
47 17 0
3 15 35
59 10 21
144 19 73
107 38 35
141 17 92
28 25 93
12 34 73
25 33 61
35 12 0
51 2 82
29 17 67
1 19 1
114 29 21
23 14 47
101 16 67
12 17 93
4 21 92
28 38 94
97 14 94
69 20 9
33 38 28
15 22 86
146 40 91
11 11 0
140 40 12
122 8 18
39 17 66
102 1 0
74 14 17
28 14 45
93 39 71
27 30 0
65 18 0
139 12 0
88 23 54
139 21 80
42 32 35
112 38 40
120 28 42
124 6 25
53 40 39
27 2 17
117 1 93
80 12 83
3 3 18
55 23 29
73 6 25
10 30 0
110 5 44
30 37 74
127 39 27
101 8 2
22 27 37
1 15 0
116 33 77
18 36 8
37 36 24
63 4 56
99 4 0
126 32 75
138 17 10
38 36 0
85 23 0
6 17 0
75 16 53
8 22 100
117 19 20
54 20 53
47 7 61
39 1 16
129 21 10
84 3 0
150 1 21
122 10 0
123 32 34
74 32 96
34 34 64
125 3 0
128 31 0
109 26 51
72 14 42
37 28 31
68 17 0
135 9 35
114 40 46
64 17 44
96 31 37
21 15 75
6 7 74
23 12 8
146 23 0
103 38 0
35 31 61
33 12 28
45 3 72
135 40 56
113 5 19
94 28 0
33 33 5
111 18 86
31 18 55
38 6 63
116 37 51
4 12 0
98 39 83
82 31 53
142 17 43
146 10 34
114 30 2
31 25 0
36 23 55
40 24 21
126 15 10
105 11 59
55 12 0
86 16 85
129 2 0
140 23 28
45 39 93
44 33 45
62 33 29
113 2 99
108 2 0
144 40 0
115 2 98
130 26 63
110 6 58
143 29 72
106 12 69
60 15 0
56 21 91
100 1 42
85 17 30
98 18 49
8 23 100
33 5 29
37 39 63
125 27 22
143 28 82
28 18 0
88 34 52
27 20 70
57 30 52
107 39 0
82 28 0
145 18 90
110 29 0
84 12 59
88 32 96
8 31 0
45 35 36
71 21 84
19 17 79
102 39 62
69 10 0
64 13 0
25 40 78
76 3 55
39 9 0
69 27 56
115 30 5
27 6 32
35 6 33
34 1 0
11 36 0
1 1 11
66 37 0
101 8 84
119 4 42
69 34 77
35 27 15
49 21 15
90 39 78
47 22 24
102 15 42
1 37 39
108 13 12
108 25 44
138 2 20
81 1 64
99 39 2
71 4 62
132 29 86
140 9 19
54 7 0
97 26 88
23 18 30
147 5 95
59 11 54
11 12 13
62 3 8
80 31 20
34 28 82
29 27 40
103 21 67
39 13 15
10 38 94
27 26 55
90 38 42
5 18 91
91 13 100
6 32 22
134 34 32
112 12 26
121 14 100
70 34 31
16 22 50
34 8 49
73 38 0
12 23 99
60 15 0
40 2 71
149 1 57
137 25 86
139 32 0
113 2 0
139 1 0
147 32 62
149 25 41
20 19 18
136 17 39
23 29 0
92 24 0
68 25 34
128 21 19
93 37 7
17 18 0
56 8 97
128 37 4
85 29 90
59 5 14
145 30 15
48 21 35
32 28 69
17 24 21
53 19 0
119 24 91
108 14 23
85 15 25
4 36 84
10 5 42
22 6 47
95 36 30
2 35 26
94 34 0
56 31 35
48 32 85
105 30 47
10 4 0
86 35 0
123 36 93
56 34 99
48 30 34
117 10 63
129 37 93
66 33 38
149 36 81
27 35 59
26 28 49
130 27 0
47 7 54
110 36 0
58 9 94
87 34 57
21 3 23
65 23 38
144 10 0
123 20 55
40 17 18
54 37 0
99 35 2
83 14 9
20 37 0
141 28 38
145 34 97
51 18 95
43 30 100
94 36 98
86 2 27
75 2 12
63 34 37
63 24 34
139 36 97
34 22 0
87 25 0
74 7 44
35 39 9
91 29 83
121 4 20
129 31 14
18 6 1
142 3 54
66 22 35
11 22 38
117 33 94
75 37 92
32 31 75
145 13 0
80 17 0
19 17 55
23 26 22
30 9 20
2 19 91
45 11 43
9 9 5
101 19 78
23 33 9
103 13 0
29 37 14
24 1 82
113 31 89
133 3 84
81 36 63
70 34 94
39 18 31
42 39 45
15 11 44
51 14 19
85 5 42
45 31 78
94 36 5
34 8 10
121 39 9
60 32 95
38 31 9
10 38 97
103 19 0
108 16 10
125 23 23
143 33 47
45 10 55
44 36 24
145 37 50
72 4 20
22 21 37
57 22 24
85 16 10
43 18 84
93 10 55
141 38 17
78 26 0
96 15 52
87 24 0
82 37 0
95 11 95
5 20 38
144 29 0
72 39 98
48 28 21
92 29 98
97 15 11
89 40 15
84 28 11
59 16 0
83 25 16
25 37 25
104 21 22
140 26 46
121 38 41
49 3 34
106 18 0
54 11 0
90 28 66
25 11 2
30 4 40
29 7 0
78 4 0
108 30 63
119 37 0
35 35 0
52 1 3
9 11 91
106 38 42
126 21 0
89 11 53
54 16 79
112 21 86
125 16 97
57 32 77
3 33 100
95 35 10
57 15 62
34 21 27
105 34 34
4 5 73
113 20 48
66 11 59
101 29 69
120 5 31
74 23 20
55 27 48
123 2 18
35 20 50
69 9 62
75 30 33
14 3 34
57 2 0
66 37 5
136 17 3
60 35 30
118 37 38
98 21 38
11 4 0
101 26 82
127 19 2
120 34 22
14 15 94
98 11 55
136 2 22
58 32 0
43 26 36
136 22 24
36 7 0
22 13 87
13 5 32
128 10 46
112 4 0
33 39 0
87 16 5
34 3 42
106 25 0
35 30 11
66 21 49
22 7 87
58 11 44
60 12 49
35 20 83
143 27 12
93 32 79
132 23 0
55 3 69
146 39 100
25 2 73
21 33 37
77 19 82
148 37 0
109 12 98
68 22 0
45 3 38
59 6 0
145 36 84
133 24 59
135 22 13
49 28 44
126 23 0
121 37 0
21 38 30
142 3 62
96 25 0
112 2 29
145 22 12
119 1 41
50 25 12
54 30 94
123 7 30
39 17 8
30 12 94
112 15 34
7 37 6
50 39 82
81 36 71
137 14 0
74 24 46
102 31 100
132 38 12
26 30 94
43 31 75
12 6 10
134 32 99
23 5 77
131 31 1
62 13 57
64 20 0
5 5 0
114 7 29
115 34 45
10 38 0
4 19 24
41 26 67
63 29 100
48 28 4
97 31 55
7 10 37
8 15 40
66 20 11
103 38 19
32 6 15
66 35 94
29 8 16
83 40 36
57 31 92
9 11 14
97 3 67
23 23 1
40 8 65
116 32 0
55 31 0
146 26 58
58 38 27
110 9 0
13 15 60
111 16 58
52 10 42
86 7 0
98 37 35
124 26 48
95 30 51
90 26 59
143 14 46
34 7 88
64 24 0
131 37 92
96 34 2
20 11 0
68 24 31
30 11 66
150 33 9
111 33 87
18 9 48
14 15 35
65 22 0
82 9 20
9 30 71
111 16 28
135 38 11
4 35 2
132 22 0
88 6 92
104 22 82
105 22 97
133 35 70
109 40 73
141 30 80
25 11 25
122 1 0
55 21 86
116 8 86
6 14 97
80 3 95
137 7 0
94 21 30
103 17 64
33 1 0
31 20 5
146 33 5
57 32 24
81 31 61
49 36 73
97 22 0
89 8 63
85 24 24
79 16 1
142 39 68
85 29 89
65 17 89
23 6 89
96 23 85
68 40 37
96 7 40
5 10 40
9 26 0
53 33 0
28 33 49
98 19 0
135 35 6
86 23 73
54 5 21
27 26 98
143 31 29
91 19 7
104 14 0
110 24 0
136 8 61
114 26 81
52 15 19
59 17 85
131 31 16
150 40 58
128 30 52
27 38 37
58 8 70
73 18 95
83 2 86
81 35 83
113 15 64
3 30 13
76 30 31
41 36 64
135 18 0
110 7 50
44 31 0
70 34 0
87 12 42
117 13 0
27 8 25
90 22 34
104 15 86
103 39 50
97 24 56
58 36 68
142 35 0
90 24 53
70 32 38
82 22 46
133 32 77
110 24 38
6 27 11
133 32 97
22 21 62
62 31 9
111 40 69
60 30 0
60 9 54
124 12 12
121 17 17
72 1 25
134 26 74
142 26 0
54 1 0
11 12 44
49 35 24
77 2 36
65 4 22
32 10 100
9 10 0
52 10 86
16 30 33
56 36 10
107 4 99
120 37 21
62 36 22
110 6 0
115 27 88
77 4 55
25 40 100
110 18 88
129 31 40
46 33 47
135 14 96
60 24 56
1 6 51
1 10 56
137 20 0
52 19 79
135 14 0
149 36 12
72 23 24
68 33 74
30 24 17
33 2 94
40 34 38
71 34 8
139 34 75
13 8 3
77 9 12
2 31 0
71 2 90
136 1 94
123 14 29
21 35 19
33 14 58
71 32 34
55 22 11
22 8 84
16 25 15
29 39 84
87 35 19
101 26 17
9 5 78
101 30 60
30 29 74
51 10 71
3 3 89
52 16 45
28 5 57
101 24 59
125 3 84
63 20 21
55 20 4
81 5 98
23 24 52
27 21 32
141 27 5
46 3 0
8 31 0
86 22 0
8 23 58
92 10 10
20 11 28
141 38 28
42 25 21
87 1 20
132 34 19
74 39 16
40 14 0
81 13 0
36 40 19
122 12 0
72 34 39
21 13 0
105 17 63
107 6 73
15 7 32
140 22 81
67 19 21
62 5 35
117 1 47
17 2 42
68 2 0
41 8 80
137 9 0
81 12 0
26 39 41
112 5 0
97 13 78
19 2 2
29 22 82
132 29 58
18 17 0
80 25 3
143 1 63
61 36 0
74 40 73
55 15 2
115 1 34
23 23 0
110 26 0
133 1 68
144 22 5
12 8 0
118 16 42
83 8 94
127 7 50
111 20 6
116 16 43
53 17 28
102 6 95
122 26 74
8 21 39
31 32 36
53 39 0
24 4 19
137 29 0
119 7 81
127 17 83
140 7 95
148 5 0
117 40 58
65 33 9
22 8 56
93 33 21
112 8 5
131 22 73
142 36 7
60 39 17
96 29 51
49 7 62
62 39 40
60 35 99
102 35 10
72 16 69
111 5 36
32 27 22
75 31 46
131 15 75
1 29 28
84 2 33
56 31 53
30 40 36
144 26 52
80 31 32
133 7 31
110 9 27
127 19 27
55 6 5
102 37 98
79 39 51
80 27 61
106 20 47
130 37 6
107 22 25
99 32 67
103 30 66
36 28 53
16 36 24
15 31 78
46 1 31
116 24 92
126 14 51
96 5 23
94 2 60
26 21 10
93 40 0
114 7 46
21 7 97
148 39 40
33 27 44
144 40 9
51 29 63
116 10 91
110 11 48
47 35 15
6 27 17
77 34 0
36 32 0
63 21 43
47 8 0
29 17 66
52 12 43
86 28 14
116 32 0
61 14 82
44 6 0
97 36 28
23 19 8
64 35 0
137 16 88
15 27 2
35 3 0
88 2 70
113 35 79
133 20 41
48 22 5
142 27 20
111 10 85
43 40 12
118 26 56
71 40 44
120 4 0
104 1 75
108 40 0
131 38 0
4 16 1
125 7 34
5 8 32
50 7 0
145 18 0
111 6 33
131 24 4
100 14 81
2 15 20
86 2 1
71 12 32
63 2 80
144 16 28
64 25 60
132 31 80
44 22 98
115 4 14
75 35 82
72 19 27
37 26 17
70 37 86
30 3 0
129 39 5
128 19 23
112 3 31
79 33 0
55 18 70
9 25 91
30 18 97
107 28 85
41 25 0
119 14 35
42 22 97
122 28 94
40 8 87
103 12 0
50 18 0
90 9 51
72 19 80
119 8 0
111 25 15
115 17 80
56 22 10
8 32 80
114 40 95
116 9 6
90 40 69
78 27 45
14 39 18
45 12 64
80 28 15
91 2 18
58 40 70
46 4 0
138 37 38
64 4 57
19 7 91
145 17 67
57 12 43
21 20 0
56 5 39
56 14 0
38 2 7
28 28 36
82 7 19
124 31 94
81 13 19
142 28 20
46 31 23
24 2 0
18 29 100
21 7 65
113 21 14
62 27 10
72 23 81
43 32 0
34 33 0
150 26 80
98 33 60
48 33 21
113 6 0
77 26 42
68 29 44
36 29 64
146 18 50
5 26 22
78 28 71
27 8 43
71 29 37
19 19 23
30 19 17
102 20 17
77 39 0
63 32 1
40 18 23
107 31 0
19 12 87
81 24 38
73 24 83
144 24 65
28 11 68
133 33 4
70 20 87
51 23 74
39 24 65
91 40 0
75 7 38
142 9 46
88 36 96
117 38 27
69 12 0
66 21 93
74 17 11
115 15 79
106 21 92
46 2 82
124 10 80
135 38 0
9 16 0
85 31 45
12 18 71
38 19 90
95 24 63
98 39 12
4 17 93
72 32 0
141 24 31
58 26 19
4 29 0
45 17 66
136 20 0
109 40 37
37 40 87
34 20 0
74 36 41
71 7 2
32 25 4
148 38 0
22 27 58
4 23 18
125 33 54
31 26 26
110 39 72
86 25 100
55 19 89
115 28 8
5 38 70
7 22 0
66 34 99
138 32 37
29 9 18
16 27 14
143 14 97
85 40 0
138 14 61
55 12 26
140 24 3
14 40 41
62 8 90
60 18 54
52 19 64
70 16 35
25 8 22
78 4 0
11 35 70
35 6 7
63 38 94
32 6 54
140 22 33
102 32 31
129 7 47
74 33 32
129 31 0
96 32 3
142 15 63
112 8 0
83 40 49
83 27 33
140 10 0
112 2 61
73 2 22
129 33 99
149 2 0
19 13 64
137 24 0
77 31 0
6 9 0
126 5 5
51 17 66
103 26 0
49 8 45
132 18 86
53 28 100
15 25 75
28 37 72
31 17 54
57 30 83
39 16 32
139 38 36
101 38 0
105 24 36
12 16 12
23 6 64
135 28 62
129 30 0
16 17 55
118 31 88
126 24 61
113 26 75
145 40 52
42 31 52
64 19 15
3 34 0
51 16 0
40 1 70
5 27 69
14 24 0
133 13 39
6 6 53
33 27 43
93 28 43
61 38 0
31 28 67
128 13 6
3 8 73
46 14 39
70 8 34
135 22 100
103 17 0
109 33 55
95 30 100
109 22 2
146 36 83
142 3 28
26 6 0
43 21 97
39 7 0
50 31 50
46 6 0
71 28 78
101 27 58
130 3 60
148 19 62
142 37 19
91 23 59
62 36 74
69 35 2
142 32 23
109 26 0
89 37 0
130 38 64
89 8 50
72 8 0
139 13 56
19 13 54
138 13 10
39 16 83
61 14 99
47 1 0
100 32 76
116 22 5
47 15 76
28 35 3
87 20 0
70 4 87
31 26 95
120 16 65
144 38 0
84 2 69
130 34 0
103 17 75
48 23 8
129 27 0
6 8 46
15 31 53
76 23 13
119 13 0
31 4 80
56 23 88
15 12 83
10 1 0
135 4 84
19 29 51
66 20 0
45 19 0
93 26 79
28 12 49
69 26 38
51 17 3
14 27 96
129 12 92
73 6 48
41 40 63
20 10 25
72 12 89
135 32 89
10 14 7
6 6 0
96 7 51
4 12 88
136 8 81
126 37 4
91 32 77
112 21 58
46 28 0
144 36 60
19 11 77
98 31 0
71 8 0
38 20 0
72 38 31
109 21 84
116 37 0
94 8 81
126 30 20
70 35 45
34 12 53
142 39 2
144 37 98
68 39 68
10 28 0
32 31 0
144 1 59
69 6 33
128 17 37
11 12 0
105 11 0
135 29 74
72 7 60
19 29 0
3 13 85
131 9 1
4 7 99
17 32 2
150 10 37
17 13 62
79 15 29
134 35 71
26 8 14
135 6 73
54 3 32
61 8 93
108 38 51
59 21 16
102 5 91
48 22 59
124 22 0
131 37 20
98 12 39
79 28 97
131 20 98
24 9 0
26 12 37
137 25 55
19 13 59
90 27 100
95 29 98
11 10 65
58 15 35
128 12 53
130 33 67
84 40 20
85 4 69
29 27 41
6 24 8
124 28 1
6 30 78
141 40 39
106 36 99
41 15 0
111 6 0
1 39 0
117 36 72
6 24 0
95 10 29
4 10 52
62 10 85
81 39 93
31 14 0
131 21 68
58 22 0
149 27 0
135 25 83
28 31 34
137 36 22
147 36 8
45 39 65
104 33 32
122 11 31
84 3 80
140 31 54
121 7 19
110 36 9
24 28 0
44 18 85
46 21 73
134 38 0
118 29 68
55 38 96
41 23 75
106 28 8
22 28 20
81 22 0
74 20 90
136 15 72
102 19 13
26 34 87
146 16 89
72 7 68
132 8 59
28 19 83
104 33 42
100 24 35
75 31 27
139 19 38
63 9 13
67 28 82
33 25 61
144 18 78
147 24 95
66 28 71
63 23 71
113 33 48
147 7 41
46 17 46
119 27 85
124 25 9
94 40 92
23 3 29
94 28 89
18 11 61
18 4 9
60 4 0
102 38 58
148 29 0
25 15 79
51 1 8
7 16 44
70 26 31
86 6 58
23 38 90
6 10 33
82 1 0
12 35 97
13 1 0
53 9 0
136 35 59
7 24 72
66 22 16
16 1 88
110 15 0
120 28 64
14 40 97
32 29 16
54 2 47
61 34 0
64 17 29
150 31 62
100 38 8
122 1 66
110 31 17
54 26 0
67 18 97
94 18 0
140 2 7
97 26 0
89 1 68
115 30 86
87 21 58
34 23 2
22 10 43
86 17 2
110 20 93
88 17 0
29 25 29
100 36 65
116 25 0
83 14 66
71 1 73
73 30 31
74 13 96
130 25 0
82 22 56
145 39 40
51 26 82
82 12 43
66 36 9
146 24 0
131 29 99
120 15 57
145 23 45
127 19 32
78 18 0
134 35 8
66 10 93
139 1 45
32 32 86
116 14 15
4 34 70
30 13 4
8 12 32
103 21 46
23 23 81
70 39 22
66 16 0
18 13 31
80 36 78
63 8 9
148 27 35
11 37 39
68 38 57
38 17 36
46 33 30
44 7 16
25 31 84
121 15 1
114 2 17
142 20 97
85 15 76
147 29 0
64 33 0
112 30 17
149 40 87
142 26 47
66 8 76
42 25 0
101 5 8
44 23 71
11 33 99
111 31 0
32 39 30
36 11 0
73 28 90
60 20 30
144 40 1
7 17 6
122 2 0
121 18 94
11 26 37
61 23 76
92 7 0
49 39 76
23 27 0
68 32 83
4 4 29
96 37 80
130 24 78
51 22 54
6 18 63
109 35 21
118 3 20
35 31 50
144 40 93
33 25 62
145 17 0
92 7 90
53 33 0
64 34 99
120 2 60
124 13 45
75 12 24
116 5 94
118 28 41
132 10 29
119 38 25
13 36 16
31 19 0
121 8 94
99 7 18
141 13 25
137 37 79
112 3 32
98 32 14
61 12 0
120 7 25
49 36 15
149 33 21
29 23 78
93 38 25
115 21 88
59 26 12
127 35 50
76 12 0
27 24 0
119 24 0
7 30 73
24 32 38
105 34 23
3 12 93
7 1 48
131 23 8
41 29 2
138 14 11
60 30 98
57 18 84
148 20 69
70 23 82
149 24 0
61 4 38
10 32 51
121 33 82
76 26 97
24 6 73
118 13 79
97 26 51
119 36 18
32 4 73
78 6 82
143 12 47
2 23 56
35 15 100
108 5 91
37 7 0
38 40 93
27 35 6
107 16 53
87 10 92
49 16 29
145 31 45
75 15 0
63 31 78
137 38 95
2 11 14
133 16 80
13 5 24
129 21 4
135 25 44
15 17 47
58 16 100
103 39 51
41 37 32
131 37 4
76 8 35
147 14 65
114 7 3
7 14 77
27 16 73
70 26 11
13 9 83
84 5 6
146 9 76
123 12 13
23 11 92
66 35 80
75 26 49
57 21 62
114 23 7
47 17 93
44 21 69
89 39 29
125 6 97
77 23 10
13 19 16
28 26 13
125 24 11
34 23 59
22 30 68
104 32 49
76 31 15
47 10 97
112 37 29
84 9 24
41 35 0
77 20 0
96 38 39
111 18 70
51 5 18
123 22 49
35 34 19
44 6 0
33 7 91
109 33 0
72 23 51
45 20 22
41 25 1
111 4 13
27 7 25
3 10 0
131 10 100
73 28 0
110 2 11
35 21 57
23 26 34
75 20 0
112 15 22
138 26 72
146 15 13
62 30 18
65 37 82
45 19 87
51 8 53
64 28 29
16 29 70
137 4 81
111 10 79
110 23 12
127 20 0
14 35 4
112 34 29
118 4 83
67 19 73
133 17 48
41 35 83
69 21 0
52 14 56
4 32 83
136 40 27
99 18 21
68 1 51
20 28 32
92 11 0
26 1 51
6 13 23
88 30 83
48 18 39
75 20 66
63 32 0
107 12 2
97 17 64
35 30 59
127 28 0
23 34 6
45 28 78
148 38 26
76 5 79
108 34 44
84 13 4
125 39 67
42 4 68
147 24 82
145 25 8
103 22 14
142 6 41
132 20 98
37 10 79
147 4 49
8 14 0
42 30 12
20 40 27
123 10 53
123 16 87
107 30 97
44 27 100
39 30 10
45 28 33
125 32 82
134 28 94
100 30 53
95 31 0
112 9 47
115 39 98
13 32 0
58 7 87
150 35 0
118 31 34
141 18 0
103 2 4
22 17 25
11 28 1
85 24 88
109 6 0
16 35 84
61 8 94
98 33 80
62 40 31
114 20 10
126 12 19
120 39 60
25 3 57
21 29 84
33 33 0
149 5 56
37 31 44
64 20 80
135 23 12
44 28 63
61 1 49
23 7 18
113 13 83
49 23 6
23 11 91
67 28 32
15 26 0
127 36 23
116 26 94
41 22 73
79 39 21
45 16 28
106 13 82
73 27 8
138 31 44
44 18 42
148 35 0
147 14 52
146 32 42
111 32 0
20 38 0
116 11 97
81 6 76
126 1 0
140 38 86
73 10 0
103 17 15
71 9 96
111 25 23
32 26 77
110 16 88
116 8 12
33 3 0
103 15 0
85 3 82
129 37 81
39 30 87
136 1 94
34 37 97
86 36 99
42 7 74
146 34 55
82 4 46
131 34 89
51 29 81
57 40 72
9 22 89
137 36 45
77 27 22
21 17 65
127 32 68
61 15 44
115 23 13
122 17 27
123 6 19
134 7 23
48 38 86
112 21 0
122 10 11
70 28 58
85 31 0
92 36 22
141 28 80
94 12 41
131 17 0
16 26 18
74 33 0
14 5 16
32 20 41
40 40 8
108 20 19
14 24 76
53 14 98
78 21 73
44 4 83
120 23 41
107 30 67
51 15 85
26 8 43
146 17 42
122 34 35
52 9 79
77 7 31
67 11 58
29 38 0
105 37 65
140 13 31
85 3 0
52 34 53
81 15 17
19 1 83
106 17 77
100 33 50
29 14 56
100 8 58
113 8 83
124 26 27
143 19 21
108 4 20
51 40 77
118 10 40
73 11 43
98 3 0
9 23 0
126 36 88
22 16 18
89 12 0
2 4 69
36 25 12
120 21 33
131 39 51
85 19 55
87 28 15
10 39 76
5 19 89
94 38 0
40 6 8
106 5 23
37 35 97
145 37 9
143 11 74
109 23 51
53 28 88
28 33 85
33 6 22
76 30 3
66 14 32
147 37 87
148 28 40
112 24 82
18 14 40
124 14 47
138 3 18
50 18 50
90 33 7
26 26 54
142 15 4
112 32 31
25 36 0
134 8 93
87 29 69
76 3 89
42 27 67
48 37 8
106 1 43
41 37 80
138 16 0
68 33 59
110 13 46
5 21 69
49 1 69
86 9 69
36 7 2
3 35 76
37 15 2
80 29 14
52 37 88
6 35 45
87 33 43
14 8 19
55 37 22
36 26 80
114 34 18
131 9 53
83 11 32
96 36 87
9 16 20
25 12 2
59 28 35
45 38 82
142 23 90
26 30 0
104 11 70
39 15 47
3 34 18
93 29 35
45 11 7
116 39 0
96 27 56
2 29 70
53 34 73
23 8 0
63 23 59
53 20 0
19 15 54
59 14 66
54 26 2
42 36 100
41 38 52
32 34 60
21 10 28
9 15 41
58 30 6
28 32 8
99 25 32
131 35 51
78 19 38
107 20 53
87 11 88
136 11 84
142 26 0
137 29 0
90 32 57
19 37 33
84 25 52
55 24 67
20 5 0
58 32 72
1 21 36
119 7 0
20 16 37
110 16 64
145 26 31
65 36 79
2 31 42
103 11 0
89 39 83
78 30 0
140 3 17
103 12 65
56 34 54
94 16 73
72 23 52
18 28 70
79 37 63
4 20 0
137 18 76
20 12 44
16 6 8
147 1 0
52 6 63
121 30 32
27 11 91
128 39 37
126 1 5
108 19 94
53 29 0
125 18 41
76 19 0
36 7 5
9 26 66
145 4 0
122 22 0
51 33 37
41 4 0
121 6 0
46 38 36
54 2 96
54 5 0
103 37 42
93 28 99
67 7 83
70 2 96
54 5 33
112 17 7
20 6 0
71 36 0
28 34 84
94 2 37
54 27 52
74 9 25
77 3 0
107 8 81
24 37 92
92 20 0
122 31 81
27 11 62
73 8 23
40 34 40
119 11 0
23 29 76
23 14 98
124 18 51
103 39 52
99 16 92
139 39 54
104 7 91
84 9 63
27 10 0
68 24 100
141 38 31
123 29 21
119 31 0
64 9 48
130 20 21
51 2 0
85 3 31
8 26 17
25 6 0
8 8 71
114 25 55
141 39 60
3 4 48
136 26 45
10 29 17
45 39 10
24 27 40
126 20 100
110 30 12
4 5 92
138 21 35
91 26 47
12 17 77
28 23 40
129 8 63
108 26 5
136 20 49
129 33 90
140 9 45
5 17 0
125 37 12
127 15 80
114 40 60
69 23 28
40 33 0
107 35 94
97 30 95
55 21 96
7 2 10
41 2 98
142 30 0
4 9 25
19 8 7
59 17 2
109 10 77
12 16 21
103 33 68
93 2 92
44 4 100
54 36 0
74 33 61
101 28 56
29 34 46
65 8 97
2 17 7
37 27 86
114 2 0
71 29 0
121 26 20
75 1 46
27 36 14
30 6 32
116 1 0
123 23 44
96 7 87
17 35 1
61 12 50
102 21 0
94 39 60
20 15 52
9 34 99
96 23 43
132 33 8
85 30 35
137 17 81
79 3 0
146 34 52
84 27 34
64 33 20
150 26 0
90 10 69
96 28 98
106 8 57
89 26 63
49 16 0
27 33 26
80 35 89
8 36 58
58 24 28
104 8 31
142 7 70
77 27 79
66 24 69
27 10 51
124 1 16
148 18 46
17 36 96
5 8 19
134 36 0
33 27 68
6 32 6
61 31 37
41 6 23
106 14 26
9 32 64
147 20 0
107 25 0
124 9 94
25 5 53
55 6 0
61 11 5
18 40 71
149 36 28
44 19 15
11 27 9
107 5 20
40 7 0
50 30 27
2 3 63
148 7 72
74 17 99
65 35 0
112 35 54
78 20 0
13 18 8
40 35 97
30 26 1
29 27 92
85 9 17
115 20 59
23 3 43
79 19 33
150 24 5
96 19 32
83 22 63
85 4 0
123 19 59
12 4 48
56 7 0
145 33 43
94 24 80
92 3 55
60 17 20
146 29 33
7 8 20
84 36 56
56 20 95
128 26 3
37 24 0
140 29 44
24 17 94
85 5 83
146 6 2
49 32 56
10 33 14
62 31 77
98 37 17
127 10 2
141 35 98
113 18 10
43 6 74
60 21 16
35 16 16
16 14 0
92 37 72
100 34 95
95 7 40
144 22 12
50 3 2
50 13 58
67 36 0
24 25 6
120 18 36
141 37 0
71 2 29
13 22 31
95 39 95
89 5 75
90 3 100
80 11 0
73 7 0
130 6 31
51 33 66
101 33 83
61 36 33
56 35 56
89 39 70
75 14 100
7 30 33
143 17 0
13 5 94
91 27 40
135 16 94
70 14 9
121 40 7
124 9 0
128 36 71
62 31 0
13 27 8
63 27 91
125 36 53
92 17 73
2 21 17
145 5 0
61 18 60
106 39 28
56 5 75
26 26 41
149 8 0
44 18 6
75 3 74
34 34 35
8 38 51
60 11 0
30 22 2
98 31 8
77 26 2
115 33 90
144 40 0
74 31 52
19 7 52
32 24 65
141 7 43
21 23 0
80 40 89
137 19 21
87 12 11
135 38 28
71 29 0
23 35 89
145 1 56
90 20 43
122 25 81
2 9 0
73 4 10
13 6 0
124 34 43
48 14 24
129 3 56
117 2 100
4 26 68
24 15 77
84 16 3
60 29 86
91 9 4
31 28 62
45 29 46
137 14 33
17 7 4
113 32 16
57 33 46
123 12 64
120 14 57
149 18 23
114 15 3
25 11 33
27 39 37
139 36 77
24 38 59
34 1 45
69 10 11
21 7 5
99 1 27
79 25 25
53 1 26
82 20 71
122 40 15
132 19 46
146 12 11
138 35 0
112 9 70
111 28 80
89 28 0
149 13 95
27 31 26
122 10 58
31 7 16
15 2 67
13 36 99
89 23 69
78 1 0
127 2 62
23 29 33
20 24 53
138 17 89
135 18 34
86 40 0
129 35 71
65 11 0
72 35 84
100 38 84
29 22 0
103 36 88
72 40 68
71 21 4
130 37 14
65 18 90
63 12 35
78 9 4
132 2 22
104 20 91
31 12 71
2 39 50
35 9 31
57 35 71
84 11 89
52 23 8
130 33 57
91 18 23
71 32 13
140 10 0
47 39 27
35 40 66
9 16 44
80 33 0
39 16 27
25 13 19
146 5 56
93 37 90
123 23 0
137 39 26
69 25 15
100 16 92
103 7 59
136 37 0
128 27 0
14 6 10
53 33 0
24 39 90
32 17 62
105 25 31
147 11 1
95 1 0
94 3 6
97 16 62
119 24 68
50 9 25
77 5 84
137 28 60
15 22 0
10 6 66
89 17 53
83 7 30
21 31 0
42 4 19
146 3 0
16 36 30
25 22 96
58 2 11
96 39 0
53 27 19
113 4 89
58 38 17
150 34 51
27 13 75
97 6 34
94 22 32
76 1 83
22 28 60
64 24 0
131 13 55
65 14 2
107 12 16
136 22 1
107 32 0
113 8 47
135 17 21
115 24 95
6 21 0
114 32 22
97 2 69
122 6 0
57 22 87
69 33 96
26 15 0
122 38 2
134 32 57
147 10 76
53 16 10
127 17 0
129 33 21
94 6 0
49 37 79
53 19 29
15 36 44
79 17 60
42 23 50
12 8 63
131 13 20
102 34 60
30 26 20
62 37 79
45 23 54
91 19 0
125 34 14
62 20 62
10 31 82
146 3 0
17 29 5
91 27 46
135 18 53
62 23 50
45 1 35
124 18 76
41 39 76
147 36 82
130 10 0
14 18 99
90 19 69
124 19 0
137 38 50
46 4 15
121 4 46
84 4 10
6 23 51
75 29 83
58 13 42
15 16 10
23 7 8
7 15 56
78 4 67
74 29 71
105 30 39
42 35 36
12 20 63
19 35 43
117 22 85
142 9 11
53 28 74
48 21 79
34 15 36
113 11 54
50 37 0
113 4 0
110 16 42
77 23 94
140 18 98
13 30 6
61 38 84
19 28 70
63 16 15
57 30 40
76 19 23
43 8 36
139 34 80
136 9 4
148 39 75
65 20 54
147 24 87
140 32 28
123 21 26
56 1 89
57 27 61
72 5 81
1 20 56
148 7 13
32 36 19
67 16 69
81 38 0
52 16 62
10 24 19
20 15 0
18 36 27
41 37 35
123 19 0
33 25 68
76 9 34
123 8 9
28 29 36
73 36 92
136 31 37
49 9 88
102 31 4
19 16 57
135 39 62
23 22 42
72 21 69
107 11 0
135 28 36
148 18 0
111 23 54
6 11 92
111 28 0
59 5 69
105 26 98
85 16 83
19 11 79
82 11 89
15 30 37
135 5 90
50 24 30
6 36 1
85 11 58
27 36 48
124 13 100
35 7 56
32 9 40
93 39 0
66 37 40
5 23 8
94 35 0
38 26 55
17 26 34
59 19 94
150 25 29
95 38 60
113 11 64
17 2 1
81 17 81
139 9 56
30 32 19
116 20 18
108 9 63
3 5 79
26 1 0
119 13 5
38 40 46
136 6 67
61 2 10
118 17 50
58 6 75
25 15 37
83 32 25
12 30 38
43 6 48
99 31 46
89 22 54
53 1 77
5 21 11
92 27 15
57 25 94
111 21 46
13 40 0
29 1 23
57 33 13
93 12 73
3 20 10
122 27 55
140 15 72
120 20 79
86 19 44
4 26 22
31 35 83
80 26 25
53 33 49
118 22 57
143 7 61
46 21 71
53 31 68
146 24 24
134 20 61
19 22 0
109 2 84
48 34 64
64 25 14
37 9 92
119 40 31
146 15 12
107 39 38
69 29 0
75 7 28
18 28 39
67 20 0
109 7 33
93 32 30
81 28 47
3 6 81
18 3 21
56 20 28
98 2 9
64 37 0
6 31 2
36 25 0
22 27 9
112 11 47
105 3 36
38 18 0
148 27 69
137 15 70
43 34 36
107 31 71
69 25 19
33 3 47
33 21 26
9 8 36
74 20 91
60 16 95
148 18 20
121 16 88
47 38 77
130 16 8
78 27 14
109 7 25
74 31 98
115 4 2
39 15 59
21 14 64
29 1 71
46 13 74
6 16 64
20 30 66
134 28 66
85 27 2
111 7 27
91 25 4
109 34 2
131 16 0
70 14 30
7 6 94
140 20 79
13 15 0
41 19 32
122 30 61
14 6 4
63 37 0
103 33 0
90 35 16
11 32 30
38 11 0
55 36 76
76 21 92
8 1 0
49 13 0
94 23 66
62 22 33
46 37 74
70 22 2
29 1 79
123 6 50
126 1 3
111 16 91
94 25 40
37 7 35
108 15 11
91 38 88
123 21 62
89 16 59
117 3 0
64 29 0
3 37 18
139 2 68
11 37 66
70 33 88
70 24 57
69 12 25
111 16 0
5 33 44
97 27 40
28 19 28
22 11 53
57 32 17
63 29 74
20 32 0
126 26 0
27 2 72
149 24 58
138 7 99
111 36 43
123 2 31
87 2 49
61 24 50
97 3 70
132 29 0
47 1 37
57 20 8
56 8 0
3 24 54
116 12 32
20 12 0
55 10 36
5 18 19
22 23 84
58 13 3
74 39 81
55 34 42
