42
6
800 394 33 581 177 18 
6
182 436 991 365 602 271 
9
258 709 157 900 32 351 942 858 600 
5
720 978 917 4 350 
6
302 906 511 960 286 88 
6
743 292 260 65 490 1 
7
503 211 521 673 220 899 840 
10
763 118 374 38 744 43 398 275 504 309 
5
651 815 714 914 159 
5
852 174 754 965 91 
5
537 934 791 750 151 
8
144 470 117 315 159 184 718 360 
6
321 752 254 152 1 583 
10
544 127 550 905 137 144 973 3 511 663 
6
396 727 602 182 433 619 
10
365 235 398 585 17 593 842 789 504 573 
7
756 788 327 505 9 648 340 
6
514 961 538 987 26 520 
7
649 541 925 780 759 20 603 
10
107 226 342 794 610 407 525 912 603 739 
5
342 792 464 50 153 
6
629 995 552 856 707 365 
8
313 57 965 126 24 349 486 651 
7
426 46 830 769 1000 913 856 
9
130 354 944 803 252 180 682 38 945 
10
865 827 177 784 556 99 738 420 538 341 
9
427 365 721 140 84 928 229 93 937 
9
444 1000 655 955 968 632 417 720 543 
8
410 214 825 54 648 763 966 929 
10
952 173 469 383 39 127 289 335 884 640 
10
292 18 712 252 586 564 145 35 830 241 
8
207 487 731 790 862 561 47 117 
8
399 116 769 561 824 541 402 259 
10
859 712 601 40 436 583 986 657 800 342 
7
646 988 992 137 56 936 819 
6
352 427 745 214 343 314 
7
171 870 12 320 436 728 921 
8
67 372 131 118 96 435 162 393 
10
395 975 325 872 447 530 910 717 394 926 
8
905 14 619 16 872 954 610 186 
5
39 232 645 284 265 
7
370 481 836 763 658 564 772 
