31
5
516 194 17 187 481 
10
683 208 242 886 787 850 373 415 943 175 
9
383 812 349 184 977 507 771 653 459 
10
365 901 466 248 181 879 658 673 533 825 
5
533 939 540 863 855 
5
711 390 857 232 830 
5
488 298 108 512 249 
7
911 114 250 176 506 336 137 
8
789 892 544 70 573 668 917 107 
9
719 879 653 562 447 321 457 392 932 
6
966 589 746 728 139 906 
10
845 875 741 121 303 9 223 532 76 32 
9
342 297 643 335 235 634 869 839 914 
8
785 229 458 734 883 375 892 191 
8
904 168 468 375 286 61 832 341 
10
113 515 129 6 45 490 193 585 760 479 
5
785 515 509 945 694 
8
7 955 714 771 450 877 112 73 
5
916 727 123 435 960 
6
254 381 745 588 844 397 
8
951 654 194 834 790 72 712 620 
6
747 828 509 808 774 266 
6
649 702 957 436 919 424 
9
548 591 840 119 443 960 461 699 270 
10
590 705 641 809 649 83 686 977 853 490 
8
590 866 580 923 705 306 575 479 
7
252 962 244 768 709 364 59 
5
925 998 441 168 890 
5
880 336 217 822 417 
5
165 415 676 731 862 
8
530 38 544 531 306 940 753 675 
