42
8
714 705 322 906 960 410 952 664 
7
407 454 611 85 779 86 499 
5
718 835 635 757 120 
7
380 597 743 623 298 1 861 
5
620 179 494 680 261 
6
792 489 313 407 743 649 
6
12 177 328 468 455 367 
6
560 501 666 717 768 759 
7
593 868 674 684 102 882 956 
5
871 698 536 731 929 
5
753 807 972 466 384 
7
211 809 993 995 131 623 307 
9
402 630 771 966 718 286 764 448 132 
6
646 218 943 868 929 937 
9
785 729 242 842 400 702 557 515 573 
7
76 986 58 862 876 370 391 
7
256 328 591 514 654 383 396 
7
85 999 592 553 603 735 143 
9
944 633 602 288 927 905 409 641 16 
9
755 439 72 630 290 415 169 578 559 
10
129 716 628 164 812 763 288 509 905 292 
9
600 625 469 728 921 881 315 40 892 
10
636 983 353 571 845 255 291 661 70 892 
5
487 160 27 307 573 
7
670 526 756 314 961 490 291 
7
175 967 793 644 494 852 760 
7
764 157 741 778 821 258 769 
5
104 790 628 112 259 
7
565 641 765 854 449 35 250 
8
318 144 184 286 843 867 349 448 
10
415 489 704 535 759 284 682 532 677 366 
7
541 55 12 894 154 115 924 
9
604 788 13 386 685 843 5 667 400 
9
554 667 437 596 645 691 645 713 578 
5
917 681 589 19 927 
5
283 331 359 957 763 
8
536 452 911 879 514 238 995 476 
8
166 889 870 740 902 346 548 264 
10
515 741 291 985 721 499 595 218 452 660 
8
763 114 104 281 345 209 848 586 
6
385 416 282 620 268 542 
10
80 122 188 95 659 805 926 456 867 179 
