529
40
4672
7941
697
456
9985
2089
324
8552
4142
5274
2025
1876
9701
7859
1386
3763
1009
1217
8557
6068
2856
6269
762
2274
4915
9268
4159
5082
1325
4012
9404
5980
4771
5007
4074
5181
4586
8389
6474
9392
8519
6360
3156
1316
6846
4527
7995
4362
6470
1396
7040
8949
6840
8329
8595
8529
6269
2521
159
996
489
5625
143
3244
9694
2418
9613
5648
9206
8640
1243
8577
741
4073
2692
4046
5484
3042
5211
9923
9277
4378
3281
1177
3703
4036
1892
5276
1262
8917
5643
632
5881
5392
6784
3336
3274
7865
8988
4696
2632
7734
738
2130
7063
7349
1269
5523
1644
1530
4465
2142
592
6285
1663
9828
9379
4025
5891
6632
9561
3186
8282
3921
4184
2149
3897
6289
9687
6543
7088
3695
6488
4234
2036
7883
2843
4439
5254
1797
2429
3715
9503
5093
6637
5296
8391
6583
259
4743
1632
1014
2963
9439
2714
8367
2668
1270
9760
6772
9166
2579
3184
4419
1509
7180
9220
8233
41
1585
9280
4349
8782
4510
9076
4237
2670
7426
4049
3531
8125
6931
9061
7905
6700
2288
708
9059
5596
6769
8059
5819
7652
4911
3153
232
947
2486
568
6608
9443
1912
2911
7063
3848
3020
9913
7063
9663
1710
3395
3588
1638
4979
7249
7430
705
9908
7107
7764
3626
1429
8646
5604
1833
8009
7716
8831
3346
7583
6558
4828
5255
48
2407
2110
3867
3076
7285
6174
484
890
171
8029
9938
8026
4621
6799
1478
9822
6550
964
1114
1058
3376
6597
503
878
7532
7413
3718
140
3682
6021
1260
495
1143
4082
7436
5246
1711
944
4998
7232
3606
3774
6804
5053
7792
7912
5984
7208
9997
660
3426
9224
9859
2171
6670
4754
730
2118
3715
6699
1809
9966
4274
844
1788
9825
7929
5086
5086
1633
3366
9253
81
5336
4084
3102
620
7485
3704
397
8589
3053
7264
7473
7964
4376
7635
7453
3918
7000
2349
5701
2684
2628
8469
7871
3955
9392
3900
7482
1805
1123
6786
9775
9737
6809
455
6713
3132
2456
9266
8070
8758
4565
8548
2350
3568
6569
4149
9124
7576
5109
6945
9106
7090
5770
7274
4822
5005
2884
112
2348
4551
869
4081
1969
233
7815
9488
8795
429
9320
3471
3150
259
1932
5069
8058
1866
7243
3997
4826
9506
7022
85
1202
2926
8457
4660
3016
3872
9082
9713
6228
2112
5628
5629
6682
7266
9301
4460
4888
4077
9543
3337
7041
7556
681
320
9184
67
7651
682
4763
6558
5458
6382
4538
85
8902
8940
8274
991
3772
3362
4929
1647
5473
3016
2342
1254
1227
5283
4877
8443
2280
6155
7185
2577
2427
6015
9284
7379
2543
3600
9727
9670
1939
8447
7692
2659
944
4824
7595
7333
9889
2142
2428
7612
1187
6858
6028
9734
6314
4236
6454
6155
4850
6653
9617
7854
4272
9802
9243
1988
6672
9339
4583
2602
3769
5138
4301
4886
2136
524
3595
9198
6774
6906
4060
7339
3645
8400
8990
7453
3668
4117
2844
1849
5777
3435
9819
9181
5863
7777
9533
6730
9075
5524
2519
7128
6416
8086
3566
2091
9960
7551
2638
3723
6173
2949
2128
5591
9518
