194
9422
7090
793
834
1243
4375
8826
6643
6702
9343
1629
695
3128
1715
9675
6937
9386
2882
5525
4896
3147
2372
5060
8393
1506
9459
6872
3760
390
7117
8824
5375
623
1641
821
4890
7024
754
6398
3492
7756
1360
5377
7801
9820
7762
2454
1390
8498
3185
4141
6351
4282
5507
773
8627
746
7798
2183
982
895
8388
8725
2517
5253
1035
3547
689
9473
3390
5392
4922
9876
5858
6713
8178
8318
5213
1410
1339
5450
2049
8733
4540
2694
2341
5848
3790
214
31
8027
5853
4320
8772
3102
7806
2384
6266
4830
217
7594
9540
2359
5981
7161
7273
7125
7578
4654
5228
1856
9394
8519
5344
6221
9231
7769
596
8577
6030
6688
2942
3188
7585
6904
389
6005
6460
3776
7276
3478
736
9979
2577
4168
5937
2629
7178
7233
1514
1552
5064
4144
128
144
9922
7618
1977
1261
6080
9699
2571
1647
940
6966
6039
4780
9254
6597
4265
2551
8375
8941
578
7444
2677
6420
7172
1540
2519
8115
5774
6900
2952
7975
5184
6343
9694
3128
5713
5809
9117
3282
914
875
2443
855
5578
113
5495
3757
3089
2876
8002
