753
8348
5032
3773
3230
1591
9310
633
3516
4399
4835
8274
4568
8517
5564
2195
9936
4364
2410
7595
1331
464
8624
1197
1656
7667
1957
202
8064
4594
4059
5083
5601
600
2921
1302
3989
5087
8672
6185
9815
4626
1245
6039
514
5252
6823
3968
6871
5503
62
5797
102
2215
7205
446
8284
5078
327
4791
1693
4518
2684
3293
8385
1441
8675
6638
2533
7739
4868
3773
3792
525
2802
436
8118
3571
9979
1098
3252
3425
3013
9208
9692
1491
3501
305
1071
1746
4294
6412
7001
9245
7854
1727
6687
3098
5861
838
3988
4742
8032
6121
9241
3223
1221
315
4827
2368
5598
4479
6672
6982
1371
6623
4752
8016
2461
3219
3606
749
2583
7368
4884
5467
1512
3096
9496
4608
8248
6147
5817
3924
1261
7929
7524
2387
9576
9395
9312
5334
9080
9817
2810
7245
6796
2845
1828
9507
5318
667
2659
4988
4268
2841
1829
5586
5968
3064
7592
1172
6396
9912
913
5224
6947
6891
769
9829
6866
5753
9982
52
4966
1954
367
7460
6767
1694
7288
2614
4490
5733
3783
8571
2701
62
4452
7928
5316
5384
1611
8310
395
1163
3290
9143
5272
3885
5958
8663
2287
78
817
6217
430
2055
8031
6213
7137
1484
8896
518
156
5049
1144
1189
1838
1714
6333
4384
7645
6756
6481
2397
8027
6926
5242
9432
8360
5456
2644
1939
6661
5172
4561
4973
7839
6053
2407
8881
5590
5116
3060
9400
2798
6782
7332
1986
9164
1802
7410
1157
9133
1686
11
9347
3315
9030
5484
7208
2392
9202
6130
6084
2514
294
8748
9442
5503
1129
4709
131
3380
4708
3761
1279
6586
9706
8279
9786
7597
2447
9458
52
1329
9438
8277
607
8884
5875
7306
3055
9809
152
3316
1439
4341
7040
1532
4609
737
6830
4726
3190
1455
6278
8533
8504
7544
800
2113
2236
3077
1949
9238
1371
5167
6027
2901
4421
1581
981
1076
5175
4033
3669
4446
2529
5723
1489
4770
6093
2147
9693
770
8530
2579
1966
9635
1846
3074
5663
7683
9869
4585
2177
4135
3708
74
1875
7966
1266
3827
1699
8135
147
8108
5232
7153
7734
4155
6534
9093
4173
8279
8841
189
8967
60
5334
8880
5590
9052
9631
8703
7881
7407
3327
6575
3767
3173
4695
9928
6679
7632
6847
8429
6986
1051
7263
6337
3821
8241
423
3183
5211
6655
3274
6576
784
9860
7808
2931
3051
2752
5834
7611
7594
525
6502
8073
7376
9489
9823
1042
1541
1146
7900
7958
4201
8157
8616
3212
715
9072
541
2205
5539
4405
849
521
7482
1457
155
3695
380
781
6497
4723
4527
7015
1491
690
5595
6667
631
7986
4779
8431
4458
4469
1982
5194
8866
2572
5341
4311
9052
6378
7961
9543
8169
66
8281
5719
7675
3824
257
138
6320
2201
9810
310
793
6876
5083
7331
6215
1983
1228
5565
4943
5129
6330
5777
8787
9676
9026
9441
956
3617
8117
9976
8653
6305
8890
9442
6685
1733
2465
975
8964
9755
4449
3054
6469
1756
1438
4656
540
156
3534
6286
6277
5010
9665
234
2329
1929
418
3026
8710
5064
3393
1857
8250
287
6753
9
6058
6902
9952
5634
6314
9399
4200
1347
1514
3016
7428
961
711
2255
3744
8918
2154
2483
9725
405
8907
6067
7605
6309
5829
8453
5010
7983
6793
1292
6765
5020
7709
4003
3723
5894
7144
4879
8242
9221
1777
7885
5416
778
1994
4039
2742
8441
3478
8303
2923
1860
9464
8741
5955
2995
8920
4042
8069
749
2176
8310
399
5559
7192
2342
7219
2339
1793
5522
1704
7321
8584
7656
1442
857
1400
2012
945
9084
7524
1148
3907
4750
5180
5495
9995
4483
3049
7908
4117
6798
7253
8476
730
3441
9002
1481
8599
1206
956
813
409
775
8261
1645
3576
3162
4836
3458
4703
3732
7992
2296
383
1872
3992
3756
2857
3951
6192
5189
671
5333
5349
4197
8221
851
9164
2559
4743
5752
801
4302
5214
3939
7968
7730
3465
7133
9319
6626
240
4037
7596
5529
1185
2142
3523
5434
9565
8872
2737
2456
7026
7702
6900
6549
9861
1074
671
8297
3253
3168
9293
1565
8393
8984
7029
652
6428
6394
3448
6908
9014
72
4736
7468
2414
5197
4766
9674
2639
7456
3907
6428
9106
7314
8853
8738
4709
7254
9476
310
354
5741
2503
2575
7235
7313
8083
916
3949
7227
7668
1043
4560
847
6601
2379
6087
7516
4213
3565
2171
8742
8837
9866
573
5701
2298
4652
7296
