931
4749
8080
1978
2993
913
2837
5786
2326
8826
8020
2900
735
5331
9015
8019
792
651
8478
561
4971
2617
8458
1228
3594
4143
9254
8769
3752
4001
1169
934
5575
6992
4284
5338
2960
731
7936
877
5928
168
7796
7854
9973
399
2598
9903
9185
6365
7949
5873
2710
1563
910
3199
4806
7258
6127
9661
7079
3200
6259
3561
9663
1391
3971
3619
1488
9197
9149
1857
881
4635
7948
9426
4227
6576
2051
6382
3447
4845
444
5957
2902
5891
1318
8535
5676
3362
4361
9044
6811
7014
7877
2446
7239
1695
9739
8044
2935
2325
2018
1324
5812
4136
8497
6191
5461
2573
6065
8280
4409
371
4005
3718
4253
5374
4303
3842
9039
6364
577
6104
3070
5764
5194
7787
4838
8168
6777
1447
7115
2812
2177
4578
9089
4105
6500
6545
880
3005
5798
8560
4701
1484
1630
9475
9691
8575
176
8282
4852
8454
2328
9890
4316
5726
8700
6004
9601
9141
5020
7960
4569
1128
9696
6627
8423
6157
2392
2229
6419
4894
7725
7145
6689
447
41
8826
6538
3972
7859
8361
3941
7337
9515
1775
6130
6992
5377
5628
6532
7736
6117
2229
3160
5721
7480
9755
7327
7215
2529
4052
6675
8589
9371
2962
3976
2483
8219
781
9173
9562
959
5061
1733
5973
1414
7874
2793
553
4414
7973
7931
6886
1130
3710
920
5182
5651
9464
4883
6608
6788
1116
9945
1073
503
1639
9196
524
9535
6086
8661
7991
9734
2770
9474
7433
6673
9671
1409
752
1803
2158
7469
7000
9515
7915
7225
3210
4455
3149
2087
281
7708
2030
4665
7632
7519
9114
3130
25
6714
2233
4042
4735
4092
4230
8886
9789
9780
8290
6851
4179
128
7419
5265
6344
4467
2594
7554
2003
3303
5713
6512
8866
5303
5062
7811
9506
9701
3575
9287
3455
8651
8111
8239
1021
4313
1715
258
7635
3619
8215
806
5938
1180
5440
5607
9369
2938
5557
8885
8850
9975
2953
1237
4387
6795
2082
1844
8471
6311
1044
392
8696
9568
6836
4790
1726
1505
2829
3524
521
151
994
5041
6419
5144
8060
1090
5194
9689
2165
8891
3385
3379
8367
4244
2535
5238
6565
3681
9802
1182
5527
1076
3674
3442
2602
6216
7921
8348
1179
3612
7397
840
8713
7743
1303
7972
7698
8213
225
5814
3850
2450
3
6732
1683
9809
9314
7450
9637
6407
348
9046
5191
8083
8941
4601
8384
1346
4549
1360
367
5993
126
7844
1257
4146
1948
343
7215
4299
2085
6750
1109
1170
5468
8679
3759
5203
4760
1078
7905
8973
5925
3244
8786
2646
6052
2250
8130
7204
8698
317
1734
3686
6355
306
5320
1364
6741
827
6787
1683
311
4802
9205
6554
6497
521
3719
1719
9032
8738
4873
6800
9111
1946
1119
9836
3275
7917
9317
7067
8268
6712
1613
3039
2737
1829
7878
1928
1559
8619
6844
6322
483
8
8915
4357
7933
162
4681
5685
2588
7887
9238
7786
3059
9078
5770
6214
2101
6898
8731
464
5743
3262
3229
3087
9180
4160
7345
1681
9583
2865
8049
1020
9397
2398
3686
3605
8546
5475
3456
1612
957
1226
5635
9831
2521
1311
8773
4683
3996
8618
2670
3001
7262
9293
6435
7547
8360
6349
7638
2080
8197
1832
4903
7411
9762
781
4668
7931
9693
3500
28
4850
9951
9315
5796
8995
3331
7278
9187
1487
5915
7800
1345
7330
8930
837
6424
2545
7972
6068
2555
2617
785
2159
4240
2551
5033
8491
5041
6024
2647
856
5631
8363
1437
1957
879
3182
1047
9074
9498
9100
8462
6804
7179
6311
566
6060
7914
6946
1558
7154
2740
2485
1333
3297
1239
5675
9423
893
5837
1263
7817
5550
6005
1593
9027
7151
3116
9881
8674
2394
5927
5400
4678
4434
5774
2268
8818
6026
3716
9832
8664
3058
4217
9961
2926
9836
3146
6327
7953
4997
3714
2771
9973
1595
8949
4869
9796
8591
9268
1772
1839
9025
1212
4019
5375
3145
7650
2726
1839
3295
4463
1017
7130
7158
797
4455
6549
712
1401
8779
6464
5359
2467
3995
6514
7263
3528
1555
6081
8255
9865
6087
6096
5080
3198
9247
4795
5192
3196
9571
7315
8888
4677
1105
916
7976
4272
6451
9719
1633
4580
7495
9877
2217
7275
7123
9539
8939
3521
1388
2540
403
753
1429
750
8138
2111
8066
2130
1756
9534
5668
8779
9895
6283
3580
2743
8017
6044
7163
1711
7866
8973
5243
3347
7874
3135
8996
2248
5341
5106
9454
59
8843
7695
9194
6510
2102
6337
9971
5266
6814
9096
5924
3622
9773
9683
6105
7912
3877
8076
6446
4950
5541
2676
875
4423
9968
8466
6425
825
7286
6262
5933
616
1876
9047
425
8277
6317
6864
1337
434
9305
3841
8794
1379
2363
1407
1338
6031
6682
9305
2730
4161
5591
1192
9618
5243
4356
4668
2638
7399
6262
5465
8085
7369
6930
4140
8594
490
6810
8525
176
6162
1188
2531
3368
773
515
1366
1959
2074
8678
1780
1515
6093
2416
613
2088
903
2314
1593
5814
5929
2918
1620
2778
2953
2111
5957
13
5041
3517
3130
4992
9063
1080
9152
3951
8764
2468
7531
1986
4827
8322
9661
3664
1384
8561
1492
5102
7211
9148
8141
4126
2998
8582
7828
5488
929
3384
6597
4589
3171
2517
2122
1616
3704
3975
6092
8011
7286
2376
2395
1465
9546
6453
4798
4987
4525
8694
8318
8629
9020
1263
9460
9730
4147
9812
7257
5645
2235
1021
5376
3102
3321
8861
1120
7885
1081
1915
9106
3497
9636
9541
2105
15
2748
1939
2408
3482
2873
246
560
6857
9907
3125
7585
