2732
0 1 40
1 2 512
1 1094 116
1 1095 42
1 1096 994
1 1097 257
1 1098 461
1 1099 269
1 1100 810
1 1101 956
1 1102 949
1 1103 240
1 1104 359
1 1105 888
1 1106 659
1 1107 837
1 1108 179
1 1109 459
1 1110 568
1 1111 610
1 1112 412
1 1113 617
1 1114 603
1 1115 517
1 1116 696
1 1117 786
1 1118 974
1 1119 734
1 1120 800
1 1121 893
1 1122 636
1 1123 989
1 1124 196
1 1125 657
1 1126 582
1 1127 277
1 1128 770
1 1129 853
1 1130 738
1 1131 690
1 1132 669
1 1133 602
1 1134 841
1 1135 658
1 1136 753
1 1137 261
1 1138 615
1 1139 994
1 1140 56
1 1141 479
1 1142 783
1 1143 192
1 1144 247
1 1145 816
1 1146 425
1 1147 162
1 1148 27
1 1149 275
1 1150 782
1 1151 846
1 1152 405
1 1153 241
1 1154 375
1 1155 726
1 1156 937
1 1157 866
1 1158 684
1 1159 190
1 1160 526
1 1161 581
1 1162 1000
1 1163 968
1 1164 600
1 1165 384
1 1166 145
1 1167 955
1 1168 760
1 1169 632
1 1170 418
1 1171 102
1 1172 340
1 1173 956
1 1174 182
1 1175 683
1 1176 944
1 1177 597
1 1178 297
1 1179 832
1 1180 283
1 1181 537
1 1182 29
1 1183 625
1 1184 673
1 1185 80
1 1186 753
1 1187 550
1 1188 201
1 1189 478
1 1190 255
1 1191 766
1 1192 279
1 1193 660
1 1194 194
1 1195 162
1 1196 867
1 1197 738
1 1198 626
1 1199 934
1 1200 91
1 1201 117
1 1202 896
1 1203 323
1 1204 821
1 1205 476
1 1206 593
1 1207 31
1 1208 606
1 1209 135
1 1210 785
1 1211 707
1 1212 447
1 1213 660
1 1214 102
1 1215 928
1 1216 250
1 1217 198
1 1218 566
1 1219 309
1 1220 275
1 1221 559
1 1222 457
1 1223 64
1 1224 367
1 1225 715
1 1226 502
1 1227 464
1 1228 988
1 1229 568
1 1230 790
1 1231 593
1 1232 732
1 1233 846
1 1234 739
1 1235 862
1 1236 343
1 1237 961
1 1238 425
1 1239 517
1 1240 660
1 1241 623
1 1242 570
1 1243 956
1 1244 892
1 1245 623
1 1246 613
1 1247 118
1 1248 387
1 1249 775
1 1250 247
1 1251 566
1 1252 640
1 1253 915
1 1254 751
1 1255 545
1 1256 882
1 1257 177
1 1258 266
1 1259 973
1 1260 472
1 1261 720
1 1262 873
1 1263 81
1 1264 307
1 1265 886
1 1266 515
1 1267 54
1 1268 18
1 1269 556
1 1270 532
1 1271 49
1 1272 631
1 1273 48
1 1274 5
1 1275 811
1 1276 587
1 1277 445
1 1278 779
1 1279 736
1 1280 426
1 1281 184
1 1282 767
1 1283 724
1 1284 723
1 1285 268
1 1286 677
1 1287 836
1 1288 730
1 1289 748
1 1290 463
1 1291 546
1 1292 761
1 1293 12
1 1294 99
1 1295 748
1 1296 415
1 1297 603
1 1298 577
1 1299 494
1 1300 366
1 1301 631
1 1302 276
1 1303 967
1 1304 550
1 1305 496
1 1306 667
1 1307 953
1 1308 872
1 1309 122
1 1310 571
1 1311 451
1 1312 583
1 1313 806
1 1314 517
1 1315 560
1 1316 811
1 1317 941
1 1318 567
1 1319 297
1 1320 757
1 1321 322
1 1322 979
1 1323 731
1 1324 234
1 1325 304
1 1326 964
1 1327 494
1 1328 904
1 1329 727
1 1330 641
1 1331 497
1 1332 221
1 1333 915
1 1334 328
1 1335 858
1 1336 183
1 1337 245
1 1338 246
1 1339 981
1 1340 205
1 1341 90
1 1342 269
1 1343 65
1 1344 349
1 1345 36
1 1346 813
1 1347 127
1 1348 299
1 1349 107
1 1350 797
1 1351 129
1 1352 635
1 1353 127
1 1354 736
1 1355 425
1 1356 71
1 1357 93
1 1358 71
1 1359 194
1 1360 54
1 1361 417
1 1362 552
1 1363 518
1 1364 918
1 1365 78
1 1366 689
1 1367 952
1 1368 152
1 1369 742
1 1370 873
1 1371 681
1 1372 408
1 1373 503
1 1374 351
1 1375 908
1 1376 831
1 1377 294
1 1378 507
1 1379 396
1 1380 988
1 1381 66
1 1382 985
1 1383 661
1 1384 839
1 1385 257
1 1386 798
1 1387 396
1 1388 359
1 1389 676
1 1390 988
1 1391 609
1 1392 432
1 1393 714
1 1394 432
1 1395 698
1 1396 239
1 1397 471
1 1398 419
1 1399 854
1 1400 909
1 1401 591
1 1402 43
1 1403 65
1 1404 717
1 1405 487
1 1406 824
1 1407 358
1 1408 475
1 1409 703
1 1410 334
1 1411 879
1 1412 761
1 1413 884
1 1414 798
1 1415 872
1 1416 456
1 1417 41
1 1418 43
1 1419 413
1 1420 485
1 1421 186
1 1422 561
1 1423 567
1 1424 140
1 1425 24
1 1426 573
1 1427 266
1 1428 991
1 1429 164
1 1430 187
1 1431 656
1 1432 427
1 1433 816
1 1434 926
1 1435 717
1 1436 133
1 1437 560
1 1438 613
1 1439 457
1 1440 885
1 1441 426
1 1442 82
1 1443 982
1 1444 89
1 1445 549
1 1446 66
1 1447 567
1 1448 634
1 1449 597
1 1450 610
1 1451 997
1 1452 593
1 1453 70
1 1454 795
1 1455 579
1 1456 111
1 1457 605
1 1458 346
1 1459 527
1 1460 862
1 1461 900
1 1462 813
1 1463 919
1 1464 437
1 1465 408
1 1466 172
1 1467 185
1 1468 320
1 1469 969
1 1470 728
1 1471 57
1 1472 740
1 1473 707
1 1474 555
1 1475 250
1 1476 517
1 1477 391
1 1478 255
1 1479 330
1 1480 361
1 1481 872
1 1482 3
1 1483 541
1 1484 295
1 1485 20
1 1486 547
1 1487 904
1 1488 763
1 1489 371
1 1490 652
1 1491 718
1 1492 206
1 1493 744
1 1494 985
1 1495 273
1 1496 359
1 1497 337
1 1498 189
1 1499 495
1 1500 354
1 1501 39
1 1502 383
1 1503 938
1 1504 887
1 1505 940
1 1506 930
1 1507 961
1 1508 748
1 1509 592
1 1510 441
1 1511 522
1 1512 801
1 1513 886
1 1514 277
1 1515 330
1 1516 260
1 1517 55
1 1518 742
1 1519 755
1 1520 40
1 1521 357
1 1522 398
1 1523 750
1 1524 394
1 1525 708
1 1526 646
1 1527 301
1 1528 269
1 1529 305
1 1530 601
1 1531 799
1 1532 765
1 1533 141
1 1534 2
1 1535 146
1 1536 273
1 1537 179
1 1538 150
1 1539 339
1 1540 203
1 1541 976
1 1542 357
1 1543 511
1 1544 167
1 1545 142
1 1546 255
1 1547 852
1 1548 853
1 1549 533
1 1550 174
1 1551 341
1 1552 823
1 1553 431
1 1554 986
1 1555 379
1 1556 424
1 1557 86
1 1558 605
1 1559 307
1 1560 920
1 1561 870
1 1562 11
1 1563 749
1 1564 895
1 1565 961
1 1566 242
1 1567 719
1 1568 165
1 1569 902
1 1570 813
1 1571 842
1 1572 396
1 1573 216
1 1574 669
1 1575 790
1 1576 817
1 1577 95
1 1578 325
1 1579 851
1 1580 372
1 1581 1
1 1582 176
1 1583 258
1 1584 959
1 1585 229
1 1586 232
1 1587 197
1 1588 378
1 1589 495
1 1590 116
1 1591 69
1 1592 649
1 1593 128
1 1594 915
1 1595 581
1 1596 551
1 1597 703
1 1598 127
1 1599 113
1 1600 203
1 1601 396
1 1602 79
1 1603 377
1 1604 334
1 1605 807
1 1606 981
1 1607 858
1 1608 139
1 1609 348
1 1610 907
1 1611 250
1 1612 673
1 1613 869
1 1614 884
1 1615 996
1 1616 675
1 1617 501
1 1618 533
1 1619 402
1 1620 195
1 1621 752
1 1622 976
1 1623 470
1 1624 138
1 1625 892
1 1626 250
1 1627 370
1 1628 716
1 1629 385
1 1630 924
1 1631 804
1 1632 893
1 1633 567
1 1634 87
1 1635 175
1 1636 316
1 1637 154
1 1638 328
1 1639 840
1 1640 780
1 1641 22
1 1642 103
1 1643 13
1 1644 681
1 1645 354
1 1646 383
1 1647 412
1 1648 336
1 1649 478
1 1650 228
1 1651 62
1 1652 925
1 1653 205
1 1654 319
1 1655 236
1 1656 856
1 1657 753
1 1658 962
1 1659 268
1 1660 647
1 1661 554
1 1662 940
1 1663 411
1 1664 228
1 1665 922
1 1666 509
1 1667 127
1 1668 853
1 1669 841
1 1670 852
1 1671 475
1 1672 566
1 1673 110
1 1674 93
1 1675 702
1 1676 473
1 1677 356
1 1678 75
1 1679 524
1 1680 744
1 1681 557
1 1682 928
1 1683 193
1 1684 830
1 1685 20
1 1686 297
1 1687 959
1 1688 736
1 1689 321
1 1690 828
1 1691 441
1 1692 931
1 1693 101
1 1694 949
1 1695 585
1 1696 326
1 1697 297
1 1698 45
1 1699 840
1 1700 273
1 1701 112
1 1702 101
1 1703 540
1 1704 332
1 1705 389
1 1706 253
1 1707 31
1 1708 6
1 1709 336
1 1710 313
1 1711 679
1 1712 368
1 1713 995
1 1714 397
1 1715 150
1 1716 84
1 1717 289
1 1718 229
1 1719 830
1 1720 349
1 1721 58
1 1722 247
1 1723 768
1 1724 736
1 1725 43
1 1726 27
1 1727 637
1 1728 17
1 1729 534
1 1730 753
1 1731 578
1 1732 255
1 1733 273
1 1734 717
1 1735 942
1 1736 217
1 1737 307
1 1738 271
1 1739 436
1 1740 23
1 1741 718
1 1742 312
1 1743 282
1 1744 358
1 1745 713
1 1746 58
1 1747 432
1 1748 485
1 1749 635
1 1750 898
1 1751 936
1 1752 563
1 1753 652
1 1754 789
1 1755 436
1 1756 905
1 1757 542
1 1758 501
1 1759 800
1 1760 367
1 1761 241
1 1762 803
1 1763 347
1 1764 742
1 1765 360
1 1766 273
1 1767 324
1 1768 708
1 1769 772
1 1770 754
1 1771 12
1 1772 936
1 1773 693
1 1774 812
1 1775 168
1 1776 985
1 1777 230
1 1778 135
1 1779 132
1 1780 448
1 1781 406
1 1782 843
1 1783 811
1 1784 901
1 1785 398
1 1786 259
1 1787 688
1 1788 277
1 1789 44
1 1790 378
1 1791 933
1 1792 203
1 1793 531
1 1794 738
1 1795 979
1 1796 804
1 1797 499
1 1798 945
1 1799 292
1 1800 367
1 1801 302
1 1802 81
1 1803 938
1 1804 487
1 1805 434
1 1806 165
1 1807 339
1 1808 835
1 1809 882
1 1810 141
1 1811 860
1 1812 85
1 1813 877
1 1814 241
1 1815 858
1 1816 393
1 1817 920
1 1818 118
1 1819 667
1 1820 263
1 1821 538
1 1822 694
1 1823 172
1 1824 794
1 1825 224
1 1826 477
1 1827 942
1 1828 373
1 1829 210
1 1830 31
1 1831 260
1 1832 923
1 1833 40
1 1834 319
1 1835 268
1 1836 583
1 1837 114
1 1838 148
1 1839 336
1 1840 372
1 1841 933
1 1842 164
1 1843 506
1 1844 681
1 1845 897
1 1846 83
1 1847 770
1 1848 267
1 1849 733
1 1850 57
1 1851 902
1 1852 221
1 1853 861
1 1854 373
1 1855 191
1 1856 741
1 1857 204
1 1858 424
1 1859 677
1 1860 938
1 1861 938
1 1862 454
1 1863 432
1 1864 851
1 1865 742
1 1866 401
1 1867 814
1 1868 3
1 1869 655
1 1870 163
1 1871 47
1 1872 148
1 1873 369
1 1874 320
1 1875 882
1 1876 19
1 1877 777
1 1878 678
1 1879 797
1 1880 276
1 1881 627
1 1882 397
1 1883 487
1 1884 367
1 1885 714
1 1886 226
1 1887 769
1 1888 75
1 1889 959
1 1890 955
1 1891 322
1 1892 507
1 1893 919
1 1894 641
1 1895 960
1 1896 802
1 1897 736
1 1898 677
1 1899 262
1 1900 543
1 1901 956
1 1902 732
1 1903 584
1 1904 809
1 1905 321
1 1906 804
1 1907 477
1 1908 120
1 1909 209
1 1910 213
1 1911 384
1 1912 194
1 1913 842
1 1914 216
1 1915 933
1 1916 140
1 1917 71
1 1918 660
1 1919 259
1 1920 649
1 1921 337
1 1922 252
1 1923 505
1 1924 642
1 1925 422
1 1926 836
1 1927 996
1 1928 710
1 1929 246
1 1930 806
1 1931 380
1 1932 380
1 1933 782
1 1934 646
1 1935 404
1 1936 746
1 1937 62
1 1938 139
1 1939 944
1 1940 532
1 1941 437
1 1942 760
1 1943 947
1 1944 70
1 1945 449
1 1946 665
1 1947 699
1 1948 871
1 1949 292
1 1950 121
1 1951 79
1 1952 500
1 1953 316
1 1954 75
1 1955 17
1 1956 750
1 1957 628
1 1958 485
1 1959 699
1 1960 121
1 1961 432
1 1962 605
1 1963 402
1 1964 384
1 1965 53
1 1966 674
1 1967 697
1 1968 242
1 1969 98
1 1970 410
1 1971 318
1 1972 965
1 1973 804
1 1974 234
1 1975 77
1 1976 317
1 1977 305
1 1978 450
1 1979 989
1 1980 616
1 1981 526
1 1982 959
1 1983 634
1 1984 256
1 1985 841
1 1986 813
1 1987 773
1 1988 353
1 1989 960
1 1990 42
1 1991 519
1 1992 696
1 1993 570
1 1994 484
1 1995 194
1 1996 307
1 1997 418
1 1998 23
1 1999 875
1 2000 530
1 2001 252
1 2002 581
1 2003 280
1 2004 312
1 2005 600
1 2006 606
1 2007 175
1 2008 90
1 2009 635
1 2010 990
1 2011 101
1 2012 544
1 2013 132
1 2014 145
1 2015 2
1 2016 859
1 2017 494
1 2018 730
1 2019 176
1 2020 842
1 2021 945
1 2022 871
1 2023 117
1 2024 783
1 2025 145
1 2026 686
1 2027 963
1 2028 108
1 2029 553
1 2030 691
1 2031 623
1 2032 551
1 2033 641
1 2034 238
1 2035 888
1 2036 434
1 2037 991
1 2038 992
1 2039 276
1 2040 688
1 2041 499
1 2042 931
1 2043 652
1 2044 682
1 2045 699
1 2046 47
1 2047 97
1 2048 363
2 3 811
3 4 809
4 5 714
5 6 895
5 2107 511
5 2318 915
6 7 598
6 2718 852
7 8 699
8 9 973
8 2229 12
9 10 491
10 11 734
11 12 319
12 13 122
13 14 180
14 15 104
15 16 699
16 17 327
16 2288 160
17 18 684
18 19 174
19 20 559
20 21 996
20 2301 67
21 22 660
21 2571 942
22 23 138
23 24 863
24 25 311
25 26 786
26 27 305
27 28 837
28 29 875
28 2509 11
29 30 597
30 31 739
31 32 24
32 33 874
33 34 900
34 35 671
35 36 769
35 2292 4
36 37 792
37 38 229
37 2114 390
37 2246 522
38 39 180
38 2711 947
39 40 63
40 41 726
41 42 66
42 43 278
43 44 527
44 45 319
45 46 243
46 47 43
46 2574 139
47 48 199
48 49 808
49 50 236
50 51 566
51 52 967
52 53 985
53 54 976
54 55 643
55 56 794
55 2273 748
56 57 284
57 58 425
58 59 537
59 60 2
60 61 863
60 2058 281
61 62 294
62 63 99
63 64 12
64 65 860
65 66 667
66 67 198
67 68 544
67 2454 755
68 69 89
69 70 855
70 71 177
70 2307 134
71 72 613
72 73 786
72 2161 601
73 74 115
74 75 863
75 76 153
76 77 849
77 78 30
78 79 677
79 80 21
80 81 155
81 82 16
82 83 293
83 84 656
84 85 700
85 86 833
86 87 70
87 88 419
88 89 36
89 90 675
89 2722 766
90 91 180
91 92 534
92 93 339
92 2479 241
92 2589 13
93 94 661
93 2598 856
94 95 12
94 2488 518
95 96 78
95 2638 659
96 97 644
97 98 505
98 99 480
99 100 730
99 2651 468
100 101 36
100 2578 305
101 102 145
102 103 352
103 104 623
104 105 977
105 106 817
106 107 438
106 2060 75
107 108 501
108 109 728
109 110 815
110 111 648
111 112 523
112 113 324
113 114 492
114 115 518
114 2444 490
115 116 728
116 117 888
117 118 805
118 119 248
119 120 960
119 2340 678
120 121 614
121 122 205
122 123 461
123 124 841
124 125 272
125 126 58
126 127 746
126 2325 143
127 128 403
128 129 80
128 2604 910
129 130 884
129 2330 340
130 131 517
131 132 576
131 2657 922
132 133 277
132 2565 473
133 134 939
133 2155 212
134 135 234
135 136 768
136 137 2
136 2201 873
137 138 319
137 2129 903
137 2290 880
138 139 879
139 140 836
140 141 136
140 2338 944
141 142 789
142 143 826
143 144 310
144 145 413
145 146 875
145 2447 271
146 147 848
146 2184 848
147 148 561
148 149 869
148 2095 193
149 150 435
149 2421 949
150 151 874
151 152 513
151 2517 990
152 153 815
152 2197 952
153 154 387
154 155 154
154 2057 659
155 156 889
155 2530 388
156 157 78
157 158 941
158 159 963
159 160 447
160 161 761
161 162 313
161 2344 935
162 163 535
163 164 217
163 2226 840
164 165 499
165 166 146
166 167 722
166 2354 315
167 168 841
167 2131 271
167 2174 189
168 169 227
169 170 319
170 171 600
171 172 770
171 2176 682
171 2347 885
171 2504 991
172 173 746
172 2493 508
173 174 503
173 2329 862
174 175 419
175 176 827
176 177 735
176 2194 518
177 178 887
177 2265 732
178 179 988
179 180 323
180 181 779
181 182 899
182 183 859
182 2159 769
183 184 954
184 185 242
184 2468 747
184 2635 605
185 186 350
185 2085 623
185 2390 879
186 187 476
186 2078 566
187 188 865
188 189 230
188 2481 556
189 190 200
190 191 35
191 192 422
192 193 689
192 2358 164
193 194 836
194 195 855
195 196 458
196 197 913
197 198 140
198 199 438
199 200 239
200 201 212
201 202 788
201 2064 411
202 203 874
203 204 752
204 205 282
204 2214 198
204 2253 656
205 206 464
205 2083 225
206 207 934
206 2585 109
207 208 789
208 209 390
208 2321 903
209 210 796
209 2639 911
210 211 481
211 212 862
212 213 682
212 2179 834
212 2596 521
213 214 658
214 215 237
215 216 850
216 217 616
217 218 277
218 219 478
219 220 228
220 221 295
221 222 659
221 2353 971
222 223 381
223 224 493
224 225 976
225 226 443
226 227 669
227 228 467
228 229 595
228 2508 404
229 230 500
230 231 472
231 232 51
232 233 585
233 234 794
234 235 86
235 236 479
236 237 803
237 238 585
237 2630 467
238 239 60
239 240 760
239 2212 289
240 241 176
241 242 340
242 243 276
243 244 599
243 2528 321
244 245 791
245 246 232
246 247 436
246 2059 363
246 2673 766
247 248 972
248 249 146
249 250 272
250 251 45
251 252 755
252 253 614
253 254 135
254 255 410
254 2192 189
255 256 119
255 2688 958
256 257 392
257 258 159
258 259 348
258 2404 988
259 260 840
260 261 844
261 262 791
262 263 517
263 264 770
264 265 693
265 266 2
265 2418 789
265 2432 926
266 267 231
267 268 409
268 269 273
268 2361 7
269 270 157
269 2441 914
270 271 951
271 272 772
272 273 371
272 2136 82
273 274 553
274 275 533
275 276 921
276 277 213
277 278 804
277 2218 983
278 279 863
279 280 784
280 281 831
281 282 801
282 283 304
283 284 31
284 285 37
285 286 993
286 287 477
287 288 307
288 289 965
289 290 238
290 291 240
291 292 356
292 293 986
293 294 211
293 2507 927
294 295 121
295 296 207
296 297 757
296 2251 281
297 298 509
298 299 386
299 300 157
300 301 962
301 302 222
301 2128 804
302 303 461
303 304 399
304 305 89
305 306 49
305 2561 756
306 307 768
307 308 621
307 2062 196
307 2121 106
308 309 130
309 310 392
310 311 100
311 312 574
312 313 862
313 314 911
314 315 835
315 316 291
316 317 191
317 318 247
318 319 688
319 320 320
320 321 23
321 322 411
321 2074 437
322 323 744
323 324 154
323 2186 621
324 325 390
325 326 631
326 327 94
326 2691 347
327 328 266
328 329 965
329 330 150
329 2316 145
330 331 893
331 332 760
332 333 1000
332 2118 133
333 334 433
334 335 161
335 336 76
336 337 401
336 2503 999
337 338 920
338 339 471
339 340 507
340 341 784
340 2727 310
341 342 971
341 2115 632
342 343 422
343 344 723
344 345 283
345 346 380
346 347 549
347 348 461
347 2210 115
347 2403 273
348 349 49
349 350 160
350 351 759
351 352 819
352 353 442
353 354 392
354 355 994
354 2568 303
355 356 550
355 2412 759
355 2588 40
356 357 38
357 358 398
357 2470 376
358 359 369
359 360 991
360 361 894
361 362 362
362 363 504
363 364 149
364 365 210
365 366 192
366 367 589
367 368 508
368 369 30
369 370 171
370 371 76
371 372 126
372 373 882
372 2104 333
373 374 754
373 2282 840
374 375 731
375 376 72
376 377 642
376 2148 605
377 378 242
378 379 41
379 380 86
380 381 113
381 382 332
382 383 266
383 384 662
384 385 688
385 386 851
386 387 772
386 2147 283
387 388 793
387 2132 226
387 2237 18
388 389 529
389 390 552
390 391 165
390 2556 632
391 392 314
392 393 417
393 394 215
394 395 667
395 396 74
395 2546 294
396 397 788
397 398 800
397 2326 928
398 399 998
399 400 405
400 401 368
401 402 588
402 403 10
403 404 134
404 405 495
405 406 812
405 2524 813
406 407 253
406 2656 785
407 408 439
407 2080 442
408 409 934
408 2230 852
409 410 562
410 411 991
410 2587 549
411 412 371
411 2187 832
412 413 334
413 414 967
414 415 206
415 416 916
415 2429 284
416 417 62
417 418 55
418 419 285
418 2715 324
419 420 267
420 421 205
421 422 235
422 423 852
423 424 23
424 425 714
425 426 134
426 427 411
427 428 117
427 2487 291
428 429 567
429 430 721
430 431 981
430 2474 732
430 2505 916
431 432 838
432 433 587
433 434 36
433 2260 839
434 435 737
435 436 862
435 2395 314
436 437 664
437 438 811
438 439 960
438 2633 271
439 440 654
440 441 755
441 442 30
442 443 321
443 444 309
444 445 957
445 446 464
446 447 533
447 448 925
448 449 696
449 450 810
450 451 348
451 452 877
452 453 687
453 454 880
454 455 349
454 2213 730
455 456 803
456 457 782
457 458 77
457 2142 24
458 459 372
458 2346 512
458 2396 716
458 2548 743
459 460 468
459 2730 660
460 461 977
461 462 164
462 463 539
462 2167 841
463 464 319
464 465 270
465 466 132
466 467 504
467 468 889
468 469 769
469 470 879
470 471 296
470 2627 992
471 472 456
472 473 30
473 474 698
473 2272 620
474 475 371
475 476 998
476 477 225
476 2658 358
476 2679 556
477 478 315
478 479 44
478 2677 498
479 480 314
480 481 897
481 482 727
482 483 596
482 2096 246
483 484 346
484 485 420
485 486 377
485 2054 170
485 2092 924
485 2603 336
486 487 537
487 488 868
488 489 894
489 490 952
489 2557 315
490 491 649
491 492 374
492 493 770
493 494 135
494 495 595
495 496 975
496 497 701
497 498 527
498 499 400
498 2137 884
498 2649 322
499 500 123
500 501 744
501 502 235
501 2581 778
502 503 618
503 504 986
503 2378 885
504 505 426
505 506 562
506 507 102
506 2165 341
507 508 818
508 509 65
509 510 178
509 2600 184
509 2676 34
510 511 735
510 2117 592
511 512 658
512 513 199
513 514 855
514 515 131
515 516 172
515 2256 303
516 517 44
516 2195 265
517 518 453
518 519 958
519 520 380
519 2063 865
520 521 720
521 522 570
522 523 977
523 524 479
523 2446 466
524 525 865
525 526 569
526 527 436
526 2430 940
527 528 863
528 529 333
529 530 12
530 531 441
530 2713 329
531 532 705
532 533 191
533 534 434
533 2602 52
534 535 30
534 2686 173
535 536 812
536 537 72
537 538 500
537 2304 416
537 2484 797
538 539 312
539 540 821
540 541 367
541 542 618
542 543 32
543 544 575
544 545 494
545 546 36
545 2280 694
546 547 539
547 548 241
548 549 885
549 550 11
549 2294 137
550 551 398
551 552 541
552 553 791
553 554 542
554 555 522
555 556 664
556 557 270
557 558 493
558 559 259
559 560 649
560 561 119
561 562 552
562 563 581
563 564 796
564 565 16
565 566 757
566 567 21
567 568 596
568 569 925
569 570 37
569 2081 615
570 571 736
570 2202 772
571 572 749
572 573 232
573 574 344
574 575 77
574 2436 401
575 576 589
576 577 643
576 2219 299
577 578 645
578 579 370
579 580 258
580 581 355
581 582 850
581 2140 367
581 2313 165
582 583 482
583 584 740
584 585 13
585 586 563
585 2255 879
586 587 122
587 588 310
588 589 721
589 590 113
589 2624 233
590 591 247
591 592 852
592 593 47
593 594 351
593 2502 257
594 595 98
594 2152 786
595 596 761
595 2728 13
596 597 135
597 598 470
598 599 605
598 2269 297
599 600 748
599 2700 47
600 601 127
601 602 695
602 603 250
603 604 508
604 605 289
605 606 259
606 607 536
606 2452 218
607 608 515
608 609 485
609 610 777
610 611 720
610 2567 664
611 612 348
612 613 977
613 614 268
613 2355 238
614 615 625
615 616 447
615 2250 414
616 617 420
617 618 439
618 619 924
619 620 652
620 621 710
621 622 158
621 2225 585
622 623 317
623 624 576
624 625 484
625 626 671
626 627 236
626 2207 356
627 628 462
627 2520 838
628 629 620
629 630 478
629 2614 869
630 631 853
630 2584 480
631 632 895
632 633 527
633 634 971
634 635 621
635 636 613
636 637 112
636 2669 285
637 638 883
637 2279 994
638 639 865
639 640 882
640 641 263
641 642 11
642 643 58
643 644 897
644 645 525
644 2525 732
645 646 289
646 647 881
647 648 84
648 649 993
648 2543 253
649 650 753
650 651 992
651 652 675
651 2721 37
652 653 982
653 654 220
654 655 547
655 656 480
656 657 547
656 2495 183
657 658 342
658 659 729
658 2052 105
659 660 765
660 661 52
660 2293 994
661 662 81
661 2317 316
662 663 156
663 664 620
664 665 843
664 2592 821
665 666 303
665 2623 536
666 667 210
667 668 59
668 669 770
668 2259 778
669 670 711
669 2562 81
670 671 733
671 672 10
672 673 44
673 674 739
674 675 155
674 2393 387
675 676 721
675 2049 572
675 2126 566
676 677 946
676 2199 658
676 2500 859
677 678 751
678 679 596
679 680 885
680 681 94
680 2554 974
681 682 134
682 683 982
682 2285 138
683 684 797
683 2151 281
683 2414 215
684 685 511
684 2463 775
685 686 106
686 687 119
687 688 899
688 689 382
688 2332 999
689 690 976
690 691 373
691 692 82
692 693 473
692 2381 233
693 694 830
693 2200 395
694 695 687
695 696 471
696 697 132
697 698 746
698 699 530
699 700 480
699 2453 841
700 701 173
700 2724 760
701 702 508
701 2173 382
702 703 730
703 704 944
704 705 8
705 706 358
706 707 892
707 708 529
707 2299 376
707 2490 186
707 2573 767
708 709 422
709 710 518
710 711 914
711 712 114
711 2333 20
712 713 801
712 2310 34
713 714 294
714 715 562
715 716 244
716 717 102
717 718 710
717 2522 487
718 719 944
718 2328 866
718 2576 274
719 720 295
720 721 641
721 722 59
721 2150 518
722 723 640
723 724 423
724 725 59
725 726 649
726 727 739
727 728 47
728 729 40
729 730 44
730 731 795
731 732 202
732 733 167
733 734 529
733 2072 582
734 735 689
735 736 251
735 2593 389
736 737 287
737 738 22
738 739 268
739 740 450
740 741 821
741 742 643
742 743 390
743 744 903
744 745 312
744 2569 555
745 746 690
746 747 18
747 748 390
747 2435 469
748 749 782
749 750 176
750 751 894
751 752 667
752 753 72
753 754 677
754 755 717
755 756 244
755 2471 853
756 757 637
756 2077 895
757 758 556
758 759 147
759 760 292
760 761 938
761 762 265
762 763 166
763 764 306
764 765 38
765 766 784
766 767 204
767 768 550
767 2472 478
767 2534 234
768 769 91
769 770 625
770 771 555
771 772 600
771 2424 716
772 773 46
773 774 482
774 775 577
775 776 67
776 777 113
777 778 818
778 779 494
779 780 754
780 781 239
780 2572 261
781 782 570
781 2359 208
782 783 943
783 784 710
783 2582 238
784 785 489
785 786 812
786 787 187
787 788 14
788 789 130
789 790 663
789 2153 446
789 2231 750
790 791 861
791 792 563
791 2286 411
792 793 9
793 794 862
794 795 268
795 796 374
795 2331 278
796 797 162
797 798 312
797 2440 181
798 799 74
799 800 603
800 801 758
801 802 698
802 803 84
803 804 758
804 805 892
805 806 724
805 2689 101
806 807 634
807 808 590
808 809 396
809 810 680
810 811 434
811 812 899
812 813 138
813 814 518
814 815 725
815 816 946
816 817 807
816 2720 94
817 818 561
818 819 877
819 820 282
820 821 621
821 822 281
822 823 961
823 824 554
824 825 808
825 826 768
826 827 721
826 2069 445
826 2431 799
827 828 471
827 2482 3
828 829 610
829 830 875
829 2379 738
830 831 296
831 832 715
832 833 125
832 2245 20
833 834 943
834 835 203
835 836 165
836 837 43
836 2583 520
837 838 646
838 839 394
839 840 856
840 841 359
840 2357 497
841 842 889
842 843 457
842 2170 458
843 844 142
843 2492 117
844 845 164
845 846 577
845 2283 486
846 847 239
846 2402 170
847 848 157
848 849 577
848 2371 254
849 850 559
849 2632 195
849 2664 48
850 851 971
851 852 336
852 853 587
853 854 691
854 855 301
855 856 813
855 2254 68
856 857 78
857 858 243
858 859 173
859 860 536
860 861 585
861 862 769
862 863 385
863 864 9
864 865 486
865 866 889
866 867 316
866 2220 453
866 2550 286
867 868 313
868 869 453
868 2154 896
868 2369 607
869 870 789
869 2198 693
870 871 751
871 872 820
872 873 908
873 874 109
874 875 499
874 2692 79
875 876 66
875 2089 236
876 877 347
876 2349 506
877 878 513
878 879 940
878 2549 527
879 880 909
880 881 355
881 882 509
882 883 91
883 884 982
884 885 929
885 886 529
886 887 372
886 2612 122
887 888 675
888 889 35
889 890 473
890 891 933
890 2157 954
891 892 686
892 893 262
893 894 641
893 2433 243
893 2449 234
894 895 868
894 2580 482
895 896 382
895 2605 893
896 897 17
897 898 131
898 899 937
899 900 663
900 901 685
900 2621 817
901 902 646
902 903 794
902 2227 475
903 904 9
904 905 854
905 906 781
905 2073 872
906 907 534
907 908 943
908 909 797
909 910 168
910 911 513
911 912 566
911 2380 203
912 913 486
913 914 792
913 2494 470
914 915 639
915 916 270
916 917 724
916 2687 815
917 918 26
918 919 31
918 2518 181
919 920 97
919 2655 426
920 921 795
920 2224 981
921 922 109
922 923 179
923 924 942
924 925 106
925 926 965
926 927 219
927 928 65
928 929 613
929 930 43
930 931 398
930 2415 88
931 932 159
932 933 43
933 934 70
933 2130 815
934 935 566
935 936 456
935 2223 491
936 937 150
937 938 459
937 2314 145
938 939 399
938 2560 517
939 940 84
940 941 330
941 942 332
942 943 623
942 2609 433
943 944 736
944 945 286
945 946 864
946 947 559
947 948 635
948 949 741
949 950 877
950 951 226
951 952 822
952 953 648
952 2320 399
953 954 4
954 955 605
955 956 378
956 957 295
957 958 234
958 959 391
959 960 739
960 961 621
961 962 778
962 963 781
963 964 127
964 965 144
965 966 920
965 2467 704
966 967 401
966 2723 162
967 968 692
968 969 34
969 970 518
970 971 388
971 972 38
972 973 78
973 974 726
974 975 790
975 976 878
976 977 808
977 978 812
977 2305 927
978 979 791
979 980 19
979 2124 289
980 981 717
981 982 248
981 2445 20
982 983 186
983 984 583
984 985 705
985 986 810
986 987 985
987 988 111
987 2343 586
987 2514 285
988 989 125
989 990 185
990 991 939
991 992 261
992 993 854
992 2685 429
993 994 5
993 2536 298
994 995 629
995 996 724
995 2375 695
996 997 998
997 998 825
997 2513 888
998 999 130
999 1000 388
999 2267 6
1000 1001 349
1001 1002 889
1001 2667 748
1002 1003 110
1003 1004 444
1004 1005 106
1005 1006 788
1006 1007 887
1007 1008 822
1008 1009 135
1009 1010 443
1010 1011 450
1011 1012 180
1011 2337 86
1012 1013 682
1013 1014 729
1014 1015 122
1015 1016 563
1016 1017 906
1017 1018 862
1018 1019 714
1019 1020 747
1020 1021 841
1020 2056 738
1021 1022 40
1022 1023 294
1023 1024 599
1023 2469 878
1024 1025 159
1025 1026 758
1026 1027 124
1027 1028 334
1028 1029 376
1028 2475 540
1029 1030 147
1030 1031 573
1031 1032 835
1032 1033 413
1033 1034 18
1033 2134 995
1034 1035 485
1035 1036 494
1035 2636 484
1036 1037 193
1036 2697 774
1037 1038 936
1037 2729 80
1038 1039 159
1039 1040 622
1040 1041 107
1040 2257 42
1041 1042 355
1041 2190 20
1042 1043 718
1042 2217 468
1043 1044 591
1044 1045 319
1045 1046 918
1046 1047 190
1047 1048 276
1048 1049 428
1049 1050 485
1049 2065 934
1049 2539 582
1050 1051 409
1050 2362 109
1050 2460 43
1051 1052 982
1052 1053 276
1053 1054 53
1054 1055 454
1055 1056 199
1056 1057 33
1056 2050 154
1057 1058 952
1058 1059 637
1058 2297 596
1059 1060 321
1060 1061 2
1061 1062 80
1062 1063 560
1062 2180 267
1063 1064 686
1064 1065 976
1065 1066 567
1066 1067 714
1067 1068 261
1067 2248 803
1067 2370 898
1067 2710 277
1068 1069 209
1069 1070 76
1070 1071 374
1071 1072 452
1072 1073 446
1073 1074 240
1073 2149 778
1073 2169 504
1074 1075 717
1075 1076 744
1076 1077 745
1077 1078 618
1078 1079 469
1079 1080 320
1080 1081 86
1081 1082 444
1082 1083 327
1083 1084 494
1084 1085 649
1085 1086 974
1086 1087 344
1087 1088 556
1088 1089 484
1089 1090 442
1090 1091 775
1090 2185 638
1091 1092 938
1091 2485 460
1092 1093 57
1100 2311 234
1100 2464 146
1107 2558 994
1108 2105 270
1109 2425 901
1111 2177 303
1116 2296 55
1118 2641 409
1119 2545 342
1123 2368 429
1125 2070 191
1128 2172 1
1128 2216 828
1129 2643 474
1132 2274 323
1134 2389 218
1140 2665 317
1143 2071 693
1147 2101 687
1147 2622 262
1154 2654 38
1160 2249 589
1161 2182 470
1164 2335 412
1172 2308 419
1174 2276 479
1175 2079 837
1177 2668 923
1178 2645 512
1179 2138 220
1182 2222 230
1183 2625 665
1192 2110 297
1192 2277 63
1192 2401 496
1194 2451 22
1194 2704 369
1197 2258 294
1204 2087 76
1205 2491 616
1206 2376 105
1209 2360 114
1212 2706 354
1213 2284 756
1216 2409 28
1217 2086 135
1222 2244 627
1222 2327 400
1233 2232 155
1241 2640 751
1267 2620 313
1273 2106 181
1274 2235 110
1278 2386 250
1278 2394 859
1280 2483 373
1282 2671 212
1286 2599 665
1289 2215 923
1294 2590 108
1297 2457 673
1298 2287 346
1304 2093 511
1304 2103 484
1313 2531 701
1315 2523 935
1317 2145 318
1318 2398 403
1324 2261 393
1326 2336 24
1327 2116 120
1327 2206 354
1331 2133 591
1340 2171 437
1343 2122 586
1357 2527 529
1361 2374 603
1361 2725 691
1366 2135 229
1367 2372 599
1379 2498 361
1383 2264 617
1387 2541 668
1395 2109 812
1395 2434 575
1396 2094 908
1396 2458 488
1409 2478 99
1410 2553 554
1413 2144 362
1415 2291 825
1418 2309 895
1420 2141 468
1426 2181 546
1427 2090 616
1433 2164 881
1435 2516 765
1435 2613 854
1435 2670 404
1436 2243 341
1437 2341 208
1438 2239 271
1440 2535 345
1443 2266 312
1448 2312 846
1450 2420 4
1452 2399 340
1455 2538 750
1458 2437 449
1458 2559 697
1464 2363 323
1475 2366 149
1481 2191 566
1482 2298 525
1484 2714 83
1487 2242 59
1488 2113 671
1488 2209 587
1494 2112 82
1500 2519 803
1505 2663 536
1510 2719 113
1514 2271 321
1518 2252 442
1521 2732 573
1522 2694 779
1525 2634 812
1527 2678 816
1532 2648 540
1548 2385 504
1549 2610 475
1552 2709 997
1556 2125 969
1556 2262 686
1556 2473 198
1557 2626 797
1558 2123 113
1562 2408 334
1563 2413 315
1568 2351 914
1570 2143 97
1576 2456 389
1581 2348 146
1581 2497 967
1585 2428 480
1592 2352 43
1592 2547 856
1595 2707 773
1603 2646 84
1616 2188 536
1619 2365 550
1621 2564 999
1622 2139 716
1626 2619 829
1631 2156 818
1640 2323 675
1650 2532 618
1658 2076 647
1664 2221 446
1666 2695 775
1667 2175 554
1671 2383 32
1676 2099 27
1676 2407 58
1681 2236 410
1681 2617 333
1698 2716 813
1701 2168 762
1706 2300 409
1710 2462 269
1711 2053 500
1712 2411 525
1712 2652 70
1713 2084 296
1714 2377 863
1714 2606 952
1715 2183 38
1715 2203 754
1717 2158 702
1719 2322 618
1719 2684 948
1720 2295 521
1727 2051 93
1727 2364 285
1730 2238 319
1730 2384 748
1732 2302 118
1734 2427 55
1740 2594 540
1741 2628 339
1746 2068 887
1755 2615 735
1760 2102 923
1761 2241 511
1762 2618 903
1766 2391 543
1767 2108 872
1775 2373 785
1777 2566 166
1778 2240 375
1781 2350 12
1785 2512 155
1787 2234 825
1787 2696 18
1788 2100 387
1789 2055 709
1797 2708 45
1799 2303 98
1800 2162 765
1801 2066 293
1806 2416 111
1807 2405 998
1807 2506 481
1810 2268 582
1811 2193 1
1813 2263 24
1822 2160 708
1824 2356 247
1829 2097 184
1834 2563 681
1834 2653 663
1836 2675 628
1837 2388 686
1837 2544 537
1844 2189 734
1850 2423 517
1851 2526 638
1854 2443 776
1859 2672 958
1860 2270 355
1862 2120 355
1863 2345 857
1864 2442 764
1869 2577 807
1880 2499 817
1882 2075 233
1883 2459 500
1884 2515 418
1890 2091 141
1891 2119 472
1895 2082 426
1895 2661 55
1900 2666 215
1904 2450 653
1907 2088 640
1912 2660 56
1918 2419 729
1927 2098 68
1928 2339 576
1943 2662 694
1944 2392 140
1944 2570 632
1948 2324 391
1949 2275 45
1955 2208 810
1968 2067 50
1969 2455 885
1971 2533 961
1982 2406 783
1983 2061 496
1983 2595 537
1994 2397 982
1998 2146 965
1999 2731 214
2000 2400 336
2009 2204 481
2015 2127 751
2016 2422 312
2019 2233 859
2019 2607 35
2020 2438 519
2022 2726 560
2024 2196 662
2030 2111 254
2038 2542 593
2040 2465 817
2040 2683 355
2041 2163 232
2041 2616 461
2042 2693 814
2056 2712 960
2059 2486 600
2059 2681 919
2069 2228 60
2076 2537 641
2080 2278 707
2080 2439 127
2090 2575 551
2098 2637 627
2120 2659 88
2122 2489 429
2129 2281 91
2132 2579 633
2133 2205 306
2140 2367 717
2140 2410 269
2144 2319 962
2144 2631 427
2153 2166 211
2160 2382 222
2161 2178 290
2161 2540 740
2162 2247 27
2162 2698 785
2168 2476 880
2168 2644 269
2181 2552 955
2186 2555 771
2190 2315 32
2198 2211 667
2198 2387 719
2198 2629 948
2201 2480 325
2215 2611 197
2236 2701 279
2238 2448 799
2239 2705 802
2248 2417 693
2255 2306 22
2256 2674 446
2268 2510 767
2275 2529 764
2287 2289 710
2288 2342 499
2299 2601 937
2304 2591 187
2312 2477 407
2321 2334 460
2325 2717 480
2334 2682 142
2358 2461 933
2369 2426 202
2377 2642 334
2390 2496 792
2398 2699 638
2400 2551 931
2414 2466 598
2417 2680 509
2466 2501 786
2476 2703 206
2479 2650 796
2480 2597 774
2503 2511 625
2505 2521 539
2509 2647 233
2513 2586 879
2533 2608 188
2535 2702 286
2663 2690 22
