1847
0 1 412
1 2 523
1 740 971
1 741 530
1 742 23
1 743 124
1 744 408
1 745 928
1 746 112
1 747 834
1 748 155
1 749 607
1 750 112
1 751 697
1 752 654
1 753 327
1 754 930
1 755 489
1 756 331
1 757 353
1 758 227
1 759 830
1 760 377
1 761 886
1 762 8
1 763 179
1 764 772
1 765 717
1 766 159
1 767 410
1 768 772
1 769 859
1 770 479
1 771 889
1 772 675
1 773 345
1 774 172
1 775 72
1 776 999
1 777 634
1 778 666
1 779 145
1 780 959
1 781 52
1 782 786
1 783 410
1 784 502
1 785 568
1 786 342
1 787 216
1 788 602
1 789 468
1 790 708
1 791 237
1 792 913
1 793 37
1 794 382
1 795 916
1 796 245
1 797 260
1 798 748
1 799 130
1 800 658
1 801 546
1 802 1000
1 803 140
1 804 904
1 805 99
1 806 453
1 807 50
1 808 297
1 809 979
1 810 808
1 811 646
1 812 402
1 813 538
1 814 922
1 815 504
1 816 782
1 817 984
1 818 940
1 819 948
1 820 310
1 821 292
1 822 450
1 823 49
1 824 156
1 825 198
1 826 415
1 827 332
1 828 343
1 829 166
1 830 240
1 831 149
1 832 129
1 833 550
1 834 865
1 835 815
1 836 116
1 837 115
1 838 781
1 839 557
1 840 229
1 841 394
1 842 905
1 843 83
1 844 327
1 845 959
1 846 308
1 847 326
1 848 106
1 849 668
1 850 382
1 851 897
1 852 819
1 853 877
1 854 455
1 855 638
1 856 98
1 857 327
1 858 817
1 859 533
1 860 581
1 861 138
1 862 868
1 863 835
1 864 450
1 865 247
1 866 811
1 867 834
1 868 765
1 869 267
1 870 266
1 871 718
1 872 381
1 873 729
1 874 764
1 875 986
1 876 679
1 877 768
1 878 29
1 879 202
1 880 184
1 881 80
1 882 363
1 883 166
1 884 591
1 885 339
1 886 642
1 887 497
1 888 818
1 889 806
1 890 10
1 891 824
1 892 1
1 893 120
1 894 36
1 895 207
1 896 920
1 897 194
1 898 825
1 899 724
1 900 126
1 901 784
1 902 193
1 903 241
1 904 435
1 905 836
1 906 921
1 907 411
1 908 970
1 909 27
1 910 431
1 911 966
1 912 493
1 913 151
1 914 437
1 915 971
1 916 633
1 917 156
1 918 248
1 919 634
1 920 266
1 921 784
1 922 241
1 923 960
1 924 808
1 925 238
1 926 822
1 927 247
1 928 532
1 929 538
1 930 870
1 931 374
1 932 713
1 933 499
1 934 334
1 935 148
1 936 984
1 937 812
1 938 264
1 939 130
1 940 195
1 941 408
1 942 430
1 943 110
1 944 970
1 945 118
1 946 391
1 947 58
1 948 215
1 949 394
1 950 878
1 951 16
1 952 142
1 953 153
1 954 619
1 955 748
1 956 390
1 957 655
1 958 494
1 959 87
1 960 362
1 961 220
1 962 816
1 963 505
1 964 360
1 965 757
1 966 104
1 967 179
1 968 297
1 969 479
1 970 971
1 971 374
1 972 358
1 973 104
1 974 965
1 975 901
1 976 835
1 977 152
1 978 692
1 979 234
1 980 835
1 981 81
1 982 997
1 983 498
1 984 989
1 985 20
1 986 266
1 987 352
1 988 363
1 989 940
1 990 379
1 991 660
1 992 681
1 993 619
1 994 857
1 995 552
1 996 754
1 997 90
1 998 966
1 999 730
1 1000 333
1 1001 35
1 1002 712
1 1003 383
1 1004 116
1 1005 178
1 1006 290
1 1007 200
1 1008 784
1 1009 375
1 1010 197
1 1011 134
1 1012 445
1 1013 845
1 1014 887
1 1015 639
1 1016 251
1 1017 490
1 1018 852
1 1019 198
1 1020 568
1 1021 550
1 1022 452
1 1023 288
1 1024 439
1 1025 6
1 1026 292
1 1027 902
1 1028 294
1 1029 210
1 1030 649
1 1031 894
1 1032 605
1 1033 815
1 1034 255
1 1035 533
1 1036 500
1 1037 609
1 1038 63
1 1039 901
1 1040 925
1 1041 341
1 1042 39
1 1043 612
1 1044 682
1 1045 430
1 1046 152
1 1047 608
1 1048 117
1 1049 414
1 1050 882
1 1051 100
1 1052 251
1 1053 306
1 1054 548
1 1055 452
1 1056 76
1 1057 807
1 1058 571
1 1059 691
1 1060 349
1 1061 952
1 1062 106
1 1063 582
1 1064 758
1 1065 580
1 1066 645
1 1067 766
1 1068 586
1 1069 735
1 1070 368
1 1071 187
1 1072 502
1 1073 716
1 1074 854
1 1075 13
1 1076 193
1 1077 186
1 1078 884
1 1079 976
1 1080 544
1 1081 707
1 1082 896
1 1083 106
1 1084 838
1 1085 398
1 1086 534
1 1087 322
1 1088 786
1 1089 832
1 1090 260
1 1091 842
1 1092 999
1 1093 233
1 1094 378
1 1095 771
1 1096 113
1 1097 817
1 1098 356
1 1099 803
1 1100 667
1 1101 816
1 1102 222
1 1103 843
1 1104 315
1 1105 472
1 1106 186
1 1107 602
1 1108 469
1 1109 363
1 1110 194
1 1111 827
1 1112 296
1 1113 985
1 1114 541
1 1115 290
1 1116 657
1 1117 956
1 1118 632
1 1119 98
1 1120 805
1 1121 344
1 1122 351
1 1123 284
1 1124 799
1 1125 476
1 1126 411
1 1127 547
1 1128 455
1 1129 435
1 1130 354
1 1131 144
1 1132 637
1 1133 789
1 1134 603
1 1135 394
1 1136 838
1 1137 64
1 1138 747
1 1139 553
1 1140 611
1 1141 824
1 1142 93
1 1143 595
1 1144 226
1 1145 600
1 1146 831
1 1147 119
1 1148 845
1 1149 629
1 1150 941
1 1151 729
1 1152 508
1 1153 162
1 1154 525
1 1155 462
1 1156 783
1 1157 339
1 1158 314
1 1159 877
1 1160 238
1 1161 404
1 1162 979
1 1163 952
1 1164 241
1 1165 573
1 1166 50
1 1167 189
1 1168 85
1 1169 877
1 1170 158
1 1171 980
1 1172 949
1 1173 546
1 1174 118
1 1175 436
1 1176 811
1 1177 608
1 1178 576
1 1179 67
1 1180 630
1 1181 469
1 1182 848
1 1183 168
1 1184 160
1 1185 507
1 1186 578
1 1187 155
1 1188 759
1 1189 784
1 1190 385
1 1191 934
1 1192 607
1 1193 261
1 1194 539
1 1195 699
1 1196 317
1 1197 42
1 1198 224
1 1199 187
1 1200 558
1 1201 750
1 1202 433
1 1203 80
1 1204 885
1 1205 615
1 1206 545
1 1207 602
1 1208 780
1 1209 589
1 1210 190
1 1211 376
1 1212 355
1 1213 582
1 1214 719
1 1215 787
1 1216 965
1 1217 604
1 1218 135
1 1219 751
1 1220 74
1 1221 783
1 1222 398
1 1223 134
1 1224 90
1 1225 722
1 1226 218
1 1227 318
1 1228 206
1 1229 841
1 1230 461
1 1231 648
1 1232 649
1 1233 171
1 1234 682
1 1235 913
1 1236 152
1 1237 548
1 1238 8
1 1239 95
1 1240 342
1 1241 80
1 1242 979
1 1243 761
1 1244 430
1 1245 640
1 1246 581
1 1247 401
1 1248 134
1 1249 477
1 1250 658
1 1251 505
1 1252 880
1 1253 968
1 1254 421
1 1255 331
1 1256 534
1 1257 357
1 1258 589
1 1259 675
1 1260 175
1 1261 135
1 1262 821
1 1263 594
1 1264 526
1 1265 530
1 1266 50
1 1267 975
1 1268 591
1 1269 698
1 1270 405
1 1271 252
1 1272 404
1 1273 280
1 1274 591
1 1275 276
1 1276 415
1 1277 856
1 1278 556
1 1279 562
1 1280 666
1 1281 403
1 1282 150
1 1283 581
1 1284 610
1 1285 890
1 1286 649
1 1287 252
1 1288 993
1 1289 964
1 1290 866
1 1291 60
1 1292 567
1 1293 872
1 1294 399
1 1295 293
1 1296 867
1 1297 444
1 1298 439
1 1299 367
1 1300 864
1 1301 792
1 1302 37
1 1303 766
1 1304 463
1 1305 271
1 1306 341
1 1307 319
1 1308 432
1 1309 763
1 1310 282
1 1311 887
1 1312 937
1 1313 390
1 1314 985
1 1315 919
1 1316 529
1 1317 391
1 1318 439
1 1319 592
1 1320 683
1 1321 125
1 1322 235
1 1323 832
1 1324 484
1 1325 372
1 1326 242
1 1327 454
1 1328 66
1 1329 501
1 1330 205
1 1331 217
1 1332 150
1 1333 94
1 1334 494
1 1335 836
1 1336 336
1 1337 916
1 1338 777
1 1339 245
1 1340 631
1 1341 70
1 1342 276
1 1343 381
1 1344 279
1 1345 946
1 1346 948
1 1347 349
1 1348 715
1 1349 626
1 1350 924
1 1351 662
1 1352 378
1 1353 732
1 1354 837
1 1355 182
1 1356 934
1 1357 209
1 1358 547
1 1359 241
1 1360 172
1 1361 313
1 1362 607
1 1363 652
1 1364 928
1 1365 490
1 1366 522
1 1367 314
1 1368 694
1 1369 725
1 1370 371
1 1371 177
1 1372 598
1 1373 586
1 1374 773
1 1375 792
1 1376 118
1 1377 144
1 1378 611
1 1379 525
1 1380 580
1 1381 818
1 1382 278
1 1383 497
1 1384 708
1 1385 751
2 3 210
3 4 154
4 5 935
4 1572 361
5 6 642
6 7 983
7 8 222
7 1798 996
8 9 570
8 1442 313
9 10 81
10 11 853
11 12 158
12 13 772
13 14 947
14 15 373
15 16 713
16 17 104
17 18 836
18 19 361
19 20 587
19 1699 794
20 21 725
21 22 784
22 23 328
23 24 584
24 25 141
25 26 141
25 1430 187
25 1621 191
26 27 511
27 28 524
28 29 671
28 1416 233
29 30 214
30 31 158
31 32 572
32 33 541
33 34 89
34 35 109
34 1542 603
35 36 721
35 1502 256
36 37 836
36 1716 413
37 38 550
38 39 747
39 40 764
40 41 736
41 42 454
42 43 207
42 1438 603
43 44 228
43 1707 482
44 45 439
45 46 913
45 1461 429
46 47 408
46 1541 330
47 48 650
48 49 4
48 1573 706
48 1669 406
49 50 280
49 1562 867
50 51 695
51 52 419
51 1780 491
52 53 599
52 1583 196
53 54 234
54 55 323
55 56 617
55 1529 11
56 57 506
57 58 162
58 59 55
59 60 278
60 61 470
61 62 456
61 1700 977
62 63 691
62 1407 840
62 1508 281
63 64 303
64 65 386
64 1626 260
65 66 9
66 67 527
67 68 175
68 69 664
69 70 888
69 1517 696
70 71 617
71 72 410
72 73 911
73 74 523
74 75 579
75 76 811
75 1765 372
76 77 33
77 78 498
78 79 627
79 80 276
79 1695 620
80 81 586
81 82 965
82 83 395
82 1454 637
82 1503 852
83 84 115
83 1395 855
84 85 999
85 86 568
85 1617 388
86 87 294
87 88 383
87 1466 645
88 89 915
89 90 967
89 1419 906
90 91 471
90 1468 742
91 92 818
92 93 94
93 94 42
93 1470 262
94 95 763
95 96 633
96 97 944
97 98 678
98 99 818
99 100 866
99 1412 664
100 101 600
101 102 828
102 103 985
103 104 589
104 105 660
105 106 153
106 107 803
106 1463 927
107 108 107
107 1546 767
108 109 533
108 1752 87
109 110 496
110 111 312
111 112 866
112 113 369
112 1651 443
113 114 379
114 115 681
115 116 404
116 117 854
117 118 765
118 119 296
119 120 957
119 1512 578
119 1719 721
120 121 433
120 1708 478
120 1732 25
121 122 47
122 123 926
123 124 441
124 125 379
125 126 867
126 127 447
127 128 288
128 129 866
129 130 740
130 131 787
131 132 567
132 133 58
133 134 267
134 135 829
135 136 517
135 1713 581
136 137 173
137 138 285
138 139 640
139 140 796
140 141 369
141 142 889
141 1397 702
141 1725 931
142 143 249
142 1569 774
143 144 295
144 145 755
144 1413 736
145 146 690
146 147 194
147 148 451
148 149 83
149 150 652
150 151 454
151 152 587
152 153 326
153 154 703
154 155 560
155 156 839
156 157 479
157 158 989
158 159 560
159 160 252
160 161 824
160 1444 562
161 162 131
161 1566 279
162 163 66
163 164 650
163 1641 845
164 165 842
164 1591 116
164 1816 289
165 166 850
166 167 930
167 168 564
168 169 274
168 1642 897
169 170 520
169 1649 396
169 1746 682
170 171 151
171 172 273
172 173 89
173 174 802
174 175 146
175 176 283
176 177 702
177 178 788
177 1514 741
178 179 654
179 180 591
180 181 650
181 182 501
182 183 232
182 1467 57
182 1679 265
183 184 664
184 185 522
185 186 166
186 187 987
187 188 417
188 189 552
189 190 310
190 191 754
191 192 672
192 193 836
193 194 585
193 1696 206
194 195 577
195 196 584
196 197 215
197 198 216
198 199 641
199 200 997
200 201 956
201 202 890
202 203 965
203 204 444
204 205 618
204 1784 777
205 206 319
206 207 518
207 208 286
208 209 816
209 210 385
209 1829 501
210 211 708
211 212 953
212 213 672
213 214 397
213 1568 14
214 215 919
215 216 209
216 217 889
217 218 514
217 1737 582
218 219 816
218 1740 843
219 220 502
220 221 912
221 222 577
222 223 28
223 224 856
224 225 637
225 226 652
226 227 509
227 228 178
228 229 870
229 230 877
230 231 511
231 232 50
232 233 300
232 1720 288
233 234 63
234 235 971
235 236 116
236 237 349
237 238 625
238 239 808
239 240 370
240 241 117
241 242 744
242 243 287
242 1735 67
243 244 388
244 245 317
244 1589 90
245 246 170
246 247 319
247 248 540
248 249 700
249 250 599
250 251 432
251 252 162
252 253 97
252 1524 385
253 254 529
253 1423 622
254 255 400
255 256 801
256 257 159
257 258 503
258 259 257
259 260 800
260 261 241
261 262 494
262 263 927
263 264 828
263 1552 647
263 1703 698
263 1790 374
264 265 864
265 266 52
265 1594 270
266 267 511
267 268 285
268 269 585
269 270 564
270 271 596
271 272 22
272 273 590
273 274 132
274 275 996
274 1557 785
275 276 812
276 277 200
277 278 377
278 279 852
279 280 909
280 281 753
281 282 123
282 283 268
283 284 154
284 285 276
284 1561 705
285 286 109
285 1406 834
286 287 332
287 288 481
287 1680 541
288 289 884
289 290 617
289 1405 596
290 291 497
291 292 980
292 293 469
293 294 963
294 295 418
295 296 825
296 297 84
297 298 887
298 299 909
299 300 107
300 301 370
301 302 460
301 1681 270
301 1827 862
302 303 176
303 304 71
304 305 703
304 1450 461
305 306 548
306 307 799
307 308 939
308 309 501
309 310 606
310 311 111
311 312 934
312 313 464
313 314 68
314 315 839
315 316 504
316 317 435
316 1587 641
317 318 652
318 319 200
319 320 872
320 321 874
321 322 901
322 323 490
323 324 74
324 325 492
325 326 834
326 327 746
327 328 631
328 329 288
328 1749 268
329 330 749
330 331 718
331 332 131
332 333 40
333 334 68
334 335 35
334 1818 555
335 336 208
336 337 734
336 1477 705
337 338 821
338 339 693
339 340 484
340 341 196
341 342 386
342 343 558
343 344 411
344 345 549
345 346 873
346 347 854
347 348 695
348 349 903
348 1754 196
349 350 482
350 351 802
351 352 429
351 1729 230
352 353 308
353 354 781
353 1394 715
354 355 597
355 356 781
356 357 666
357 358 576
358 359 509
358 1599 312
359 360 982
360 361 553
361 362 1
362 363 478
363 364 590
363 1846 771
364 365 918
365 366 361
365 1543 231
366 367 11
367 368 304
368 369 975
369 370 586
370 371 824
371 372 110
372 373 252
373 374 336
374 375 84
374 1518 981
375 376 280
376 377 91
377 378 808
378 379 588
379 380 395
379 1537 314
380 381 841
380 1417 70
380 1445 24
381 382 350
382 383 534
382 1783 483
383 384 231
384 385 583
385 386 58
386 387 211
387 388 336
387 1534 385
387 1734 131
388 389 491
389 390 980
390 391 814
391 392 206
391 1400 290
392 393 73
393 394 167
394 395 192
395 396 816
396 397 34
397 398 349
398 399 39
398 1415 346
399 400 48
400 401 237
401 402 930
401 1553 612
402 403 944
403 404 255
404 405 614
404 1411 65
404 1689 783
405 406 801
405 1539 39
406 407 187
407 408 167
408 409 635
409 410 894
410 411 425
411 412 323
411 1844 338
412 413 506
413 414 934
414 415 720
414 1398 508
414 1745 968
415 416 680
416 417 993
417 418 866
418 419 48
418 1833 965
419 420 194
420 421 474
420 1396 114
421 422 544
422 423 406
422 1743 149
423 424 714
424 425 892
425 426 658
426 427 856
427 428 770
428 429 367
428 1637 257
429 430 409
430 431 106
431 432 540
432 433 973
433 434 554
434 435 800
435 436 428
436 437 626
437 438 552
438 439 429
439 440 769
440 441 691
441 442 323
442 443 777
443 444 661
444 445 355
445 446 741
446 447 332
446 1451 462
447 448 663
448 449 954
449 450 271
450 451 181
451 452 986
452 453 640
453 454 406
454 455 114
454 1733 648
455 456 513
456 457 696
457 458 624
458 459 114
459 460 70
460 461 593
460 1437 428
461 462 332
462 463 952
463 464 644
463 1657 358
464 465 234
464 1592 754
465 466 430
465 1726 297
465 1797 559
466 467 793
466 1632 828
467 468 889
467 1580 969
468 469 865
468 1577 940
468 1760 534
469 470 202
470 471 43
471 472 417
472 473 437
473 474 273
473 1659 543
474 475 453
474 1664 913
475 476 775
475 1560 400
475 1781 864
476 477 404
477 478 745
478 479 372
478 1527 562
479 480 636
480 481 180
481 482 304
482 483 893
482 1655 160
483 484 239
483 1652 667
484 485 330
485 486 416
486 487 243
487 488 973
488 489 338
489 490 754
490 491 553
490 1723 544
491 492 534
492 493 651
493 494 473
494 495 835
495 496 245
496 497 325
497 498 471
498 499 302
499 500 622
500 501 602
500 1674 508
501 502 712
501 1499 813
502 503 592
502 1757 935
503 504 100
504 505 723
505 506 90
505 1584 13
506 507 548
506 1516 507
506 1828 920
507 508 426
508 509 315
508 1838 568
509 510 737
510 511 563
511 512 589
512 513 253
512 1795 587
513 514 396
513 1455 820
514 515 63
515 516 470
516 517 944
517 518 73
517 1498 865
518 519 626
519 520 472
520 521 535
521 522 510
522 523 768
523 524 20
523 1660 739
524 525 288
525 526 727
526 527 682
527 528 694
528 529 441
528 1551 468
529 530 107
530 531 825
531 532 124
531 1758 260
532 533 764
533 534 766
533 1556 716
534 535 76
535 536 945
535 1505 606
536 537 639
537 538 166
538 539 834
538 1393 134
539 540 689
539 1675 747
540 541 72
541 542 757
542 543 148
542 1567 394
543 544 295
543 1578 98
544 545 157
545 546 774
546 547 93
547 548 172
548 549 423
549 550 296
549 1668 746
550 551 140
550 1462 146
550 1507 528
550 1830 958
551 552 490
552 553 694
553 554 607
553 1555 282
554 555 644
555 556 918
556 557 972
557 558 179
557 1805 61
558 559 754
559 560 924
560 561 612
561 562 272
562 563 954
563 564 314
564 565 755
564 1570 814
565 566 123
566 567 943
567 568 415
568 569 924
569 570 385
569 1813 622
570 571 224
570 1666 123
571 572 728
572 573 640
573 574 149
574 575 303
574 1807 748
575 576 286
576 577 848
577 578 61
578 579 544
578 1812 509
579 580 88
580 581 320
581 582 503
582 583 307
583 584 286
584 585 608
584 1627 462
585 586 95
586 587 51
586 1478 348
587 588 813
588 589 19
589 590 839
589 1759 499
590 591 271
591 592 485
592 593 472
593 594 843
594 595 889
594 1776 782
595 596 670
596 597 625
596 1635 946
597 598 171
598 599 888
598 1522 928
599 600 329
599 1709 181
600 601 361
601 602 6
602 603 652
603 604 214
604 605 240
605 606 24
606 607 924
607 608 413
608 609 642
609 610 574
610 611 964
610 1763 746
611 612 80
611 1565 592
612 613 809
613 614 839
614 615 504
615 616 653
616 617 837
617 618 63
618 619 870
619 620 366
620 621 777
621 622 132
622 623 114
623 624 537
624 625 708
625 626 81
626 627 364
627 628 720
628 629 540
628 1448 358
629 630 625
630 631 694
631 632 840
632 633 847
633 634 302
634 635 309
634 1840 64
635 636 933
636 637 568
637 638 222
638 639 674
638 1441 844
639 640 156
640 641 700
640 1453 276
641 642 531
642 643 679
643 644 627
644 645 472
645 646 803
646 647 514
647 648 982
647 1766 936
648 649 629
649 650 106
650 651 992
651 652 78
652 653 202
652 1647 588
653 654 618
654 655 146
654 1629 919
655 656 46
655 1634 163
656 657 396
657 658 889
657 1481 410
658 659 945
658 1434 754
658 1597 903
659 660 59
660 661 373
661 662 916
661 1808 262
662 663 751
663 664 796
664 665 65
665 666 943
666 667 279
666 1540 854
667 668 12
668 669 502
668 1796 624
669 670 603
670 671 585
671 672 671
672 673 397
673 674 607
673 1820 216
674 675 389
674 1500 225
675 676 83
676 677 366
677 678 561
677 1722 961
678 679 187
678 1775 989
679 680 19
680 681 249
681 682 978
682 683 921
683 684 629
684 685 761
684 1530 812
685 686 235
686 687 217
687 688 802
688 689 876
689 690 509
689 1452 753
690 691 345
691 692 734
692 693 814
693 694 277
693 1620 936
694 695 823
695 696 485
696 697 67
696 1753 692
697 698 543
698 699 494
699 700 520
700 701 73
701 702 735
702 703 572
703 704 483
703 1424 447
704 705 900
704 1636 567
705 706 874
706 707 163
707 708 117
708 709 618
709 710 696
709 1658 919
710 711 187
710 1399 154
711 712 438
712 713 173
713 714 341
714 715 534
715 716 992
716 717 867
717 718 949
718 719 334
719 720 782
719 1670 437
720 721 881
721 722 663
722 723 65
723 724 274
723 1845 369
724 725 645
725 726 333
726 727 606
727 728 46
727 1789 146
728 729 199
729 730 337
730 731 550
731 732 2
732 733 14
733 734 500
734 735 353
735 736 859
736 737 507
737 738 821
738 739 981
739 1439 557
741 1665 876
744 1684 543
745 1526 834
745 1721 340
746 1548 806
747 1425 479
748 1426 250
751 1545 311
754 1768 623
765 1488 915
766 1643 224
768 1606 48
769 1525 410
772 1535 113
776 1473 865
781 1810 958
782 1564 500
782 1835 254
786 1692 547
792 1515 641
793 1401 784
795 1531 338
796 1663 784
797 1408 662
799 1420 922
799 1558 703
807 1644 21
822 1447 327
824 1772 893
825 1770 801
828 1613 201
834 1662 218
838 1427 774
838 1446 636
844 1519 186
845 1688 175
851 1391 964
855 1667 925
856 1823 70
859 1704 516
869 1690 152
885 1390 7
887 1771 413
894 1650 488
895 1410 89
896 1486 361
899 1671 786
901 1418 187
904 1811 18
909 1386 539
909 1778 836
911 1440 914
912 1785 253
916 1501 954
918 1619 758
922 1712 677
924 1842 284
927 1449 655
928 1779 741
929 1490 460
934 1711 3
934 1822 179
936 1588 309
937 1706 755
946 1497 912
946 1728 542
949 1576 420
958 1476 632
961 1764 507
962 1404 6
965 1435 677
967 1815 448
972 1839 225
982 1653 920
985 1714 7
986 1715 922
1000 1600 979
1003 1402 736
1004 1769 188
1009 1800 640
1011 1788 141
1012 1837 384
1013 1575 85
1015 1469 764
1016 1509 895
1017 1825 787
1020 1479 272
1024 1616 294
1027 1528 280
1030 1544 901
1033 1602 475
1038 1761 474
1039 1521 555
1039 1817 164
1045 1456 343
1048 1510 648
1048 1554 301
1049 1793 324
1050 1693 415
1055 1682 929
1056 1628 247
1058 1792 264
1060 1593 403
1069 1480 30
1071 1433 892
1073 1633 578
1078 1482 624
1081 1809 961
1082 1774 383
1091 1678 225
1091 1731 191
1091 1748 806
1092 1585 161
1093 1604 987
1096 1431 342
1101 1603 607
1106 1563 9
1107 1421 908
1113 1464 593
1124 1631 701
1130 1581 714
1130 1824 18
1134 1623 106
1139 1786 180
1140 1630 523
1146 1496 168
1148 1622 522
1149 1802 602
1151 1579 667
1152 1605 466
1154 1615 744
1154 1718 310
1158 1471 281
1160 1489 699
1163 1609 422
1167 1625 139
1170 1520 879
1175 1388 981
1177 1487 251
1179 1436 110
1180 1607 669
1183 1428 94
1187 1612 550
1188 1645 375
1201 1672 102
1201 1742 876
1203 1806 935
1209 1794 561
1214 1475 601
1214 1595 711
1215 1586 386
1216 1443 848
1216 1504 635
1228 1495 236
1228 1523 404
1231 1767 428
1233 1724 222
1235 1506 763
1237 1414 898
1237 1457 591
1238 1429 724
1240 1803 151
1241 1640 831
1243 1705 585
1247 1673 316
1260 1814 619
1263 1409 872
1268 1432 888
1275 1389 32
1275 1676 66
1278 1836 178
1288 1533 581
1289 1574 825
1303 1638 871
1307 1639 225
1315 1685 70
1316 1403 563
1316 1751 207
1317 1513 680
1322 1801 824
1323 1460 133
1325 1459 590
1325 1472 896
1326 1492 317
1336 1691 695
1338 1777 549
1342 1474 291
1359 1458 907
1360 1491 455
1362 1422 351
1365 1648 331
1366 1701 351
1368 1485 1
1370 1392 725
1370 1559 359
1373 1791 727
1377 1511 940
1378 1387 886
1384 1614 754
1386 1483 477
1387 1549 170
1388 1493 512
1388 1601 577
1397 1484 649
1399 1782 702
1402 1582 794
1406 1590 826
1418 1494 195
1421 1465 759
1425 1683 504
1428 1571 143
1432 1661 901
1432 1755 440
1432 1756 788
1433 1608 534
1455 1687 481
1464 1744 556
1464 1787 522
1468 1598 322
1468 1686 808
1478 1611 362
1486 1550 392
1488 1773 383
1492 1596 28
1493 1532 909
1497 1618 824
1500 1538 645
1504 1536 549
1507 1610 187
1510 1747 633
1515 1831 110
1518 1547 156
1521 1624 203
1525 1750 371
1534 1698 443
1542 1694 33
1546 1741 147
1552 1819 898
1560 1826 367
1599 1727 208
1600 1843 771
1604 1762 915
1606 1710 700
1624 1656 845
1632 1646 349
1633 1834 331
1635 1677 668
1635 1730 475
1645 1736 807
1647 1654 524
1647 1697 77
1652 1702 597
1657 1799 938
1667 1804 945
1690 1717 668
1721 1739 179
1734 1738 531
1738 1832 367
1746 1847 129
1754 1841 750
1803 1821 23
