2106
0 1 517
1 2 753
1 844 155
1 845 773
1 846 355
1 847 971
1 848 668
1 849 306
1 850 713
1 851 704
1 852 530
1 853 717
1 854 132
1 855 90
1 856 415
1 857 867
1 858 490
1 859 10
1 860 614
1 861 875
1 862 595
1 863 352
1 864 702
1 865 274
1 866 506
1 867 61
1 868 960
1 869 817
1 870 413
1 871 596
1 872 891
1 873 388
1 874 265
1 875 493
1 876 75
1 877 882
1 878 1000
1 879 342
1 880 39
1 881 299
1 882 430
1 883 433
1 884 927
1 885 676
1 886 98
1 887 921
1 888 421
1 889 654
1 890 247
1 891 32
1 892 532
1 893 934
1 894 298
1 895 679
1 896 61
1 897 731
1 898 520
1 899 390
1 900 369
1 901 749
1 902 320
1 903 932
1 904 83
1 905 270
1 906 694
1 907 234
1 908 54
1 909 460
1 910 294
1 911 284
1 912 203
1 913 857
1 914 584
1 915 554
1 916 856
1 917 633
1 918 643
1 919 678
1 920 553
1 921 635
1 922 957
1 923 495
1 924 30
1 925 256
1 926 552
1 927 363
1 928 482
1 929 601
1 930 484
1 931 877
1 932 927
1 933 124
1 934 944
1 935 904
1 936 594
1 937 983
1 938 26
1 939 37
1 940 153
1 941 962
1 942 186
1 943 623
1 944 351
1 945 35
1 946 929
1 947 86
1 948 822
1 949 685
1 950 920
1 951 795
1 952 275
1 953 627
1 954 743
1 955 168
1 956 791
1 957 295
1 958 364
1 959 618
1 960 406
1 961 138
1 962 873
1 963 231
1 964 174
1 965 744
1 966 806
1 967 718
1 968 882
1 969 232
1 970 566
1 971 406
1 972 376
1 973 610
1 974 442
1 975 259
1 976 881
1 977 475
1 978 482
1 979 232
1 980 571
1 981 964
1 982 904
1 983 190
1 984 514
1 985 992
1 986 887
1 987 737
1 988 70
1 989 706
1 990 195
1 991 859
1 992 10
1 993 244
1 994 241
1 995 813
1 996 964
1 997 14
1 998 357
1 999 922
1 1000 577
1 1001 784
1 1002 607
1 1003 130
1 1004 802
1 1005 790
1 1006 962
1 1007 357
1 1008 45
1 1009 131
1 1010 817
1 1011 812
1 1012 350
1 1013 743
1 1014 570
1 1015 983
1 1016 338
1 1017 324
1 1018 131
1 1019 731
1 1020 595
1 1021 188
1 1022 568
1 1023 961
1 1024 992
1 1025 144
1 1026 274
1 1027 311
1 1028 333
1 1029 886
1 1030 446
1 1031 426
1 1032 748
1 1033 767
1 1034 206
1 1035 532
1 1036 24
1 1037 484
1 1038 574
1 1039 47
1 1040 516
1 1041 268
1 1042 939
1 1043 260
1 1044 170
1 1045 232
1 1046 170
1 1047 94
1 1048 259
1 1049 332
1 1050 423
1 1051 544
1 1052 518
1 1053 471
1 1054 349
1 1055 891
1 1056 997
1 1057 519
1 1058 405
1 1059 843
1 1060 749
1 1061 895
1 1062 282
1 1063 85
1 1064 790
1 1065 226
1 1066 741
1 1067 824
1 1068 534
1 1069 1
1 1070 577
1 1071 555
1 1072 142
1 1073 55
1 1074 33
1 1075 761
1 1076 340
1 1077 118
1 1078 994
1 1079 494
1 1080 312
1 1081 530
1 1082 57
1 1083 792
1 1084 637
1 1085 277
1 1086 925
1 1087 520
1 1088 479
1 1089 766
1 1090 212
1 1091 914
1 1092 986
1 1093 313
1 1094 337
1 1095 490
1 1096 622
1 1097 965
1 1098 277
1 1099 204
1 1100 346
1 1101 922
1 1102 70
1 1103 751
1 1104 620
1 1105 102
1 1106 416
1 1107 593
1 1108 571
1 1109 34
1 1110 699
1 1111 734
1 1112 549
1 1113 798
1 1114 84
1 1115 266
1 1116 677
1 1117 197
1 1118 244
1 1119 994
1 1120 91
1 1121 413
1 1122 962
1 1123 764
1 1124 386
1 1125 250
1 1126 583
1 1127 761
1 1128 841
1 1129 721
1 1130 834
1 1131 262
1 1132 96
1 1133 911
1 1134 978
1 1135 361
1 1136 747
1 1137 712
1 1138 764
1 1139 90
1 1140 759
1 1141 430
1 1142 972
1 1143 35
1 1144 162
1 1145 132
1 1146 227
1 1147 980
1 1148 680
1 1149 710
1 1150 187
1 1151 525
1 1152 613
1 1153 202
1 1154 900
1 1155 123
1 1156 566
1 1157 872
1 1158 681
1 1159 798
1 1160 86
1 1161 338
1 1162 564
1 1163 493
1 1164 135
1 1165 374
1 1166 290
1 1167 359
1 1168 21
1 1169 904
1 1170 497
1 1171 523
1 1172 938
1 1173 623
1 1174 632
1 1175 736
1 1176 28
1 1177 660
1 1178 7
1 1179 943
1 1180 96
1 1181 705
1 1182 554
1 1183 685
1 1184 180
1 1185 990
1 1186 986
1 1187 401
1 1188 489
1 1189 267
1 1190 389
1 1191 363
1 1192 299
1 1193 142
1 1194 904
1 1195 649
1 1196 292
1 1197 455
1 1198 737
1 1199 987
1 1200 314
1 1201 138
1 1202 623
1 1203 835
1 1204 782
1 1205 854
1 1206 834
1 1207 234
1 1208 182
1 1209 672
1 1210 919
1 1211 118
1 1212 694
1 1213 809
1 1214 422
1 1215 511
1 1216 725
1 1217 683
1 1218 55
1 1219 914
1 1220 863
1 1221 780
1 1222 607
1 1223 947
1 1224 23
1 1225 30
1 1226 727
1 1227 43
1 1228 888
1 1229 572
1 1230 367
1 1231 152
1 1232 540
1 1233 898
1 1234 759
1 1235 638
1 1236 9
1 1237 211
1 1238 674
1 1239 545
1 1240 255
1 1241 175
1 1242 441
1 1243 248
1 1244 272
1 1245 115
1 1246 548
1 1247 698
1 1248 778
1 1249 625
1 1250 350
1 1251 526
1 1252 199
1 1253 753
1 1254 600
1 1255 732
1 1256 597
1 1257 394
1 1258 577
1 1259 805
1 1260 611
1 1261 911
1 1262 445
1 1263 127
1 1264 931
1 1265 973
1 1266 94
1 1267 650
1 1268 361
1 1269 442
1 1270 704
1 1271 819
1 1272 323
1 1273 966
1 1274 215
1 1275 687
1 1276 555
1 1277 116
1 1278 388
1 1279 47
1 1280 800
1 1281 208
1 1282 719
1 1283 59
1 1284 661
1 1285 238
1 1286 109
1 1287 844
1 1288 700
1 1289 89
1 1290 553
1 1291 803
1 1292 781
1 1293 152
1 1294 868
1 1295 208
1 1296 412
1 1297 353
1 1298 192
1 1299 437
1 1300 13
1 1301 384
1 1302 875
1 1303 63
1 1304 317
1 1305 883
1 1306 224
1 1307 967
1 1308 182
1 1309 92
1 1310 888
1 1311 117
1 1312 626
1 1313 640
1 1314 126
1 1315 711
1 1316 985
1 1317 454
1 1318 524
1 1319 339
1 1320 375
1 1321 115
1 1322 819
1 1323 927
1 1324 708
1 1325 510
1 1326 384
1 1327 760
1 1328 455
1 1329 734
1 1330 520
1 1331 398
1 1332 317
1 1333 307
1 1334 502
1 1335 464
1 1336 228
1 1337 413
1 1338 362
1 1339 45
1 1340 173
1 1341 312
1 1342 47
1 1343 576
1 1344 705
1 1345 261
1 1346 639
1 1347 440
1 1348 560
1 1349 58
1 1350 13
1 1351 184
1 1352 776
1 1353 752
1 1354 753
1 1355 666
1 1356 177
1 1357 1000
1 1358 911
1 1359 530
1 1360 796
1 1361 741
1 1362 314
1 1363 829
1 1364 331
1 1365 456
1 1366 170
1 1367 633
1 1368 632
1 1369 333
1 1370 162
1 1371 90
1 1372 495
1 1373 365
1 1374 316
1 1375 866
1 1376 293
1 1377 682
1 1378 194
1 1379 956
1 1380 518
1 1381 871
1 1382 449
1 1383 727
1 1384 280
1 1385 78
1 1386 252
1 1387 151
1 1388 422
1 1389 632
1 1390 226
1 1391 786
1 1392 385
1 1393 275
1 1394 804
1 1395 858
1 1396 170
1 1397 141
1 1398 402
1 1399 184
1 1400 323
1 1401 880
1 1402 722
1 1403 865
1 1404 731
1 1405 449
1 1406 326
1 1407 740
1 1408 197
1 1409 999
1 1410 407
1 1411 395
1 1412 913
1 1413 714
1 1414 803
1 1415 818
1 1416 733
1 1417 890
1 1418 981
1 1419 361
1 1420 457
1 1421 958
1 1422 54
1 1423 497
1 1424 724
1 1425 769
1 1426 426
1 1427 443
1 1428 594
1 1429 379
1 1430 572
1 1431 926
1 1432 800
1 1433 769
1 1434 459
1 1435 527
1 1436 511
1 1437 778
1 1438 12
1 1439 404
1 1440 327
1 1441 511
1 1442 705
1 1443 595
1 1444 655
1 1445 93
1 1446 421
1 1447 763
1 1448 421
1 1449 834
1 1450 1
1 1451 218
1 1452 308
1 1453 467
1 1454 860
1 1455 884
1 1456 776
1 1457 671
1 1458 524
1 1459 906
1 1460 969
1 1461 84
1 1462 990
1 1463 293
1 1464 254
1 1465 108
1 1466 805
1 1467 459
1 1468 457
1 1469 35
1 1470 344
1 1471 633
1 1472 869
1 1473 768
1 1474 390
1 1475 708
1 1476 662
1 1477 557
1 1478 286
1 1479 708
1 1480 287
1 1481 6
1 1482 797
1 1483 974
1 1484 736
1 1485 387
1 1486 324
1 1487 897
1 1488 674
1 1489 692
1 1490 224
1 1491 80
1 1492 290
1 1493 381
1 1494 756
1 1495 358
1 1496 252
1 1497 57
1 1498 551
1 1499 527
1 1500 845
1 1501 676
1 1502 16
1 1503 325
1 1504 310
1 1505 512
1 1506 867
1 1507 340
1 1508 117
1 1509 452
1 1510 875
1 1511 689
1 1512 419
1 1513 231
1 1514 21
1 1515 299
1 1516 552
1 1517 510
1 1518 694
1 1519 974
1 1520 63
1 1521 893
1 1522 494
1 1523 656
1 1524 209
1 1525 622
1 1526 809
1 1527 605
1 1528 555
1 1529 545
1 1530 449
1 1531 662
1 1532 439
1 1533 706
1 1534 326
1 1535 303
1 1536 467
1 1537 400
1 1538 409
1 1539 83
1 1540 544
1 1541 383
1 1542 927
1 1543 43
1 1544 711
1 1545 321
1 1546 976
1 1547 402
1 1548 6
1 1549 514
1 1550 404
1 1551 103
1 1552 928
1 1553 840
1 1554 556
1 1555 150
1 1556 735
1 1557 9
1 1558 601
1 1559 336
1 1560 431
1 1561 629
1 1562 385
1 1563 676
1 1564 951
1 1565 588
1 1566 67
1 1567 513
1 1568 815
1 1569 299
1 1570 982
1 1571 38
1 1572 351
1 1573 333
1 1574 305
1 1575 581
1 1576 301
1 1577 105
1 1578 839
1 1579 155
1 2077 514
2 3 872
3 4 993
4 5 621
4 1591 796
5 6 646
6 7 514
7 8 510
8 9 767
9 10 747
10 11 804
10 1685 717
11 12 168
12 13 53
13 14 508
14 15 539
15 16 187
15 1678 536
16 17 179
17 18 821
18 19 425
19 20 234
20 21 946
21 22 615
21 1814 232
22 23 392
22 1715 96
23 24 685
24 25 218
25 26 947
26 27 675
27 28 161
28 29 306
28 1746 366
29 30 805
30 31 970
30 1716 516
31 32 826
31 2090 470
32 33 516
33 34 869
34 35 513
35 36 142
35 1631 187
35 1822 466
36 37 349
37 38 147
37 1645 65
38 39 239
38 1662 862
39 40 686
40 41 512
41 42 150
42 43 903
43 44 209
44 45 840
45 46 737
46 47 378
47 48 644
48 49 531
49 50 243
50 51 302
50 1847 4
51 52 652
51 2017 712
52 53 40
53 54 865
54 55 148
55 56 979
56 57 882
57 58 61
58 59 523
59 60 7
59 1597 745
59 1759 963
60 61 454
61 62 400
62 63 636
63 64 89
64 65 233
65 66 27
66 67 147
67 68 655
67 2042 87
68 69 97
68 2047 363
69 70 443
70 71 194
71 72 683
71 1738 750
72 73 150
72 2059 901
73 74 914
74 75 77
75 76 429
76 77 231
77 78 205
78 79 480
79 80 357
80 81 443
81 82 224
82 83 935
83 84 166
84 85 318
85 86 260
86 87 752
87 88 371
88 89 904
89 90 931
90 91 956
90 1722 509
91 92 4
91 2019 377
92 93 11
92 1623 862
93 94 215
93 2029 463
94 95 286
94 2099 118
95 96 155
96 97 301
96 1586 353
97 98 951
98 99 803
99 100 464
100 101 512
100 1686 389
101 102 857
102 103 135
103 104 584
104 105 20
105 106 884
105 2098 642
106 107 146
107 108 732
108 109 250
109 110 347
109 1823 327
110 111 755
111 112 915
112 113 529
112 1713 193
112 1943 226
113 114 462
114 115 875
115 116 946
116 117 390
117 118 974
117 1867 344
118 119 886
119 120 325
120 121 72
121 122 966
121 1714 319
122 123 623
123 124 866
124 125 962
125 126 499
125 1839 211
126 127 769
127 128 116
128 129 656
129 130 826
130 131 759
130 2056 679
131 132 818
131 1700 648
132 133 459
133 134 383
133 2054 863
134 135 155
135 136 389
136 137 725
137 138 606
138 139 206
139 140 213
139 1770 57
139 1862 597
139 1983 227
139 2039 819
140 141 644
141 142 909
142 143 218
143 144 777
143 1894 899
144 145 118
145 146 133
146 147 452
146 1987 104
147 148 193
148 149 746
149 150 660
149 1636 644
149 2073 21
150 151 199
150 1669 358
150 1723 893
151 152 650
151 1946 450
152 153 200
153 154 918
153 1775 973
154 155 723
154 1632 209
155 156 220
155 1912 280
156 157 765
157 158 917
158 159 688
159 160 420
160 161 371
161 162 953
162 163 358
163 164 195
164 165 376
164 1646 335
165 166 539
166 167 581
166 1600 336
167 168 393
167 2096 665
168 169 842
168 1688 117
168 2063 872
169 170 274
170 171 134
171 172 957
172 173 695
173 174 822
173 1588 498
174 175 692
175 176 303
176 177 126
177 178 13
178 179 856
178 1812 327
179 180 277
179 2057 334
180 181 121
181 182 323
182 183 977
183 184 125
184 185 764
184 1611 8
184 1831 435
185 186 289
185 1750 978
185 1808 510
186 187 84
187 188 444
188 189 473
189 190 660
190 191 968
191 192 662
192 193 338
192 1652 79
193 194 658
194 195 72
195 196 907
196 197 283
197 198 369
198 199 827
198 1697 107
199 200 831
200 201 413
200 1703 605
200 1752 606
201 202 957
202 203 161
203 204 698
204 205 947
204 1590 537
205 206 446
206 207 254
206 1952 562
207 208 425
208 209 333
209 210 55
210 211 912
211 212 67
212 213 47
213 214 661
214 215 863
215 216 97
216 217 124
216 1942 835
217 218 920
218 219 779
219 220 784
219 1819 37
220 221 279
220 1817 18
221 222 105
222 223 408
223 224 948
224 225 627
225 226 336
226 227 612
227 228 949
228 229 956
229 230 153
230 231 657
231 232 523
231 1648 352
232 233 761
233 234 187
234 235 133
235 236 405
236 237 751
237 238 547
238 239 367
239 240 225
240 241 702
241 242 472
242 243 677
243 244 765
244 245 891
244 1958 235
245 246 103
246 247 46
247 248 160
247 1580 973
247 1772 813
248 249 790
248 1830 598
249 250 941
250 251 886
251 252 932
251 1718 200
252 253 265
252 1879 786
253 254 56
254 255 394
255 256 287
256 257 485
257 258 215
257 1835 673
258 259 448
259 260 426
260 261 135
261 262 847
261 1729 701
262 263 285
262 1593 764
263 264 863
264 265 986
265 266 922
265 1613 592
265 1849 929
266 267 725
267 268 337
268 269 127
269 270 172
270 271 135
271 272 590
271 1854 304
272 273 62
273 274 764
274 275 4
275 276 128
275 2026 485
275 2103 722
276 277 185
277 278 23
278 279 452
279 280 574
280 281 633
281 282 825
282 283 955
283 284 71
283 1784 625
283 1965 646
284 285 751
285 286 729
286 287 694
286 1617 62
287 288 511
288 289 494
288 1804 859
289 290 45
290 291 624
291 292 803
291 1947 871
292 293 747
293 294 712
293 1691 599
294 295 884
295 296 388
296 297 219
297 298 740
298 299 683
299 300 51
299 2080 687
300 301 718
301 302 616
302 303 871
302 1824 189
303 304 362
304 305 466
305 306 123
306 307 377
307 308 454
308 309 544
309 310 405
310 311 814
311 312 705
312 313 32
312 1654 360
313 314 787
314 315 597
315 316 816
315 1915 967
316 317 271
316 1783 577
317 318 491
318 319 373
319 320 461
320 321 823
320 1779 214
321 322 441
321 1984 974
322 323 170
322 1829 72
323 324 160
324 325 792
325 326 708
326 327 764
327 328 341
328 329 57
329 330 758
329 1913 525
329 1982 786
330 331 584
331 332 641
332 333 897
332 1957 436
333 334 390
334 335 277
335 336 200
335 1595 637
336 337 823
337 338 868
338 339 994
338 1705 881
339 340 294
340 341 656
341 342 433
342 343 563
343 344 49
344 345 598
345 346 498
346 347 127
347 348 214
347 1813 975
348 349 279
348 1763 573
349 350 582
350 351 18
351 352 717
351 1708 278
352 353 432
353 354 479
354 355 677
355 356 934
356 357 769
357 358 844
358 359 984
359 360 796
360 361 533
361 362 966
362 363 646
362 1634 238
362 1694 603
362 1741 678
363 364 831
364 365 517
364 1949 840
364 2007 628
365 366 281
366 367 90
367 368 732
367 1887 175
368 369 64
369 370 280
370 371 883
370 1730 185
371 372 745
371 1964 486
372 373 391
372 1904 425
373 374 53
374 375 640
375 376 484
376 377 888
377 378 40
378 379 976
379 380 27
379 1587 747
380 381 774
381 382 386
382 383 994
383 384 427
383 1766 721
384 385 976
385 386 73
385 1734 977
386 387 654
387 388 368
388 389 393
389 390 692
390 391 773
390 1840 90
391 392 855
392 393 896
393 394 812
393 1673 955
394 395 401
395 396 591
395 1680 859
395 1865 549
395 2032 458
396 397 275
397 398 930
398 399 440
399 400 972
399 1859 415
400 401 979
400 1629 882
401 402 642
402 403 778
403 404 740
404 405 284
405 406 256
405 2025 540
406 407 690
407 408 274
407 1633 9
408 409 108
409 410 17
410 411 279
410 2066 250
411 412 124
412 413 223
412 1690 976
413 414 979
414 415 400
415 416 407
415 1903 710
416 417 339
417 418 914
418 419 456
419 420 570
420 421 34
420 1807 114
421 422 891
422 423 393
423 424 65
424 425 611
425 426 947
426 427 498
427 428 854
428 429 997
428 1670 810
429 430 556
430 431 436
430 1656 471
431 432 573
431 1892 744
432 433 790
432 1981 72
433 434 267
434 435 862
435 436 680
435 2067 293
436 437 122
437 438 20
438 439 257
439 440 620
440 441 315
440 1793 986
441 442 990
442 443 786
443 444 119
444 445 47
445 446 119
445 1650 755
446 447 562
447 448 129
448 449 670
449 450 356
450 451 114
451 452 455
451 1907 195
452 453 140
452 1841 220
452 1897 547
453 454 390
454 455 495
454 1782 984
455 456 715
456 457 255
456 1604 131
457 458 897
458 459 339
459 460 276
459 1786 93
459 2055 248
460 461 969
460 2011 305
461 462 386
461 1880 730
462 463 167
463 464 639
464 465 526
464 1917 296
465 466 942
466 467 515
467 468 903
468 469 490
468 1776 813
469 470 746
469 1871 193
470 471 134
471 472 779
472 473 50
473 474 582
474 475 470
475 476 883
476 477 416
477 478 854
478 479 855
479 480 100
479 1820 804
480 481 48
481 482 161
482 483 263
483 484 545
484 485 13
485 486 334
486 487 655
487 488 464
487 1845 903
488 489 291
488 2023 514
489 490 799
490 491 738
491 492 970
492 493 523
493 494 745
494 495 620
495 496 243
496 497 629
497 498 132
498 499 954
499 500 809
499 1627 901
500 501 731
501 502 926
502 503 365
502 1796 641
503 504 596
504 505 575
505 506 604
506 507 133
507 508 404
507 1663 113
508 509 861
508 1594 197
509 510 399
510 511 101
511 512 507
512 513 779
513 514 882
514 515 925
515 516 248
515 1616 480
516 517 302
517 518 947
517 1755 556
518 519 568
518 1701 277
519 520 848
520 521 920
520 1638 924
521 522 824
522 523 211
522 1827 658
523 524 292
524 525 212
524 1945 358
525 526 846
526 527 672
527 528 234
528 529 665
529 530 587
530 531 239
531 532 282
532 533 228
533 534 52
534 535 151
535 536 255
536 537 110
536 1959 757
537 538 258
538 539 24
539 540 886
539 1855 623
540 541 40
541 542 705
542 543 736
543 544 966
544 545 192
544 1661 535
544 1851 763
544 1908 250
545 546 78
546 547 472
547 548 871
548 549 296
548 1787 374
548 1953 471
549 550 733
550 551 841
551 552 69
552 553 934
553 554 68
554 555 364
555 556 238
556 557 737
557 558 533
558 559 616
558 1687 501
559 560 534
560 561 346
561 562 542
562 563 631
563 564 967
564 565 184
565 566 978
566 567 208
566 1875 77
566 1885 466
567 568 480
568 569 173
568 1832 928
569 570 508
570 571 499
571 572 598
572 573 700
573 574 263
574 575 551
575 576 500
576 577 532
577 578 341
578 579 823
579 580 995
580 581 394
580 2045 528
581 582 703
582 583 606
583 584 774
584 585 685
585 586 943
585 1995 935
586 587 340
587 588 338
588 589 390
589 590 927
590 591 524
591 592 772
592 593 686
593 594 982
594 595 515
595 596 72
596 597 831
597 598 99
598 599 11
599 600 500
600 601 578
601 602 440
602 603 349
603 604 476
603 1846 173
604 605 818
605 606 124
606 607 275
607 608 424
607 1647 200
607 1933 124
608 609 956
608 1773 587
609 610 624
609 1988 625
610 611 972
611 612 264
612 613 603
612 1709 213
613 614 334
614 615 609
614 1910 464
615 616 173
616 617 579
617 618 171
618 619 429
619 620 923
620 621 427
621 622 851
622 623 518
623 624 35
624 625 223
625 626 8
626 627 868
626 1778 860
627 628 50
627 1754 501
627 1794 837
628 629 665
629 630 555
630 631 193
631 632 16
632 633 175
633 634 79
633 2013 297
634 635 149
635 636 102
636 637 699
637 638 417
638 639 836
639 640 933
640 641 904
641 642 431
642 643 172
643 644 584
643 1930 241
644 645 434
644 1683 951
645 646 697
646 647 101
647 648 952
648 649 597
649 650 945
650 651 735
651 652 695
652 653 126
653 654 448
653 1726 972
654 655 984
655 656 626
656 657 124
657 658 965
657 1882 590
658 659 515
659 660 790
660 661 991
660 1836 814
661 662 92
662 663 985
662 1780 318
663 664 929
664 665 961
664 1993 377
665 666 265
666 667 105
667 668 966
667 2022 189
668 669 36
669 670 555
669 1881 86
670 671 612
671 672 974
672 673 68
673 674 94
674 675 347
675 676 578
675 1727 584
676 677 831
677 678 247
677 1901 616
678 679 9
679 680 157
680 681 386
680 1684 571
680 2083 527
681 682 486
682 683 575
683 684 947
684 685 198
685 686 43
686 687 996
686 1998 63
686 2078 360
687 688 593
688 689 709
689 690 683
690 691 241
691 692 373
692 693 252
693 694 944
693 1860 805
694 695 461
695 696 609
696 697 192
697 698 1000
698 699 314
698 1886 538
699 700 440
700 701 567
701 702 900
701 1816 853
702 703 324
703 704 103
704 705 449
704 1955 706
705 706 762
705 1712 346
706 707 577
707 708 600
707 1624 945
708 709 68
709 710 833
710 711 645
711 712 122
712 713 174
713 714 897
713 1612 868
713 1753 498
714 715 714
715 716 93
715 1672 339
716 717 865
716 1674 84
716 1977 39
717 718 109
718 719 699
719 720 954
720 721 222
721 722 614
721 1743 733
722 723 784
723 724 933
724 725 826
725 726 316
726 727 365
726 2041 3
727 728 501
728 729 42
728 1733 809
729 730 566
729 1767 888
730 731 598
730 1747 864
730 1923 81
731 732 715
732 733 584
732 1748 719
733 734 882
733 1872 592
734 735 453
735 736 352
736 737 703
737 738 608
738 739 547
738 2010 410
739 740 550
740 741 100
741 742 116
742 743 611
743 744 747
744 745 994
745 746 867
746 747 899
747 748 836
748 749 570
749 750 653
750 751 923
751 752 736
752 753 245
752 1699 336
752 1931 71
753 754 956
754 755 735
754 1842 86
755 756 758
756 757 101
757 758 382
758 759 275
758 1605 844
759 760 765
760 761 76
760 2050 750
761 762 559
761 1991 622
762 763 315
763 764 875
764 765 476
764 1974 706
765 766 508
766 767 693
766 2053 681
767 768 252
768 769 954
768 1689 844
769 770 330
769 1826 983
770 771 300
771 772 740
771 2060 53
772 773 559
773 774 684
774 775 350
774 1581 453
775 776 358
776 777 610
777 778 368
778 779 812
779 780 184
780 781 840
781 782 530
781 1843 64
782 783 740
783 784 766
784 785 376
785 786 216
786 787 55
786 1918 614
787 788 304
787 2058 208
788 789 75
789 790 882
790 791 43
790 1866 466
791 792 323
792 793 368
793 794 743
794 795 204
795 796 233
796 797 928
797 798 397
798 799 65
798 2035 463
799 800 341
800 801 377
801 802 315
802 803 446
803 804 304
804 805 234
805 806 790
805 1671 834
806 807 939
806 1692 75
807 808 396
808 809 23
809 810 13
810 811 467
810 1937 189
810 2068 144
811 812 150
812 813 3
813 814 792
814 815 853
814 2012 921
815 816 972
816 817 379
816 2038 891
817 818 371
817 2065 491
818 819 376
819 820 820
820 821 567
821 822 652
821 1609 532
822 823 782
823 824 225
824 825 237
825 826 155
826 827 581
827 828 91
827 1675 352
828 829 574
828 1874 158
829 830 411
829 2020 774
830 831 789
830 1914 475
831 832 291
832 833 875
832 1649 262
833 834 2
834 835 71
835 836 114
836 837 265
837 838 634
838 839 18
839 840 754
839 1731 988
840 841 513
841 842 801
842 843 776
842 1810 393
846 2006 930
852 2033 371
862 1805 346
870 1863 252
879 1900 843
883 2069 328
888 1657 568
898 1643 599
899 1630 950
900 1603 276
900 2037 822
901 1717 253
904 2104 38
906 1848 847
913 1893 957
913 1935 584
917 1896 613
920 1929 256
922 1954 209
923 1610 598
925 1971 125
931 2088 551
934 1644 789
938 1598 737
940 1850 414
942 1809 615
946 1890 596
948 1585 900
952 1869 447
955 1626 206
956 1833 292
957 1720 236
958 1608 920
962 2046 732
964 2040 444
967 1606 149
972 2002 486
972 2102 624
981 1742 728
983 1744 681
988 1979 885
997 1749 28
1000 1706 324
1000 1774 29
1002 1895 80
1011 1739 589
1016 1607 492
1022 1932 252
1026 1761 377
1041 2015 134
1047 1695 136
1048 1676 327
1049 1919 344
1056 1615 735
1056 1768 298
1057 2062 285
1063 1785 711
1072 1665 80
1072 1788 786
1079 1628 986
1080 1601 312
1080 1853 778
1081 1639 242
1082 1868 367
1082 1888 99
1088 1651 36
1099 1838 837
1101 1721 918
1108 1936 996
1114 1844 905
1119 2014 595
1120 1751 918
1126 1642 558
1127 1660 81
1127 1905 981
1127 1975 187
1130 1978 432
1133 1681 934
1134 2106 180
1151 1769 358
1152 1801 859
1158 2089 382
1160 1920 616
1171 1637 875
1171 1870 460
1173 1996 584
1174 2079 970
1175 1635 48
1175 1659 854
1180 1997 54
1183 2074 613
1187 1732 585
1189 1902 16
1211 1696 931
1226 1811 662
1230 1985 722
1232 2001 559
1234 1878 690
1235 2018 974
1237 2087 224
1238 1719 150
1239 1906 202
1244 1693 480
1248 1641 974
1252 1756 376
1253 1602 275
1253 1858 845
1256 1803 787
1257 1668 654
1258 1619 712
1259 1667 757
1266 1925 537
1267 1707 161
1268 1622 397
1275 1795 230
1280 1737 773
1284 1618 928
1284 1702 311
1287 1802 413
1289 1790 1000
1293 1972 912
1294 2036 131
1295 1798 474
1298 1621 970
1302 1698 290
1311 1711 507
1320 1764 218
1320 1834 281
1327 1582 889
1334 1728 213
1345 1864 183
1346 1926 249
1354 2049 997
1372 1825 299
1374 1765 151
1374 2021 565
1376 1970 231
1378 1921 193
1381 1583 592
1381 1614 282
1383 1781 925
1387 1620 929
1387 1969 793
1391 1658 113
1401 1655 148
1402 1962 742
1409 1899 706
1409 1963 109
1412 1928 378
1414 1653 54
1418 2048 7
1423 2000 73
1423 2082 642
1434 1821 687
1435 1800 645
1441 1710 308
1444 2061 793
1446 2004 108
1447 1891 392
1450 1599 98
1451 2003 344
1455 2105 753
1457 2009 743
1462 1758 988
1462 1939 580
1466 2016 681
1468 1852 993
1472 1791 432
1478 1883 938
1478 1989 31
1481 1592 482
1481 1861 614
1482 2034 563
1488 1584 784
1490 2024 556
1493 1679 972
1501 1876 543
1508 1950 23
1512 2051 223
1512 2064 189
1518 1589 399
1519 1736 118
1523 1666 116
1524 1789 542
1534 1990 960
1538 1944 909
1542 1873 584
1547 1740 544
1550 1980 841
1561 1806 52
1561 1877 115
1569 2008 961
1569 2100 677
1572 1948 400
1575 1596 242
1578 1625 562
1580 1640 950
1581 1760 438
1582 1909 311
1584 1677 196
1585 1941 207
1586 1884 881
1596 1837 913
1598 1815 397
1600 1922 165
1603 1857 862
1607 2097 453
1611 2092 356
1613 1967 399
1617 1818 197
1617 1938 808
1619 1924 68
1622 1968 142
1626 1664 75
1633 1762 70
1637 1771 338
1637 1828 722
1646 2085 522
1653 2028 684
1667 1777 567
1667 2076 13
1672 1994 601
1674 1682 228
1679 1704 602
1680 1999 314
1682 2095 628
1686 1961 567
1693 1725 760
1693 1916 825
1695 1934 28
1701 1960 747
1707 1757 31
1708 1951 111
1712 1745 720
1712 1889 637
1715 1735 437
1720 1724 516
1722 1799 511
1723 1797 161
1735 1911 726
1737 1986 978
1738 1898 222
1739 2075 406
1748 2072 929
1750 2070 961
1761 1927 292
1771 1792 479
1771 1940 61
1773 1976 963
1775 2091 999
1787 1973 726
1803 1956 485
1806 2093 813
1815 1856 235
1820 2030 950
1836 1966 155
1841 2081 444
1873 2052 737
1922 2005 911
1927 2043 322
1944 2084 981
1948 2101 625
1949 2086 901
1952 2071 314
1955 2044 170
1978 1992 8
1986 2027 575
1994 2031 622
1997 2094 257
