1000 100
936 420 70
870 243 69
58 969 62
453 331 39
741 600 91
907 473 10
856 67 65
823 24 36
875 404 49
928 314 73
129 2 55
317 369 66
399 432 76
774 46 34
694 837 73
833 144 24
340 960 51
53 677 5
899 276 25
595 843 51
721 450 17
154 150 70
469 374 62
357 756 3
210 29 14
870 327 63
288 30 31
948 121 40
636 788 53
373 989 4
840 28 60
33 813 62
456 379 75
24 741 27
786 746 23
551 497 95
272 571 71
2 90 65
824 159 72
891 252 26
146 834 59
974 965 43
636 684 32
798 535 17
251 537 9
159 879 30
728 341 46
902 779 69
507 405 66
276 153 22
604 43 79
489 159 27
882 99 39
536 807 12
912 309 83
633 152 76
834 923 18
602 412 31
214 976 91
514 91 84
537 634 56
507 953 75
206 277 42
981 666 14
960 380 51
466 59 94
849 707 59
407 245 61
395 31 50
793 481 93
960 197 18
917 863 11
469 446 57
320 429 78
842 589 69
355 593 87
128 493 96
657 460 29
453 720 46
315 645 18
334 462 6
455 21 45
41 666 60
542 997 5
119 441 27
292 414 23
868 784 71
424 666 15
351 310 1
247 671 49
943 155 44
87 324 89
825 441 96
897 397 3
295 186 81
254 207 31
533 415 43
213 627 5
87 390 5
167 141 11
