1000 100
936 91 50
289 776 35
426 794 36
922 776 11
833 718 68
404 326 15
213 604 49
499 308 42
544 391 77
419 506 60
724 104 52
46 764 34
794 236 71
488 620 98
648 950 95
65 744 83
747 932 43
921 541 5
991 376 83
371 53 91
72 468 5
729 590 98
871 86 20
974 655 61
180 48 77
674 293 85
878 199 48
177 524 74
258 938 64
637 480 41
748 894 85
453 876 42
164 59 40
141 104 38
83 704 35
403 351 47
957 8 77
279 461 100
391 244 63
514 105 87
998 696 68
977 149 80
558 90 38
718 230 63
221 691 35
802 966 58
421 742 2
697 261 95
269 291 72
975 282 14
832 447 22
858 43 18
772 587 14
257 395 83
371 448 58
277 613 94
827 167 100
976 873 3
548 247 34
139 250 91
890 556 97
542 578 20
810 902 77
512 125 96
631 265 29
999 60 98
955 971 78
456 11 14
866 339 86
146 634 12
311 976 21
963 940 66
755 48 65
782 421 90
55 214 96
929 128 100
783 553 94
936 500 6
342 490 26
491 445 58
338 424 25
850 822 61
777 937 95
622 390 46
578 688 32
962 812 91
430 239 10
619 450 55
40 90 100
187 398 1
871 977 29
653 554 18
378 209 32
713 882 17
849 291 12
99 954 50
994 280 66
460 179 21
183 205 50
690 463 94
