1000 100
386 385 91
875 839 74
120 410 38
129 105 99
520 997 26
221 308 87
271 216 12
907 760 3
183 152 41
331 245 85
731 303 98
795 167 88
320 212 33
981 536 53
679 691 20
996 859 85
591 120 26
304 12 70
73 801 67
401 424 98
919 202 48
441 774 74
793 312 75
470 572 15
404 172 41
709 770 89
805 99 53
857 911 24
638 754 73
518 613 14
67 960 58
549 255 33
882 36 100
159 792 27
309 578 86
173 540 48
757 77 52
34 988 12
566 479 40
589 379 70
75 462 25
32 814 93
679 5 84
301 719 11
658 632 23
729 995 83
726 581 39
390 352 10
870 952 47
910 255 49
361 482 24
457 235 19
38 855 75
883 849 17
451 167 81
100 855 93
464 508 76
693 405 19
590 912 32
28 127 46
548 99 82
363 470 19
46 349 15
491 842 59
106 796 100
876 320 19
511 99 34
268 956 30
509 424 50
574 297 71
733 649 73
799 476 41
800 123 2
489 114 5
390 813 77
698 537 92
663 485 59
262 365 44
712 990 39
567 797 9
298 230 21
171 979 76
451 418 52
813 842 90
220 464 19
667 33 81
467 853 85
747 133 64
15 422 8
639 359 79
432 670 13
680 949 8
854 517 90
196 807 35
444 554 73
650 419 6
99 912 64
886 362 73
912 953 6
550 582 28
