1000 100
698 893 31
515 109 87
633 896 25
412 624 48
500 129 95
519 814 3
961 834 83
879 779 25
811 849 52
327 313 77
804 974 91
762 670 6
703 760 41
12 784 48
164 935 34
211 951 2
78 863 25
868 870 80
207 551 16
332 911 25
272 266 15
553 258 80
271 997 67
263 255 39
614 878 67
148 782 83
69 130 95
770 994 59
747 49 7
928 508 73
461 998 53
610 134 9
540 684 92
995 245 68
856 37 56
105 16 95
496 876 54
748 386 97
592 84 28
78 672 44
616 724 82
375 118 7
331 966 42
795 629 1
968 216 95
478 241 58
58 865 29
10 876 80
318 171 90
85 265 24
445 15 35
28 183 41
462 982 60
751 290 49
161 791 37
364 270 65
360 640 79
651 679 100
868 168 85
614 5 65
344 421 87
297 130 23
190 451 12
778 578 22
198 104 94
375 162 31
408 92 58
11 109 84
476 662 64
719 361 69
176 266 29
981 864 20
848 488 40
821 665 41
507 490 44
913 831 95
792 670 76
830 246 79
375 877 82
279 925 85
161 710 1
646 622 77
390 332 60
622 900 52
22 714 65
402 256 92
963 233 50
264 109 37
76 46 81
71 400 14
646 211 85
76 201 34
699 261 66
889 98 22
782 560 47
352 757 7
618 763 45
855 721 39
424 544 57
705 319 37
