1000 100
232 206 91
818 43 93
52 113 60
586 80 70
8 355 80
53 227 45
66 705 30
928 1000 26
426 994 43
908 556 54
669 467 28
736 362 57
674 169 64
448 6 97
189 71 65
123 231 85
464 693 25
446 468 12
433 629 15
964 995 18
296 487 72
139 492 24
317 133 90
293 759 15
90 428 79
445 743 98
74 521 2
460 381 9
40 523 89
827 79 15
281 232 96
688 51 75
399 324 56
308 236 76
833 445 49
107 864 87
662 137 51
7 750 68
598 855 62
892 43 37
992 257 90
219 76 32
530 280 93
927 531 83
712 24 83
142 747 78
689 685 21
514 53 49
805 339 54
300 377 99
380 517 68
909 820 59
471 984 6
223 63 55
434 707 85
267 898 13
549 767 37
111 9 51
312 278 96
760 73 94
792 981 46
638 115 83
277 55 83
577 863 77
976 898 53
137 564 31
812 740 56
837 272 83
14 250 48
76 852 32
903 878 61
582 2 12
959 946 26
34 660 98
664 501 47
253 236 93
555 565 93
110 554 15
623 989 83
576 204 25
779 991 25
577 565 56
248 943 27
13 832 23
436 873 44
370 462 49
938 311 49
772 598 9
860 68 71
831 940 37
666 198 14
444 479 67
316 454 40
473 464 42
611 929 23
727 548 21
738 430 47
646 374 61
674 627 94
674 490 72
