1000 100
677 407 74
380 874 9
505 511 85
968 246 6
589 648 40
532 880 69
169 140 4
232 777 48
484 159 76
75 401 28
643 516 83
830 165 26
256 623 75
995 922 83
253 134 33
462 952 22
820 248 25
924 425 59
180 78 25
85 323 21
275 298 54
312 497 49
438 463 68
367 926 94
828 43 100
61 467 77
991 112 76
587 846 52
585 282 73
52 642 94
533 680 3
136 746 57
336 776 68
223 949 58
234 630 12
840 231 60
939 841 92
684 454 89
303 229 58
37 380 61
890 122 6
684 441 39
469 984 41
254 789 85
730 844 8
900 881 8
902 795 49
922 224 60
82 852 24
242 942 21
595 660 48
713 322 37
877 597 87
853 5 2
816 368 71
441 823 85
970 958 81
388 672 6
106 730 53
492 595 58
315 786 23
524 963 83
80 281 54
768 359 58
474 300 66
934 998 39
717 409 7
65 615 53
807 424 57
285 345 41
633 287 36
167 724 50
145 752 58
963 730 31
129 995 24
287 990 58
250 155 35
581 629 40
318 247 3
409 309 57
288 281 16
666 635 43
701 707 65
931 55 95
867 493 11
897 549 78
172 721 41
59 753 45
395 419 37
160 82 15
885 912 23
69 313 97
335 332 32
542 116 63
853 638 31
367 683 74
811 630 83
247 953 2
105 162 69
106 636 27
