207
25.7546
45.2000
14.1748
55.4168
24.4622
54.7563
27.5294
42.5563
17.2403
51.2941
50.1546
17.2454
58.0992
31.4756
29.0571
24.5765
50.5025
30.9731
40.7462
27.9059
48.9076
25.3042
44.8975
21.4235
38.0807
20.5143
59.7613
33.9714
38.6437
46.2924
24.4723
25.8538
38.0571
11.9630
17.6908
38.2975
44.7580
19.0622
42.6824
46.5815
40.0034
44.5697
48.2706
41.7361
15.0134
29.1261
56.6000
12.1076
33.1748
55.2655
20.8084
19.2437
9.2538
52.9160
54.5496
39.4168
26.5176
38.9445
50.6622
40.5798
57.6454
52.6370
46.8622
21.1580
20.4840
22.8521
25.3294
39.8975
25.7899
50.4975
8.4269
18.2336
40.8151
20.3395
18.5546
5.2706
37.4454
17.0588
48.4403
25.9697
13.9748
19.0319
50.4739
37.4269
22.9815
14.2857
36.2874
50.0538
34.9849
58.4840
19.8403
57.3933
45.7176
42.5983
5.3445
51.6739
36.3496
11.8353
28.6605
44.2000
29.3664
32.4824
12.9244
37.2286
14.5782
7.6605
52.8235
31.6672
43.0723
35.7294
7.1176
17.2370
43.3042
5.1076
5.1412
29.4403
42.6134
10.5395
30.9429
54.7445
17.9462
9.2319
25.5546
33.5445
59.0706
26.5193
47.8891
17.7059
13.0118
45.4000
7.2067
16.2622
8.8706
8.4807
49.6807
26.6739
40.5261
57.9597
10.5580
5.5227
6.3563
10.2891
5.7328
55.7311
35.6151
8.5580
23.5294
33.4824
22.3966
27.4908
39.7664
8.4319
14.1866
8.8739
58.9462
9.3849
45.5008
9.5748
7.5160
48.4504
17.2218
47.1899
38.5882
12.3529
29.5529
16.8017
17.5462
28.4269
6.8622
24.7496
14.5580
12.7966
13.6336
25.9395
22.7361
54.6622
44.7529
46.8235
12.0168
13.7462
28.4403
45.7933
24.4269
39.8840
36.6857
32.2555
44.0319
6.3328
9.5899
46.8521
8.0975
6.3479
34.8538
18.2958
23.1613
14.7378
48.2420
35.5143
51.1496
37.8706
51.3345
59.2790
10.3546
10.3664
42.8134
52.5765
52.0622
