297
30.1513
25.6420
18.4336
40.9328
17.1496
11.1109
17.5277
21.5193
58.0034
26.8756
12.7160
23.0555
23.7782
37.8034
25.9563
37.2504
14.4538
41.8235
23.4857
37.5261
25.2487
59.0034
10.5126
59.8050
41.5765
46.3277
18.4521
54.9345
48.0639
15.2050
34.6134
23.9092
15.2941
50.5748
6.8555
38.3109
10.5815
13.0151
28.2017
51.3277
55.8588
54.5681
7.8370
38.0168
44.1916
22.4706
34.9176
39.7445
53.9412
38.0118
25.6958
45.6555
50.3748
49.3496
25.5882
57.1042
29.6655
39.6992
32.0471
47.6521
35.6555
11.4790
49.0319
54.4017
57.9714
51.0185
9.9092
58.1630
12.8571
34.9647
59.3109
53.4992
35.6235
54.0370
59.7681
21.1882
19.3882
13.8185
25.2303
38.9160
5.8403
38.9210
16.8639
22.4824
32.2639
30.1109
46.7176
49.2538
49.2286
55.7849
11.5983
40.2134
55.2420
37.5160
37.5210
27.6857
16.3748
25.5882
45.5176
5.4134
47.6017
19.8538
20.5697
37.2992
38.3429
26.0487
14.7647
7.0050
25.0521
18.8538
44.7193
15.2000
52.7546
6.1647
15.7714
35.5714
57.3580
31.0975
53.3176
56.7059
52.6824
30.8118
52.0420
36.9294
52.5681
49.5462
35.0000
17.9983
12.0101
9.0387
23.1782
55.1916
43.7798
29.3311
16.1647
34.3630
37.9496
7.5109
51.2336
24.7361
42.2118
53.1866
5.2521
26.4790
34.8017
47.6420
42.9244
37.1748
7.2941
35.6504
54.0605
12.1378
35.4689
47.2958
29.7479
36.9563
43.9445
12.4151
50.5697
11.7950
44.1916
17.1983
19.3294
47.0269
55.9966
23.5042
14.3261
43.6286
51.3966
16.4000
18.8689
43.4185
12.3143
30.8857
13.1681
42.8655
55.4202
32.0319
10.4034
29.4605
54.5664
35.7160
31.8017
35.8202
36.0555
58.6756
43.0992
34.2824
6.0975
9.7109
12.4471
17.9126
45.1143
46.9580
57.0555
35.5714
44.1950
26.1580
12.5378
31.3361
28.5176
51.7613
44.4454
26.9210
57.5076
39.8471
38.8454
56.8420
40.7798
29.3697
52.2975
9.4286
56.7193
31.8454
53.7277
50.1025
25.7916
54.5311
26.9748
17.7345
41.3882
23.4824
43.3210
12.4840
45.0706
21.2084
51.0202
15.2487
38.8857
14.6084
37.5445
41.1664
17.2487
38.6353
36.1714
44.1008
40.0723
11.3479
26.8504
28.1933
15.1479
35.6924
29.0588
23.9916
52.0034
33.1933
51.0672
54.7882
19.0471
5.5109
28.1294
26.0504
47.3731
44.3866
19.7748
49.0891
7.2353
9.1294
27.7513
30.3882
30.9916
29.8538
35.2000
29.0370
53.4739
48.3513
14.1227
48.5042
58.0672
50.4924
6.0756
49.2235
45.8218
28.0992
23.1462
59.8235
39.0908
57.5244
39.3765
16.9714
18.1496
28.5496
39.9563
37.7294
47.2487
16.6118
12.8672
38.4655
47.9479
5.8924
15.4958
10.0084
26.9261
11.3462
35.6908
28.3008
50.8874
