17
48 86 18 12 75 63 59 42 39 18 18 55 5 70 22 47 39 
100 11 74 44 39 68 30 39 72 33 37 46 12 49 25 55 20 
1 32 2 17 86 37 66 55 14 9 65 76 42 37 32 49 15 
10 96 59 1 60 34 8 16 33 60 69 40 74 36 27 60 6 
80 20 100 61 57 67 75 51 80 79 2 24 10 89 48 1 10 
1 53 4 6 39 94 33 76 71 28 92 67 61 13 60 4 5 
1 48 100 53 33 89 69 12 58 47 30 53 53 51 45 45 99 
20 79 95 47 42 21 6 21 84 74 69 87 5 46 67 70 85 
7 91 87 19 46 78 33 97 90 99 70 19 10 25 18 33 20 
88 78 83 64 86 52 62 81 69 54 59 54 17 66 53 48 2 
29 29 76 26 78 69 28 71 67 86 99 75 62 16 50 99 62 
30 65 5 15 27 67 9 40 29 3 62 2 37 10 28 12 13 
9 96 59 14 57 100 78 10 66 32 21 5 10 12 89 4 97 
96 58 97 7 73 35 77 60 6 24 16 61 57 17 32 89 100 
63 23 49 75 74 56 58 89 22 28 8 75 72 70 6 70 61 
22 58 85 37 37 35 91 29 53 48 41 84 65 29 86 91 2 
43 66 40 96 36 62 28 87 74 65 78 59 45 32 46 50 25 
