19
71 24 20 20 42 37 76 21 40 26 39 67 93 25 94 81 62 62 84 
56 60 3 28 14 64 55 94 67 75 79 91 65 52 18 91 80 56 84 
8 91 30 97 23 98 41 41 89 76 85 68 66 60 21 12 88 51 78 
41 49 21 23 42 83 10 88 70 63 88 13 30 45 20 30 44 57 25 
58 25 49 28 50 50 92 10 17 11 72 75 90 92 21 35 25 98 28 
66 56 14 72 55 45 26 24 29 89 30 36 41 17 59 36 56 30 50 
84 49 79 47 34 97 14 10 76 21 48 2 74 55 93 66 87 89 95 
5 81 69 53 42 41 40 20 8 76 90 67 62 100 30 50 22 91 16 
72 29 56 43 32 36 92 58 13 78 89 31 87 7 41 64 41 6 87 
68 32 2 29 58 38 42 25 65 55 2 85 7 73 2 11 46 86 94 
83 9 92 16 92 68 11 30 11 100 71 100 95 43 3 91 48 84 89 
68 52 30 82 48 34 35 56 100 9 75 80 29 56 81 21 33 97 56 
2 57 15 78 43 4 36 77 19 18 30 15 17 91 68 94 69 54 26 
71 26 3 5 61 60 44 83 41 86 20 19 48 35 32 42 78 30 63 
10 56 17 75 100 96 58 86 91 7 1 89 57 43 41 64 77 66 52 
29 8 10 52 34 88 62 100 66 69 89 2 85 6 17 5 67 10 43 
51 67 61 19 19 27 36 2 37 6 51 23 35 33 51 60 25 41 39 
39 54 93 95 73 76 64 47 47 91 44 21 16 75 86 86 7 84 40 
36 88 39 81 33 53 76 90 33 67 14 43 26 11 5 99 10 92 87 
