19
81 93 35 96 22 16 60 41 4 72 99 27 35 88 86 53 86 73 64 
25 30 41 22 11 85 39 81 42 93 82 28 79 23 47 3 100 19 68 
79 44 98 20 18 47 24 3 9 81 30 12 38 84 1 24 11 10 71 
89 49 19 29 54 38 80 10 59 4 22 92 16 77 18 60 82 17 77 
23 72 66 31 74 20 94 8 49 59 83 83 7 87 6 33 67 63 80 
78 77 21 24 94 24 74 95 56 11 79 8 43 37 32 85 44 75 77 
65 84 77 26 18 87 12 39 7 70 29 47 96 52 35 94 71 91 52 
82 53 33 16 61 55 44 93 32 6 29 4 88 1 19 28 50 9 85 
47 55 93 98 89 79 73 96 2 89 61 43 97 4 67 13 1 63 58 
83 21 67 97 40 61 69 26 10 18 80 74 24 81 24 24 48 68 32 
74 25 26 50 12 15 41 58 11 23 13 27 58 51 74 18 21 74 51 
80 99 10 99 44 12 6 95 59 50 89 57 89 28 68 44 14 89 30 
49 48 82 71 61 57 59 30 75 20 17 56 24 76 57 6 63 58 75 
6 38 52 59 22 99 66 62 7 45 40 89 36 47 67 58 43 49 68 
15 65 95 85 99 71 21 93 96 100 20 75 89 86 30 15 83 60 28 
74 84 38 11 2 74 76 21 17 12 58 72 27 91 72 35 39 66 91 
21 12 100 41 72 96 82 42 60 78 21 91 17 34 44 56 82 76 48 
73 2 33 10 37 26 25 74 17 91 25 95 23 18 43 62 61 9 75 
18 86 44 59 39 15 30 93 12 47 40 54 30 80 16 92 33 17 80 
