17
78 36 59 73 24 59 44 7 5 82 73 49 69 66 20 23 58 
97 64 36 86 49 17 19 1 63 66 78 62 8 43 55 72 19 
43 62 96 19 81 94 13 25 98 40 90 30 98 87 30 86 24 
46 36 84 88 96 7 28 33 15 94 33 82 2 91 37 39 39 
97 17 72 33 93 44 62 85 55 51 61 19 82 40 63 65 73 
56 77 81 79 43 6 10 75 13 12 54 22 23 52 11 50 16 
41 51 23 93 48 91 72 56 9 99 57 75 7 14 74 27 68 
39 81 42 37 79 25 10 20 94 12 23 94 76 9 14 26 77 
95 20 70 80 10 91 9 5 20 13 3 66 38 99 56 19 35 
74 18 13 78 45 48 15 51 10 23 13 54 25 95 74 97 81 
82 87 8 99 76 32 17 55 64 86 65 45 41 45 2 36 50 
47 81 30 42 20 17 99 39 43 63 97 27 83 48 30 90 38 
7 29 78 60 42 56 40 8 20 59 13 62 62 66 55 61 87 
1 48 12 41 12 71 43 24 5 59 26 47 26 85 73 42 81 
72 29 34 19 11 39 74 52 21 81 32 1 66 72 28 65 6 
63 81 58 9 16 45 18 97 77 24 64 24 67 100 62 24 42 
89 49 85 13 41 41 47 85 26 39 37 75 66 90 80 48 11 
