74 86
5 98 55
97 99 62
41 37 24
32 59 23
23 95 60
87 37 63
100 58 20
69 60 92
95 96 99
99 51 15
19 48 37
47 72 21
40 11 39
44 10 70
34 100 13
91 19 67
92 26 95
37 80 12
80 37 23
49 59 80
95 13 47
71 94 6
53 40 63
70 64 41
8 18 33
23 12 3
26 12 12
80 31 80
16 49 16
12 30 99
64 64 7
26 2 70
91 99 54
3 76 96
22 10 78
32 3 46
2 33 94
50 10 1
47 43 60
63 84 23
50 94 49
93 91 13
78 6 9
12 42 27
40 71 20
40 87 24
39 11 63
77 35 2
81 6 20
9 44 45
43 95 3
67 62 21
83 52 25
54 29 36
54 38 18
95 97 6
35 69 98
52 43 90
93 30 67
83 69 26
47 18 79
4 23 41
53 26 76
35 52 98
80 48 56
64 74 77
48 69 26
11 94 14
2 70 65
56 69 72
42 59 6
69 22 14
65 35 16
61 99 72
