987 1888
1552 1568 1984
1561 1949 1880
1668 1722 1778
1571 1506 1501
1846 1818 1634
1530 1612 1821
1562 1832 1748
1815 1995 1569
1975 1716 1861
1962 1686 1557
1699 1984 1534
1861 1949 1805
1765 1631 1940
1605 1751 1604
1673 1777 1788
1736 1805 1622
1634 1757 1982
1621 1884 1999
1748 1888 1816
1931 1842 1650
1675 1580 1651
1717 1851 1755
1861 1626 1959
1876 1865 1517
1935 1650 1514
1506 1741 1786
1662 1880 1968
1660 1803 1597
1742 1709 1933
1812 1820 1832
1550 1896 1945
1867 1523 1639
1878 1621 1706
1973 1898 1599
1542 1796 1824
1507 1590 1533
1798 1757 1948
1961 1797 1764
1850 1646 1894
1630 1829 1889
1677 1923 1934
1715 1969 1983
1559 1577 1524
1883 1711 1695
1841 1587 1977
1756 1830 1584
1801 1523 1614
1613 1950 1957
1640 1696 1545
1766 1817 1955
1610 1625 1680
1829 1778 1826
1974 1652 1706
1802 1504 1778
1540 1529 1714
1592 1779 1613
1755 1852 1722
1874 1914 1502
1945 1704 1923
1735 1906 1814
1950 1672 1940
1570 1607 1920
1773 1941 1845
1944 1725 1974
1583 1540 1646
1784 1794 1595
1997 1592 1510
1906 1669 1773
1961 1826 1931
1744 1865 1621
1620 1840 1960
1833 1809 1542
1589 1665 1876
1609 1982 1719
1679 1649 1588
1977 1570 1715
1937 1968 1944
1847 1786 1781
1795 1819 1994
1871 1617 1598
1755 1712 1995
1751 1808 1597
1583 1991 1994
1533 1841 1657
1567 1571 1879
1864 1869 1729
1885 1907 1581
1623 1524 1909
1812 1641 1894
1724 1538 1930
1666 1910 1608
1581 1707 1626
1684 1557 1894
1835 1735 1675
1508 1842 1696
1738 1798 1653
1899 1756 1647
1829 1715 1887
1917 1518 1728
1610 1871 1668
1973 1803 1591
1878 1725 1637
1789 1608 1964
1529 1924 1593
1638 1707 1641
1632 1518 1523
1943 1856 1596
1974 1593 1855
1888 1791 1650
1911 1583 1816
1847 2000 1669
1734 1530 1794
1658 1756 1749
1705 1604 1908
1671 1838 1861
1589 1979 1533
1904 1948 1677
1834 1984 1524
1678 1509 1893
1566 1646 1791
1512 1628 1579
1823 1728 1526
1767 1864 1759
1823 1878 1684
1677 1539 1835
1714 1838 1815
1923 1651 1822
1771 1944 1717
1660 1940 1911
1675 1989 1812
1926 1634 1872
1733 1511 1610
1621 1779 1659
1943 1970 1937
1761 1816 1886
1935 1936 1986
1514 1601 1916
1696 1994 1758
1802 1826 1791
1699 1771 1830
1536 1667 1847
1527 1875 1929
1654 1591 1611
1784 1554 1514
1641 1928 1562
1844 1648 1803
1542 1760 1661
1992 1502 1815
1816 1691 1864
1780 1643 1908
1843 1954 1600
1585 1940 1881
1879 1814 1558
1690 1835 1749
1968 1814 1661
1875 1951 1646
1875 1735 1974
1952 1749 1955
1732 1932 1872
1601 1508 1738
1836 1758 1665
1691 1551 1731
1713 1573 1967
1886 1978 1632
1653 1636 1791
1931 1851 1696
1903 1889 1861
1680 1885 1708
1728 1838 1956
1802 1787 1806
1964 1590 1621
1750 1963 1867
1839 1829 1539
1938 1854 1876
1771 1944 1602
1836 1544 1577
1986 1629 1837
1730 1624 1817
1583 1587 1507
1603 1583 1987
1964 1857 1955
1959 1804 1964
1901 1574 1973
1913 1857 1802
1600 1643 1893
1627 1845 1548
1896 1900 1902
1976 1681 1846
1786 1735 1989
1908 1934 1980
1936 1505 1758
1925 1953 1762
1688 1793 1960
1612 1631 1623
1624 1878 1791
1839 1558 1672
1858 1647 1782
1994 1576 1836
1824 1540 1879
1500 1779 1817
1851 1771 1670
1735 1617 1623
1659 1983 1539
1628 1719 1758
1731 1818 1543
1599 1999 1621
1912 1923 1689
1956 1701 1643
1769 1579 1925
1892 1578 1863
1974 1937 1540
1621 1647 1940
1577 1929 1596
1733 1762 1917
1548 1683 1711
1519 1628 1640
1526 1645 1867
1574 1750 1555
1590 1846 1717
1981 1855 1828
1957 1847 1557
1625 1902 1970
1569 1620 1684
1549 1898 1632
1697 1981 1840
1916 1534 1727
1939 1545 1896
1736 1527 1716
1536 1636 1767
1721 1769 1575
2000 1864 1856
1639 1960 1504
1571 1785 1874
1798 1592 1725
1708 1843 1602
1805 1896 1763
1573 1756 1867
1722 1590 1657
1685 1918 1985
1527 1647 1877
1667 1650 1875
1593 1686 1679
1998 1627 1533
1871 1970 1757
1699 1692 1766
1611 1709 1886
1780 1756 1777
1724 1569 1753
1942 1556 1604
1631 1562 1543
1869 1653 1970
1517 1551 1773
1560 1924 1657
1652 1942 1635
1583 1773 1988
1554 1897 1562
1922 1532 1621
1587 1999 1972
1719 1837 1669
1893 1995 1626
1844 1862 1867
1705 1872 1933
1510 1953 1606
1834 1819 1681
1862 1581 1844
1890 1561 1991
1886 1528 1581
1853 1992 1554
1500 1633 1574
1892 1974 1641
1514 1618 1722
1580 1998 1818
1904 1948 1869
1596 1690 1952
1668 1978 1648
1621 1864 1975
1636 1861 1770
1877 1624 1664
1915 1689 1552
1652 1631 1720
1899 1785 1881
1515 1682 1640
1650 1507 1559
1920 1855 1723
1626 1999 1786
1858 1747 1643
1702 1840 1935
1590 1935 1631
1570 1580 1809
1923 1559 1711
1828 1952 1789
1546 1716 1802
1582 1879 1916
1909 1810 1544
1861 1529 1559
1687 1668 1645
1885 1823 1581
1841 1699 1730
1866 1608 1504
1810 1905 1536
1511 1803 1882
1582 1770 1766
1948 1693 1979
1956 1626 1629
1844 1519 1820
1521 1717 1891
1668 1949 1690
1595 1795 1694
1592 1631 1607
1582 2000 1574
1793 1523 1885
1987 1558 1706
1660 1718 1501
1930 1853 1965
1761 1874 1889
1885 1822 1770
1708 1574 1781
1771 1648 1786
1801 1876 1502
1788 1629 1962
1953 1603 1745
1684 1603 1902
1978 1685 1684
1892 1541 1821
1892 1607 1834
1956 1960 1753
1908 1883 1715
1782 1939 1787
1766 1632 1976
1681 1961 1742
1540 1570 1657
1686 1985 1644
1993 1934 1957
1843 1520 1661
1793 1780 1967
1823 1817 1958
1533 1871 1796
1501 1635 1965
1514 1562 1733
1927 1777 1818
1880 1953 1502
1830 1965 1967
1509 1942 1563
1543 1617 1671
1850 1822 1936
1806 1684 1871
1974 1570 1653
1772 1920 1762
1585 1936 1872
1728 1763 1696
1661 1514 1822
1909 1524 1890
1616 1900 1568
1583 1601 1826
1978 1995 1791
1847 1850 1814
1982 1526 1737
1589 1740 1560
1613 1552 1914
1749 1545 1520
1972 1674 1771
1981 1797 1609
1636 1785 1804
1625 1706 1505
1627 1794 1832
1540 1503 1662
1814 1796 1647
1823 1895 1578
1859 1801 1924
1926 1805 1916
1603 1981 1691
1555 1779 1539
1658 1629 1645
1953 1513 1877
1522 1836 1573
1615 1859 1887
1781 1620 1586
1949 1850 1936
1521 1911 1507
1749 1849 1759
1631 1726 1849
1625 1716 1541
1876 1635 1927
1713 1968 1904
1655 1510 1713
1733 1852 1632
1715 1992 1762
1837 1668 1698
1568 1522 1686
1513 1677 1561
1582 1694 1574
1850 1627 1731
1773 1812 1683
1515 1500 1616
1615 1860 1525
1516 1873 1908
1561 1710 1779
1540 1664 1646
1507 1653 1919
1910 1955 1792
1925 1873 1974
1825 1588 1605
1716 1639 1719
1694 1831 1533
1733 1958 1594
1904 1645 1738
1658 1948 1802
1926 1934 1996
1751 1976 1671
1706 1601 1541
1697 1546 1631
1943 1704 1534
1648 1621 1559
1903 1588 1719
1918 1554 1543
1637 1770 1972
1718 1635 1782
1966 1500 1521
1585 1954 1917
1751 1731 1734
1587 1593 1888
1502 1687 1533
1654 1678 1553
1626 1519 1982
1740 1684 1668
1615 1513 1763
1644 1702 1764
1812 1947 1863
1912 1956 1767
1611 1722 1802
1957 1739 1524
1712 1722 1785
1776 1824 1999
1645 1944 1505
1999 1807 1840
1646 1596 1969
1543 1631 1974
1902 1937 1708
1696 1958 1641
1574 1512 1853
1922 1620 1807
1506 1651 1699
1847 1753 1723
1739 1840 1914
1863 1599 1541
1963 1794 1622
1678 1914 1939
1718 1867 1587
1757 1720 1534
1770 1720 1979
1799 1767 1853
1615 1791 1948
1642 1910 1643
1908 1552 1812
1772 1990 1685
1772 1559 1709
1567 1649 1912
2000 1574 1733
1862 1750 1796
1608 1816 1862
1841 1519 1977
1788 1711 1971
1531 1743 1679
1709 1709 1874
1905 1942 1541
1886 1981 1778
1789 1741 1785
1645 1797 1993
1584 1503 1827
1951 1791 1629
1929 1619 1510
1786 1674 1960
1629 1512 1657
1612 1870 1578
1562 1995 1621
1500 1985 1930
1780 1565 1728
1829 1514 1861
1932 1885 1585
1867 1584 1748
1669 1568 1599
1607 1888 1691
1999 1883 1700
1524 1906 1950
1605 1766 1728
1820 1633 1929
1887 1697 1532
1574 1562 1667
1893 1553 1858
1850 1815 1952
1849 1574 1773
1819 1775 1606
1823 1877 1854
1885 1774 1864
1665 1689 1500
1501 1941 1533
1710 1860 1502
1951 1601 1946
1604 1512 1629
1908 1764 1556
1641 1728 1716
1964 1916 1920
1831 1952 1792
1847 1623 1924
1801 1832 1901
1993 1649 1588
1702 1669 1591
1899 1962 1804
1620 1562 1755
1503 1938 1558
1680 1568 1641
1826 1921 1651
1622 1706 1912
1649 1980 1641
1635 1940 1649
1606 1824 1773
1963 1704 1513
1806 1715 1729
1862 1803 1733
1601 1847 1903
1609 1554 1874
1953 1709 1617
1520 1954 1718
1898 1891 1591
1726 1601 1660
1609 1751 1900
1630 1690 1529
1625 1870 1911
1978 1661 1531
1620 1903 1610
1884 1758 1829
1903 1597 1976
1611 1515 1736
1742 1687 1642
1830 1797 1572
1796 1583 1929
1567 1842 1857
1622 1834 1777
1943 1997 1931
1562 1746 1856
1630 1659 1557
1555 1686 1763
1602 1665 1766
1824 1777 1606
1505 1967 1617
1756 1852 1643
1570 1802 1941
1666 1739 1698
1768 1907 1535
1538 1742 1687
1504 1681 1674
1624 1719 1986
1740 1524 1666
1922 1598 1728
1978 1822 1567
1909 1839 1995
1675 1562 1560
1606 1561 1627
1506 1542 1705
1834 1920 1798
1938 1551 1643
1764 1553 1900
1725 1543 1779
1694 1952 1742
1807 1945 1622
1735 1885 1729
1754 1753 1820
1784 1764 1787
1590 1580 1694
1660 1809 1765
1557 1787 1682
1827 1607 1799
1713 1525 1852
2000 1810 1680
1992 1512 1805
1762 1881 1502
1654 1858 1517
1560 1988 1626
1784 1905 1960
1788 1787 1557
1600 1743 1514
1895 1771 1582
1762 1721 1602
1674 1977 1885
1553 1730 1834
1693 1802 1757
1683 1822 1840
1823 1579 1710
1596 1711 1832
1844 1744 1742
1718 1827 1805
1900 1979 1687
1825 1643 1948
1561 1957 1889
1821 1994 1994
1951 1630 1566
1542 1798 1913
1789 1972 1798
1856 1764 1753
1954 1765 1537
1619 1788 1544
1817 2000 1544
1783 1626 1635
1800 1615 1714
1775 1846 1757
1593 1902 1751
1531 1529 1745
1528 1573 1949
1621 1650 1926
1849 1826 1885
1594 1644 1744
1733 1979 1629
1675 1664 1949
1702 1679 1643
1943 1848 1926
1773 1582 1526
1986 1635 1575
1910 1515 1650
1503 1592 1912
1787 1667 1530
1525 1838 1869
1602 1979 1805
1782 1845 1712
1732 1709 1501
1604 1897 1998
1507 1842 1743
1999 1898 1631
1930 1961 1847
1903 1751 1592
1707 1640 1946
1510 1938 1812
1961 1702 1586
1580 1860 1927
1636 1648 1571
1765 1614 1617
1565 1627 1610
1751 1616 1611
1564 1808 1945
1633 1846 1838
1687 1838 1732
1630 1994 1730
1585 1743 1809
1842 1764 1997
1817 1972 1843
1945 1513 1613
1610 1512 1999
1528 1825 1782
1826 1624 1816
1901 1957 1743
1832 1576 1958
1847 1852 1601
1566 1680 1788
1736 1745 1977
1549 1628 1653
1887 1664 1817
1589 1798 1512
1657 1800 1835
1730 1807 1717
1845 1761 1992
1617 1547 1900
1616 1619 1692
1756 1860 1955
1586 1955 1808
1644 1673 1894
1667 1872 1891
1852 1713 1644
1596 1800 1517
1564 1687 1723
1614 1562 1747
1868 1954 1501
1505 1664 1858
1888 1635 1904
1707 1554 1795
1652 1614 1638
1974 1524 1547
1596 1534 1765
1914 1921 1891
1774 1607 1820
1742 1570 1574
2000 1883 1834
1619 1737 1735
1973 1508 1543
1503 1776 1623
1630 1843 1796
1683 1618 1616
1769 1608 1739
1505 1721 1511
1652 1659 1593
1693 1839 1553
1676 1730 1685
1644 1557 1865
1796 1959 1931
1680 1870 1751
1999 1914 1669
1702 1965 1755
1517 1598 1664
1521 1655 1659
1539 1927 1854
1731 1891 1789
1904 1532 1699
1821 1814 1800
1591 1656 1977
1652 1650 1941
1992 1828 1730
1599 1734 1845
1705 1828 1914
1975 1530 1741
1864 1909 1606
1816 1515 1677
1974 1655 1875
1938 1908 1550
1820 1627 1667
1831 1886 1847
1933 1816 1554
1634 1513 1777
1612 1910 1690
1519 1659 1874
1734 1815 1644
1556 1553 1873
1959 1609 1502
1972 1643 1872
1526 1690 1508
1651 1626 1909
1520 1874 1767
1704 1530 1517
1632 1840 1755
1699 1970 1932
1989 1910 1742
1982 1620 1916
1560 1821 1681
1628 1640 1527
1745 1660 1619
1589 1751 1658
1751 1648 1780
1656 1963 1968
1886 1944 1648
1672 1914 1955
1674 1826 1833
1974 1502 1638
1532 1660 1527
1965 1731 1568
1910 1919 1574
1705 1745 1722
1843 1839 1980
1795 1535 1607
1753 1564 1759
1660 1733 1922
1718 1958 1972
1966 1941 1635
1862 1638 1714
1634 1587 1556
1828 1904 1639
1531 1902 1523
1588 1920 1950
1658 1779 1570
1826 1596 1973
1934 1829 1787
1904 1887 1792
1931 1560 1777
1563 1738 1668
1728 1540 1853
1936 1634 1931
1861 1731 1770
1697 1916 1849
1710 1783 1820
1583 1719 1636
1900 1519 1762
1502 1753 1863
1785 1908 1675
1609 1506 1690
1973 1595 1961
1585 1943 1642
1507 1546 1941
1958 1782 1794
1844 1601 1709
1543 1852 1864
1561 1622 1874
1539 1740 1805
1862 1960 1886
1614 1900 1779
1998 1973 1940
1581 1642 1810
1907 1560 1810
1942 1796 1774
1821 1645 1762
1844 1849 1606
1832 1639 1806
1684 1884 1732
1643 1522 1930
1778 1592 1762
1521 1576 1520
1714 1807 1608
1700 1601 1503
1665 1890 1952
1793 1803 1834
1770 1634 1656
1756 1560 1836
1828 1949 1597
1657 1642 1741
1948 1956 1917
1813 1587 1562
1974 1526 1571
1897 1592 1643
1821 1524 1899
1839 1949 1552
1816 1644 1793
1511 1911 1821
1669 1583 1848
1639 1704 1685
1746 1564 1994
1819 1957 1807
1836 1940 1812
1989 1757 1957
1500 1800 1826
1899 1876 1872
1950 1697 1728
1757 1562 1525
1974 1633 1602
1903 1588 1782
1507 1599 1716
1879 1810 1787
1827 1668 1926
1512 1891 1764
1962 1840 1829
1896 1630 1715
1941 1758 1526
1539 1696 1802
1968 1508 1737
1669 1608 1955
1655 1888 1512
1748 1861 1798
1765 1876 1884
1722 1979 1980
1595 1594 1562
1744 1895 1762
1729 1506 1522
1970 1982 1595
1545 1686 1688
1761 1865 1507
1763 1953 1533
1836 1709 1604
1823 1542 1949
1730 1577 1560
1883 1602 1889
1814 1785 1735
1996 1533 1841
1944 1713 1524
1990 1602 1918
1667 1762 1795
1786 1648 1923
1669 1955 1884
1638 1947 1655
1895 1704 1596
1677 1811 1857
1998 1580 1994
1720 1885 1994
1682 1524 1949
1992 1865 1922
1651 1856 1611
1923 1942 1856
1732 1856 1791
1985 1714 1554
1804 1511 1585
1843 1773 1666
1912 1826 1887
1704 1850 1546
1521 1635 1546
1583 1535 1647
1735 1626 1524
1677 1814 1696
1617 1831 1771
1728 1784 1912
1657 1527 1882
1678 1758 1723
1594 1623 1919
1642 1548 1791
1821 1914 1765
1512 1769 1809
1634 1744 1689
1569 1776 1814
1808 1929 1717
1769 1565 1940
1685 1676 1723
1691 1955 1600
1594 1522 1670
1576 1642 1890
1537 1982 1816
1637 1646 1568
1997 1548 1685
1879 1982 1515
1505 1799 1793
1876 1621 1913
1921 1588 1695
1776 1688 1513
1569 1649 1874
1715 1660 1668
1687 1542 1549
1886 1647 1511
1667 1989 1941
1557 1894 1597
1699 1768 1544
1810 1800 1969
1829 1539 1559
1641 1548 1957
1518 1657 1826
1537 1537 1763
1956 1950 1629
1635 1796 1597
1581 1962 1652
1776 1580 1823
1993 1673 1702
1611 1760 1573
1760 1607 1663
1650 1531 1652
1501 1824 1719
1814 1859 1555
1981 1926 1511
1987 1564 1609
1533 1650 1791
1793 1764 1764
1978 1690 1741
1753 1986 1759
1768 1932 1766
1746 1825 1718
1633 1798 1978
1826 1596 1548
1724 1910 1544
1608 1728 1503
1754 1603 1853
1737 1714 1872
1592 1614 1863
1551 1706 1733
1581 1936 1696
1567 1659 1859
1703 1730 1528
1923 1566 1951
1958 1891 1611
1869 1867 1722
1631 1719 1832
1587 1704 1855
1831 1742 1944
1898 1711 1912
1740 1911 1966
1865 1846 1881
1896 1654 1782
1597 1860 1983
1943 1734 1535
1600 1708 1556
1830 1742 1999
1913 1686 1997
1965 1640 1963
1920 1896 1864
1884 1632 1977
1959 1691 1654
1672 1758 1871
1824 1997 1766
1993 1778 1796
1839 1580 1921
1834 1693 1847
1902 1982 1875
1747 1630 1602
1546 1671 1982
1880 1511 1898
1847 1693 1834
1595 1763 1528
1532 1900 1644
1998 1930 1714
1902 1512 1625
1971 1769 1842
1843 1788 1873
1578 1668 1535
1891 1552 1760
1743 1691 1964
1954 1941 1541
1597 1533 1756
1947 1661 1653
1714 1825 1744
1536 1684 1537
1576 1932 1728
1839 1965 1594
1619 1985 1651
1928 1849 1800
1621 1786 1755
1845 1871 1612
1874 1832 1761
1936 1750 1803
1864 1889 1783
