959 1835
1829 1577 1754
1561 1803 1624
1813 1586 1725
1564 1986 1890
1797 1986 1960
1856 1885 1962
1645 1837 1946
1531 1787 1504
1728 1787 1571
1708 1644 1563
1969 1884 1908
1777 1846 1663
1670 1877 1718
1744 1870 1566
1705 1803 1732
1596 1597 1845
1535 1614 1679
1993 1541 1630
1690 1960 1927
1971 1627 1664
1662 1565 1872
1629 1831 1795
1683 1651 1774
1872 1687 1515
1663 1709 1934
1718 1990 1812
1595 1653 1894
1738 1961 1715
1888 1963 1683
1546 1825 1988
1975 1799 1835
1890 1965 1930
1820 1622 1842
1990 1947 1901
1780 1911 1729
1670 1885 1702
1564 1956 1974
1590 1913 1560
1923 1961 1927
1806 1703 1603
1818 1926 1904
1553 1658 1929
1861 1536 1966
1917 1501 1538
1753 1736 1682
1550 1836 1910
1615 1850 1686
1992 1532 1964
1917 1872 1789
1930 1667 1949
1578 1511 1532
1756 1891 1848
1854 1789 1769
1842 1638 1509
1948 1766 1989
1815 1742 1605
1953 1708 1774
1809 1941 1799
1682 1500 1524
1768 1719 1784
1867 1644 1758
1685 1756 1791
1601 1828 1790
1797 1640 1886
1861 1591 1714
1847 1641 1927
1728 1613 1918
1727 1585 1551
1688 1711 1838
1539 1867 1662
1871 1926 1792
1635 1711 1985
1952 1643 1673
1933 1733 1778
1955 1652 1521
1596 1933 1658
1800 1720 1549
1769 1928 1642
1739 1859 1608
1600 1670 1585
1686 1619 1884
1786 1850 1778
1992 1654 1790
1523 1596 1708
1712 1960 1813
1871 1615 1579
1728 1878 1530
1640 1851 1947
1545 1514 1640
1753 1708 1934
1829 2000 1700
1719 1820 1613
1533 1822 1799
1739 1639 1869
1963 1649 1530
1613 1992 1503
1859 1593 1890
1792 1661 1736
1870 1682 1774
1994 1639 1854
1996 1719 1605
1850 1512 1860
1635 1508 1924
1570 1745 1868
1921 1857 1644
1944 1873 1933
1835 1632 1934
1853 1650 1855
1671 1546 1537
1846 1993 1640
1968 1654 1898
1879 1808 1511
1941 1616 1541
1567 1815 1934
1767 1991 1566
1534 1682 1959
1567 1696 1542
1952 1776 1892
1793 1746 1854
1738 1696 1832
1906 1772 1519
1561 1682 1992
1955 1963 1973
1673 1937 1828
1587 1928 1979
1891 1791 1783
1861 1567 1971
1692 1625 1500
1599 1652 1802
1649 1977 1744
1609 1704 1722
1885 1955 1685
1879 1827 1663
1506 1586 1909
1725 1631 1794
1982 1914 1788
1899 1824 1564
1911 1990 1901
1626 1682 1708
1870 1545 1711
1556 1798 1751
1549 1569 1683
1776 1913 1721
1762 1893 1817
1982 1519 1695
1667 1786 1666
1887 1595 1714
1773 1572 1803
1515 1811 1518
1506 1555 1700
1688 1939 1639
1534 1770 1714
1530 1971 1692
1840 1832 1602
1537 1867 1689
1967 1534 1837
1870 1844 1755
1778 1637 1778
1798 1719 1754
1701 1808 1534
1630 1817 1673
1537 1904 1851
1832 1921 1732
1699 1683 1900
1539 1503 1704
1711 1690 1806
1693 1935 1769
1970 1949 1680
1743 1696 1610
1898 1945 1900
1624 1929 1762
1840 1691 1896
1816 1706 1572
1613 1839 1815
1527 1546 1691
1894 1801 1644
1583 1943 1737
1923 1535 1659
1855 1968 1540
1677 1635 1661
1684 1857 1667
1573 1715 1864
1925 1649 1689
1995 1891 1670
1714 1736 1967
1977 1672 1990
1994 1873 1911
1531 1798 1816
1637 1702 1855
1673 1959 1872
1786 1899 1591
1978 1647 1948
1903 1875 1854
1925 1929 1922
1685 1812 1588
1938 1672 1576
1807 1848 1776
1702 1532 1938
1946 1706 1998
1644 1634 1847
1881 1747 1856
1805 1975 1515
1968 1717 1771
1682 1667 1512
1693 1737 1735
1653 1870 1973
1878 1925 1933
1730 1948 1935
1999 1753 1747
1656 1948 1511
1933 1771 1751
1506 1973 1680
1634 1530 1648
1842 1928 1953
1836 1575 1733
1564 1689 1878
1808 1806 1564
1960 1826 1871
1845 1664 1925
1548 1791 1914
1705 1786 1851
1552 1621 1612
1593 1569 1584
1639 1943 1534
1544 1518 1861
1557 1629 1744
1685 1761 1853
1880 1517 1795
1573 1569 1707
1811 1698 1756
1868 1611 1920
1955 1743 1590
1724 1594 1878
1770 1782 1931
1769 1923 1934
1639 1555 1724
1895 1752 1551
1972 1816 1803
1635 1656 1600
1880 1959 1698
1865 1930 1560
1896 1771 1559
1555 1709 1699
1795 1545 1676
1933 1830 1829
1539 1769 1505
1683 1949 1655
1690 1995 1801
1839 1950 1892
1815 1903 1662
1616 1940 1891
1516 1687 1523
1948 1675 1772
1959 1843 1878
1878 1916 1658
1810 1978 1931
1582 1527 1905
1603 1619 1654
1759 1849 1512
1920 1657 1730
1946 1746 1549
1551 1594 1595
1887 1623 1752
1512 1949 1617
1951 1938 1854
1514 1579 1515
1579 1852 1615
1634 1858 1828
1859 1529 1919
1747 1744 1536
1986 1761 1893
1893 1966 1730
1889 1851 1923
1956 1960 1749
1743 1800 1737
1922 1707 1779
1939 1637 1576
1686 1881 1850
1741 1990 1628
1810 1926 1935
1822 1891 1602
1714 1946 1776
1656 1649 1787
1821 1623 1904
1836 1998 1991
1578 1799 1560
1929 1833 1827
1689 1941 1893
1704 1739 1849
1557 1597 1960
1624 1711 1582
1502 1725 1864
1637 1947 1855
1913 1694 1699
1768 1656 1541
1811 1500 1964
1728 1871 1725
1977 1588 1999
1936 1753 1935
1932 1752 1575
1959 1945 1545
1820 1523 1600
1714 1795 1687
1941 1617 1672
1743 1965 1770
1941 1815 1542
1641 1871 1528
1733 1767 1772
1858 1861 1890
1932 1899 1817
1889 1930 1838
1674 1727 1721
1965 1904 1579
1767 1513 1589
1591 1641 1761
1597 1782 1610
1903 1586 1545
1786 1769 1794
1650 1795 1835
1970 1666 1610
1607 1568 1827
1883 1942 1922
1600 1982 1689
1992 1927 1520
1620 1514 1658
1932 1923 1663
1963 1789 1540
1791 1539 1634
1923 1933 1623
1715 1742 1591
1988 1698 1594
1846 1978 1656
1517 1763 1762
1815 1930 1581
1915 1985 1667
1616 1998 1979
1937 1784 1552
1777 1868 1541
1626 1987 1595
1633 1725 1874
1872 1699 1892
1706 1996 1815
1949 1604 1888
1564 1820 1975
1882 1503 1701
1505 1968 1845
1822 1841 1666
1602 1625 1543
1565 1525 1716
1724 1522 1939
1705 1726 1540
1662 1751 1553
1718 1947 1526
1680 1716 1581
1718 1760 1777
1790 1884 1976
1882 1934 1974
1644 1541 1770
1540 1595 1531
1958 1607 1913
1835 1841 1722
1879 1737 1644
1634 1607 1631
1595 1830 1683
1914 1919 1603
1534 1922 1910
1740 1697 1726
1984 1858 1543
1977 1553 1810
1543 1930 1991
1563 1582 1846
1595 1993 1831
1898 1813 1759
1523 1658 1961
1807 1539 1928
1735 1735 1571
1878 1552 1638
1679 1657 1965
1924 1648 1996
1768 1953 1594
1841 1860 1799
1805 1770 1725
1556 1912 1755
1542 1785 1983
1777 1563 1800
1865 1893 1681
1650 1666 1861
1843 1722 1596
1774 1609 1610
1681 1813 1690
1534 1766 1639
1578 1550 1603
1694 1935 1876
1808 1697 1960
1828 1527 1879
1616 1774 1518
1584 1917 1621
1868 1679 1591
1571 1750 2000
1544 1663 1528
1732 1942 1513
1538 1501 1740
1524 1749 1645
1846 1888 1670
1829 1503 1830
1806 1999 1582
1636 1809 1736
1607 1709 1591
1607 1643 1655
1590 1791 1668
1596 1666 1864
1538 1610 1640
1653 1713 1662
1525 1742 1895
1590 1969 1877
1559 1618 1920
1761 1709 1903
1650 1711 1922
1624 1838 1694
1691 1605 1541
1950 1649 1994
1818 1990 1787
1811 1957 1753
1939 1651 1923
1838 1548 1512
1893 1539 1884
1546 1840 1678
1580 1804 1574
1955 1815 1704
1569 1790 1584
1674 1572 1731
1728 1626 1830
1519 1824 1899
1614 1512 1942
1706 1952 1833
1725 1838 1845
1515 1508 1735
1642 1508 1579
1759 1682 1779
1693 1691 1662
1698 1668 1606
1604 1631 1778
1857 1539 1540
1749 1938 1977
1566 1776 1745
1625 1508 1661
1871 1895 1661
1541 1803 1981
1673 1993 1811
1607 1682 1797
1619 1716 1769
1794 1718 1676
1865 1910 1725
1749 1714 1771
1704 1986 1551
1795 1788 1592
1750 1615 1738
1955 1975 1572
1874 1964 1929
1980 1541 1727
1732 1769 1838
1652 1725 1945
1811 1855 1965
1701 1709 1639
1946 1506 1504
1871 1863 1636
1644 1950 1740
1742 1786 1898
1519 1793 1730
1625 1727 1882
1906 1711 1901
1996 1873 1956
1914 1709 1822
1777 1855 1582
1612 1873 1688
1789 1660 1765
1860 1794 1714
1710 1982 1664
1658 1553 1823
1877 1869 1853
1560 1594 1707
1713 1653 1836
1748 1734 1659
1696 1643 1799
1900 1534 1570
1963 1964 1591
1626 1900 1760
1953 1992 1866
1964 1989 1644
1728 1889 1847
1763 1649 1941
1610 1512 1887
1928 1796 1712
1937 1864 1514
1855 1884 1658
1684 1844 1980
1875 1971 1935
1517 1736 1875
1980 1752 1650
1627 1509 1728
1511 1670 1577
1729 1592 1706
1980 1761 1806
1829 1678 1941
1527 1883 1621
1688 1645 1945
1852 1901 1598
1558 1974 1652
1696 1656 1801
1816 1616 1669
1629 1652 1598
1669 1817 1817
1612 1545 1769
1836 1599 1710
1829 1900 1841
1634 1874 1771
1810 1658 1510
1993 1804 1554
1501 1531 1519
1620 1935 1977
1755 1505 1705
1740 1931 1518
1906 1656 1943
1931 1848 1906
1857 1530 1921
1515 1589 1715
1525 1813 1722
1759 1544 1660
1888 1646 1615
1889 1935 1563
1883 1800 1949
1661 1894 1915
1571 1701 1814
1777 1870 1934
1833 1627 1998
1796 1718 1892
1905 1777 1856
1559 1563 1967
1628 1860 1576
1944 1810 1921
1741 1531 1613
1918 1704 1535
1879 1825 1598
1962 1629 1564
1732 1917 1525
1502 1570 1810
1978 1867 1691
1504 1866 1727
1653 1631 1619
1560 1870 1562
1907 1657 1770
1860 1786 1968
1566 1616 1509
1984 1996 1928
1895 1641 1939
1971 1626 1725
1973 1873 1810
1537 1886 1757
1975 1907 1792
1737 1841 1721
1733 1946 1518
1695 1963 1726
1595 1731 1866
1679 1887 1616
1881 1594 1528
1551 1728 1513
1563 1979 1622
1882 1617 1676
1579 1950 1674
1578 1805 1708
1582 1901 1873
1619 1708 1913
1651 1707 1551
1825 1643 1908
1756 1737 1860
1769 1593 1918
1837 1582 1627
1624 1874 1557
1791 1868 1577
1909 1502 1989
1627 1975 1721
1923 1972 1700
1670 1522 1669
1625 1793 1612
1783 1774 1568
1971 1855 1634
1909 1702 1554
1776 1541 1618
1804 1821 1924
1896 1712 1535
1964 1747 1839
1782 1705 1674
1630 1557 1524
1987 1819 1864
1953 1982 1779
1976 1721 1811
1945 1517 1871
1607 1840 1986
1878 1636 1912
1586 1931 1935
1871 1964 1958
1920 1560 1592
1844 1688 1546
1721 1725 1621
1591 1875 1741
1573 1996 1500
1608 1548 1805
1947 1936 1659
1950 1987 1525
1958 1677 1884
1669 1735 1998
1575 1752 1979
1804 1714 1896
1953 1989 1986
1789 1702 1734
1842 1585 1668
1626 1741 1776
1799 1807 1959
1714 1697 1882
1867 1714 1908
1634 1700 1674
1554 1601 1714
1645 1662 1847
1924 1723 1937
1793 1895 1915
1613 1923 1756
1816 1772 1507
1802 1646 1599
1758 1769 1782
1963 1924 1737
1610 1512 1745
1882 1606 1510
1666 1830 1800
1548 1605 1635
1678 1974 1528
1623 1865 1932
1912 1913 1625
1783 1831 1621
1753 1990 1943
1915 1748 1631
1945 1523 1956
1895 1562 1714
1636 1578 1702
1825 1862 1737
1949 1697 2000
1622 1997 1846
1889 1599 1888
1729 1847 1805
1562 1809 1930
1826 1704 1896
1571 1627 1854
1956 1967 1565
1694 1622 1607
1704 1591 1545
1742 1892 1995
1788 1583 1727
1756 1689 1868
1554 1775 1590
1781 1628 1841
1627 1952 1674
1615 1638 1918
1667 1831 1658
1623 1990 1612
1717 1729 1527
1675 1739 1707
1866 1784 1613
1941 1696 1746
1838 1950 1508
1522 1823 1945
1515 1829 1768
1834 1770 1640
1793 1933 1790
1981 1874 1824
1919 1812 1649
1582 1521 1765
1884 1608 1886
1689 1899 1945
1798 1658 1748
1918 1831 1538
1803 1838 1575
1586 1919 1861
1825 1513 1555
1870 1811 1708
1727 1934 1985
1599 1820 1862
1711 1926 1691
1704 1622 1620
1856 1686 1646
1833 1617 1983
1901 1632 1517
1573 1654 1984
1704 1864 1750
1737 1547 1781
1514 1964 1745
1627 1566 1723
1912 1769 1949
1966 1771 1709
1546 1979 1720
1973 1599 1836
1659 1604 1984
1658 1904 1959
1994 1618 1753
1783 1598 1617
1740 1958 1597
1543 1784 1578
1880 1990 1793
1806 1546 1571
1724 1565 1858
1748 1683 1879
1552 1980 1993
1971 1772 1743
1925 1755 1903
1863 1919 1509
1997 1823 1926
1612 1654 1948
1863 1800 1896
1747 1831 1515
1794 1519 1944
1862 1612 1844
1885 1652 1815
1717 1909 1644
1980 1502 1687
1891 1510 1968
1612 1830 1666
1710 1913 1703
1622 1744 1832
1630 1605 1819
1776 1978 1672
1556 1772 1886
1864 1946 1898
1819 1877 1742
1805 1935 1635
1850 1559 1983
1515 1919 1734
1631 1985 1899
1718 1617 1613
1758 1767 1680
1714 1540 1988
1513 1768 1863
1904 1664 1654
1983 1571 1695
1508 1576 1802
1553 1768 1954
1596 1808 1882
1974 1894 1824
1956 1619 1837
1683 1770 1643
1704 1597 1635
1612 1581 1577
1507 1673 1693
1676 1805 1956
1991 1620 1922
1748 1654 1518
1859 1938 1801
1582 1870 1691
1574 1897 1645
1823 1535 1516
1607 1821 1853
1640 1803 1524
1707 1598 1852
1953 1696 1973
1848 1667 1549
1602 1706 1525
1854 1869 1565
1974 1791 1970
1812 1978 1804
1986 1530 1935
1664 1746 1689
1605 1527 1630
1909 1686 1969
1568 1876 1846
1961 1726 1974
1583 1973 1812
1934 1848 1899
1823 1784 1833
1796 1595 1980
1576 1608 1960
1757 1897 1553
1953 1915 1794
1832 1896 1852
1778 1893 1918
1967 1550 1680
1842 1990 1754
1838 1680 1878
1631 1818 1934
1631 1727 1587
1780 1665 1805
1933 1705 1674
1877 1908 1545
1677 1650 1784
1560 1714 1621
1797 1715 1654
1580 1951 1975
1522 1857 1994
1616 1751 1552
1815 1657 1922
1596 1979 1994
1504 1748 1550
1798 1897 1645
1719 1736 1843
1595 1613 1748
1590 1781 1951
1655 1799 1961
1914 1509 1813
1766 1780 1590
1665 1911 1535
1931 1967 1596
1981 1794 1529
1654 1837 1997
1763 1999 1792
1955 1638 1599
1966 1729 1804
1999 1934 1588
1861 1516 1560
1716 1703 1930
1531 1767 1989
1587 1866 1689
1550 1962 1816
1642 1935 1803
1836 1884 1736
1785 1508 1974
1983 1768 1714
1589 1701 1867
1562 1947 1735
1728 1745 1950
1716 1505 1950
1606 1974 1735
1920 1980 1622
1513 1976 1502
1822 1957 1551
1740 1634 1515
1947 1930 1782
1888 1799 1656
1659 1619 1757
1561 1673 1748
1825 1589 1539
1785 1707 1991
1716 1968 1679
1666 1832 1737
1980 1989 1713
1773 1927 1632
1983 1743 1675
1878 1882 1612
1863 1612 1705
1584 1764 1747
1689 1591 1610
1865 1977 1869
1940 1737 1856
1828 1551 1598
1966 1519 1959
1828 1582 1670
1963 1565 1916
1511 1896 1684
1571 1690 1697
1731 1926 1877
1595 1537 1611
1506 1780 1654
1986 1979 1997
1612 1639 1600
1779 1906 1563
1571 1609 1645
1652 1532 1697
1631 1856 1655
1703 1834 1945
1872 1552 1582
1653 1678 1775
1543 1540 1789
1809 1664 1523
1578 1628 1580
1579 1862 1874
1659 1587 1664
1616 1774 1855
1619 1637 1575
1544 1912 1956
1672 1869 1757
1584 1996 1737
1985 1924 1902
1794 1556 1778
1510 1959 1807
1933 1889 1717
1840 1838 1511
1970 1955 1688
1630 1525 1973
1854 1864 1632
1937 1551 1624
1659 1747 1562
1967 1978 1559
1901 1800 1641
1817 1774 1984
1777 1887 1547
1641 1689 1634
1732 1695 1602
1845 1661 1887
1761 1718 1660
1886 1948 1832
1531 1869 1738
1689 1878 1621
1717 1910 1647
1519 1953 1813
1599 1974 1627
1833 1825 1728
1797 1709 1741
1803 1587 1575
1584 1859 1916
1885 1917 1769
1818 1521 1550
1810 1822 1694
1879 1645 1708
1872 1690 1934
1668 1634 1585
1734 1814 1978
1842 1854 1940
1687 1644 1619
1901 1986 1982
1818 1573 1760
1885 1967 1626
1600 1569 1893
1796 1547 1878
1975 1773 1934
1681 1994 1951
1979 1745 1888
1566 1501 1567
1818 1588 1673
1567 1779 1992
1975 1836 1548
1521 1883 1606
1920 1517 1521
1889 1801 1642
1837 1993 1625
1729 1560 1887
1593 1582 1882
1995 1521 1695
1535 1644 1895
1958 1660 1953
1663 1756 1515
1666 1834 1974
1579 1563 1778
1695 1828 1675
1901 1938 1908
1585 1946 1994
1922 1802 1803
1646 1725 1885
1914 1751 1752
1889 1673 1537
1759 1893 1586
1522 1588 1770
1654 1947 1722
1845 1880 1948
1616 1561 1569
1955 1985 1882
1692 1575 1697
1816 1646 1970
1609 1593 1734
1806 1842 1504
1857 1554 1663
1884 1556 1756
1598 1917 1800
1823 1550 1892
1771 1642 1695
