901 1829
1922 1700 1798
1743 1824 1916
1577 1917 1716
1575 1517 1962
1866 1948 1979
1767 1583 1599
1602 1780 1773
1963 1869 1955
1615 1970 1585
1557 1642 1545
1792 1683 1524
1973 1602 1969
1559 1747 1788
1746 1741 1830
1886 1704 1907
1570 1937 1766
1957 1654 1762
1675 1708 1651
1724 1542 1818
1607 1771 1508
1854 1840 1875
1980 1722 1651
1958 1985 1867
1985 1767 1776
1849 1941 1651
1527 1976 1877
1660 1867 1893
1827 1960 1863
1526 1844 1843
1512 1562 1708
1867 1960 1751
1500 1819 1979
1907 1605 1952
1627 1688 1520
1985 1898 1514
1782 1934 1532
1511 1607 1708
1972 1863 1904
1605 1602 1736
1603 1762 1711
1886 1847 1525
1619 1619 1627
1506 1902 1599
1549 1580 1784
1861 1614 1520
1630 1721 1608
1994 1606 1535
1717 1501 1506
1990 1801 1682
1628 1953 1656
1851 1515 1979
1557 1699 1637
1846 1628 1897
1928 1714 1909
1846 1828 1582
1613 1804 1547
1984 1973 1626
1872 1640 1811
1819 1512 1599
1934 1698 1581
1952 1642 1873
1560 1618 1509
1984 1674 1769
1745 1586 1891
1936 1733 1501
1828 1692 1576
1826 1627 1933
1877 1545 1977
1569 1581 1983
1882 1719 1754
1604 1933 1864
1749 1933 1979
1939 1665 1599
1717 2000 1987
1796 1910 1728
1927 1832 1785
1789 1741 1657
1835 1943 1912
1667 1572 1747
1978 1901 1618
1762 1958 1998
1723 1905 1910
1769 1573 1731
1830 1697 1592
1684 1970 1819
1762 1855 1830
1831 1692 1932
1902 1642 1973
1824 1943 1622
1599 1607 1837
1627 1941 1698
1773 1966 1811
1780 1907 1676
1728 1979 1674
1828 1782 1814
1705 1514 1661
1969 1595 1852
1877 1679 1578
1861 1704 1502
1588 1566 1695
1804 1786 1935
1580 1645 1565
1903 1559 1515
1601 1984 1667
1851 1835 1775
1943 1585 1934
1774 1740 1860
1742 1823 1578
1564 1513 1518
1692 1766 1676
1925 1895 1620
1913 1797 1542
1871 1895 1523
1522 1914 1685
1784 1539 2000
1891 1959 1813
1583 1816 1734
1975 1757 1790
1535 1852 1524
1845 1787 1745
1547 1526 1654
1885 1539 1721
1895 1823 1947
1977 1733 1534
1683 1563 1847
1783 1617 1967
1503 1530 1533
1860 1793 1580
1670 1739 1648
1564 1940 1941
1554 1963 1824
1639 1693 1535
1924 1503 1909
1833 1928 1644
1900 1544 1720
1931 1999 1877
1505 1898 1639
1690 1540 1595
1754 1517 1873
1835 1774 1593
1994 1922 1591
1875 1999 1793
1804 1961 1985
1679 1646 1614
1526 1932 1519
1538 1647 1757
1659 1903 1623
1621 1826 1593
1772 1892 1652
1862 1947 1514
1993 1726 1941
1777 1985 1734
1542 1647 1658
1955 1624 1713
1762 1612 1952
1577 1964 1501
1776 1613 1594
1786 1547 1980
1715 1802 1850
1994 1909 1811
1960 1661 1530
1579 1835 1809
1957 1572 1857
1837 1537 1708
1581 1992 1553
1514 1579 1904
1570 1898 1657
1766 1729 1744
1891 1866 1625
1948 1654 1811
1825 1534 1653
1866 1904 1635
1695 1829 1757
1599 1600 1857
1508 1644 1541
1575 1764 1720
1963 1680 1924
1637 1581 1987
1706 1859 1551
1742 1884 1639
1903 1707 1807
1614 1763 1857
1840 1666 1762
1596 1866 1913
1562 1720 1961
1600 1538 1932
1655 1607 1660
1790 1574 1567
1758 1945 1758
1696 1909 1708
1994 1999 1647
1548 1706 1549
1823 1690 1613
1760 1523 1984
1547 1823 1706
1966 1526 1576
1787 1962 1534
1887 1572 1525
1531 1843 1924
1972 1685 1633
1697 1676 1605
1880 1669 1898
1933 1620 1970
1923 1992 1791
1658 1567 1589
1600 1513 1944
1503 1956 1859
1935 1718 1894
1677 1758 1540
1748 1977 1956
1851 1944 1512
1766 1545 1886
1985 1723 1736
1682 1676 1879
1581 1604 1820
1735 1799 1947
1522 1679 1758
1584 1563 1838
1747 1607 1732
1740 1682 1577
1727 1515 1882
1902 1534 1746
1517 1632 1532
1808 1502 1738
1763 1576 1993
1547 1516 1836
1768 1779 1670
1896 1832 1727
1870 1875 1674
1726 1713 1775
1949 1948 1638
1698 1696 1860
1885 1912 1684
1500 1766 1738
1546 1876 1830
1570 1868 1908
1869 1983 1700
1692 1894 1879
1660 1603 1947
1626 1740 1954
1636 1830 1641
1679 1791 1632
1585 1974 1567
1856 1946 1832
1650 1666 1895
1551 1559 1629
1934 1788 1773
1721 1698 1690
1900 1799 1708
1584 1797 1690
1792 1788 1943
1998 1530 1539
1785 1845 1855
1811 1984 1956
1585 1740 1690
1922 1549 1707
1881 1733 1797
1973 1555 1875
1551 1785 1808
1640 1866 1952
1625 1834 1713
1608 1979 1508
1524 1912 1512
1550 1999 1989
1836 1945 1705
1537 1871 1976
1677 1591 1509
1754 1634 1931
1900 1854 1693
1931 1699 1880
1775 1783 1985
1944 1957 1976
1983 1744 1920
1839 1943 1899
1549 1887 1973
1538 1770 1719
1758 1843 1743
1751 1883 1649
1523 1815 1709
1818 1944 1556
1699 1894 1733
1907 1808 1651
1536 1513 1551
1636 1761 1876
1865 1802 1607
1876 1585 1731
1996 1873 1703
1531 1550 1951
1568 1739 1867
1571 1948 1899
1585 1739 1840
1920 1632 1855
1985 1567 1792
1800 1827 1684
1680 1978 1909
1887 1854 1747
1812 1773 1723
1945 1535 1840
1841 1997 1516
1552 1978 1995
1873 1545 1766
1965 1584 1712
1697 1724 1523
1540 1802 1966
1896 1682 1842
1548 1852 1757
1714 1799 1795
1541 1863 1813
1980 1882 1612
1841 1574 1600
1732 1878 1649
1896 1950 1988
1843 1811 1760
1580 1711 1967
1957 1691 1563
1891 1514 1826
1721 1656 1737
1887 1649 1561
1823 1578 1950
1973 1933 1695
1975 1725 1867
1820 1835 1565
1919 1916 1703
1872 1534 1886
1856 1718 1610
1675 1850 1906
1726 1525 1749
1852 1833 1638
1620 1571 1651
1791 1972 1709
1680 1982 1891
1800 1996 1733
1647 1969 1718
1852 1546 1652
1518 1613 1904
1837 1861 1945
1735 1605 1867
1844 1890 1776
1848 1512 1582
1567 1988 1981
1996 1736 1596
1695 1909 1918
1521 1584 1560
1991 1940 1902
1554 1795 1611
1895 1939 1678
1755 1633 1906
1600 1523 1956
1807 1570 1996
1973 1775 1512
1819 1542 1950
1769 1644 1906
1839 1907 1685
1527 1566 1874
1542 1704 1882
1710 1726 1770
1550 1657 1743
1669 1597 1549
1777 1744 1836
1556 1684 1675
1836 1914 1584
1703 1604 1665
1629 1590 1822
1741 1544 1512
1897 1841 1638
1897 1896 1969
1893 1558 1953
1818 1726 1609
1906 1945 1770
1889 1966 1813
1558 1505 1766
1509 1647 1800
1685 1599 1678
1904 1548 1858
1909 1537 1775
1710 1685 1569
1993 1773 1670
1845 1786 1857
1851 1654 1907
1594 1656 1589
1561 1527 1669
1563 1515 1619
1879 1968 1899
1970 1699 1696
1601 1610 1577
1580 1551 1950
1687 1622 1845
1712 1900 1655
1963 1810 1828
1754 1907 1821
1626 1569 1650
1863 1764 1862
1511 1708 1804
1908 1860 1675
1840 1599 1620
1527 1545 1629
1987 1690 1820
1918 1710 1780
1710 1930 1721
1601 1773 1789
1720 1821 1793
1674 1756 1775
1702 1745 1883
1851 1777 1648
1926 1652 1894
1708 1609 1772
1837 1781 1508
1737 1704 1655
1745 1699 1588
1720 1678 1846
1556 1608 1505
1538 1826 1921
1554 1842 1738
1687 1858 1827
1652 1617 1696
1887 1817 1584
1627 1924 1710
1959 1517 1831
1636 1843 1826
1686 1947 1831
1662 1757 1960
1750 1616 1862
1696 1893 1616
1517 1974 1770
1503 1695 1940
1604 1576 1799
1719 1752 1960
1788 1576 1728
1631 1726 1693
1692 1905 1559
1890 1971 1642
1893 1883 1792
1744 1726 1869
1888 1879 1689
1885 1912 1626
1945 1515 1777
1778 1758 1717
1616 1983 1970
1767 1933 1556
1728 1981 1526
1749 1571 1877
1986 1688 1691
1962 1899 1914
1849 1859 1945
1644 1728 1574
1620 1695 1636
1841 1782 1547
1604 1599 1703
1823 1627 1828
1615 1815 1858
1836 1711 1943
1728 1772 1990
1837 1654 1991
1688 1744 1706
1513 1873 1580
1822 1524 1520
1754 1527 1666
1652 1912 1739
1706 1787 1651
1829 1558 1960
1553 1631 1974
1584 1666 1729
1515 1902 1776
1697 1817 1931
1609 1723 1646
1638 1739 1865
1917 1517 1649
1530 1926 1604
1928 1992 1743
1528 1844 1974
1527 1661 1840
1910 1906 1645
1922 1933 1659
1830 1536 1729
1907 1966 1879
1652 1737 1669
1804 1963 1759
1807 1933 1712
1540 1543 1915
1964 1672 1877
1974 1536 1874
1688 1691 1864
1656 1964 1598
1823 1519 1740
1824 1964 1980
1622 1759 1702
1599 1640 1915
1949 1975 1829
1867 1865 1611
1600 1570 1884
1665 1634 1826
1929 1582 1665
1741 1822 1980
1667 1575 1764
1549 1625 1649
1653 1673 1591
1987 1693 1818
1713 1587 1980
1661 1501 1761
1998 1706 1977
1664 1782 1560
1538 1672 1813
1730 1925 1954
1819 1916 1687
1555 1773 1772
1814 1589 1652
1515 1750 1534
1900 1872 1556
1664 1862 1700
1717 1977 1597
1952 1722 1852
1814 1770 1910
1500 1873 1947
1901 1922 1933
1639 1820 1672
1689 1699 1718
1698 1802 1998
1883 1641 1701
1786 1887 1944
1818 1563 1901
1963 1923 1591
1594 1602 1505
1605 1894 1796
1954 1585 1618
1956 1959 1927
1613 1785 1598
1652 1519 1646
1623 1963 1611
1872 1966 1867
1516 1809 1527
1857 1597 1797
1583 1825 1525
1736 1810 1501
1535 1545 1582
1627 1852 1870
1819 1659 1645
1638 1918 1595
1771 1726 1700
1904 1718 1602
1966 1669 1599
1667 1686 1791
1822 1632 1761
1540 1996 1542
1590 1568 1863
1905 1626 1700
1823 1547 1882
1943 1953 1819
1646 1657 1545
1560 1592 1575
1603 1782 1839
1611 1879 1857
1612 1775 1547
1542 1787 1899
1650 1501 1971
1681 1505 1535
1645 1560 1746
1625 1764 1663
1539 1777 1676
1529 1924 1677
1876 1896 1662
1577 1738 1786
1634 1616 1773
1809 1991 1629
1699 1668 1850
1611 1681 1538
1589 1628 1737
1707 1581 1645
1762 1724 1722
1995 1881 1780
1593 1764 1748
1592 1789 1891
1606 1685 1811
1719 1956 1507
1779 1797 1703
1933 1950 1812
1505 1549 1859
1639 1590 1746
1593 1608 1511
1835 1845 1669
1743 1761 1650
1766 1547 1897
1703 1649 1671
1675 1856 1628
1530 1836 1926
1874 1931 1502
1528 1957 1508
1535 1567 1759
1707 1735 1880
1636 1592 1898
1944 1763 1862
1742 1637 1828
1505 1519 1790
1676 1879 1931
1756 1848 1516
1729 1943 1826
1759 1842 1761
1872 1526 1543
1761 1560 1590
1729 1599 1693
1651 1872 1502
1870 1514 1775
1858 1586 1831
1834 1610 1729
1616 1811 1596
1890 1874 1816
1880 1855 1681
1573 1645 1805
1802 1558 1657
1898 1591 1981
1983 1819 1875
1540 1774 1937
1856 1700 1577
1776 1915 1599
1976 1676 1829
1651 1561 1737
1694 1897 1626
1542 1517 1699
1785 1742 1942
1841 1694 1869
1592 1695 1500
1680 1668 1798
1845 1941 1707
1994 1561 1999
1664 1720 1725
1789 1698 1969
1738 1629 1746
1584 1918 1835
1519 1744 1645
1713 1879 1617
1551 1936 1628
1844 1826 1894
1809 1988 1753
1626 1731 1689
1555 1776 1992
1534 1766 1711
1761 1819 1758
1562 1616 1977
1602 1666 1880
1983 1840 1697
1883 1949 1562
1951 1602 1599
1859 1611 1923
1732 1902 1531
1911 1627 1619
1964 1528 1700
1553 1785 1730
1814 1967 1545
1669 1647 1637
1557 1535 1690
1571 1732 1794
1505 1979 1693
1611 1513 1779
1601 1683 1957
1902 1830 1745
1624 1928 1866
1780 1924 1704
1644 1826 1959
1812 1737 1806
1833 1803 1769
1843 1902 1552
1684 1755 1737
1741 1616 1680
1576 1964 1716
1787 1925 1863
1618 1899 1989
1894 1918 1940
1542 1689 1582
1561 1803 1948
1953 1623 1972
1555 1706 1958
1568 1855 1621
1559 1786 1925
1627 1663 1548
1866 1940 1911
1522 1595 1519
1734 1946 1533
1641 1843 1844
1703 1879 1641
1695 1567 1667
1702 1930 1583
1560 1509 1539
1805 1909 1521
1644 1690 1549
1775 1929 1600
1791 1938 1720
1582 1604 1575
1811 1999 1950
1676 1691 1956
1565 1648 1843
1970 1845 1739
1564 1926 1599
1672 1813 1959
1508 1599 1923
1622 1595 1915
1548 1540 1946
1982 1564 1713
1814 1971 1715
1958 1999 1600
1781 1619 1981
1801 1604 1764
1588 1769 1665
1942 1643 1632
1632 1981 1886
1927 1508 1783
1753 1597 1715
1982 1541 1604
1651 1616 1562
1806 1557 1977
1836 1989 1748
1616 1842 1802
1761 1997 1655
1853 1790 1633
1819 1663 1955
1635 1905 1684
1636 1883 1553
1918 1916 1665
1930 1567 1668
1832 1504 1971
1789 1658 1612
1937 1900 1820
1709 1837 1554
1519 1994 1976
1786 1917 1763
1933 1908 1506
1752 1654 1691
1525 1786 1527
1825 1869 1529
1935 1848 1703
1975 1595 1564
1989 1594 1838
1562 1542 1519
1785 1527 1769
1642 1623 1592
1941 1740 1735
1673 1537 1866
1823 1963 1984
1888 1515 1629
1578 1578 1919
1760 1679 1723
1645 1990 1620
1597 1710 1985
1967 1734 1838
1775 1951 1778
1672 1932 1757
1748 1978 1683
1713 1731 1914
1581 1640 1518
1982 1935 1773
1718 1911 1911
1970 1653 1982
1861 1726 1638
1509 1618 1800
1842 1918 1696
1619 1726 1688
1953 1802 1927
1815 1740 1862
1852 1694 1775
1941 1886 1829
1893 1941 1876
1949 1626 1776
1851 1992 1824
1900 1844 1811
1946 1565 1560
1962 1865 1975
1757 1857 1646
1512 1831 1788
1703 1749 1585
1838 1786 1821
1969 1506 1548
1860 1613 1909
1560 1527 1638
1858 1562 1672
1596 1998 1591
1771 1702 1820
1697 1675 1694
1643 1571 1566
1670 1961 1500
1727 1883 1996
1702 1989 1655
1720 1723 1965
1891 1581 1991
1714 1935 1980
1675 1645 1860
1916 1902 1667
1862 1851 1501
1604 1900 1618
1595 1776 1760
1756 1625 1804
1900 1968 1744
1720 1911 1734
1704 1558 1557
1651 1641 1668
1719 1598 1625
1697 1929 1959
1744 1690 1636
1994 1892 1934
1552 1843 1835
1719 1704 1847
1865 1871 1546
1901 1952 1681
1826 1828 1874
1545 1873 1684
1684 1820 1609
1916 1698 1747
1567 1544 1901
1963 1596 1691
1513 1871 1729
1907 1740 1644
1737 1606 1744
1605 1552 1993
1855 1954 1940
1787 1544 1507
1566 1832 1901
1620 1543 1726
1868 1843 1516
1786 1539 1955
1632 1785 1585
1976 1666 1817
1653 1932 1855
1697 1660 1764
1743 1907 1620
1639 1536 1767
1885 1811 1562
1821 1802 1611
1911 1549 1583
1721 1542 1850
1653 1697 1846
1937 1506 1614
1813 1959 1983
1516 1854 1936
1907 1679 1530
1896 1775 1864
1669 1525 1655
1565 1765 1773
1712 1532 1544
1690 1815 1783
1866 1622 1600
1726 1537 1647
1833 1648 1927
1968 1653 1502
1573 1919 1776
1521 1710 1905
1919 1536 1622
1618 1665 1986
1902 1993 1919
1875 1934 1621
1741 1528 1908
1927 1559 1830
1614 1568 1591
1702 1857 1995
1768 1930 1632
2000 1518 1731
1586 1727 1777
1585 1927 1605
1592 1882 1967
1914 1685 1633
1554 1829 1892
1692 1931 1954
1807 1671 1876
1820 1823 1903
1626 1937 1551
1713 1914 1647
1506 1798 1942
1953 1524 1802
1529 1698 1928
1532 1761 1831
1548 1512 1530
1957 1997 1599
1532 1930 1592
1600 1777 1888
1703 1516 1976
1978 1706 1820
1870 1599 1594
1976 1572 1714
1994 1763 1559
1646 1644 1674
1519 1758 1664
1636 1781 1671
1888 1524 1534
1790 1922 1694
1797 1586 1880
1673 1867 1619
1564 1863 1854
1503 1766 1828
1862 1984 1629
1768 1535 1715
1660 1818 1851
1910 1524 1866
1930 1518 1931
1772 1993 1915
1645 1896 1657
1734 1849 1822
1694 1532 1733
1787 1575 1880
1919 1564 1758
1845 1947 1844
1584 1854 1601
1807 1819 1757
1852 1624 1527
1834 1924 1846
1572 1804 1667
