963 1847
1935 1995 1559
1561 1890 1940
1877 1763 1540
1732 1677 1639
1987 1544 1593
1542 1934 1607
1609 1791 1505
1942 1516 1795
1606 1534 1762
1654 1727 1634
1830 1840 1564
1856 1787 1603
1867 1761 1618
1567 1769 1970
1721 1902 1719
1881 1532 1569
1932 1936 1551
1873 1954 1976
1503 1698 1866
1805 1785 1812
1763 1972 1582
1507 1698 1714
1941 1692 1958
1770 1536 1537
1890 1540 1968
1756 1501 1685
2000 1783 1593
1822 1534 1646
1995 1588 1809
1958 1568 1584
1998 1714 1691
1659 1622 1516
1959 1741 1898
1952 1565 1779
1755 1834 1734
1733 1925 1999
1864 1748 1645
1521 1875 1853
1712 1546 1665
1533 1658 1844
1995 1919 1918
1672 1801 1968
1945 1617 1695
1687 1542 1653
1937 1699 1602
1955 1639 1548
1689 1795 1747
1733 1888 1912
1633 1827 1948
1603 1924 1809
1813 1760 1860
1612 1770 1979
1743 1532 1550
1534 1931 1800
1866 1894 1583
1809 1555 1504
1726 1823 1962
1817 1937 1684
1860 1947 1825
1862 1563 1696
1672 1541 1814
1918 1821 1652
1949 1857 1972
1686 1580 1567
1535 1927 1957
1789 1672 1708
1510 1922 1889
1733 1978 1723
1585 1804 1509
1917 1583 1712
1563 1661 1605
1575 1738 1625
1895 1561 1869
1822 1690 1854
1815 1730 1671
1863 1718 1556
1892 1823 1720
1935 1552 1950
1594 1809 1820
1515 1904 1654
1589 1919 1769
1575 1644 1997
1876 1810 1954
1555 1639 1825
1770 1961 1895
1702 1832 1504
1905 1802 1515
1810 1801 1797
1561 1696 1889
1933 1786 1602
1732 1643 1769
1780 1906 1788
1687 1536 1691
1966 1958 1697
1658 1735 1916
1776 1717 1944
1691 1562 1996
1559 1738 1959
1704 1706 1697
1864 1884 1677
1681 1687 1567
1716 1844 1758
1620 1888 1923
1736 1875 1847
1939 1579 1989
1984 1653 1676
1850 1745 1956
1659 1936 1876
1928 1925 1883
1515 1914 1508
1704 1703 1951
1913 1879 1646
1695 1634 1571
1917 1983 1703
1893 1707 1901
1625 1857 1926
1792 1533 1991
1759 1853 1866
1525 1732 1501
1937 1903 1629
1523 1893 1994
1676 1837 1975
1517 1519 1555
1993 1989 1536
1550 1514 1828
1644 1607 1877
1846 1936 1733
1839 1696 1539
1546 1582 1741
1724 1879 1908
1668 1872 1983
1664 1635 1582
1585 1853 1979
1522 1554 1849
1845 1757 1681
1762 1620 1870
1554 1990 1931
1655 1593 1647
1810 1819 1998
1893 1950 1854
1993 1774 1550
1900 1878 1554
1915 1846 1544
1542 1945 1603
1639 1986 1944
1525 1519 1934
1989 1762 1647
1573 1767 1656
1958 1948 1996
1990 1852 1528
1542 1916 1549
1818 1880 1812
1906 1674 1678
1916 1548 1678
1525 1995 1650
1689 1880 1977
1805 1930 1764
1718 1962 1625
1989 1541 1899
1611 1688 1904
1645 1722 1758
1972 1989 1713
1776 1669 1511
1572 1756 1649
1518 1686 1760
1723 1740 1784
1937 1901 1541
1652 1679 1829
1911 1706 1676
1522 1864 1616
1738 1908 1694
1702 1909 1503
1660 1546 1540
1906 1712 1889
1731 1958 1970
1880 1705 1543
1628 1831 1509
1960 1919 1869
1547 1876 1735
1616 1569 1527
1872 1646 1796
1890 1506 1870
1900 1720 1553
1803 1803 1683
1694 1859 1536
1870 1880 1909
1501 1544 1525
1508 1983 1905
1612 1825 1588
1981 1733 1810
1928 1988 1705
1977 1704 1792
1624 1632 1740
1653 1746 1795
1730 1585 1744
1753 1821 1862
1739 1765 1823
1811 1571 1809
1549 1726 1819
1710 1743 1908
1576 1536 1530
2000 1764 1540
1512 1639 1854
1642 1645 1658
1703 1840 1945
1838 1954 1537
1629 1841 1905
1582 1892 1856
1718 1595 1551
1843 1811 1916
1917 1615 1949
1743 1575 1988
1991 1888 1727
1581 1743 1972
1706 1537 1872
1542 1550 1763
1502 1846 1731
1981 1513 1907
1847 1556 1956
1800 1669 1861
1905 1624 1633
1803 1551 1589
1774 1723 1548
1737 1569 1653
1885 1857 1808
1500 1755 1938
1567 1993 1810
1697 1890 1846
1598 1847 1718
1933 1754 1944
1679 1955 1511
1759 1969 1922
1629 1941 1571
1985 1684 1712
1641 1982 1828
1666 1808 1952
1507 1510 1517
1977 1560 1554
1960 1708 1756
1530 1798 1814
1907 1977 1916
1903 1944 1897
1802 1576 1583
1605 1876 2000
1662 1574 1731
1798 1530 1740
1519 1865 1949
1679 1635 1582
1952 1752 1898
1516 1710 1695
1834 1733 1813
1691 1809 1769
1637 1804 1514
1801 1674 1912
1791 1752 1730
1723 1958 1564
1686 1941 1640
1748 1908 1729
1686 1696 1569
1711 1595 1752
1972 1959 1848
1976 1956 1736
1894 1986 1667
1806 1626 1763
1670 1979 1664
1861 1887 1960
1986 1674 1828
1942 1783 1983
1682 1830 1941
1812 1733 1553
1620 1992 1837
1938 1993 1860
1994 1927 1710
1691 1696 1537
1920 1586 1669
1794 1781 1531
1755 1719 1516
1934 1606 1681
1960 1668 1552
1844 1953 1663
1982 1599 1618
1656 1618 1644
1906 1985 1983
1596 1966 1753
1837 1821 1616
1565 1881 1981
1774 1807 1629
1617 1975 1657
1779 1961 1603
1788 1507 1652
1948 1639 1740
1931 1700 1968
1633 1623 1543
1867 1542 1533
1624 1966 1885
1578 1687 1587
1622 1872 1672
1995 1551 1772
1565 1766 1504
1703 1540 1964
1694 1788 1695
1926 1520 1779
1825 1582 1679
1722 1747 1967
1628 1561 1980
1621 1608 1610
1987 1882 1528
1717 2000 1718
1662 1944 1694
1510 1707 1993
1554 1665 1900
1755 1971 1636
1875 1652 1711
1674 1965 1608
1851 1565 1809
1789 1599 1904
1694 1772 1997
1632 1943 1653
1801 1675 1864
1772 1783 1838
1779 1685 1914
1656 1702 1792
1743 1713 1892
1517 1771 1609
1516 1985 1570
1961 1605 1995
1592 1611 1554
1797 1737 1810
1798 1525 1836
1552 1973 1629
1624 1560 1946
1520 1691 1549
1806 1870 1504
1755 1720 1655
1990 1503 1504
1664 1910 1968
1865 1676 1800
1695 1916 1607
1650 1970 1740
1895 1533 1817
1955 1714 1563
1776 1520 1628
1916 1704 1998
1530 1860 1735
1772 1619 1805
1675 1925 1724
1995 1657 1969
1946 1643 1533
1529 1597 1623
1748 1522 1613
1874 1734 1787
1956 1592 1696
1854 1766 1537
1931 1712 1789
1822 1990 1841
1551 1796 1693
1763 1700 1809
1805 1771 1607
1582 1502 1612
1829 1976 1996
1892 1516 1779
1716 1785 1564
1722 1765 1664
1753 1623 1888
1853 1896 1560
1567 1708 1623
1618 1879 1597
1638 1633 1749
1795 1734 1586
1668 1714 1763
1903 1851 1629
1601 1920 1642
1986 1575 1952
1960 1883 1595
1730 1563 1663
1578 1829 1823
1945 1675 1547
1675 1937 1590
1627 1688 1568
1507 1726 1886
1853 1571 1650
1982 1909 1600
1704 1828 1704
1855 1886 1634
1845 1747 1646
1774 1978 1833
1854 1972 1587
1624 1859 1983
1580 1854 1939
1762 1973 1572
1522 1959 1963
1801 1859 1675
1934 1594 1739
1686 1943 1941
1885 1938 1716
1873 1806 1946
1554 1940 1598
1543 1546 1583
1612 1711 1832
1570 1682 1592
1510 1593 1704
1937 1500 1992
1668 1731 1818
1627 1994 1946
1747 1531 1666
1612 1984 1919
1705 1849 1805
1727 1846 1567
1784 1967 1713
1843 1535 1874
1744 1579 1976
1857 1776 1784
1697 1807 1878
1741 1888 1929
1611 1943 1963
1827 1579 1567
1548 1609 1829
1840 1670 1875
1829 1757 1952
1680 1668 1591
1783 1668 1908
1563 1917 1832
1531 1951 1517
1590 1657 1723
1721 1661 1782
1503 1967 1601
1923 1663 1986
1583 1850 1978
1514 1610 1504
1949 1689 1538
1939 1619 1697
1718 1794 1974
1858 1555 1600
1838 1636 1747
1553 1591 1813
1578 1714 1938
1925 1894 1669
1777 1730 1749
1854 1825 1720
1690 1577 1616
1889 2000 1672
1841 1759 1684
1616 1884 1885
1822 1593 1952
1764 1676 1934
1642 1833 1910
1644 1584 1837
1963 1625 1678
1974 1898 1784
1977 1865 1961
1861 1530 1510
1627 1906 1591
1812 1810 1963
1818 1850 1907
1749 1925 1749
1892 1989 1530
1538 1684 1548
1671 1676 1611
1947 1562 1505
1969 1751 1679
1753 1767 1565
1983 1913 1941
1629 1798 1775
1888 1736 1646
1632 1807 1565
1716 1864 1580
1581 1708 1944
1501 1733 1630
1969 1718 1971
1880 1728 1607
1815 1634 1807
1572 1535 1776
1737 1940 1657
1999 1780 1531
1991 1723 1529
1692 1875 1814
1749 1593 1503
1960 1963 1576
1578 1678 1661
1781 1752 1643
1791 1939 1721
1821 1949 1767
1661 1662 1862
1974 1726 1864
1827 1611 1655
1522 1900 1762
1687 1912 1749
1504 2000 1954
1525 1554 1970
1503 1697 1600
1508 1633 1764
1878 1731 1800
1944 1849 1953
1776 1918 1606
1795 1665 1825
1840 1566 1954
1794 1610 1560
1586 1571 1913
1576 1716 1804
1792 1557 1617
1905 1775 1781
1561 1943 1802
1859 1977 1608
1781 1639 1716
1536 1697 1718
1550 1970 1895
1986 1891 1643
1517 1766 1581
1749 1740 1757
1920 1722 1670
1550 1663 1702
1601 1576 1911
1900 1529 1820
1741 1773 1990
1561 1872 1853
1990 1590 1849
1975 1591 1971
1956 1574 1652
1836 1968 1615
1921 1901 1628
1684 1807 1782
1733 1525 1646
1855 1616 1771
1888 1569 1881
1703 1692 1821
1843 1835 1676
1514 1804 1789
1766 1612 1992
1695 1572 1741
1605 1773 1899
1500 1977 1686
1585 1829 1899
1506 1811 1691
1956 1934 1954
1908 1650 1657
1762 1743 1706
1745 1960 1697
1632 1663 1970
1645 1952 1768
1954 1749 1788
1789 1534 1747
1580 1684 1556
1846 1876 1634
1934 1636 1802
1526 1876 1769
1752 1504 1830
1911 1597 1586
1755 1652 1762
1582 1736 1589
1606 1981 1793
1574 1507 1979
1700 1632 1564
1577 1722 1820
1839 1905 1873
1728 1526 1641
1661 1777 1694
1802 1879 1822
1532 1574 1796
1564 1715 1920
1973 1804 1579
1876 1694 1603
1740 1733 1686
1837 1510 1550
1612 1736 1797
1807 1696 1722
1509 1553 1619
1586 1882 1688
1566 1908 1878
1660 1926 1879
1576 1936 1877
1531 1732 1909
1615 1569 1708
1711 1918 1546
1978 1915 1980
1530 1634 1988
1541 1521 1906
1708 1794 1783
1778 1772 1654
1987 1521 1837
1711 1566 1983
1956 1765 1785
1647 1746 1660
1878 1783 1917
1555 1886 1619
1999 1923 1753
1574 1793 1624
1798 1931 1503
1829 1612 1506
1790 1979 1736
1866 1651 1768
1589 1980 1527
1890 1545 1663
1992 1738 1798
1605 1719 1909
1915 1649 1585
1935 1596 1662
1766 1761 1510
1639 1930 1513
1710 1555 1853
1589 1945 1509
1697 1827 1512
1929 1871 1611
1593 1646 1868
1603 1727 1564
1580 1672 1818
1860 1993 1916
1768 1877 1662
1650 1658 1818
1819 1724 1691
1872 1879 1758
1688 1519 1607
1517 1616 1778
1610 1758 1896
1735 1994 1539
1638 1903 1900
1650 1778 1558
1911 1656 1772
1648 1732 1875
1617 1753 1901
1834 1702 1795
1856 1574 1879
1672 1979 1766
1776 1565 1661
1979 1918 1856
1619 1500 1576
1905 1570 1952
1797 1758 1784
1734 1763 1508
1622 1662 1722
1928 1626 1770
1850 1901 1940
1910 1876 1728
1717 1753 1605
1811 1725 1756
1972 1707 1514
1930 1733 1870
1782 1799 1746
1998 1535 1745
1554 1884 1593
1570 1514 1970
1633 1769 1561
1598 1699 1854
1597 1592 1720
1550 1694 1750
1841 1692 1647
1983 1692 1587
1860 1991 1742
1869 1643 1546
1740 1664 1870
1804 1562 1797
1636 1527 1652
1533 1666 1603
1976 1592 1756
1505 1778 1582
1726 1582 1557
1940 1871 1652
1982 1968 1931
1748 1957 1996
1579 1747 1974
1976 1984 1970
1966 1525 1744
1845 1580 1574
1857 1775 1871
1704 1933 1754
1594 1594 1594
1720 1552 1981
1719 1812 1951
1669 1995 1591
1806 1887 1527
1841 1557 1987
1889 1575 1504
1938 1914 1502
1958 1774 1677
1726 1676 1967
1615 1827 1672
1745 1740 1664
1895 1975 1529
1927 1506 1542
1816 1709 1966
1910 1756 1846
1946 1596 1782
1896 1539 1888
1623 1879 1977
1847 1624 1588
1684 1934 1912
1643 1967 1817
1500 1931 1827
1583 1903 1749
1820 1574 1649
1777 1578 1708
1626 1778 1569
1624 1525 1586
1809 1653 1871
1729 1828 1605
1632 1577 1670
1756 1612 1900
1993 1557 1515
1688 1747 1797
1847 1508 1870
1972 1961 1792
1754 1598 1609
1919 1579 1503
1839 1682 1560
1691 1702 1528
1782 1767 1873
1542 1944 1595
1615 1716 1805
1549 1870 1933
1792 1829 1882
1623 1785 1580
1958 1830 1537
1900 1575 1866
1615 1972 1911
1578 1932 1558
1550 1983 1920
1554 1879 1896
1574 1783 1982
1578 1615 1801
1713 1793 1563
1792 1977 1893
1773 1969 1931
1590 1791 1613
1993 1826 1739
1630 1512 1911
1888 1801 1722
1748 1671 1822
1660 1923 1561
1990 1650 1732
1909 1786 1937
1701 1570 1879
1663 1680 1636
1996 1722 1805
1786 1708 1925
1805 1568 1656
1772 1802 1717
1993 1804 1968
1857 1597 1927
1679 1838 1679
1892 1975 1895
1668 1899 1964
1593 1619 1509
1664 1981 1796
1839 1721 1581
1906 1672 1999
1911 1774 1671
1592 1533 1791
1538 1807 1583
1817 1507 1810
1862 1518 1533
1809 1668 1809
1999 1891 1931
1842 1648 1843
1611 1669 1701
1903 1828 1809
1889 1674 1688
1646 1518 1646
1504 1727 1549
1559 1626 1791
1937 1754 1686
1653 1954 1530
1680 1892 1629
1984 1701 1861
1805 1968 1649
1760 1500 1714
1650 1852 1833
1505 1998 1936
1793 1858 1619
1548 1763 1976
1595 1878 1753
1646 1845 1863
1692 1899 1610
1551 1726 1758
1667 1980 1667
1634 1865 1840
1627 1947 1855
1736 1692 1821
1759 1878 1761
1724 1970 1913
1661 1579 1962
1534 1870 1537
1650 1808 1814
1689 1831 1523
1723 1618 1890
1934 1572 1525
1874 1665 1718
1775 1525 1582
1792 1735 1929
1646 1570 1942
1762 1904 1566
1596 1662 1841
1789 1512 1702
1600 1561 1997
1583 1580 1717
1845 1835 1981
1614 1665 1738
1932 1888 1651
1981 1740 1661
1777 1598 1587
1713 1726 1525
1999 1841 1828
1840 1636 1600
1565 1780 1867
1999 1593 1601
1931 1621 1752
1706 1685 1880
1527 1733 1938
1535 1617 1549
1657 1502 1746
1823 1882 1897
1926 1604 1557
1747 1893 1751
1570 1835 1520
1569 1841 1613
1613 1648 1536
1831 1721 1525
1861 1934 1524
1565 1917 2000
1998 1829 1914
1554 1770 1676
1682 1878 1678
1656 1601 1789
1691 1732 1748
1808 1532 1995
1560 1887 1809
1532 1591 1896
1705 1774 1909
1681 1605 1911
1591 1616 1511
1538 1761 1685
1596 1748 1992
1985 1697 1633
1941 1913 1955
1974 1712 1553
1979 1785 1920
1685 1599 1749
1746 1648 1509
1517 1605 1507
1947 1629 1693
1582 1697 1999
1986 1632 1620
1635 1603 1806
1732 1624 1523
1943 1775 1703
1729 1754 1927
1814 1962 1917
1627 1922 1654
1555 1721 1536
1932 1608 1778
1591 1821 1601
1545 1539 1894
1805 1994 1836
1904 1617 1585
1767 1969 2000
1788 1700 1571
1743 1917 1702
1788 1947 1729
1860 1626 1676
1783 1586 1926
1704 1669 1552
1828 1555 1539
1762 1614 1752
1609 1886 1820
1586 1722 1521
1650 1951 1500
1669 1869 1966
1934 1809 1740
1827 1933 1952
1560 1635 1937
1579 1648 1509
1632 1731 1926
1901 1854 1605
1967 1698 1765
1501 1743 1623
1625 1986 1731
1697 1534 1746
1729 1772 1792
1678 1971 1532
1840 1913 1775
1926 1808 1755
1752 1986 1655
1798 1722 2000
1907 1810 1652
1834 1744 1852
1779 1918 1986
1804 1585 1644
1854 1682 1833
1685 1598 1694
1525 2000 1555
1926 1817 1515
1818 1731 1645
1798 1847 1650
1501 1715 1519
1908 1867 1636
1717 1516 1807
1880 1789 1538
1656 1972 1507
1697 1853 1718
1615 1786 1803
1648 1710 1940
1549 1582 1611
1748 1786 1608
1942 1887 1755
1662 1981 1623
1524 1934 1516
1668 1827 1992
1975 1649 1671
1936 1592 1783
1874 1686 1656
1750 1820 1533
1999 1601 1940
1813 1541 1597
1773 1560 1778
1639 1828 1818
1707 1729 1999
1984 1958 1741
1664 1592 1928
1773 1981 1971
1990 1936 1562
1658 1787 1874
1977 1711 1587
1697 1675 1841
1696 1636 1695
1908 1852 1588
1708 1577 1721
1990 1726 1593
1588 1573 1898
1925 1986 1832
1753 1865 1658
1701 1630 1805
1648 1760 1657
1745 1747 1526
1536 1504 1945
1659 1995 1666
1563 1938 1978
1890 1698 1903
1630 2000 1612
1723 1536 1550
1944 1808 1516
1892 1978 1520
1580 1954 1993
1593 1954 1724
1521 1955 1546
1651 1510 1605
1570 1811 1809
1624 1919 1746
1757 1614 1507
1835 1711 1556
1727 1592 1796
1610 1728 1685
1821 1791 1833
1873 1812 1518
1888 1701 1974
1630 1790 1825
1660 1679 1939
1535 1929 1582
1529 1580 1866
1517 1734 1731
1910 1704 1667
1573 1935 1708
1536 1950 1753
1646 1650 1836
1697 1685 1756
1685 1983 1910
