19
63
45 61 24 12 49 27 1 59 37 48 79 38 19 48 96 9 71 90 31 26 14 84 41 4 55 83 50 65 55 51 70 29 41 86 23 100 49 7 2 90 24 76 38 44 13 98 27 86 64 58 51 66 29 43 44 55 76 23 41 54 34 58 66 
14
70 27 34 21 53 61 96 14 96 51 44 96 2 43 
83
44 74 7 67 72 85 17 91 33 84 95 55 27 64 42 49 30 27 73 68 48 26 89 75 68 62 74 94 51 58 67 7 43 29 51 2 79 3 19 2 68 21 55 20 44 56 97 9 62 83 5 84 65 52 34 63 88 66 33 95 86 49 45 3 63 15 88 23 89 47 5 81 99 34 86 69 22 28 11 80 11 5 2 
85
83 7 77 13 4 19 90 8 66 61 68 80 73 41 91 43 14 1 33 91 13 66 15 14 82 17 49 100 98 31 2 99 22 91 45 98 60 22 52 69 99 48 1 13 93 72 46 28 7 52 13 89 92 90 18 52 15 3 62 13 82 53 25 79 69 60 15 55 89 88 69 56 3 2 37 28 94 44 89 57 76 50 7 88 16 
62
88 65 35 57 100 9 15 85 39 63 6 10 30 87 42 78 64 88 19 34 22 76 33 87 80 6 98 52 70 22 33 66 36 68 20 8 53 9 60 34 90 5 53 69 54 90 14 64 6 41 100 68 13 48 29 22 87 68 23 49 100 72 
17
92 93 96 96 2 3 42 86 38 88 64 53 47 20 82 62 1 
77
32 24 48 28 72 91 95 89 82 35 88 48 83 50 18 32 59 6 45 80 38 14 4 63 4 68 16 78 43 58 45 30 62 71 37 98 66 13 20 83 37 61 40 61 66 46 48 11 29 87 48 96 31 66 21 25 71 67 59 1 25 40 68 84 75 57 54 97 44 64 52 34 66 23 100 4 77 
14
79 28 9 28 96 3 9 54 74 41 73 39 36 83 
16
93 92 81 87 53 13 97 22 71 25 7 48 88 6 66 39 
97
38 45 40 92 57 66 84 51 42 52 2 16 56 41 19 11 36 30 34 46 2 16 97 78 63 2 3 25 55 54 50 1 14 36 44 54 25 45 15 53 49 62 4 61 33 27 38 100 80 45 60 87 24 11 98 17 27 7 13 7 92 4 46 5 13 32 5 87 76 16 86 78 17 16 55 43 30 4 71 46 4 62 36 38 28 22 87 79 97 80 18 95 27 14 87 49 35 
19
3 59 87 84 22 41 38 55 16 50 79 43 27 98 6 70 50 44 52 
51
55 75 59 1 82 35 30 56 11 43 21 32 96 31 8 88 100 2 70 66 71 96 92 64 19 20 21 56 54 63 60 65 66 12 81 5 62 60 94 57 48 12 27 62 100 79 23 30 75 53 71 
48
39 24 67 26 65 19 70 94 2 53 74 75 31 1 68 89 79 86 100 45 38 54 86 65 72 98 61 33 50 2 60 9 11 54 29 50 51 27 57 21 72 96 96 13 13 7 66 6 
69
21 34 96 93 87 46 3 17 19 9 88 49 95 13 57 99 54 46 19 33 71 82 82 17 39 8 73 39 21 75 20 91 77 21 71 89 59 84 50 5 45 80 91 26 77 56 95 48 84 47 71 77 56 20 80 63 58 84 51 87 24 50 53 50 26 21 40 49 46 
45
37 18 16 72 50 99 54 37 89 29 71 35 1 6 84 15 95 72 72 13 73 66 44 44 49 1 82 25 8 45 99 93 56 75 20 67 55 4 81 48 33 47 13 100 44 
42
92 73 29 36 62 71 80 63 47 93 13 88 91 23 8 38 89 64 5 33 59 80 80 11 16 68 62 3 64 17 69 74 55 76 28 1 47 27 21 48 65 83 
15
100 36 81 28 64 11 51 91 71 18 13 14 86 67 38 
67
83 74 63 90 84 22 56 61 12 38 95 14 7 23 95 57 67 100 10 55 56 25 6 25 30 27 19 41 1 63 71 87 35 24 50 83 56 93 11 14 33 22 46 68 35 90 91 12 27 12 59 35 40 8 57 77 67 39 24 61 64 40 81 67 76 45 6 
61
7 68 53 42 40 93 22 23 10 83 37 34 40 80 95 66 67 15 26 59 68 47 18 73 63 99 49 17 37 95 72 26 7 76 11 27 46 53 73 61 95 56 21 2 27 48 2 30 9 75 17 98 41 7 14 76 10 58 35 34 96 
