6
42
10 76 56 12 10 39 32 32 30 4 69 19 31 36 60 75 56 53 68 34 31 56 66 89 21 61 21 14 22 88 38 30 39 69 11 74 84 27 22 47 3 30 
91
12 35 79 34 58 30 6 75 74 35 50 26 19 79 84 78 2 99 37 36 90 64 38 58 52 51 28 95 6 20 55 34 38 10 12 40 86 93 60 55 45 76 4 27 89 22 12 93 48 26 36 60 68 82 36 20 66 66 26 74 3 31 68 75 16 53 27 97 79 59 3 59 82 31 81 48 69 75 3 78 63 51 68 84 29 38 40 68 70 100 16 
84
46 33 97 79 81 18 66 11 7 56 79 3 55 79 42 91 73 55 17 71 75 80 11 60 4 71 34 25 34 21 31 79 98 5 10 23 95 71 52 38 57 89 16 88 75 27 72 1 54 30 31 67 16 100 8 6 33 48 76 64 16 46 39 31 35 48 24 58 88 69 23 8 91 77 46 16 82 58 52 90 28 11 56 85 
67
33 71 22 47 38 41 47 92 5 24 74 57 52 71 17 11 50 95 91 41 41 93 91 94 24 37 25 65 72 14 35 66 76 34 46 27 10 19 12 19 97 95 3 17 77 43 100 71 70 21 81 75 80 37 35 99 82 13 12 37 46 4 78 51 87 2 59 
55
87 53 84 94 43 72 84 58 4 74 88 46 11 82 12 16 10 61 16 59 6 88 49 56 17 33 44 24 73 58 14 51 12 54 32 29 5 3 46 88 78 81 19 49 81 98 81 84 97 9 98 92 98 84 41 
10
31 3 67 62 31 23 52 83 55 73 
