46
94
31 30 81 42 21 37 45 78 2 50 67 57 5 79 78 2 12 15 42 44 56 41 25 41 90 95 82 64 36 28 99 15 76 56 2 79 82 58 51 40 19 16 64 16 2 8 80 96 84 99 97 92 85 20 37 28 86 83 68 59 40 58 62 48 85 46 61 85 32 27 39 33 25 87 53 73 26 66 2 60 11 87 37 45 38 70 68 12 80 33 26 40 93 99 
33
74 82 54 44 3 92 95 36 68 84 99 99 84 81 81 37 67 29 97 10 91 83 98 38 99 39 8 62 64 59 11 81 17 
52
24 24 41 94 38 76 52 12 67 91 25 97 36 19 81 60 79 18 68 29 56 38 23 58 44 17 83 31 92 31 66 49 9 7 74 88 8 7 40 66 16 92 42 7 14 34 100 58 90 4 1 31 
84
28 42 29 61 5 10 79 90 60 11 94 97 36 36 21 2 11 85 81 8 96 6 27 12 80 65 98 94 21 1 91 40 58 31 40 10 79 78 99 78 16 88 38 96 51 50 34 64 12 56 29 8 34 23 81 17 37 54 14 38 3 100 29 12 11 65 46 66 12 1 16 8 64 47 94 1 97 64 63 62 28 74 48 13 
95
16 18 94 88 12 90 21 23 4 69 33 77 35 66 94 24 11 62 91 1 55 74 89 58 80 24 77 25 74 18 27 40 96 2 40 97 86 49 4 51 95 68 74 37 13 87 3 90 89 52 72 69 52 9 22 8 77 7 31 2 6 20 21 38 46 74 80 71 63 24 17 12 29 38 84 76 82 61 26 20 90 73 88 59 96 42 95 73 38 22 27 96 37 96 94 
76
33 38 72 24 27 82 95 2 89 27 89 33 27 78 27 86 22 88 5 73 3 87 59 2 51 4 81 54 89 39 64 73 59 14 76 100 74 6 69 71 83 81 20 17 57 49 74 39 73 67 13 92 24 41 60 89 91 19 45 7 71 55 62 7 98 51 53 72 36 3 28 35 4 67 100 38 
75
24 42 99 30 29 24 56 10 59 13 77 80 93 13 61 52 11 67 100 77 76 91 43 79 100 13 94 76 79 20 39 67 1 44 44 95 26 85 1 73 31 60 76 22 26 5 83 47 68 41 67 93 42 14 61 45 98 77 64 59 54 3 50 31 69 53 70 14 16 85 80 21 87 31 59 
78
80 38 24 4 72 75 46 21 99 74 38 48 67 61 53 83 67 51 72 42 80 31 13 50 58 35 46 56 29 14 85 51 86 88 13 2 72 22 9 56 8 19 59 69 75 46 37 89 99 81 58 72 72 50 61 66 36 99 31 68 71 14 47 97 32 62 24 13 91 40 39 82 85 72 42 25 10 9 
84
97 54 63 36 91 67 65 60 89 72 26 63 54 52 47 94 54 58 97 75 67 44 64 38 68 100 51 33 6 36 64 19 35 40 23 11 30 5 1 61 33 8 12 28 24 8 27 4 80 97 46 31 68 81 91 45 8 96 53 93 50 32 98 33 7 82 23 14 58 38 65 99 92 20 18 28 86 40 24 76 36 16 24 64 
5
31 78 27 23 47 
46
72 75 79 12 14 68 87 96 25 9 76 68 52 72 25 8 32 30 49 43 69 79 42 25 70 23 95 61 59 30 17 89 56 52 66 92 67 85 54 68 18 24 59 27 68 14 
24
86 91 87 17 46 25 60 15 13 66 36 83 78 82 75 38 77 40 14 87 38 48 97 47 
95
94 12 24 22 63 19 59 6 31 1 69 59 86 25 27 2 89 11 70 34 90 61 87 17 88 62 69 58 84 70 9 26 77 96 70 95 7 4 22 53 72 85 94 31 60 49 100 22 12 77 1 43 70 91 73 40 23 55 77 22 65 97 95 8 41 95 15 31 62 81 70 60 70 21 81 91 75 87 52 74 69 82 74 85 1 83 9 10 58 12 58 23 72 6 29 
31
17 72 3 86 59 98 18 99 62 12 56 100 5 95 48 20 83 75 9 95 70 4 20 7 10 23 14 86 96 59 91 
19
5 78 74 58 81 5 14 72 96 81 55 21 80 15 28 33 63 63 34 
92
44 30 51 91 85 71 45 65 52 74 91 49 9 22 78 28 100 9 49 53 87 69 49 86 93 45 28 70 84 39 25 96 75 33 1 54 10 39 60 80 55 28 48 90 60 28 71 35 15 62 56 55 71 74 10 87 92 60 45 56 14 73 42 28 55 90 92 37 82 30 23 3 82 67 37 30 72 2 31 26 15 89 29 20 98 39 2 78 30 93 38 50 
7
93 30 11 73 17 3 68 
16
46 98 88 28 53 24 21 30 18 39 26 10 16 47 97 19 
75
48 97 80 43 89 6 24 44 73 45 53 13 24 67 28 25 60 93 12 28 39 42 38 74 15 4 35 18 59 98 58 4 63 68 21 34 4 63 19 92 53 30 90 90 46 34 15 22 44 27 90 3 33 64 71 79 2 12 41 92 44 77 16 58 68 6 99 68 50 30 26 79 54 52 97 
7
98 40 88 46 22 43 81 
40
69 51 77 86 31 64 52 95 17 96 1 8 2 41 93 62 29 16 81 4 25 41 94 41 100 52 74 85 74 40 18 91 35 49 44 75 79 77 43 29 
25
39 91 47 49 26 81 12 72 65 12 20 86 10 95 28 7 85 75 52 2 26 50 37 66 77 
20
70 33 62 82 46 79 57 38 81 48 25 54 49 6 54 8 40 92 51 39 
52
94 82 83 71 85 28 16 6 81 79 72 87 84 97 85 77 4 59 71 22 59 5 90 61 13 74 23 52 80 64 83 57 61 55 40 25 63 21 83 87 47 65 81 17 86 36 26 10 31 74 53 73 
9
66 76 57 89 11 44 79 48 9 
66
55 6 67 37 78 97 82 49 75 75 40 37 90 43 96 62 30 78 62 15 52 30 52 63 25 53 53 37 7 45 54 67 93 1 38 93 66 28 50 94 49 67 33 28 88 68 81 37 80 61 20 99 49 12 50 50 51 39 12 36 67 51 56 51 13 21 
35
88 12 87 83 36 18 5 91 79 66 57 34 47 9 40 62 62 85 88 16 15 84 68 1 34 84 38 72 16 71 81 18 91 3 77 
67
23 53 91 68 89 27 90 36 46 74 18 63 81 91 78 36 57 28 24 73 53 84 22 11 35 48 39 2 15 54 85 61 76 81 25 69 12 78 4 24 67 9 38 69 32 14 69 24 74 40 18 35 3 56 18 17 45 21 97 26 94 9 29 2 43 65 1 
100
31 7 38 84 13 85 97 3 25 11 91 81 90 13 33 6 42 29 78 98 44 58 65 48 56 10 20 39 57 29 85 17 52 41 4 98 47 40 29 49 54 38 79 78 6 5 68 48 13 9 83 41 68 23 51 95 68 85 14 34 75 46 48 71 88 80 54 75 71 12 37 43 83 63 96 74 12 83 14 99 99 13 34 30 93 63 72 45 6 74 10 92 83 83 64 21 88 78 39 16 
17
2 76 39 25 93 3 66 43 59 86 46 81 67 27 71 7 4 
73
95 44 17 17 29 99 87 87 97 64 94 65 63 98 95 56 88 50 85 93 90 36 32 47 62 76 29 38 3 87 81 59 19 93 2 38 42 98 47 71 65 14 81 89 20 70 32 65 41 53 23 55 86 96 61 96 96 64 99 24 96 73 24 86 48 9 43 73 87 71 77 64 36 
25
58 2 55 18 25 88 99 34 44 60 41 44 39 53 58 59 56 41 35 71 53 53 75 61 21 
10
72 100 95 26 29 78 35 16 34 12 
78
97 71 20 71 26 71 70 17 23 64 16 56 11 97 85 31 6 83 100 14 88 24 23 49 82 81 64 51 48 96 96 86 20 22 69 71 97 50 4 2 85 56 49 83 77 31 94 61 30 95 1 73 94 65 54 26 71 90 35 12 91 96 8 26 34 87 60 8 45 64 99 40 20 25 24 5 96 9 
78
76 5 44 46 40 38 37 91 98 100 1 9 88 64 19 21 45 24 36 62 57 55 79 8 91 75 48 56 30 66 59 77 88 57 76 56 86 45 79 40 24 54 13 2 30 74 7 90 8 80 7 14 82 45 58 39 70 60 96 18 5 48 50 4 5 66 33 73 21 16 45 64 62 4 43 30 25 82 
15
70 4 18 90 94 88 32 94 60 57 64 84 69 41 97 
16
37 19 61 19 29 94 31 29 40 68 85 63 90 2 9 49 
38
26 47 70 77 79 45 86 59 79 16 42 73 81 51 76 69 58 92 67 68 99 74 78 42 62 27 69 45 16 38 34 100 96 59 55 29 34 97 
23
7 45 56 19 26 56 20 75 29 88 55 28 13 38 50 49 30 30 77 59 56 56 47 
16
32 65 54 73 81 85 71 1 63 35 7 12 89 17 66 14 
51
45 81 33 16 3 87 84 23 95 39 48 1 61 85 6 6 79 89 31 57 55 64 59 6 31 44 56 16 67 97 46 55 19 78 89 30 97 36 61 72 11 29 4 16 63 3 67 47 45 15 89 
69
35 41 36 69 98 39 34 67 57 16 1 34 56 100 93 37 27 71 41 28 65 2 48 80 62 32 89 70 73 87 98 72 34 39 82 43 73 90 78 4 1 93 52 6 63 50 93 44 14 28 71 79 63 40 6 57 12 86 2 92 70 19 64 6 75 79 66 28 23 
38
45 21 79 89 74 83 99 65 83 44 41 23 9 60 28 63 67 96 75 59 8 2 50 98 93 90 67 71 24 89 92 46 20 94 13 23 11 65 
31
22 23 74 94 6 3 90 78 94 12 100 36 36 83 89 66 40 31 81 58 78 69 39 60 86 53 64 93 69 42 86 
35
22 30 73 50 36 66 91 28 73 53 40 12 95 81 54 69 87 30 14 45 78 86 69 58 26 43 76 3 30 91 10 90 37 10 54 
11
79 35 86 18 86 47 88 60 64 5 64 
