81
90
34 81 52 84 27 100 5 41 74 99 41 64 95 24 99 68 10 94 8 55 79 90 47 52 81 84 88 39 49 81 41 54 29 13 20 3 91 23 57 69 46 70 39 12 69 22 3 98 61 73 61 96 74 33 51 38 99 31 69 19 52 2 82 40 74 40 92 7 76 81 98 3 26 87 28 27 83 8 17 86 3 60 63 12 10 32 96 39 26 38 
67
45 70 26 26 65 15 67 28 82 7 43 93 82 92 71 5 80 75 47 50 22 54 15 90 12 8 58 83 69 74 35 4 66 34 79 1 53 35 94 37 42 5 71 56 1 49 66 53 87 33 7 66 11 65 35 19 11 26 62 23 64 54 31 78 21 73 99 
61
14 14 50 81 58 32 15 40 76 50 86 16 37 43 29 77 72 87 20 75 80 92 48 40 57 38 78 54 17 57 1 24 49 91 29 84 30 55 11 42 90 61 44 5 47 19 15 18 26 12 78 77 52 6 74 94 38 75 58 93 46 
28
66 80 33 80 11 2 32 6 12 10 96 44 23 75 44 22 44 35 98 55 71 50 86 12 45 42 13 88 
83
35 59 12 47 73 93 5 22 75 99 93 3 4 53 11 50 32 54 20 93 1 82 44 86 81 89 54 92 56 96 89 78 91 40 23 77 10 37 17 80 43 73 81 32 10 85 68 24 12 84 64 27 97 21 31 78 1 39 22 82 84 51 25 99 44 69 8 5 83 81 94 63 6 85 66 83 43 26 24 62 64 99 29 
81
55 33 62 78 83 76 93 28 93 75 53 57 66 92 7 47 4 44 10 89 81 45 99 70 58 100 55 62 48 25 55 30 99 27 2 86 72 22 41 28 49 37 16 52 68 26 39 18 33 68 81 10 69 85 95 77 9 45 76 58 36 25 39 40 50 69 54 48 92 48 37 49 14 21 86 5 40 70 57 6 43 
51
17 63 27 3 5 15 6 65 17 39 77 68 17 79 64 7 39 23 90 23 94 27 89 43 95 52 37 86 32 38 57 24 76 17 5 77 31 7 89 81 63 88 65 90 56 96 41 61 54 51 77 
65
12 18 85 8 82 87 19 48 37 93 69 15 15 33 84 29 27 88 13 74 20 20 41 3 98 59 92 82 36 73 98 88 60 30 17 66 50 78 31 20 94 83 52 89 34 38 46 90 27 60 59 80 79 64 83 78 96 81 89 48 30 93 48 26 67 
75
32 51 90 77 85 69 9 1 48 85 49 32 51 6 84 4 62 29 35 17 29 10 48 18 52 26 25 81 90 2 37 81 68 41 74 98 98 98 76 3 30 79 91 65 98 25 15 59 6 94 52 41 23 65 79 17 73 37 57 55 93 73 85 84 57 40 65 80 31 29 57 7 97 48 100 
30
88 39 26 31 32 51 8 16 72 81 99 69 42 42 90 52 10 65 78 57 33 27 38 42 54 6 73 23 32 49 
62
94 25 7 29 66 2 27 5 56 44 44 34 94 46 97 28 95 1 51 8 30 10 47 28 49 37 77 32 92 37 56 70 43 53 50 90 97 58 81 26 66 59 90 56 21 79 8 64 80 34 71 12 33 13 23 40 63 97 54 70 64 73 
53
99 79 84 43 45 99 81 68 21 12 47 88 71 16 38 62 77 72 52 81 22 95 67 55 60 18 2 33 72 47 22 75 66 71 94 83 81 22 98 28 71 44 17 29 81 46 32 9 78 7 25 30 62 
39
96 57 18 6 12 39 12 93 34 31 38 2 3 85 2 86 7 40 90 52 63 53 78 29 3 86 80 37 27 69 83 47 21 42 100 82 13 36 30 
47
82 91 14 94 71 71 2 79 78 66 24 5 73 4 63 13 1 19 72 61 90 85 24 59 19 53 26 99 23 98 77 39 44 48 99 59 61 40 60 46 98 82 38 57 77 63 61 
14
27 93 75 61 31 50 58 96 75 83 29 88 31 38 
66
4 26 59 22 14 62 25 36 73 42 48 36 16 35 17 3 4 71 18 76 89 25 76 29 15 31 67 9 12 36 48 97 77 7 86 94 83 84 89 63 68 18 93 54 42 28 11 34 47 90 26 12 69 78 58 21 63 55 65 65 88 2 43 57 79 83 
61
86 22 95 60 86 32 89 61 20 47 10 61 96 29 52 98 14 54 67 42 78 11 25 57 9 36 73 43 96 90 85 48 25 96 31 43 1 18 40 14 70 81 53 37 83 80 93 86 79 88 83 50 98 82 31 23 82 52 49 82 67 
68
59 10 98 44 75 59 67 100 55 99 40 4 23 28 85 90 79 60 17 17 12 25 6 5 8 67 72 22 79 64 95 48 66 32 6 79 5 30 3 55 24 73 89 5 10 10 47 63 76 4 5 39 3 65 14 57 57 68 73 42 2 72 74 4 78 53 27 98 
35
8 16 98 61 59 23 69 30 78 43 73 96 68 23 37 1 7 44 9 54 87 85 22 39 88 20 12 74 37 28 77 99 67 95 78 
1
58 
22
16 38 38 89 43 91 32 49 71 97 51 34 83 98 53 68 80 14 31 39 72 14 
82
61 26 73 37 93 85 25 100 96 31 36 25 36 33 6 56 100 42 20 27 43 37 37 74 11 45 94 81 93 11 40 63 31 5 33 24 73 87 79 9 48 49 79 98 73 1 45 35 56 70 56 67 55 53 73 37 52 98 38 73 37 89 38 72 43 53 43 41 60 71 60 37 18 58 49 85 22 68 6 65 46 23 
9
31 56 41 7 85 1 56 73 36 
66
1 92 35 52 76 42 21 37 64 7 27 83 16 17 38 75 10 30 25 14 72 70 56 34 85 57 23 33 52 87 60 12 50 41 1 78 92 56 81 12 40 69 62 73 7 17 94 99 75 39 89 99 10 4 68 32 71 81 58 71 73 61 78 50 57 28 
74
42 60 56 76 2 44 74 81 48 30 47 34 30 46 100 21 6 7 53 88 13 64 91 49 2 74 94 92 20 16 97 9 47 74 57 66 33 53 77 9 52 70 38 69 63 29 34 72 67 44 78 66 44 42 57 93 55 56 57 28 30 85 33 74 31 100 8 85 36 97 40 71 84 41 
77
86 46 79 23 87 75 60 34 42 57 40 56 87 13 67 24 3 46 59 20 4 11 19 13 41 33 42 98 14 86 37 3 31 33 85 70 9 45 17 22 3 6 26 51 60 19 46 97 91 8 69 17 96 21 56 7 81 48 54 87 70 1 59 59 22 3 54 8 52 64 5 27 19 39 4 88 69 
14
24 57 74 99 15 44 93 57 99 60 82 96 95 63 
58
10 48 66 33 40 63 84 83 30 76 68 66 51 7 32 47 23 39 16 13 91 31 27 27 71 5 60 85 27 63 64 85 89 68 48 12 31 44 45 88 58 20 7 8 78 91 33 87 57 30 49 24 94 7 76 64 49 96 
93
8 92 93 39 33 32 91 27 79 65 81 70 65 44 21 30 4 63 97 29 23 25 6 27 2 100 60 71 58 42 36 87 96 91 48 69 91 38 78 58 15 33 87 84 9 3 78 82 64 67 32 100 29 50 7 16 37 5 16 45 35 4 91 64 63 71 53 2 48 30 34 68 69 42 64 40 70 85 74 89 99 60 33 5 20 67 36 12 56 42 73 43 63 
62
9 39 1 36 56 18 32 24 53 28 42 64 66 12 33 44 65 96 6 88 93 86 2 5 75 41 94 44 68 11 34 11 32 84 5 46 81 87 43 65 81 96 40 81 5 93 66 23 97 56 94 63 95 3 53 63 16 32 61 85 72 31 
68
54 33 80 80 4 19 10 92 10 78 55 11 12 35 5 57 40 38 72 18 69 46 26 9 29 71 54 23 74 83 79 82 92 27 60 31 76 95 49 46 43 17 73 21 45 36 75 78 52 81 75 45 92 75 27 93 53 22 58 83 40 93 57 71 67 45 57 91 
65
2 91 4 81 60 15 98 90 32 43 28 20 6 47 62 62 41 73 28 24 71 47 21 6 11 42 9 83 49 59 80 26 64 76 47 74 4 95 82 38 28 98 72 2 33 3 7 97 2 87 50 87 47 61 54 56 71 20 36 1 90 19 90 65 98 
91
55 38 61 5 34 41 37 14 35 6 42 69 38 42 12 29 56 9 71 19 59 63 19 15 32 64 36 64 78 96 51 96 69 71 13 3 71 39 5 63 86 38 38 47 83 97 52 62 70 78 26 48 60 88 97 79 7 85 19 78 76 59 64 51 47 76 86 82 9 8 65 18 71 71 66 5 75 25 73 95 75 48 98 39 82 40 36 90 54 91 61 
25
46 84 85 53 30 92 40 68 11 12 13 47 52 26 77 84 20 60 36 48 23 14 17 39 75 
62
32 76 90 10 62 71 59 57 6 3 39 36 66 96 92 64 33 63 13 4 79 70 64 70 43 31 49 77 86 59 96 95 19 89 89 76 42 13 79 67 11 46 71 28 18 93 25 33 72 70 73 5 18 86 93 31 23 91 87 15 4 90 
6
55 7 84 44 36 36 
36
45 29 24 52 58 8 98 76 8 59 95 18 32 26 93 82 15 69 44 2 51 59 34 13 62 34 4 39 61 13 87 75 75 100 51 11 
5
92 77 50 32 57 
57
2 41 87 85 26 13 54 92 53 43 44 82 83 86 100 33 73 65 72 56 62 21 11 23 74 32 63 97 88 15 62 4 4 47 8 51 12 75 29 61 36 39 67 32 85 35 100 80 19 4 58 83 47 1 22 15 71 
86
59 66 94 26 92 64 79 3 27 76 66 24 97 4 21 79 9 55 9 3 70 99 53 31 78 32 99 4 16 45 62 90 21 72 47 83 49 78 13 86 4 26 96 44 30 78 10 87 24 68 73 79 33 54 22 79 49 35 48 42 10 91 90 16 1 43 26 79 43 23 83 70 60 60 80 20 77 25 7 8 56 55 31 79 62 67 
80
23 54 96 19 46 11 37 83 90 54 87 30 53 81 65 10 2 13 28 52 61 7 2 100 90 74 44 93 89 71 95 29 61 40 22 15 3 29 56 38 62 5 95 26 12 74 8 68 58 82 70 76 82 59 29 88 77 59 16 22 57 53 24 77 21 18 80 39 96 31 97 99 49 10 53 83 13 44 41 63 
26
77 12 70 57 36 90 31 41 95 65 15 2 51 64 14 28 17 94 100 3 58 78 85 93 63 49 
29
91 21 39 75 60 99 27 37 52 13 85 100 32 62 79 62 11 87 24 1 49 86 91 50 14 2 24 17 2 
96
87 20 91 48 93 18 86 83 10 54 8 78 43 96 90 60 3 3 79 95 60 86 64 49 31 32 7 83 15 2 21 37 39 72 63 47 43 9 46 4 38 63 71 98 47 64 37 51 69 89 30 10 58 77 56 3 9 90 30 56 67 40 89 35 47 40 25 89 25 48 43 18 41 38 90 89 30 10 65 52 24 3 56 47 15 63 52 94 44 68 78 83 2 49 71 74 
66
99 57 13 32 58 35 33 91 26 50 16 55 82 81 26 10 68 54 10 28 20 42 17 88 79 16 76 46 55 40 67 69 100 66 30 35 22 77 27 11 24 19 92 30 73 36 10 43 75 48 30 72 23 13 28 82 99 15 33 56 17 20 92 19 98 69 
70
71 8 39 62 16 82 58 37 8 37 19 84 92 32 95 100 12 21 95 72 52 54 49 14 70 33 6 47 2 87 12 95 96 79 70 100 4 2 70 55 81 6 38 51 72 43 70 72 54 25 74 95 67 86 3 92 57 19 9 29 30 82 61 33 87 76 46 39 31 9 
64
12 62 7 25 53 57 5 93 40 61 6 67 18 93 5 77 79 14 12 86 90 33 83 80 89 59 21 74 72 93 17 13 22 40 94 19 4 83 92 35 63 18 43 59 47 11 55 14 62 78 42 99 29 33 27 98 12 41 20 8 93 94 89 28 
37
49 73 99 63 81 80 71 70 39 90 99 75 80 16 55 12 39 95 10 13 92 91 55 65 77 49 78 75 90 82 90 71 82 17 9 53 68 
10
21 46 61 79 52 79 86 7 87 74 
94
13 56 1 39 63 30 70 69 34 15 95 20 36 79 73 7 80 54 3 51 81 88 93 77 21 28 76 11 64 95 49 70 7 22 67 97 32 42 95 37 48 26 14 51 83 71 29 8 7 11 45 99 50 21 3 65 11 77 79 39 58 45 91 11 90 28 94 22 67 74 5 32 60 17 17 7 29 25 100 76 63 48 30 21 81 30 52 3 97 60 52 7 11 37 
68
32 63 66 39 60 71 83 92 65 17 9 5 55 70 24 79 69 59 2 12 10 45 64 26 67 20 44 80 92 35 18 95 40 87 7 41 67 61 85 19 98 89 95 64 29 67 81 92 87 7 69 90 74 16 82 78 11 100 39 87 42 51 9 93 31 38 22 74 
11
69 39 60 17 30 41 29 30 27 86 20 
65
43 75 80 76 72 98 71 26 62 96 67 39 86 36 37 89 72 83 11 12 47 40 44 15 69 17 35 18 34 54 94 15 100 13 5 53 65 81 39 82 77 93 20 85 56 21 75 66 48 81 39 12 43 7 28 17 73 72 84 80 84 17 5 32 69 
21
17 65 69 39 62 90 78 34 64 18 86 22 10 77 23 13 36 55 4 99 33 
16
56 83 99 17 8 98 45 94 100 34 32 50 64 4 38 15 
37
4 79 10 18 23 61 26 13 6 51 33 54 68 84 7 94 53 53 64 27 45 2 4 4 1 45 34 6 100 99 83 53 52 3 99 14 14 
85
51 18 50 7 56 69 34 10 12 18 85 20 58 16 16 48 19 26 99 46 96 72 98 94 51 11 41 83 50 6 5 36 43 76 94 83 20 100 81 8 5 66 62 3 13 66 54 63 99 78 75 77 16 99 18 57 43 73 19 50 95 75 43 8 83 61 58 55 90 1 71 77 71 76 15 2 3 10 57 6 61 37 6 7 1 
46
67 4 32 68 79 94 17 32 34 11 43 76 40 34 100 21 26 89 60 44 98 48 95 39 62 91 10 19 91 70 7 62 65 47 88 32 30 76 72 5 57 63 8 91 15 94 
51
38 14 96 13 88 1 59 40 36 41 99 79 30 43 54 41 62 97 52 95 88 49 70 54 72 72 63 91 15 8 99 39 83 79 55 26 90 67 96 17 83 98 9 38 8 37 40 22 88 13 21 
41
61 69 28 85 89 11 23 32 90 4 48 58 5 83 22 89 65 20 6 29 90 37 88 96 76 32 10 69 99 98 35 82 97 43 20 51 53 55 82 89 34 
87
58 32 78 15 64 36 47 2 87 73 88 90 19 94 78 58 3 92 39 9 1 6 34 59 45 58 87 78 3 24 77 59 77 82 75 76 9 62 86 66 42 73 18 30 36 37 10 67 50 69 24 24 99 46 21 11 25 83 9 31 11 4 6 72 74 86 63 42 45 1 72 46 23 98 61 49 81 45 14 49 43 84 91 71 12 52 74 
62
38 15 43 2 8 33 66 69 79 80 25 74 7 38 13 87 68 94 70 3 44 61 55 59 8 57 48 75 59 97 45 2 88 32 62 17 91 52 75 4 57 91 2 57 78 66 29 51 39 36 72 9 90 2 13 77 12 99 35 89 5 52 
98
44 8 96 37 19 28 57 51 42 50 70 39 98 99 15 1 44 35 23 71 56 56 9 73 100 14 73 9 11 42 18 5 26 50 99 3 70 74 43 67 11 98 84 74 50 29 89 65 20 34 20 56 16 85 60 46 52 46 46 67 93 87 32 34 11 64 76 46 69 17 80 42 39 34 45 89 13 57 66 19 96 47 20 82 70 43 44 82 82 62 51 37 15 34 46 56 11 12 
44
5 42 18 19 6 66 31 58 49 98 65 60 39 9 66 75 18 88 98 89 7 14 29 64 35 45 14 27 16 94 67 95 1 32 37 80 22 57 100 15 73 62 13 64 
77
28 16 81 45 56 8 35 90 88 2 33 2 11 64 6 65 59 50 73 40 73 73 95 63 2 51 47 78 62 33 23 45 49 69 54 62 90 4 74 37 79 93 8 60 94 32 38 98 80 56 39 37 87 11 32 6 97 9 77 48 91 52 41 3 78 81 17 19 9 82 64 48 71 33 20 75 57 
35
17 5 67 67 64 25 86 56 53 88 71 32 94 53 55 91 81 49 35 92 80 80 34 51 74 65 88 26 74 68 1 16 49 43 85 
15
74 94 87 71 28 73 86 54 39 37 31 23 79 14 97 
50
92 15 35 60 76 69 75 54 18 30 98 80 73 8 12 81 27 50 39 13 68 37 77 36 30 54 20 72 94 58 68 7 33 81 15 25 55 76 97 9 59 79 90 22 34 44 9 91 78 7 
73
15 12 98 57 12 70 36 21 97 28 34 24 100 27 94 63 15 69 23 89 87 31 76 65 63 38 80 64 83 90 85 55 14 100 45 15 63 5 41 79 6 22 69 45 62 76 8 98 93 99 23 16 62 22 1 22 42 52 3 74 30 49 51 86 24 82 42 62 19 44 5 39 87 
36
17 85 45 55 89 75 42 56 9 41 33 5 30 27 52 31 11 34 53 61 60 62 37 15 41 77 85 97 46 53 55 19 53 10 97 97 
35
53 11 18 3 48 18 37 22 68 52 96 80 75 43 25 82 16 94 52 55 88 40 23 93 36 93 36 11 18 48 74 86 78 58 19 
44
85 11 32 41 37 46 28 27 64 8 88 19 61 54 66 55 45 50 35 8 17 76 12 80 95 53 50 14 93 74 9 30 79 40 84 62 13 29 30 33 48 72 3 82 
12
89 93 9 63 12 22 25 81 38 5 55 48 
71
56 9 33 50 32 60 1 40 7 56 55 39 73 38 34 52 99 83 78 18 41 13 46 28 40 60 98 39 15 17 31 45 65 23 57 92 35 4 92 21 35 35 84 22 11 93 58 36 64 89 65 19 75 60 14 2 100 99 17 82 24 22 21 24 36 82 12 62 63 4 70 
49
14 76 7 24 9 77 64 38 87 82 40 32 57 56 87 1 91 50 66 84 59 46 62 53 94 83 20 52 23 35 99 57 60 55 57 13 64 31 83 4 82 85 69 76 73 36 33 75 49 
53
50 47 52 92 32 62 100 7 75 85 85 98 19 82 72 1 52 98 39 70 83 86 35 76 68 10 77 90 27 37 45 3 66 41 38 37 73 39 94 61 23 68 48 16 39 15 31 39 63 40 98 52 6 
39
75 83 49 11 69 42 96 40 88 46 58 4 78 22 66 40 27 83 22 76 11 68 28 79 72 55 94 34 37 49 73 85 11 64 6 79 30 14 27 
87
51 84 44 54 51 29 87 23 15 86 51 50 91 56 59 10 40 73 47 49 56 27 4 90 33 63 72 24 2 83 23 79 88 99 87 66 37 30 46 82 76 10 46 10 32 48 48 31 85 80 23 33 71 41 59 93 30 33 90 61 26 86 61 85 97 19 10 58 42 1 6 98 30 43 63 20 49 59 50 38 70 54 59 42 55 97 61 
48
71 1 77 4 98 43 95 41 53 93 57 87 60 77 64 23 95 20 8 19 9 72 80 87 15 4 30 88 10 84 54 23 6 10 35 88 10 64 100 33 32 86 61 63 11 34 20 66 
17
3 91 35 96 63 62 79 57 11 18 11 18 63 57 39 92 91 
70
25 83 10 22 46 50 38 66 13 69 49 4 73 49 8 53 80 71 86 80 87 26 52 57 8 17 4 89 65 64 32 4 79 60 85 52 99 90 67 20 76 34 78 92 21 24 69 12 91 24 14 29 51 4 53 85 3 89 94 27 9 36 59 68 6 28 4 38 46 81 
