8
53
18 59 55 84 29 60 14 40 89 30 44 4 48 60 77 24 51 99 3 50 27 63 68 20 10 7 33 60 10 42 64 99 34 68 97 76 22 68 81 41 39 42 70 29 44 17 73 66 8 21 21 33 20 
22
45 83 37 92 90 86 23 2 57 30 67 4 89 23 57 21 32 81 83 26 51 54 
33
25 74 4 28 40 2 20 4 90 21 63 75 7 1 34 78 96 91 94 92 83 29 68 76 100 61 81 68 20 44 27 99 65 
19
38 47 39 2 66 10 21 56 11 47 80 77 4 55 67 64 46 55 38 
13
72 68 87 55 48 83 84 95 60 96 10 60 80 
11
74 47 75 44 2 88 74 32 89 88 22 
56
30 1 66 37 74 48 43 80 77 89 80 86 31 10 48 41 51 48 79 90 53 86 79 92 39 64 71 4 81 34 57 43 45 98 76 51 31 85 52 68 17 90 24 94 48 100 32 61 15 95 86 91 5 98 96 57 
60
34 49 43 27 28 96 74 69 34 13 76 66 55 41 89 77 32 18 68 46 65 87 47 18 14 54 30 23 13 58 7 97 24 64 84 9 68 18 78 69 37 96 70 84 9 71 45 24 60 61 71 18 23 71 12 43 4 68 6 57 
