22
3
47 84 78 
1
68 
82
19 25 44 16 34 34 27 18 48 53 100 87 4 10 99 65 49 25 36 89 56 9 99 52 28 73 84 35 87 88 75 93 15 42 79 24 62 13 83 25 84 64 89 84 93 86 78 24 52 99 62 40 64 84 7 12 6 73 14 90 32 58 43 64 49 76 66 68 61 11 56 76 13 10 53 97 27 37 34 59 25 72 
11
68 43 62 6 36 66 54 6 62 50 51 
50
14 1 99 2 65 6 75 53 59 77 34 3 73 11 45 50 87 10 37 99 52 41 49 66 6 84 76 2 63 90 38 73 27 90 4 77 78 5 46 50 84 91 73 1 39 84 65 49 36 23 
74
77 27 20 96 55 97 47 8 36 51 12 70 43 63 76 37 48 99 8 63 84 79 21 81 32 90 92 36 21 27 23 15 7 29 18 48 21 92 69 34 12 1 32 64 31 98 48 88 50 76 88 56 94 44 48 6 82 60 22 73 33 10 97 28 45 42 96 83 58 3 91 20 38 94 
68
9 51 59 67 47 66 79 57 64 30 51 82 14 97 61 3 45 51 77 37 1 91 35 61 36 45 67 37 73 24 44 16 23 75 62 40 83 50 56 27 66 69 21 9 20 96 70 97 73 56 28 13 11 68 75 78 15 68 97 74 40 76 75 81 75 41 62 5 
67
88 45 11 45 18 30 33 88 81 77 69 28 35 6 81 12 57 56 89 60 58 71 12 85 84 99 79 9 20 21 38 25 75 32 96 94 2 24 96 22 100 39 78 18 24 47 7 8 36 33 91 58 37 56 16 32 9 65 1 55 57 11 77 72 68 15 86 
73
100 89 49 89 3 9 35 88 5 46 51 15 24 13 35 9 59 73 26 44 45 41 60 43 92 77 82 3 54 3 53 59 75 15 100 79 67 48 6 85 76 1 100 16 45 98 62 72 97 1 82 43 70 53 23 63 93 96 90 70 71 39 4 22 77 28 39 57 71 100 91 44 3 
13
40 32 5 99 23 95 90 9 19 72 28 12 38 
54
25 80 100 91 40 52 76 1 88 48 78 56 84 21 21 99 71 92 24 14 51 98 42 1 1 69 37 32 40 46 10 29 24 94 98 10 81 90 15 92 48 13 39 32 48 56 84 98 100 46 5 74 15 76 
55
55 25 75 17 23 66 77 90 14 4 85 82 97 25 89 42 3 55 97 16 72 32 63 83 66 12 56 54 44 49 56 66 80 98 91 24 100 51 92 58 41 19 62 82 90 86 33 95 38 59 61 55 56 41 32 
60
65 75 34 60 25 41 30 98 81 92 3 63 69 58 7 67 74 35 61 29 67 66 74 36 29 61 45 82 7 50 21 48 47 5 65 17 56 93 28 98 81 70 32 85 73 54 75 37 96 75 47 36 4 90 12 64 23 89 54 58 
21
79 95 66 38 9 32 9 75 61 21 74 43 28 68 49 78 98 23 46 50 57 
91
47 70 10 14 31 26 69 16 78 75 19 3 50 96 60 97 100 47 21 71 93 76 75 11 47 71 26 63 12 23 66 84 68 82 20 3 20 70 32 36 100 34 98 70 63 92 61 25 40 73 89 23 61 61 30 77 91 94 34 37 16 17 4 19 16 35 93 64 35 89 9 78 100 83 51 43 98 49 87 10 62 2 85 98 61 52 54 93 51 58 62 
47
7 70 82 61 42 19 13 39 66 97 13 5 32 6 74 54 43 71 63 21 50 17 37 53 21 7 43 1 81 2 59 87 52 29 20 29 38 73 66 42 34 10 33 6 55 23 81 
26
100 51 76 47 12 99 21 22 94 1 75 97 60 80 12 5 71 21 23 62 66 83 24 48 64 88 
41
19 39 12 78 73 86 84 4 54 98 23 40 14 3 30 26 45 40 35 11 74 21 65 81 5 40 52 79 56 51 49 52 43 37 93 42 3 70 11 65 23 
61
21 41 100 39 48 46 77 73 37 94 2 8 99 13 100 3 32 60 46 78 93 61 52 16 77 4 17 5 77 68 2 22 14 83 56 4 76 69 66 37 100 8 82 8 35 60 100 20 54 82 60 41 45 24 34 58 73 43 4 25 22 
10
71 95 2 83 48 73 28 41 97 85 
15
76 60 47 91 8 62 75 23 51 33 46 72 67 18 7 
67
77 80 66 36 37 97 38 48 36 24 67 50 34 100 94 20 58 30 39 14 5 65 37 98 69 37 97 40 2 81 67 19 21 40 46 7 12 19 31 100 82 88 84 31 66 56 8 54 37 2 67 17 3 72 22 73 90 40 10 57 42 78 32 10 64 47 3 
