48
91
69 89 62 80 82 54 99 89 44 81 64 63 12 18 91 91 56 70 53 76 52 8 21 7 21 53 50 54 77 75 50 16 85 85 26 23 76 100 43 3 64 89 13 65 2 44 33 53 47 33 54 37 30 55 10 57 60 50 42 47 99 15 41 32 50 82 44 59 57 59 94 69 82 50 56 8 38 88 44 96 68 45 51 81 69 9 9 75 71 61 41 
79
30 61 91 88 38 23 58 47 33 34 16 62 46 88 84 24 3 58 32 50 3 98 27 44 28 56 17 81 67 48 84 17 63 27 72 63 49 54 84 89 26 30 19 80 49 43 54 63 45 15 87 76 51 59 39 86 39 93 33 46 49 72 35 32 30 90 76 12 4 36 57 15 72 95 58 69 25 42 94 
14
33 44 89 76 48 65 52 71 96 71 100 60 98 95 
86
49 91 96 71 9 39 5 48 30 55 51 77 57 77 46 91 3 64 20 29 62 53 83 69 74 76 1 87 98 1 97 19 77 93 62 50 73 81 55 55 81 35 24 45 38 78 86 44 52 80 56 87 89 100 90 32 75 72 36 62 77 61 50 46 31 25 45 19 13 78 33 98 7 82 79 90 24 32 45 44 23 97 87 46 31 78 
12
86 91 49 13 8 86 51 79 75 5 4 60 
12
59 37 40 24 46 85 87 23 60 88 91 59 
100
16 7 20 16 46 26 7 54 44 40 99 83 53 52 33 58 16 46 37 98 34 44 35 38 62 21 13 28 92 41 54 7 69 87 93 33 33 88 45 40 32 64 92 56 85 50 40 54 75 93 90 70 82 23 9 8 82 76 86 26 48 100 13 16 39 58 86 17 53 93 27 32 88 4 36 54 86 81 25 61 71 62 9 4 75 35 27 32 17 2 72 69 67 89 54 18 24 40 60 93 
57
86 62 62 37 21 39 38 12 8 82 73 47 64 64 82 60 66 49 69 35 24 4 24 51 32 71 98 40 79 37 10 25 24 87 55 45 75 63 27 55 100 65 11 12 86 94 72 47 41 42 6 64 22 11 34 63 32 
81
53 70 96 46 89 43 85 52 90 74 98 92 39 29 64 21 6 83 47 37 3 27 48 31 58 2 11 70 86 67 44 88 25 80 33 24 27 37 30 68 92 74 47 77 22 9 99 17 31 29 2 46 75 68 98 31 44 93 36 44 28 29 33 16 42 16 7 38 83 84 66 83 79 24 6 59 80 61 100 73 15 
78
1 56 81 54 50 76 65 87 21 24 9 41 46 86 51 62 79 41 33 34 94 73 72 26 45 38 38 52 88 54 5 82 76 100 2 75 34 30 88 89 66 22 85 14 80 27 65 31 41 49 62 66 21 63 41 49 36 17 39 26 37 26 26 69 82 26 63 96 60 10 68 37 42 78 80 27 91 81 
76
66 3 86 26 79 83 97 26 52 95 89 92 46 93 75 90 97 18 28 10 69 15 24 53 80 96 66 67 28 47 33 46 64 2 46 17 97 6 74 76 75 71 74 74 48 41 63 85 35 39 95 23 53 9 47 36 87 20 31 76 100 35 13 11 30 34 61 83 6 90 55 67 19 52 87 21 
61
98 26 15 54 55 51 46 90 16 74 27 89 24 20 25 92 55 100 69 50 80 82 33 17 63 50 39 13 73 48 93 34 75 75 58 84 96 68 17 33 19 48 49 37 64 39 24 27 39 11 57 64 87 43 88 3 4 70 1 96 13 
35
2 85 71 92 6 53 16 7 15 53 40 37 38 36 6 70 18 84 72 98 5 72 17 23 85 84 52 29 86 67 80 45 100 94 23 
21
47 76 13 46 51 36 65 87 88 4 8 85 83 82 50 84 8 2 29 34 31 
94
5 81 43 15 58 46 55 14 18 72 19 74 96 8 68 35 41 87 39 94 56 36 41 73 29 3 85 85 74 90 33 6 32 87 84 71 21 53 30 76 1 8 28 14 44 72 67 31 5 24 92 16 92 88 51 21 63 33 85 5 100 50 66 6 30 60 90 57 98 2 3 65 55 49 43 67 70 31 24 51 6 4 82 6 42 16 48 67 50 52 90 10 61 53 
83
56 22 76 20 28 32 95 81 54 53 26 82 14 94 46 21 59 31 48 38 81 23 79 39 40 54 70 74 31 3 29 30 36 50 95 88 16 94 37 66 41 69 3 43 23 38 99 75 23 46 14 64 74 69 72 80 76 29 5 17 92 26 77 89 87 26 90 97 95 55 17 17 90 54 47 18 58 22 10 76 87 83 29 
58
3 2 60 29 91 34 95 56 94 5 48 21 60 54 96 88 95 68 90 67 59 1 59 68 21 73 50 14 85 88 9 11 13 68 39 59 36 45 71 67 96 6 98 75 54 44 98 87 24 77 26 7 58 84 64 26 38 53 
65
2 70 33 43 68 89 17 29 30 4 74 39 1 26 99 49 49 9 23 68 12 58 89 19 31 98 92 37 44 100 7 35 89 10 11 68 50 4 84 94 86 36 88 32 7 28 82 14 76 70 65 31 2 49 41 22 39 13 96 50 61 57 92 40 44 
21
74 43 34 67 95 3 69 84 65 62 35 2 58 33 7 46 34 67 97 85 94 
59
91 88 37 1 21 31 47 100 27 92 22 89 80 8 18 19 96 90 52 51 30 24 44 21 46 25 74 58 51 86 70 83 56 50 90 21 17 30 72 80 37 67 58 84 44 25 69 72 21 99 77 9 94 47 61 39 89 79 53 
87
33 59 8 89 47 43 3 23 55 56 20 70 76 98 16 69 46 30 84 58 79 88 59 2 11 29 94 87 31 38 75 62 44 98 80 6 96 72 32 17 14 18 45 87 61 24 21 37 26 96 27 86 38 79 13 47 13 76 9 1 98 75 76 53 99 78 89 45 12 18 18 41 77 98 38 54 82 76 47 43 31 85 62 41 51 1 78 
88
99 48 51 51 57 90 22 99 64 82 38 56 80 24 31 61 76 32 62 34 11 68 27 38 41 42 77 81 15 46 10 75 28 14 69 19 60 80 85 16 14 70 57 29 27 79 62 61 43 43 60 52 92 11 82 31 61 96 52 59 97 78 74 12 60 78 6 81 46 48 4 68 68 84 82 44 9 13 23 13 70 39 98 3 53 70 46 8 
17
98 52 21 59 26 77 77 59 21 57 97 17 95 91 1 7 18 
49
74 5 47 41 70 63 89 92 8 97 1 4 29 22 82 15 83 15 7 25 37 66 27 10 58 99 22 17 74 4 16 90 99 65 22 50 20 55 15 3 32 73 55 36 56 27 36 10 95 
64
11 67 21 54 5 42 77 5 16 84 4 40 92 52 87 36 83 47 15 43 21 93 30 66 65 71 66 47 36 95 9 44 80 16 49 37 7 98 99 57 84 79 90 69 60 43 33 93 29 6 73 12 61 63 27 36 49 82 14 97 6 11 36 50 
27
8 11 61 77 15 49 32 67 92 35 99 31 57 43 58 86 84 92 75 81 71 54 12 10 80 47 8 
98
33 6 4 60 22 6 22 14 11 100 44 1 26 40 30 57 44 9 88 56 62 23 4 54 87 87 44 82 4 7 30 67 22 21 4 78 25 72 20 65 77 14 70 77 36 56 25 73 31 100 15 20 7 12 15 24 62 81 47 31 70 71 51 92 40 96 39 69 65 95 78 37 89 52 21 8 82 76 67 12 19 9 36 30 47 16 89 10 82 53 31 7 62 12 45 73 80 3 
5
26 90 70 73 59 
10
90 48 99 90 87 3 70 72 36 68 
95
82 69 89 25 23 56 77 87 32 11 65 96 29 39 3 52 36 64 9 78 57 97 41 23 33 30 85 32 41 51 43 52 87 17 65 23 37 86 9 20 12 89 61 15 18 76 51 91 67 43 92 52 18 67 8 48 97 9 39 38 21 60 34 33 22 13 77 22 19 59 64 73 83 75 49 12 66 24 100 11 63 38 85 93 63 98 83 19 62 28 11 9 82 20 74 
33
3 12 40 74 72 20 66 1 23 38 67 63 4 21 33 68 97 50 16 59 49 27 97 36 24 28 99 15 79 27 27 68 86 
78
70 23 84 65 58 97 21 88 24 66 100 66 57 100 43 17 97 6 5 29 38 72 23 93 97 93 21 70 73 17 40 86 13 99 5 8 28 15 96 56 10 74 69 58 77 22 93 97 8 19 34 35 25 93 34 68 6 71 7 7 16 13 73 12 8 44 62 23 58 58 31 67 68 15 63 51 37 57 
85
5 21 68 82 100 9 33 65 2 52 66 94 40 47 12 81 29 22 30 52 24 41 61 98 59 9 58 96 27 25 22 95 53 18 79 82 76 32 57 60 71 69 61 83 72 33 42 77 70 85 98 78 11 62 96 38 14 20 20 9 15 1 83 78 24 90 32 44 32 23 93 67 15 22 12 89 23 42 11 69 17 3 7 63 87 
40
88 46 67 7 100 72 61 98 23 79 75 36 23 78 32 27 61 39 72 2 51 61 34 93 32 43 72 59 64 68 10 85 59 82 74 95 99 10 11 13 
100
42 65 14 36 45 60 29 55 85 84 97 77 47 15 33 69 86 63 40 47 27 87 95 2 15 98 7 43 10 89 33 73 79 46 95 59 41 97 66 76 45 71 84 58 59 47 80 58 14 5 61 2 46 22 6 84 68 70 74 27 30 7 33 23 26 6 67 68 90 72 54 60 79 76 68 16 91 16 83 71 65 67 25 58 76 85 82 96 44 71 41 40 96 76 36 18 78 2 90 98 
20
1 22 100 4 86 57 45 63 30 51 15 18 47 59 51 39 40 45 46 91 
83
2 32 12 71 61 14 94 75 39 17 50 73 47 43 48 84 47 13 84 32 86 71 75 71 47 97 65 58 75 4 75 51 17 51 60 29 37 55 7 30 78 92 95 4 30 3 75 60 26 40 69 49 69 47 97 83 53 70 97 42 11 9 42 23 46 13 56 51 26 62 83 45 62 4 49 4 19 95 60 24 72 34 95 
61
91 74 70 43 20 57 87 72 92 100 54 44 67 2 88 17 83 4 16 99 70 16 38 87 15 24 49 88 89 83 25 5 54 57 71 8 23 81 80 10 42 60 85 99 72 41 25 13 60 97 13 14 52 33 37 3 21 24 65 89 87 
38
61 71 22 94 20 88 80 99 74 4 55 38 34 86 62 19 65 32 77 91 56 32 4 5 2 79 23 82 38 52 65 69 58 58 64 99 10 23 
22
66 71 47 2 90 50 60 71 35 57 76 24 23 54 72 18 39 74 55 62 92 56 
41
82 84 65 42 51 19 56 48 52 72 89 33 13 34 52 59 48 31 54 6 87 78 2 70 20 37 53 50 67 60 98 63 5 48 82 25 69 88 17 56 6 
33
89 16 81 31 91 43 98 30 33 38 16 40 11 29 97 20 52 72 75 50 59 66 80 51 99 2 54 18 69 8 40 18 76 
98
97 42 56 1 83 76 28 63 83 42 81 80 64 5 71 68 100 44 40 95 28 88 27 9 49 26 54 95 63 88 16 27 46 14 13 74 86 87 95 75 57 27 57 28 27 80 68 8 65 85 84 54 22 24 16 4 91 82 78 86 15 27 30 54 90 54 2 15 81 55 69 15 71 6 64 43 24 78 61 4 34 22 100 54 90 93 98 23 61 8 42 3 68 27 88 82 92 21 
41
12 9 8 55 42 53 1 57 19 91 33 22 62 81 73 96 84 89 74 44 30 29 33 41 72 73 37 69 20 80 67 26 10 77 3 21 59 39 61 79 65 
34
88 14 42 81 2 77 23 6 49 97 25 41 41 44 51 94 4 97 11 67 82 93 38 11 54 65 27 54 55 71 27 92 43 60 
70
41 70 84 61 42 36 32 26 79 55 23 77 48 21 60 64 12 39 91 85 22 39 94 57 36 42 98 35 97 92 79 12 88 46 3 83 58 35 55 4 93 5 77 34 84 58 92 95 13 8 83 29 31 21 8 89 98 67 74 33 5 28 47 31 26 78 90 99 31 90 
15
97 63 45 5 25 60 71 75 81 79 2 10 65 65 52 
5
44 89 12 88 88 
