56
64
27 6 66 92 38 70 99 92 77 87 63 16 55 93 67 8 86 75 33 30 11 91 47 2 38 100 5 93 46 28 6 96 62 35 88 18 21 51 9 40 69 71 54 11 52 58 34 7 71 56 4 40 11 27 24 10 17 87 4 42 26 98 33 20 
29
29 60 40 94 27 36 69 78 35 71 21 21 74 41 68 40 28 34 8 21 2 18 53 90 90 32 37 46 63 
27
11 47 57 88 58 68 85 28 86 31 57 48 100 32 2 30 61 11 8 98 11 70 68 71 5 8 59 
26
37 12 57 69 90 55 62 5 34 59 72 55 70 70 40 11 70 54 59 66 5 52 18 88 67 11 
52
27 61 76 48 89 37 30 97 24 35 38 53 40 97 98 52 6 60 77 34 77 35 90 35 12 65 63 70 98 77 79 97 36 26 2 95 74 10 79 2 82 30 85 79 43 32 62 63 5 8 84 28 
2
97 10 
3
88 5 50 
51
55 92 40 61 69 54 86 12 63 66 37 16 2 81 82 37 71 25 22 69 29 77 51 56 20 48 42 60 69 9 61 100 79 42 92 52 76 100 97 35 84 54 89 65 40 22 66 12 89 73 62 
49
88 25 32 88 17 33 42 31 57 81 70 40 20 61 19 61 46 99 43 15 55 73 12 86 71 81 65 87 59 39 65 25 47 87 22 79 24 19 9 21 67 85 6 83 61 96 14 97 93 
28
55 14 70 80 55 53 80 14 24 13 35 46 32 20 14 99 9 6 35 27 21 71 30 57 70 66 33 99 
33
58 1 25 7 34 91 12 85 84 97 65 24 19 73 87 61 66 82 79 36 53 89 74 31 13 100 22 49 96 54 34 17 1 
55
82 55 41 88 74 11 8 59 79 31 82 14 7 41 76 50 5 64 27 58 66 38 1 65 10 4 43 14 22 92 38 91 95 73 22 60 7 77 67 76 67 74 55 74 39 65 13 44 41 60 6 80 99 35 16 
10
17 39 34 26 85 1 61 10 30 96 
78
35 11 76 7 35 34 78 1 70 45 34 10 61 62 93 8 69 10 92 95 49 38 94 37 44 81 42 83 74 96 27 86 66 59 99 46 80 26 32 12 76 18 8 49 27 26 20 56 58 83 87 38 75 76 17 91 63 27 68 85 59 13 46 4 22 22 12 87 49 44 54 91 88 11 5 46 75 74 
31
43 6 26 90 86 41 93 67 92 46 8 72 68 44 15 96 97 39 88 93 81 31 87 27 57 54 80 82 38 26 67 
87
68 82 50 25 24 89 12 75 93 75 25 8 1 39 10 1 26 40 21 90 6 39 90 79 93 96 28 70 19 60 82 87 57 11 34 9 25 37 55 22 53 70 81 47 54 80 59 55 48 16 20 74 69 38 92 33 11 90 50 98 99 41 90 61 87 76 17 13 53 50 57 49 46 94 97 62 99 12 92 99 10 36 61 53 68 38 5 
74
3 89 29 70 16 85 29 69 10 44 51 65 20 55 30 41 10 24 93 75 1 8 54 42 36 53 14 11 87 50 99 78 82 21 25 64 47 72 83 11 11 96 67 34 13 60 37 34 19 97 28 41 75 44 22 88 98 27 97 19 85 8 39 76 89 42 42 97 80 9 91 12 18 28 
89
98 65 61 43 67 53 93 34 86 59 42 5 84 74 88 13 41 4 95 43 75 6 63 87 22 24 55 82 6 5 26 84 95 42 29 87 42 97 7 61 17 22 33 86 83 36 58 1 59 55 44 31 64 73 88 47 79 25 40 82 98 61 31 36 47 7 82 4 41 37 46 32 56 61 13 18 96 75 59 29 53 52 48 87 92 89 1 49 33 
12
37 31 88 34 69 18 100 19 39 98 68 75 
41
8 69 82 7 17 19 75 19 91 18 13 27 80 85 73 77 90 1 69 42 1 11 16 91 45 21 23 95 13 43 27 70 3 58 7 38 82 15 3 59 71 
96
61 86 37 26 33 66 36 8 9 64 85 88 76 46 25 24 6 31 91 25 83 11 54 96 8 83 44 95 48 19 23 44 76 95 6 78 30 41 50 66 67 4 71 99 77 43 94 84 17 5 71 6 9 62 31 71 43 23 96 31 22 64 13 16 32 63 95 23 43 72 15 60 28 47 26 23 27 14 89 93 11 29 62 86 57 90 25 98 69 93 96 37 14 97 75 54 
61
76 42 88 78 12 95 80 96 31 100 68 25 67 2 53 70 4 8 43 100 88 39 94 35 18 16 78 29 24 100 13 7 88 81 86 37 78 78 65 21 42 72 55 45 73 77 25 52 41 100 84 81 63 77 82 20 91 38 69 38 23 
100
4 12 7 58 50 82 32 5 70 15 77 3 90 79 56 33 73 46 64 53 100 25 92 13 100 51 77 38 34 56 16 4 78 56 94 13 58 63 33 4 19 60 2 79 23 77 65 46 33 64 5 28 89 19 33 44 26 9 22 97 66 95 91 77 1 15 94 94 81 80 82 36 4 78 8 33 17 77 38 15 95 35 56 48 73 39 48 53 62 51 42 36 80 69 7 95 10 23 81 58 
89
47 100 31 87 25 97 71 6 31 1 31 81 85 37 91 37 44 15 44 76 71 70 84 11 25 50 65 92 74 46 3 69 3 25 21 28 71 41 26 45 38 30 86 23 81 81 95 34 20 21 25 5 40 85 28 88 7 27 35 100 70 70 7 6 11 26 99 58 50 10 20 33 22 92 64 16 9 84 2 22 13 14 74 1 94 61 89 27 4 
51
86 49 38 63 27 62 71 86 94 50 74 61 48 27 39 53 56 38 61 56 71 73 51 98 93 90 54 31 40 44 18 1 31 36 81 39 47 75 69 40 89 40 16 90 35 63 72 3 97 19 46 
7
35 18 37 62 22 71 3 
11
36 67 78 67 55 34 55 86 84 93 28 
3
43 23 55 
77
17 45 93 97 28 70 80 3 67 32 21 19 95 60 29 19 94 96 86 29 30 16 95 29 76 49 67 94 45 7 17 28 25 63 29 22 25 37 42 24 76 84 95 66 9 94 33 23 66 99 86 28 42 40 52 62 65 43 24 78 8 61 12 52 96 16 66 52 3 11 50 64 97 28 8 38 71 
66
50 45 8 95 22 94 77 30 98 59 91 52 51 25 16 21 81 15 87 61 31 12 95 57 99 38 67 56 95 19 1 75 60 28 96 50 55 44 76 30 75 81 38 44 10 42 84 25 57 39 17 56 15 48 49 45 67 11 87 16 37 82 83 83 49 40 
72
57 51 29 30 68 41 25 73 87 70 50 63 26 31 74 94 90 7 79 31 4 40 47 22 9 12 55 28 14 28 47 83 36 100 8 11 70 83 75 21 37 99 82 65 91 63 29 56 29 82 16 9 20 41 95 18 46 10 91 90 87 37 78 17 18 62 92 76 64 25 21 4 
29
5 18 58 66 3 78 35 33 38 49 35 95 100 5 44 23 38 93 63 92 39 83 74 51 62 66 73 29 100 
51
5 26 27 68 2 34 74 83 20 88 1 80 66 8 14 17 20 73 94 67 4 10 44 11 73 77 75 50 84 17 97 87 27 19 17 36 28 100 69 7 29 84 24 97 45 40 58 99 3 48 47 
1
51 
27
46 88 28 31 75 20 28 73 1 91 21 14 17 43 75 41 97 62 36 52 14 98 98 50 41 71 45 
89
52 68 21 63 75 8 70 42 81 79 70 100 87 56 22 14 72 80 50 89 30 47 25 18 47 72 59 43 36 93 12 77 50 36 54 74 73 59 33 71 90 68 88 2 14 18 77 17 10 96 18 52 15 75 12 90 70 52 49 88 27 93 35 58 99 16 67 34 8 49 11 100 33 56 5 77 34 41 70 18 77 100 4 8 18 73 59 7 63 
91
16 47 53 15 37 36 52 7 7 73 94 72 66 54 67 16 8 78 55 33 10 70 60 2 32 68 44 80 77 30 68 78 99 27 70 19 56 80 55 70 85 15 69 94 18 100 72 32 43 55 3 3 16 99 82 92 99 54 68 64 22 14 80 33 9 87 7 43 1 36 43 70 87 17 45 50 42 36 41 46 94 61 40 55 94 63 51 39 21 65 92 
52
34 49 55 60 33 68 97 26 28 44 49 50 26 95 98 85 41 21 8 25 22 61 60 100 9 31 37 91 14 47 16 41 89 100 32 33 14 18 68 30 71 25 78 51 91 66 78 43 64 23 30 45 
25
27 62 58 79 78 2 89 89 7 82 85 75 52 20 15 11 48 83 91 95 89 52 98 33 83 
41
1 59 44 89 69 41 88 53 78 16 98 26 4 67 48 82 8 35 98 54 5 47 87 91 15 26 98 63 51 65 12 58 5 77 84 18 83 99 22 74 100 
100
22 3 81 16 4 44 3 69 58 42 63 84 72 93 80 75 19 55 97 6 71 85 84 71 52 47 3 50 61 87 23 59 35 100 8 74 37 8 85 74 69 78 55 3 4 31 93 11 64 31 17 14 8 18 38 25 7 76 54 53 80 64 83 97 53 5 7 60 47 71 27 13 19 59 81 24 60 38 36 50 84 18 61 23 70 82 24 6 43 41 66 61 91 2 22 38 55 78 68 13 
6
35 19 63 28 91 81 
84
25 38 58 25 58 56 56 56 82 68 97 91 35 24 43 68 93 86 16 12 94 57 39 77 52 66 57 91 54 57 40 96 24 4 68 98 30 74 15 65 92 88 51 83 17 43 92 39 79 50 86 7 98 83 66 92 63 47 67 96 98 40 2 26 72 7 21 68 66 14 2 30 71 64 13 81 58 45 14 92 29 37 59 4 
6
66 25 81 81 66 89 
67
20 17 2 71 65 68 82 99 59 5 14 17 12 10 73 57 83 97 26 6 85 57 61 50 69 15 28 78 51 91 98 76 57 84 27 76 80 92 76 70 67 35 38 34 60 62 44 77 51 19 43 73 59 83 23 100 43 47 95 61 34 21 90 43 44 93 98 
60
65 59 97 3 57 56 47 84 56 69 18 76 79 88 64 18 81 60 4 20 3 11 20 12 22 73 19 44 47 92 81 5 18 99 12 48 11 95 62 100 65 68 10 29 97 22 63 40 75 76 96 2 21 59 58 23 31 55 24 1 
92
58 40 55 91 50 40 54 73 34 32 78 56 69 43 85 88 90 45 56 49 48 90 68 1 30 79 65 73 65 17 60 58 38 2 41 70 8 16 66 53 46 6 16 7 100 33 81 45 94 51 46 92 31 98 4 24 69 79 12 27 47 1 44 47 27 65 71 46 16 46 64 37 82 14 2 13 40 31 39 86 82 63 23 49 34 35 80 73 5 43 91 85 
56
23 69 15 81 13 47 63 55 74 54 36 16 19 87 53 81 62 43 76 79 3 2 3 53 40 8 3 3 41 34 97 89 26 30 83 87 61 43 15 57 18 55 16 47 94 66 49 45 86 90 21 5 48 45 10 34 
1
52 
1
27 
6
77 64 17 34 30 17 
35
51 77 6 40 15 12 53 12 50 76 36 68 27 40 2 75 23 30 27 17 33 88 70 44 16 99 94 23 71 21 37 98 37 75 36 
24
47 77 18 69 59 89 21 26 68 54 19 38 88 62 62 11 7 29 69 70 14 74 43 46 
16
48 33 32 65 39 49 57 37 82 43 68 8 51 92 3 14 
19
89 52 65 44 94 42 70 80 62 98 5 61 73 24 72 11 38 45 66 
99
83 37 23 85 66 25 59 20 74 12 31 79 9 44 18 14 51 52 43 87 42 30 87 39 38 16 93 49 10 16 69 85 7 80 81 44 71 68 47 23 21 47 54 29 56 37 27 23 84 100 16 1 34 7 53 72 90 16 59 93 13 100 81 61 1 82 28 53 94 39 35 84 87 89 79 89 71 42 42 10 21 48 54 43 17 58 46 47 31 43 97 78 95 68 56 37 39 17 14 
