65
38
6 26 22 38 15 76 4 85 58 20 55 6 51 53 18 37 56 45 63 43 1 100 99 61 11 15 44 37 26 55 90 97 50 27 71 82 99 60 
13
59 77 24 52 25 40 62 16 10 21 12 13 48 
52
10 86 79 89 47 97 79 22 6 38 79 21 89 25 21 51 36 67 30 70 77 58 48 82 83 14 47 56 40 57 40 85 76 78 79 87 11 10 50 7 99 7 47 33 75 89 68 61 6 49 47 65 
95
45 8 51 74 10 58 77 20 51 85 50 21 26 56 99 92 73 66 67 94 13 92 38 85 98 88 16 62 19 91 28 70 63 30 21 51 50 15 80 30 80 64 40 72 70 30 7 36 59 79 78 47 74 74 78 64 53 20 53 19 81 89 32 13 19 46 62 46 95 80 99 3 38 96 6 60 53 23 70 48 53 73 15 45 73 45 76 76 11 26 31 60 82 100 84 
71
68 15 81 26 10 1 60 37 41 5 34 64 89 70 48 35 80 37 6 26 82 1 60 9 44 31 38 29 73 91 10 29 78 83 100 4 21 80 74 51 4 15 86 44 17 36 97 20 18 20 40 32 31 92 47 90 30 51 89 2 67 45 70 34 73 80 7 37 23 45 77 
5
41 30 16 35 36 
38
48 99 88 2 61 15 62 48 69 48 43 75 53 49 49 15 73 39 28 20 41 3 74 24 49 28 75 12 91 96 95 32 32 68 97 47 50 4 
99
47 45 26 27 52 81 60 28 14 98 73 63 89 59 77 19 47 8 94 48 53 90 64 63 16 3 94 46 16 4 98 91 89 73 61 19 24 80 93 44 42 61 81 46 60 91 27 15 99 99 81 10 68 92 20 56 37 31 50 39 26 3 60 45 73 63 50 99 73 91 16 54 26 11 9 43 20 13 31 40 85 20 23 53 53 99 68 46 24 61 36 51 85 1 50 15 30 57 7 
41
77 45 3 83 33 59 5 89 13 28 90 52 55 61 9 33 46 48 59 58 24 89 38 94 67 83 58 68 59 88 44 82 52 52 39 77 50 13 41 13 30 
17
66 49 89 56 82 73 47 39 32 29 24 89 22 30 38 92 35 
50
19 1 36 6 41 91 84 100 96 33 20 68 22 22 29 40 68 75 25 26 91 3 42 35 92 71 37 97 46 70 66 8 37 44 61 1 49 8 6 61 41 68 23 27 33 35 4 86 30 91 
24
7 87 32 73 97 7 14 6 79 18 27 16 61 87 96 86 74 82 59 93 30 73 88 43 
68
75 29 10 68 69 41 92 67 48 16 97 68 73 65 84 4 49 65 58 9 43 17 65 100 30 4 13 95 20 65 100 22 91 98 73 93 99 89 21 2 75 48 93 48 4 3 34 46 74 38 12 15 80 6 55 68 34 65 60 36 74 61 94 74 56 63 62 36 
43
31 12 65 66 44 63 61 98 85 89 23 70 89 42 78 58 67 7 67 18 42 22 20 78 96 49 12 80 55 20 93 29 12 48 75 19 57 31 67 81 50 83 10 
52
49 50 41 39 5 82 50 74 92 2 19 19 62 100 84 38 4 92 42 1 61 33 45 46 80 30 59 60 73 64 83 42 39 45 97 51 73 48 10 35 56 46 5 20 31 11 88 97 6 61 71 87 
1
59 
89
21 46 43 33 6 24 21 42 89 25 16 28 88 70 41 15 50 12 75 81 27 5 55 41 92 88 49 82 39 74 69 22 98 75 27 100 57 52 37 46 46 49 99 48 86 52 92 9 70 18 44 66 16 86 69 75 1 38 46 19 98 17 22 38 3 69 19 48 32 39 73 23 51 10 49 47 45 96 38 6 90 53 56 41 24 40 47 60 32 
4
1 51 68 74 
69
78 15 45 53 85 87 81 39 20 25 91 44 77 63 42 5 2 40 65 35 82 100 74 59 76 88 47 34 75 79 3 7 52 77 21 6 96 17 47 95 77 25 33 2 69 31 86 97 86 30 47 94 16 93 48 42 34 37 73 53 68 68 94 20 83 47 53 20 96 
2
83 38 
24
41 10 52 49 6 60 88 57 98 59 53 52 17 26 47 82 63 57 67 45 99 86 28 88 
90
13 74 99 34 86 22 20 75 49 30 26 29 71 86 97 11 73 48 79 45 67 24 15 3 76 99 46 1 23 67 30 99 56 19 5 14 67 79 33 27 5 67 82 29 17 48 96 9 19 37 88 53 35 96 5 83 49 84 37 90 38 58 89 33 2 32 44 59 14 28 23 73 84 75 51 70 97 77 9 84 2 68 33 98 59 80 71 6 95 96 
21
13 47 93 39 59 94 55 55 42 59 76 88 98 10 21 19 22 63 26 48 17 
23
60 70 78 33 96 60 84 23 22 38 13 4 94 22 54 33 72 51 39 31 14 79 61 
17
82 25 99 17 25 43 86 7 71 16 18 2 56 33 53 80 98 
59
20 18 48 92 27 75 34 40 15 52 77 8 36 78 2 91 2 100 54 86 24 55 85 12 58 41 97 26 32 30 27 18 7 26 1 14 28 24 46 15 8 77 88 1 48 65 1 56 77 97 81 78 3 63 8 76 6 30 54 
60
32 97 45 92 72 19 95 87 61 30 25 81 71 14 76 69 32 4 62 68 60 98 67 83 89 79 53 45 85 30 55 13 17 63 10 91 5 31 55 4 24 81 64 87 59 17 92 90 64 39 43 45 71 63 82 3 88 4 21 2 
63
63 78 22 98 77 77 94 21 33 31 59 22 15 37 2 32 72 16 62 90 38 4 31 75 81 46 54 40 85 90 37 52 14 56 7 42 47 14 67 90 44 93 16 19 14 66 87 61 93 85 54 52 32 65 97 68 9 44 72 62 27 37 87 
23
60 20 81 88 2 80 40 68 52 37 93 15 66 10 16 94 9 21 36 83 27 42 18 
18
70 14 84 14 59 61 99 42 43 11 12 51 34 61 51 53 76 4 
12
74 17 27 98 84 25 76 24 71 74 10 64 
93
46 6 20 6 13 52 9 61 58 14 2 55 30 10 4 1 62 5 78 79 56 46 47 12 56 25 5 86 7 5 86 100 83 85 71 53 61 74 100 95 15 18 48 53 74 89 3 25 82 57 49 49 54 99 88 62 29 41 71 8 47 82 68 78 1 73 15 100 24 94 28 20 31 74 8 70 11 41 76 11 73 75 6 46 2 17 40 20 63 28 42 2 33 
91
30 62 12 71 49 34 88 64 55 71 61 67 17 82 13 92 81 35 34 57 40 12 73 66 48 71 30 74 52 79 78 83 2 18 20 81 64 97 62 99 2 82 9 21 9 73 22 67 22 71 60 17 78 91 59 37 1 40 47 22 32 78 50 70 75 40 9 25 32 91 50 80 60 30 57 55 56 36 16 30 68 6 21 91 94 99 28 92 7 71 15 
83
82 29 95 83 59 16 43 89 69 68 99 85 97 71 100 25 26 98 48 47 45 54 93 72 23 59 1 73 96 87 99 12 62 57 96 51 31 90 15 24 2 96 93 78 27 7 16 52 16 70 5 34 11 99 23 41 94 77 22 22 52 78 51 1 16 65 84 56 83 37 31 95 24 58 28 26 56 5 56 41 47 46 9 
57
33 96 4 89 20 2 29 34 100 60 73 42 29 89 30 21 4 65 46 20 49 40 64 31 15 10 21 3 36 92 86 8 50 100 13 39 95 47 51 9 87 70 97 95 13 3 39 54 88 7 33 72 5 84 20 60 58 
21
41 9 35 38 96 71 99 26 11 42 94 31 74 72 26 4 94 62 54 39 28 
29
51 50 46 6 19 61 36 10 43 47 74 73 49 73 33 30 10 52 28 55 45 76 46 75 20 24 23 25 26 
10
84 25 5 100 54 93 72 47 72 53 
5
36 22 17 48 9 
60
23 46 53 21 16 50 16 20 22 12 88 53 22 59 57 20 59 59 3 13 92 75 76 53 98 68 63 94 32 46 11 65 53 21 46 50 55 85 21 97 23 93 13 94 82 85 14 50 64 61 36 48 55 84 78 73 72 27 6 43 
23
66 1 1 94 50 31 21 15 87 98 31 50 89 75 70 50 41 13 65 42 94 78 11 
40
30 30 39 86 65 40 61 31 73 6 47 76 21 53 56 82 89 43 96 54 23 69 35 38 44 29 34 89 87 99 27 29 24 72 35 1 17 77 91 75 
14
28 11 10 1 8 37 14 91 15 12 48 11 85 40 
26
22 26 54 61 81 94 3 26 49 80 66 89 4 95 61 85 99 74 7 56 94 77 30 51 11 56 
72
53 53 21 68 36 10 99 52 11 58 33 69 50 49 71 17 62 55 53 31 26 13 72 27 22 43 43 96 32 50 4 35 36 97 75 40 93 16 80 35 100 82 22 48 41 83 30 36 82 10 72 34 6 2 97 74 98 13 16 22 94 85 40 55 9 58 12 62 48 36 66 75 
69
75 8 43 39 5 1 85 46 90 14 32 57 92 41 77 86 94 96 51 91 20 5 3 75 82 27 1 31 66 46 37 81 20 83 75 60 91 40 81 8 91 9 9 72 22 18 44 19 44 14 14 29 72 93 57 18 25 65 60 73 4 57 25 91 62 85 35 99 43 
15
29 8 61 26 55 74 28 87 10 24 94 36 29 79 84 
71
15 69 78 16 46 73 75 34 2 53 24 51 31 8 77 30 43 52 78 21 33 11 55 75 60 33 23 9 59 31 68 27 99 30 40 21 76 25 64 80 10 67 72 5 93 20 23 18 81 7 6 41 97 96 4 3 8 37 3 74 87 98 3 99 73 99 23 79 93 45 38 
58
54 45 32 22 67 24 23 6 15 98 9 100 90 22 23 45 50 13 7 37 33 26 47 24 58 39 36 2 70 28 21 82 28 100 85 83 56 11 58 42 11 35 78 100 53 58 33 64 99 93 93 57 53 22 24 11 12 50 
13
39 22 38 17 46 58 28 8 60 57 32 77 19 
26
81 43 34 37 77 87 69 22 5 33 44 45 13 37 70 47 88 28 6 12 77 83 73 27 34 50 
32
45 57 25 4 21 13 56 34 40 42 11 99 87 3 12 25 30 23 92 2 95 13 53 42 53 1 39 94 40 48 3 98 
95
2 49 97 96 64 53 53 4 41 68 33 43 9 65 41 21 67 79 69 20 92 64 55 60 39 82 45 81 81 80 63 90 34 32 20 25 67 49 8 43 2 2 61 83 10 83 38 21 51 20 94 33 81 19 17 80 92 92 26 5 96 21 39 73 54 49 48 66 89 77 17 91 52 62 17 83 95 83 44 10 7 44 44 35 72 16 1 34 55 86 91 94 77 31 100 
68
83 66 98 43 55 67 69 34 26 14 49 4 22 83 46 25 21 87 39 6 78 85 7 54 64 20 71 63 30 70 60 36 34 93 45 33 54 9 27 21 14 2 34 16 9 36 60 72 21 11 34 45 63 80 54 73 38 36 67 2 99 7 66 35 30 57 80 98 
73
20 78 88 26 96 69 32 27 11 49 71 60 75 57 60 67 31 30 5 13 54 40 45 38 31 87 36 79 54 1 39 48 57 61 88 46 37 95 11 52 84 27 58 90 32 51 99 26 28 25 29 66 79 99 51 96 90 81 92 71 93 55 16 28 8 97 36 35 33 43 81 94 48 
76
100 55 42 32 77 59 46 69 63 56 89 76 32 6 63 99 17 65 94 89 93 80 55 70 68 57 50 34 45 66 75 91 3 52 80 57 62 65 4 44 74 55 8 52 91 54 49 43 32 21 93 36 69 82 85 2 67 28 78 21 98 20 54 41 39 19 38 33 72 41 94 15 27 94 45 86 
45
79 82 72 78 47 20 59 17 48 57 51 94 1 39 89 52 6 10 12 69 94 54 21 41 54 66 54 16 8 72 84 9 95 66 80 23 36 53 45 84 60 33 5 57 39 
1
100 
10
3 52 26 84 55 57 92 99 53 69 
49
24 86 15 51 32 4 89 41 55 63 34 40 61 14 9 10 33 63 14 94 65 90 68 7 83 32 44 48 57 16 84 11 98 61 34 20 55 21 74 72 46 58 21 14 99 86 26 84 68 
45
42 71 68 93 77 99 60 11 50 94 43 48 58 67 85 77 86 70 6 68 31 93 33 69 20 27 1 50 5 29 54 66 61 4 77 27 53 74 55 86 55 46 51 56 1 
60
88 20 65 29 79 53 31 53 41 91 70 84 72 70 14 24 80 19 50 5 96 58 81 14 89 66 37 97 33 9 71 1 80 98 46 25 17 81 6 20 36 22 26 40 93 31 70 79 86 40 69 67 99 44 96 21 100 63 69 72 
93
29 74 70 3 86 11 34 74 74 64 52 85 32 53 49 30 78 88 54 55 50 37 48 49 82 58 95 21 10 100 50 55 66 99 55 73 7 32 62 85 33 76 2 88 77 65 1 73 54 88 85 74 71 33 29 29 34 34 90 18 25 83 21 63 17 79 35 10 1 12 86 73 13 37 84 80 18 35 58 67 85 25 38 78 93 69 25 33 66 97 52 65 31 
73
39 8 12 86 84 40 18 39 84 83 71 7 46 63 32 60 8 33 94 64 60 85 85 46 45 43 69 99 72 98 61 70 20 99 33 19 38 22 75 70 85 85 67 1 54 75 62 47 77 63 41 36 99 9 55 17 25 44 76 5 2 79 95 44 14 17 66 76 96 12 5 15 84 
75
53 27 32 78 97 90 32 13 12 83 47 41 38 16 46 90 12 66 25 9 49 4 73 65 31 33 7 88 80 86 30 29 95 38 84 10 64 11 88 49 82 55 56 71 80 91 90 97 74 8 85 1 16 100 81 92 82 28 17 3 85 78 57 82 91 54 88 69 86 68 15 10 69 68 44 
