41
0 0 22 0 6 0 0 0 10 0 7 21 43 0 0 35 7 0 0 0 6 0 0 0 0 0 0 0 0 0 0 27 34 7 0 37 0 0 0 10 0
0 0 37 0 2 22 35 0 0 20 0 0 0 19 20 0 0 0 0 15 0 0 0 38 19 0 13 0 15 0 0 12 0 28 0 39 0 0 0 0 0
0 0 0 30 31 48 43 0 0 0 0 0 0 0 8 0 0 0 0 37 0 0 46 0 0 0 0 0 0 0 0 45 0 39 0 0 0 35 0 0 0
0 0 0 0 0 0 0 0 0 0 0 0 0 37 0 0 0 0 41 8 0 0 0 0 0 38 0 0 0 0 0 3 0 7 0 0 0 33 0 0 0
0 0 0 48 0 0 0 0 0 0 0 0 0 0 0 0 0 0 43 0 0 0 0 0 0 1 0 0 0 0 6 0 0 0 0 0 0 0 0 33 0
0 0 0 17 0 0 34 0 49 0 0 0 0 0 38 0 0 0 24 3 0 0 0 0 0 0 0 0 0 0 0 49 0 0 0 31 0 18 0 46 0
0 0 0 0 0 0 0 0 0 0 0 0 0 0 0 0 0 0 0 0 0 0 0 0 0 0 0 0 0 0 0 0 0 32 3 0 0 0 0 42 0
0 0 0 5 34 12 46 0 0 4 0 17 15 0 0 7 0 0 19 0 19 13 3 0 33 0 22 0 0 0 46 0 9 0 11 35 0 0 0 46 0
0 0 0 0 0 0 0 0 0 0 0 0 0 0 0 0 0 0 0 0 0 0 0 0 0 0 0 0 0 0 0 0 0 28 0 38 0 40 0 0 0
0 0 5 0 22 0 42 0 7 0 0 0 41 22 38 0 0 0 39 40 0 0 0 0 0 8 0 0 0 0 6 0 0 7 48 0 0 0 29 0 0
0 0 16 44 21 0 17 0 44 28 0 0 0 0 0 1 0 0 20 0 34 14 8 0 2 45 43 0 0 0 26 10 0 0 20 35 0 46 0 0 0
0 0 12 38 1 0 0 0 0 0 0 0 3 10 40 0 0 0 11 21 8 15 13 0 27 0 0 28 8 0 0 0 0 14 45 0 0 0 0 0 0
0 0 0 0 0 0 16 0 0 0 0 0 0 4 0 0 0 0 0 0 0 0 0 0 0 0 0 0 0 0 0 6 0 34 0 26 0 0 0 0 0
0 0 0 0 0 0 0 0 0 0 0 0 0 0 0 0 0 0 8 0 0 0 0 0 0 0 0 0 0 0 0 0 0 0 12 0 0 0 0 14 0
0 0 0 0 0 0 22 0 23 0 0 0 0 0 0 0 0 0 27 27 0 0 0 0 0 47 0 0 0 0 0 0 36 36 0 20 0 0 0 23 0
0 0 0 0 4 19 5 0 32 39 0 0 38 38 0 0 0 0 0 35 0 0 0 0 0 35 26 0 0 0 7 0 0 11 0 0 0 39 0 19 0
0 0 23 37 27 0 27 0 0 20 0 0 22 41 0 18 0 0 0 0 42 0 47 0 0 24 13 35 0 0 20 0 9 8 37 0 0 0 0 0 0
0 0 0 0 41 0 0 21 13 0 48 34 21 37 0 0 0 0 25 0 0 0 0 14 0 0 0 25 0 0 14 0 39 20 36 0 0 0 13 48 25
0 0 0 0 0 0 0 0 0 0 0 0 0 0 0 0 0 0 0 0 0 0 0 0 0 0 0 0 0 0 0 0 0 0 0 0 0 0 0 0 0
0 0 0 0 0 0 7 0 0 0 0 0 0 0 0 0 0 0 0 0 0 0 0 0 0 0 0 0 0 0 0 0 0 18 0 0 0 12 9 3 0
0 0 16 37 0 0 0 0 0 0 0 0 0 5 29 45 0 0 0 10 0 0 0 0 0 3 43 0 0 0 46 0 0 0 18 0 0 0 0 42 0
0 0 0 0 0 0 11 0 16 36 0 0 9 46 0 24 0 0 0 23 0 0 4 0 0 0 0 18 0 0 3 0 42 0 32 0 0 0 0 31 0
0 0 0 0 0 0 9 0 33 0 0 0 0 12 0 0 0 0 0 0 0 0 0 0 0 45 0 0 0 0 41 5 0 41 18 0 0 0 0 0 0
0 0 0 48 43 0 25 5 20 0 31 0 0 4 33 6 12 0 25 0 43 0 29 0 0 0 0 26 0 0 0 0 0 0 0 9 0 0 0 0 0
0 0 0 0 0 42 0 0 11 36 0 0 0 49 0 0 24 0 30 22 37 0 0 0 0 31 14 10 0 0 43 0 0 0 0 0 0 0 0 0 0
0 0 0 0 0 0 20 0 43 0 0 0 0 0 0 0 0 0 0 0 0 0 0 0 0 0 0 0 0 0 0 40 0 0 14 0 0 0 0 0 0
0 0 0 26 25 39 0 0 48 0 0 0 1 25 49 0 0 0 0 31 0 0 42 0 0 0 0 0 0 0 7 0 0 36 0 0 0 19 0 12 0
0 0 0 3 0 0 0 0 21 0 0 0 13 38 5 0 0 0 47 0 8 0 0 0 0 36 6 0 0 0 35 32 0 0 0 0 0 5 0 36 0
0 0 0 37 0 24 0 0 8 0 0 0 0 0 36 0 0 0 0 0 0 12 27 0 46 14 0 0 0 0 15 7 32 0 37 26 0 20 0 10 0
0 5 0 0 33 0 0 5 0 0 9 16 0 0 0 0 0 0 13 38 3 0 17 0 0 40 35 0 7 0 0 0 0 38 0 8 0 10 4 31 0
0 0 0 0 0 0 0 0 0 0 0 0 16 17 0 0 0 0 40 0 0 0 0 0 0 0 0 0 0 0 0 5 0 5 11 2 0 24 0 0 0
0 0 0 0 0 0 0 0 0 0 0 0 0 41 0 0 0 0 0 0 0 0 0 0 0 0 0 0 0 0 0 0 0 11 31 0 0 0 0 0 0
0 0 0 0 0 0 0 0 8 0 0 0 0 0 0 0 0 0 0 0 0 0 0 0 0 0 0 0 0 0 0 32 0 0 0 0 0 0 0 0 0
0 0 0 0 0 0 0 0 0 0 0 0 0 0 0 0 0 0 19 0 0 0 0 0 0 0 0 0 0 0 0 0 0 0 0 0 0 0 0 28 0
0 0 0 0 0 0 0 0 0 0 0 0 0 0 0 0 0 0 17 0 0 0 0 0 0 0 0 0 0 0 0 0 0 0 0 0 0 0 0 0 0
0 0 0 0 0 0 17 0 0 0 0 0 0 0 0 0 0 0 45 0 0 0 0 0 0 0 0 0 0 0 0 19 0 21 0 0 0 0 0 0 0
1 0 19 0 45 0 2 0 0 0 0 0 25 27 0 38 39 0 5 23 35 47 0 0 40 0 0 40 3 0 0 0 22 0 0 0 0 28 46 12 0
0 0 0 0 0 0 0 0 0 0 0 0 0 41 0 0 0 0 45 0 0 0 0 0 0 0 0 0 0 0 0 0 0 0 0 0 0 0 0 0 0
0 0 0 0 0 0 23 0 0 0 0 0 0 0 0 0 0 0 49 0 0 0 0 0 0 0 0 0 0 0 0 0 0 0 0 14 0 0 0 44 0
0 0 0 0 0 0 0 0 0 0 0 0 0 0 0 0 0 0 0 0 0 0 0 0 0 0 0 0 0 0 0 0 0 0 0 0 0 0 0 0 0
20 0 0 17 0 0 0 0 42 24 0 9 0 0 11 27 42 0 8 0 0 0 0 0 0 47 0 33 42 0 0 14 6 42 0 0 34 31 25 9 0
