690 2807610
1317
2174
5228
9124
5268
8293
9507
8776
6704
9580
2534
952
8513
9995
3862
7969
43
423
8768
1385
3363
3823
7320
6376
3581
8432
6921
738
3356
9479
8607
908
8809
2531
6623
7442
6882
7314
4232
1757
9161
2047
1171
715
7087
6693
7641
7450
3314
8250
2206
5658
6938
907
434
2007
7353
6257
9751
9916
2325
1117
6013
4692
1778
2963
5192
6647
1941
2436
8587
1993
7967
9858
8133
2728
8502
2418
7285
9586
91
1152
9057
8753
3391
624
4922
377
9255
676
7739
6455
4541
4899
5796
1680
4915
5656
294
68
4051
8861
2794
8052
3074
887
8905
111
1504
6022
6771
9746
9884
7000
5695
9663
1140
829
401
7274
5531
9459
744
8810
9223
5322
2445
5400
1082
5117
1259
9967
4500
7729
9488
3894
4494
144
4961
5070
10
4827
4302
7196
6498
2917
1327
88
604
9501
5731
9218
8307
4631
211
4548
7179
8774
4950
7904
8944
7105
9689
9863
2931
7454
3099
9538
4460
6858
952
1739
2258
1784
9253
7137
6623
8971
255
5748
8508
1951
9197
4565
3923
3448
6530
5572
5001
9022
4935
8295
5224
2315
5027
9228
6773
7344
2199
6825
6114
7009
638
2054
2668
4227
4203
822
9255
5893
5565
5095
9719
5574
9159
3017
5260
8077
6774
5380
9184
3210
5340
3343
3233
9694
2075
7009
9262
8521
8969
1163
1442
8856
3742
9971
1291
2196
6770
4686
4200
3262
652
7641
6926
8708
4002
8302
917
2005
8528
2308
7954
3149
4621
9883
6431
6302
1191
9913
9390
4420
904
8527
5770
2886
5121
1585
3649
7881
4187
5926
8117
4466
8824
169
3656
1504
461
3757
7983
6908
2890
6131
546
2531
3324
3468
291
4950
2385
5987
5427
1557
5758
9847
5740
4648
7584
5691
9654
6175
781
8660
498
4090
2134
6143
6095
7983
4736
8016
706
671
4295
871
3190
9084
3197
1942
8584
5292
1658
4539
4622
4838
9977
4565
7439
2687
9204
5312
7198
595
1158
8864
4548
740
4061
1067
2562
907
1677
3944
6261
9045
3005
3508
3697
153
2483
2369
6192
2559
7427
4309
9565
4715
9581
8721
7876
5383
7669
3283
3878
2345
4042
9500
9310
1777
5937
6461
7742
5573
381
968
4863
9886
7819
6130
2502
5665
9969
6281
150
4360
8032
5761
1194
1966
3342
8892
8744
3871
8134
1457
7069
2376
3927
5730
1790
8050
9583
9914
4005
6456
519
4864
3015
8427
9054
1892
6552
7207
9334
751
8204
3561
8634
9920
439
2949
9392
6733
9705
937
6237
4585
1046
1465
9187
71
4195
6985
7912
5918
3276
1634
8859
5715
153
5488
3173
6396
9112
6689
9980
6451
2809
3160
8693
8909
3639
3877
627
2024
6047
7777
950
1647
650
8313
802
2735
4483
4449
1788
2015
6972
8465
7405
7463
5812
3428
9093
1568
1746
8817
8429
6888
2327
1203
2287
1623
28
1945
7742
9748
938
3489
2850
2535
8647
1759
7155
2396
1354
1574
8557
890
2239
1771
2826
5538
2466
657
6168
1490
5255
1871
5962
6953
8193
6831
4725
4265
6537
9274
6306
368
4693
7995
4944
170
7109
8406
65
545
8844
8972
4053
4184
2986
4682
4202
889
6964
501
7329
4378
6171
6044
6585
8028
5149
7804
1666
632
283
1069
9714
7360
9601
8852
4625
5245
232
4035
4147
6293
6314
788
8402
7233
5568
9152
923
3976
9122
3483
7610
1379
7849
8892
4371
2678
5716
687
3229
3892
2133
1516
4720
8619
2708
7175
6239
5271
7564
4024
5724
1742
2077
7481
9116
7797
2655
9615
6088
8493
1031
5420
7647
9187
2494
1931
4047
9246
8515
8998
4359
3938
2909
6624
6624
402
3949
2587
8572
772
3408
7310
5742
8041
2786
7584
8477
6431
2119
819
7127
8398
582
5590
3243
6217
7517
5632
7944
1937
7282
90
1886
9148
2413
1533
652
3507
1024
155
6918
1989
3071
2923
6864
464
9343
790
4707
4951
6654
8984
5775
214
9442
429
6011
6214
435
7053
6586
3967
3032
5492
1831
924
9487
8516
7360
1041
9086
8623
3938
7362
1594
6547
9022
8256
821
7220
