692 2466980
3260
3216
3250
2165
962
8610
387
2446
6785
2251
927
1524
3115
8100
813
6438
6219
2485
9822
1530
5290
9284
6947
4149
1264
1889
4773
7823
2082
8143
3214
9805
3956
6124
8260
4616
1019
1272
626
9233
8490
9275
965
62
8598
6944
7792
8882
8434
5030
8792
9032
7357
7272
3931
9114
3553
7452
7392
8962
8836
8609
1921
1868
7571
2618
9173
435
9879
443
6539
9271
9933
8117
3280
4537
8797
7116
6779
3561
8111
5363
7003
3445
338
9982
3622
3904
9777
3790
9371
391
4948
2908
2
1119
1656
4164
1342
6218
5734
9587
3255
7993
9124
2879
3812
9136
7243
3980
2679
6011
7129
3186
263
5965
8458
3455
489
6213
4622
3469
8393
5091
8501
3215
8905
3570
2614
2166
2368
35
5063
3878
9420
6017
9119
8093
760
5567
9394
8794
8388
5080
7461
5767
6032
7894
229
7686
2850
3548
9600
9744
2042
7593
3167
6654
9330
9826
5022
4123
2685
3615
3425
2104
6704
4005
9786
401
5593
2752
8834
5241
5135
7249
4842
1200
9435
3170
7087
1062
8775
6770
7537
7494
7458
6756
2911
8515
1085
6993
2917
2857
5426
7426
2978
9425
7220
1464
5113
7151
7431
5716
2165
1989
3048
5622
412
2350
665
3840
7503
1202
2372
9854
4964
3792
91
7736
2250
2690
9489
4253
753
2348
8670
727
114
6023
2469
1242
7741
1515
9547
1901
3287
2984
2668
6719
4395
7038
4721
6706
7081
2487
8318
2473
5100
5153
4145
9003
602
7548
999
9612
6724
3901
311
7288
7380
1617
3855
3705
495
5436
2591
3121
7650
3030
932
3754
4958
3733
9757
9754
6992
6713
5975
8232
1832
8535
9509
63
7984
679
9438
6773
2152
9797
5660
6250
4139
8915
6288
723
2022
8128
4827
8989
6372
5158
1868
9850
4436
8490
9388
2468
4878
9018
2826
5085
7049
4584
5374
7091
6200
9599
497
1746
397
6123
7965
7384
9175
3657
6645
9580
5588
3587
2269
7286
6834
8150
8449
8359
61
4535
5400
793
6746
847
7151
1268
4136
3371
9222
9098
4151
3690
2156
9993
9643
344
5682
2163
4724
1759
4320
972
2722
5019
5396
6821
6686
4398
2623
9027
1661
8104
6390
25
595
8850
6328
6837
5533
6346
5851
4189
5510
6813
8263
1894
9125
9484
6635
2275
9751
7735
591
5731
765
2836
677
6835
4378
7094
2613
5912
5794
1324
4750
5319
2752
3999
6261
812
2763
4558
1536
2320
4003
7413
923
9251
6145
9275
8363
4824
9711
7590
2989
9258
617
8437
7090
4132
3758
4903
87
6338
6963
8894
9024
6241
6903
3375
3317
1845
9576
1907
6327
6295
7868
5253
5501
3808
3011
5488
9336
2209
4648
2769
945
4454
7611
8910
2230
1083
829
6189
1808
7081
5143
3276
3008
7366
3621
917
4496
4471
9332
982
386
4610
692
3150
3035
9569
91
9424
9745
6461
9428
6941
6877
7140
2486
1428
494
8340
5237
1711
2677
6394
930
5862
7077
1893
2054
4464
515
890
5215
8171
3986
2988
4895
6425
4459
892
4076
452
57
6638
8513
1303
5974
8929
5932
8976
5490
9499
7744
5959
5024
1371
6967
8339
6609
2141
2981
1168
2384
9382
3845
7555
3357
5113
6794
4745
4753
2894
8867
6269
4310
8167
3886
5174
5010
3895
4707
9413
2288
7107
3854
3771
1165
9748
7955
8199
5626
7067
9179
7890
105
6582
3007
6078
2173
209
3365
6842
4021
9408
6063
1983
250
210
8484
9628
9082
109
6866
9317
3290
6372
1492
8758
4290
5154
3554
387
4714
6814
2084
5812
1608
6260
7238
4592
3488
1643
3439
5740
7455
4991
7665
7144
1368
8047
6509
1299
4883
2863
5230
7726
7441
3341
7833
9056
7748
5114
9748
9926
7893
8438
8138
1794
9369
1853
9448
5244
7134
6441
3320
2124
1248
4345
1990
1006
5582
2123
865
1081
3444
4980
514
3801
5651
7593
5096
5280
9609
8713
4373
3445
1128
9470
4310
9406
7663
9949
7610
4879
3503
6424
8936
9988
3465
4034
5521
6203
8944
1022
5800
9951
8694
253
7690
8181
7186
9461
5943
374
8991
4960
3808
6374
4204
2547
