1420 2013560
1796
2698
8844
1703
2848
7004
4943
4904
2830
1223
9164
1956
9375
203
970
7673
4901
7960
1950
2699
6464
5881
8048
6046
72
634
6007
7769
2505
6841
8551
6829
9759
3264
2317
8719
9263
8230
2886
6825
9478
9570
3393
4734
5171
6754
8446
6632
7152
798
1387
4291
5272
3982
1829
5232
69
2028
2
8249
4800
8835
8308
7210
2937
3915
8786
9296
6013
9619
3434
3888
3413
3655
4161
628
8845
1341
7270
3830
5147
4571
1181
4572
5010
3543
9596
5309
3830
8123
3635
5452
9389
2636
9960
313
1449
2536
9377
7772
1559
3966
2080
6261
8365
6755
6549
692
5621
7465
2013
6561
4155
4854
4283
1197
4577
3926
3762
387
607
6638
1552
7327
606
7457
8930
9234
7158
6029
7216
588
9775
4191
2538
2996
9443
5938
8238
7760
5593
5959
9925
4128
1427
6957
3555
6654
3381
2680
3267
5943
4206
2383
7140
5112
7312
3358
4160
4592
4394
7683
9700
3391
7535
511
6729
1478
2947
4694
4781
6575
3470
7292
7141
5719
3893
5763
2051
377
6280
6979
4771
218
3803
7265
3498
8163
7855
5628
907
7969
7932
1478
9067
7973
9187
8220
254
5642
5163
541
1158
7722
7794
5893
126
9485
6028
4263
8799
9652
8771
8699
3929
7005
3284
7024
7921
8179
2116
2657
9748
9796
9740
8963
8363
7449
5131
2864
3352
9962
2735
4664
4769
625
1721
8656
9277
1783
2427
7291
7528
2139
1237
4857
199
2079
5743
3661
6180
9794
8265
8546
1906
6851
2963
6146
2166
4436
8247
9324
7091
3113
23
5999
3195
9870
7737
857
2792
6944
1823
8901
7492
8695
2936
4020
96
6629
8014
8455
2295
4114
3280
1371
7674
9594
3436
3918
2041
931
7560
1757
477
6334
2395
8319
7288
6992
3845
1227
7712
5256
297
3884
1787
3189
5092
8160
9239
1967
5770
1459
276
7493
9578
9049
1089
4012
8124
3386
6937
8934
6322
4213
7098
8922
3932
8278
5982
6000
3703
876
5931
3427
1255
9171
8436
5620
4527
9540
503
2047
5961
9108
5797
2828
4797
1796
309
9940
2553
8803
9507
7491
2811
2400
9326
585
6572
7073
2998
9062
2883
1613
594
588
5840
8319
1566
8856
9024
1984
160
3643
3031
3350
9512
4770
1362
7100
6028
8812
5279
7881
6812
5603
1514
6890
5135
9855
746
9652
5234
2381
4211
5468
8656
9582
8512
7071
2147
8996
9706
6648
1183
5231
7615
2958
3931
996
6835
3747
5699
1946
2580
6718
822
5307
8530
5842
8391
2472
3385
1967
7874
953
1240
6118
2273
1453
7328
9453
668
6089
1097
2386
3135
9719
9290
9781
53
9590
5985
1031
7993
5626
2219
9763
8847
3248
222
8441
6713
2135
9035
4671
4259
6057
6458
1799
5366
5577
8355
6043
1854
5434
3826
7768
8446
6487
8475
4416
8002
1239
7548
6067
5374
715
1083
7950
2070
1217
3712
2258
9188
977
2532
9224
75
8355
8769
4349
925
6233
1957
3243
1915
889
5493
6239
7627
4040
7896
8426
51
3577
9445
7050
4564
1971
8050
5774
8847
4099
1087
1640
6650
7246
8525
438
549
3111
7015
2315
4931
3519
2128
3093
7113
5644
693
8386
8773
6758
2021
7622
5640
9564
3843
2929
120
2977
9501
1962
8270
7577
2073
6935
2475
2103
8424
5794
1381
2689
2355
9362
3142
2838
6956
9278
9502
2011
2433
3754
3497
1269
8161
1665
7143
1106
4213
9706
6905
3130
9468
4082
4656
9364
8553
4435
4133
1941
4574
5682
6016
5365
8661
4635
3221
4552
567
5398
7363
9314
7183
3421
9870
9099
6291
3612
2415
8427
323
8014
7153
4579
2795
5007
5878
6808
359
5390
8267
5183
6042
8705
5604
6881
9124
3203
4843
3444
4814
6326
6997
171
7350
8923
6103
3074
5394
8735
844
8724
7035
6285
6693
6235
6324
8203
7957
7574
3574
2777
1852
834
1313
1312
8566
8697
3488
77
4465
1315
3578
6440
7909
1683
1602
1212
4504
7822
6890
9479
9808
5086
9570
8040
7773
7531
8779
1284
8989
148
9862
3939
2216
7636
5646
3365
5635
7408
2107
1442
7260
605
7911
4169
6206
7622
5986
7857
3358
5763
7561
8977
3141
3684
7520
8814
1382
1345
6984
2697
565
4235
6887
3085
6821
7723
9382
2424
3682
8063
1891
3174
704
2911
8356
8561
3720
7027
6931
1641
6835
6010
4978
9719
1388
3107
5810
96
9911
8755
3213
9913
5695
780
9132
9267
4283
6368
5599
592
2991
4836
1857
1043
3609
9591
5315
9010
7530
6583
1066
8100
7869
953
188
7611
9209
9675
5195
3318
5349
9905
2327
25
1651
5827
637
5278
7538
1820
3803
9357
5851
1940
103
9678
2185
3118
3566
8976
9172
4222
3116
2261
1488
4426
4743
5604
5355
8917
124
1734
8521
5186
8792
7910
9554
6067
2135
7544
861
4794
9417
9206
1486
276
3718
491
1578
8110
4551
6850
3592
8412
6369
235
8910
9402
3546
7943
5783
7504
3084
5557
7847
3044
406
5560
7234
1419
1322
6965
9137
6001
5944
3763
1679
314
974
9563
1521
2671
3256
9235
2515
4056
6588
2364
7789
2353
4781
975
3054
6299
4698
6599
761
4484
1659
5322
8695
1372
4819
1452
517
9798
708
1804
4768
6715
6500
8444
5182
7406
9885
3117
8436
7979
8052
82
2514
6879
3908
8013
7653
1679
489
662
9540
2559
6407
3164
5406
7248
8728
4714
4776
7980
5156
4099
2514
6403
398
2267
5001
1302
4820
265
7730
3354
1181
1476
2863
652
6638
5461
1273
8339
953
311
9045
5457
9008
9440
966
8679
7506
3052
5710
9002
9172
6415
4145
8287
4230
3449
1934
6159
2228
304
1532
6062
1151
2266
7858
4451
697
7284
5985
5898
3276
3579
2416
8400
9884
8319
6026
5331
4383
4559
8602
8899
108
6863
6273
2523
5513
3952
1240
7456
4780
4996
8937
7437
2711
4771
9390
3511
5203
1114
2251
4678
2127
4008
7605
7735
9406
6962
3968
9785
4440
7824
1978
9366
9640
6835
4132
5518
6685
3111
2886
5098
410
9351
3418
114
8619
6736
3047
7717
3325
5914
8479
9163
3303
5719
5947
3633
5354
4228
4062
4997
7051
2008
345
8131
1931
4682
6773
7245
133
7605
3349
938
8966
8126
12
4862
536
2907
3461
6755
6367
3
3020
7329
88
5296
2570
5333
6317
2771
9778
8490
6896
816
5620
6180
1477
8348
995
3504
1474
9268
1790
1288
2906
2841
2296
2995
1369
9744
5804
3147
9067
4496
8341
3744
2867
2218
1710
6843
1354
9758
604
8100
6065
1566
6380
5843
3016
6100
8689
5459
319
6019
3359
152
387
3356
6338
9278
6760
5038
5984
6518
6378
392
4935
4283
7869
5171
6613
2996
18
2099
5888
5764
5993
1165
6474
8986
4718
8887
5991
465
9703
8282
3014
5329
3423
2548
9784
2849
534
4853
7620
6874
5406
471
5662
3356
2364
9034
8461
7684
3584
3779
8005
7893
6861
4816
2746
3838
7898
2037
7074
6480
8389
5993
9327
8718
2198
3518
5431
9769
1603
1368
3350
5741
2978
9215
3313
8579
2748
3976
7576
1571
3260
4263
983
2663
1076
781
3717
9083
2836
4538
1527
8195
6904
1640
147
4851
4154
3253
8563
1766
9929
703
9753
1749
6942
1217
1203
7462
6329
3367
5615
6446
1640
5723
4027
1985
3697
532
4103
9824
949
6392
3368
2133
6455
1458
1821
157
5703
9929
1528
7889
223
2881
7232
9350
5581
3162
9876
1857
780
440
9156
7085
3798
890
5380
4282
6907
6010
6323
5965
3838
2257
7787
6180
9553
6821
6277
8296
3006
7081
8581
4458
4217
3328
2030
6470
6463
4126
5278
8266
9367
3581
2134
7783
8652
805
350
4921
2606
1832
5744
7518
338
1492
4025
3071
280
7691
1404
7000
8528
5468
3506
8880
5880
2070
6769
4538
9208
8391
8603
92
4105
4266
6017
6473
8408
1888
5051
2568
6449
9036
2194
7368
279
2599
4147
9351
6173
2907
7927
3381
4074
4198
502
4685
6976
944
326
6363
4977
3627
7265
2050
8029
5899
3956
7843
8056
6514
423
6077
9857
1530
7803
3762
7603
8220
6071
9364
3000
4918
8795
7701
6165
1401
9593
5522
5848
7445
9061
7791
998
2322
9468
2263
7327
5548
4593
2461
4583
9401
4488
3027
5851
9315
846
1607
1841
7894
2404
2381
6436
3508
8157
6280
578
9586
9461
4982
6900
7829
4400
1790
8444
9033
7163
531
1171
6004
375
1993
7176
2554
1375
4196
512
772
8341
3688
8356
8861
9208
751
