167 356211
1425
352
2245
6634
5999
7474
1683
7801
9735
7671
7270
106
1667
5433
5535
4113
1274
6154
513
3584
6071
9473
7759
3964
9840
8820
5852
9246
2294
4565
213
9509
4305
4096
1212
3920
7451
1305
9641
5107
9821
1601
2432
7846
4875
9877
8501
7949
1585
6241
4058
4124
410
2823
1456
1246
9507
1763
1676
2795
8688
5388
6187
6181
5740
8064
4417
7401
358
540
1626
8231
611
4531
3748
9769
7776
7550
6253
6028
8840
4950
9708
3902
3795
8440
8073
175
8993
2399
2387
4062
8643
9817
4789
4422
1676
7373
4824
1437
9392
4637
2896
9215
5697
1485
651
5654
386
3634
3221
1179
9842
2110
478
7697
4938
2643
1242
790
6672
7148
4207
8147
7247
9329
1114
4173
3952
7834
2439
2230
4669
2014
2523
6395
3017
21
1674
437
1818
1005
4361
7310
4991
3117
2775
9559
1355
9481
5954
3837
783
2571
6546
6483
9947
6912
2856
5947
2921
9698
6018
4001
6248
2091
1388
