710 3346940
8418
3206
3202
7385
2397
5900
1411
8810
2660
4575
1990
7147
6895
7748
8233
4128
7935
5469
9731
7362
6627
4404
2393
7261
4772
2258
6520
7146
8122
9461
5095
8750
6609
4570
4457
454
6835
501
233
4594
5903
4233
9534
7780
710
6645
4731
9271
7203
8194
3045
6175
138
5450
5225
2864
7722
4091
3143
1667
6815
1843
5201
4616
5985
1775
1980
9757
6613
4392
2825
4406
4568
3394
6812
62
3670
1160
6790
5469
8491
207
2067
710
7866
1096
1201
3259
1704
7576
6893
8750
7265
7286
3662
5411
6103
7559
6554
1507
7613
340
1308
4997
2159
1398
4202
1823
4856
9469
7566
5472
2356
1718
4726
3939
6218
8552
1333
370
7444
2281
4799
4093
7514
5706
439
9137
6144
4685
1312
2602
4493
5413
2276
655
3727
5726
4558
2215
5644
7569
1554
1804
5942
4029
6063
9225
8207
3461
9048
9783
138
1668
1952
3564
1155
145
5533
5386
3885
5970
3726
6431
8204
8359
924
7519
590
8688
3493
275
7883
8001
1735
5631
8351
8189
4292
3907
8205
6982
4739
7119
4654
7324
9428
856
1257
618
6950
6082
5079
7674
9917
3175
655
2428
8398
8318
8673
3421
1123
3114
3977
1952
1141
8919
454
9430
8464
7023
5721
2334
2583
3428
1482
197
1131
8389
1599
3111
4179
4567
6557
4783
5628
5649
8139
6512
3066
80
9649
4346
5501
4538
5730
549
9989
2290
4063
4668
6183
5251
7969
6934
1119
9900
9269
1682
8282
8314
4531
6027
9121
5408
3533
6612
4422
7669
6533
2521
6959
8075
1109
2716
2100
8897
8836
1568
6107
4686
1677
50
1243
1021
1123
997
2104
9636
6405
2326
3395
3927
7813
5238
3052
1565
6063
5763
7812
3218
3674
940
7415
4677
7055
8029
9532
3801
1717
4594
4654
6903
2061
2654
238
1164
6029
2159
3455
6851
6226
8131
1124
5473
1909
8696
2790
8972
3327
6131
4132
9119
4644
2177
977
3893
5028
8613
656
1424
282
8531
7139
8659
8629
9607
9936
4099
5205
8967
9296
1377
251
2093
9560
5137
4579
6029
478
4588
7159
494
320
5843
14
239
9545
4253
5228
7022
9053
6616
4060
4088
4570
9662
1019
7415
4349
4770
2368
5061
2710
3778
8088
5406
8426
8346
5223
8880
7610
787
1479
2209
6275
8727
9950
547
6310
7752
246
3034
2710
3116
7136
7260
8678
8245
7904
473
7683
9860
9192
2828
9416
2280
5374
8432
8829
4600
6867
1520
2077
4918
4221
2050
3718
9181
1858
9105
3726
2
1105
9528
4044
1620
7177
3297
6974
5617
2997
3930
5345
2401
7785
5041
855
874
871
2123
5381
3198
5754
413
7353
5245
3174
6659
462
6156
7993
6349
6352
7289
534
7601
5368
6924
8625
7287
8842
2408
2978
5453
6903
3663
1277
3
8595
2761
6170
1145
7213
9373
381
760
105
7735
309
8409
2306
1535
1007
1373
6364
7627
5242
480
8197
1397
7151
3128
7227
4963
3403
5091
6695
653
7545
3498
5175
1593
3244
5562
2583
5748
5776
1237
6823
8508
3835
1321
8027
5092
7473
8966
3336
5757
6977
3669
7197
1285
2011
8307
2759
7175
9926
9887
9035
4801
8493
4140
9720
3351
5576
5146
2698
1843
2952
7483
1218
5933
3379
5622
9847
8808
4375
3051
3936
4419
5281
7285
4386
8779
4538
4910
293
5184
3049
4709
640
4952
4217
2288
153
1240
1092
1187
7665
4189
3165
5199
7507
8470
7826
1746
1535
7008
8663
7749
8597
8276
3174
4765
4528
6875
8518
2282
9455
6137
1388
6889
6400
1516
3998
9521
4887
723
5739
2611
9562
4958
7229
34
38
4412
9506
8246
6665
1417
568
5992
6857
393
6415
4064
2801
2392
4661
7173
7495
6590
5357
8235
2549
9610
1399
5622
658
3093
3
4016
2850
5605
5615
5342
4529
2378
4820
3865
6031
6023
8006
7612
4519
2112
4233
4443
1017
6153
212
2020
9961
6784
9926
61
3386
8892
9484
5133
6648
9232
1424
6813
4314
3328
6803
3723
487
7574
4283
8770
4526
2405
7795
3436
6334
3490
2762
6805
4954
1982
7737
2103
3466
7323
1178
3854
6810
6291
6404
1713
2470
3524
9719
5161
9110
6487
9779
8194
6608
4722
3061
6037
7448
3280
2394
459
