1555 6960180
569
2680
3851
825
3310
8545
5303
155
1947
4158
2720
7256
7809
9439
7920
3178
2047
5828
2924
6458
8704
6377
7302
7315
3875
6978
2547
5698
2663
4410
6719
7485
2048
9110
1735
6886
9588
355
2060
5391
5731
5860
4678
6273
8041
2441
356
6777
2054
1576
5548
6104
9337
1776
6983
2656
6863
8493
677
6376
6246
919
2338
4149
7357
677
854
758
6358
5888
8362
3555
1986
609
9921
3068
6381
5740
4537
7826
452
3193
9665
1891
2785
4111
9941
8706
5270
7767
5771
5934
1262
6309
484
3494
2584
8837
1868
4671
5124
4161
104
8250
5813
7521
2722
5150
4555
3850
8109
4459
1585
24
1886
8975
6835
1138
1136
812
5190
7224
6799
4121
2180
6160
5812
1679
7692
5229
8848
9288
2922
2259
7776
6783
7507
9690
5605
3876
5572
5753
5560
6172
644
5285
303
2952
9813
3694
2022
247
7276
3143
6479
6813
1080
9957
9449
1963
5050
7145
3921
4289
31
6195
3754
5401
3306
7768
8391
3458
1966
5961
4117
2108
6746
1695
4337
7966
8604
3487
6108
4037
2314
9208
827
9771
4537
2529
8852
1713
1844
6130
8185
6268
6618
2551
3301
2195
8609
5769
7558
9412
4096
5459
6200
507
9671
5671
5458
4148
3239
1062
1122
1411
5630
6300
8718
907
5952
7887
4873
3697
9951
913
1431
711
6011
2233
6517
2755
578
7245
1244
4739
7452
7304
8536
7456
7744
5645
4838
9745
2479
9323
8445
8887
3836
7417
9054
5014
5720
7400
5779
6017
1447
7852
6534
5937
8082
8159
517
5560
7819
231
7148
3245
2177
7289
9138
7298
1523
2679
3767
4963
7576
6509
5089
5179
3938
8522
1025
8078
4715
8765
4999
4600
2840
8474
485
5803
4427
3793
168
1540
1460
6573
3231
3928
484
6104
9704
7076
9337
7449
6382
9589
5461
9537
7580
3684
6937
3196
8755
4101
6320
8657
9773
2297
6533
9678
8332
1094
6601
8044
1059
2228
4708
586
561
6037
7495
5586
336
1436
5324
2873
8590
5214
6259
1354
1702
3313
4666
1387
9158
1883
7320
8140
9386
9246
1585
2901
1528
5743
4392
8988
3227
5520
4712
9088
8385
4035
5266
4072
3203
1640
9807
4729
5478
6916
1630
6633
1919
7078
5282
9193
4210
7027
5730
3987
2241
7942
606
2645
7586
1590
329
1123
824
6655
5329
669
1196
3362
2537
1320
7749
7703
1403
1567
610
5224
6179
4934
8399
8170
3031
894
8300
3684
200
4549
4670
5707
44
3848
7193
8178
8713
2515
7732
8655
8702
5153
4668
8484
1286
7982
7115
9478
9024
3739
7193
9368
4703
5700
1239
9332
3234
6161
5610
7509
5451
7253
8958
2990
6824
7922
6445
9218
5720
4141
7820
8125
3287
536
5323
4640
2492
3553
247
7945
3112
9494
3698
4582
168
7290
5353
2169
7266
1307
7202
5273
182
2240
3155
2047
1875
5868
8853
3271
1893
9090
7535
989
2611
7883
8641
3123
263
8101
6545
3843
6811
8445
5959
8446
2572
2482
2606
2664
2064
7956
3430
9258
6895
7527
9918
266
1241
2799
1972
6790
6364
8437
7314
5056
9611
2561
9734
2509
8343
9205
3908
805
2291
6528
2711
543
8942
2202
9384
5483
3753
9524
2667
4358
7003
187
2056
1782
4988
7924
1636
2007
4735
9467
1496
5361
8309
6205
6892
9191
3885
4315
7859
1229
314
4461
5364
1261
1185
6450
8716
5034
8873
8869
4599
7549
2024
8265
8060
3229
960
9740
7171
6690
40
2596
3668
8518
8243
6343
8721
8642
1765
6348
6047
2144
7637
9347
4720
8197
2666
1390
6216
738
6146
5295
9228
8912
8794
9671
5981
9723
7434
534
8878
5832
6811
5354
2037
9790
3320
1087
7459
7525
1098
1535
8112
2824
9922
7363
8014
3361
4207
8971
2944
8402
1155
8049
1318
3052
1465
1840
1429
2571
9221
1562
5402
1874
6380
8323
5920
4604
8038
1046
604
387
7360
4661
753
6040
178
916
5185
3205
4844
5954
2052
772
5051
6719
5326
4782
9693
732
7530
4606
3500
4769
1093
3226
7027
7262
4612
4742
3366
8645
3312
8843
8079
5944
9708
3100
6213
6813
481
2690
6365
7555
6481
4771
9706
7622
7337
5395
4341
1198
1721
5486
4718
3056
6787
1528
4104
5707
2552
4790
9261
3158
9547
6052
4005
5676
6667
5647
6835
719
1656
9709
8204
4016
8755
8449
6593
2590
4809
1441
9380
7553
1812
963
7283
4140
9867
6473
7925
729
4228
2874
7161
7444
8363
6869
3394
8617
2996
4242
3090
814
9617
69
7125
8116
3953
5449
7286
8220
7069
9285
6719
8683
3255
4976
1843
431
6026
7055
311
9323
7710
8621
8628
6168
1590
3075
8078
7840
7429
6907
7404
8731
5888
5165
3232
4564
8454
6078
5059
1001
2505
6098
9158
3693
8942
260
8532
6539
640
404
3056
9780
8126
4605
8827
9099
865
8627
5964
8964
3286
5879
1236
8080
8116
4960
6549
1947
9490
6761
9629
4576
9793
569
1268
5969
2825
9005
8049
3937
8198
3055
1319
4500
653
7318
9635
2835
574
6426
617
3850
5152
8330
9153
7287
4760
5311
8719
7327
7486
7009
413
9434
2988
8314
757
5896
5977
7473
3277
6149
3698
9518
79
5881
7577
4353
8966
2227
3416
9884
4579
4666
6834
4465
6621
1497
2699
4340
3131
8062
1793
2927
8188
125
4627
1621
3543
9229
3947
7067
5356
6258
3908
7955
9142
8712
4725
4095
4602
4419
6827
3769
1703
3642
6434
5665
6081
7987
4969
5607
3413
5536
5598
7933
9958
5807
6372
5336
5992
2398
1212
8317
8148
3592
3393
5162
5933
4735
6219
400
3673
9434
242
7846
4480
4181
7164
918
7108
8093
337
4795
2663
7751
1651
9239
4075
4485
8818
8044
639
872
9810
7784
703
3977
1926
7730
4645
9826
4628
6085
7875
7469
4302
9407
4224
4980
1238
9151
2360
1554
5310
8523
7439
7241
8804
5755
8219
5658
4935
9666
8843
5428
2450
879
7260
2984
8036
281
772
2739
9598
6487
3136
6509
3299
124
2996
1986
2212
107
119
5602
7576
1110
8670
3301
8859
419
4513
3594
6872
3443
7972
3561
9734
1803
1993
9838
6421
6878
9077
59
9592
1707
3788
7269
7873
9083
1018
5832
1126
8838
9872
2495
5052
424
3974
1249
48
97
3906
6804
7883
5141
67
4713
4804
1282
5379
4109
2038
2973
3408
7019
8077
2629
4409
9503
763
8149
7258
9236
9275
6472
2942
1633
9835
9588
2001
8007
2756
7582
3022
985
9956
6058
4637
3038
7532
8861
9225
8281
3752
2098
531
440
2136
427
3131
7671
6431
4745
3948
1107
2344
1994
2050
1583
2694
6923
2312
8909
6022
6330
3472
905
1674
1889
6778
482
2681
8540
1501
4545
7560
2794
8491
5785
6883
2254
6131
6321
4414
626
477
5630
7303
6576
6229
3320
4971
7016
6643
910
6593
3774
5781
6493
6449
4174
7165
7722
4303
2125
7463
2591
9050
1371
8948
5768
3633
4843
8206
2817
3150
4666
1977
5713
5606
2191
2066
4474
7108
9000
3228
3756
6675
3211
4367
3891
2398
1092
6147
1340
9701
2319
4309
1028
8846
3530
1208
802
1946
920
1788
3700
2257
8910
5539
6874
2338
8745
8328
3381
6432
3297
5400
4264
1872
5644
6958
1085
8112
2867
9948
7876
1888
8833
4221
3466
4704
6830
8432
2688
9079
8488
1361
1986
758
4051
5926
817
1372
4881
9320
5851
7961
3567
2517
8821
562
6961
9639
8121
6708
5701
8966
6967
6511
3518
5110
5200
9781
3906
8382
8306
9725
5643
2345
6405
5680
2710
2756
7419
130
7247
367
2327
8342
3856
4773
2056
2096
3565
2084
6773
2921
4941
756
562
9822
2136
1256
3120
4758
6992
4828
891
9124
7394
6639
5306
5859
9607
492
1623
7253
5037
8904
9126
6819
2442
4922
8036
2371
9430
3826
4557
5465
6415
661
2338
1337
1198
5756
4183
910
8515
3192
6573
9086
4834
5239
1797
7191
2587
2530
2255
5981
9369
2764
22
3948
6806
4697
9565
7076
3592
774
951
5603
1016
5575
5000
8169
7553
9239
5635
5228
9215
6939
6384
4410
5615
7611
9120
6341
6417
5739
2372
548
6139
2364
3609
6730
9637
7862
1496
3612
8939
4209
1618
9375
4301
3990
3259
2836
4766
8904
3111
7097
7127
3692
3273
8931
5300
3815
416
4918
5019
9142
5470
6543
9764
2700
9935
230
3088
8320
1526
3217
1048
1273
2828
9208
9308
2141
4369
9516
4461
4709
9884
2191
2053
3024
6326
2330
106
5881
2081
3509
7059
7812
9350
3299
7691
7963
1574
2312
8531
5692
2515
9973
5715
7035
9283
6105
5585
8933
6731
1651
7060
6834
922
2299
2103
5
1667
6333
3821
2963
2961
9023
2472
6669
5343
2373
8886
3900
4879
9477
9926
6553
3152
8232
6211
8708
1197
7601
4545
5779
989
6753
4081
2102
7001
2149
5868
1510
6632
5373
9381
501
4892
9669
4645
2114
6568
6581
6556
3270
3243
1091
5484
5384
9835
1321
1169
7692
8849
1619
9290
389
8331
1414
5699
4523
6115
9936
5822
1270
9154
6706
3990
5409
1446
6506
7613
4820
478
5824
3915
6423
9234
6079
9163
2975
7885
2718
1710
1454
5996
4458
5834
5827
778
3784
7822
1859
1719
1788
5202
9617
8162
3979
469
8281
965
7574
7723
6444
4323
2016
4563
6276
8689
5799
