-353707334 -353162260
999
74783195 75231310
-164087625 -163266884
-910371687 -909381904
-117490344 -117009530
-745991281 -745551532
-986402816 -985497729
-870568365 -870282932
-97203260 -97129141
-98364317 -97523292
76486659 77002085
80477821 81066283
-941933416 -941831301
-628976042 -628761013
-269105451 -268897898
-671607560 -670919243
-957422552 -957036565
-455695745 -455081400
-804559843 -803807115
-521081642 -520268802
-947220927 -946843868
-864198389 -863477097
-749305894 -749296163
-855344433 -854502005
-280546161 -279651839
69030583 69738400
-526398603 -526159675
-930780781 -930659588
-809042081 -808621178
-488319069 -488057415
-672435368 -671999832
-396194760 -395287021
-442950106 -442688814
-14575641 -14011467
-457580866 -457172695
-329325701 -328982237
-781827207 -781753829
-385601061 -385116196
41325243 41921684
-167649245 -166938533
-874884695 -874336695
-489751257 -489569775
-852766094 -852469386
-638218250 -638022514
-74469264 -74036409
-191609504 -191078175
-868453103 -867474095
78976918 79148669
-385438271 -384485529
-442458914 -441481722
-451155917 -451067513
-489406164 -489088248
97303175 98246106
48729387 48905578
-402669141 -402498119
-417226633 -416814411
-748417519 -748289224
-150232941 -149466546
26094692 26331536
-445761219 -445134023
-695348886 -695108263
90267416 90421039
-273425446 -273163412
-330004373 -329020816
-217301750 -216476728
-589008932 -588807826
-174195706 -173460017
-234943679 -234846614
-507688870 -507427646
-78651048 -78323709
52563670 53561466
-51684652 -51277472
-228410909 -227506825
-476102951 -475947283
-606010155 -605802794
-382057938 -381613562
-277440156 -277039556
-941168019 -941146565
-218659840 -218281167
-811946963 -811630297
-542915204 -542154981
-93687917 -93442280
-566579574 -565637590
-791055381 -790212384
-692951558 -691958742
-698217120 -697563131
-45413899 -45029267
-449085794 -449078322
-279196898 -278444384
-25398158 -24588292
-818552871 -817604842
-68054700 -67059294
-373815406 -373431140
-391490814 -390804223
-640699403 -640445921
-629201058 -628346702
-947425215 -946603901
-380217142 -380204532
-295092391 -294849187
-744622188 -743815787
-17230739 -16666526
68674591 68903607
-991280128 -990475797
50362117 50920030
-271067241 -270628879
-706173197 -706141009
89836028 90108934
-581799617 -581620279
-961424897 -961151438
-648753339 -648404462
-165620782 -164748729
-165483122 -164698585
-320034517 -319131303
-712043975 -711853698
-74435712 -74333607
-18393960 -17574069
53221017 53723273
-878492894 -878340220
-896482972 -895784072
-941167398 -940873768
-494228825 -493520414
-782362695 -782218097
-208482514 -207648788
-683373526 -682426100
-803453017 -802645702
-449760671 -449609906
-329517650 -329213302
-37737523 -37430366
-880750507 -880289048
-189327840 -188859079
-10673047 -10381566
-889014326 -888544160
-413775987 -413328602
-60050513 -59631316
-300638184 -300139185
-902394140 -902024046
-241525676 -241010251
-772513971 -771909891
-363433729 -363417860
-805662396 -805006730
-622615556 -622565560
-259871732 -259665656
-957312209 -956914360
-146129795 -145270486
-220874639 -219901983
-766168232 -765730021
-777397000 -777110165
-679030344 -678231761
-512221895 -511732712
-42313141 -41957578
-815872666 -815240549
-188835046 -188682325
-890404887 -889732814
-260827212 -260128823
-100679777 -99918341
-98472085 -98119849
-816885641 -816750625
-343819730 -342942758
-915874827 -915806072
-414420104 -413921210
-894737812 -894099511
-4704679 -4207850
-946885996 -946818444
-754629756 -753832610
14582178 15320696
-715667301 -714978425
-836957881 -836136138
-680473350 -679952483
-688496796 -688334111
-705481251 -704722814
-913030741 -912749006
-195929568 -195278255
-965418682 -965323814
-157327013 -156957906
-102317823 -101872478
-119629550 -118693171
-742929569 -742880352
-419527913 -418877674
-536953148 -536647228
-997780119 -997254266
-380374977 -379966608
-476028147 -475076346
-164320295 -163882621
71163625 72117400
-815996812 -815088138
-164642697 -164098248
-384758536 -384179666
-887182044 -886782649
-464047023 -463952150
-834585402 -834362515
-98249157 -97914657
-871881739 -871013366
-545984895 -545439296
-775977796 -775518787
-972003423 -971202030
-484545340 -484312362
89084804 89439774
-176697450 -176508429
-109680993 -109065565
-852062488 -851566773
-493133966 -492740001
-381604841 -380940110
-811162293 -811136673
-754620935 -754437037
-260398680 -260178408
-538964333 -538090834
-592226211 -592112872
-902685228 -902281659
-73268942 -72372467
-777479770 -776910726
22420176 22649757
-205637538 -205445892
-446403758 -445618300
-962640614 -962362894
12741980 13213742
-929619976 -929405996
-748886152 -748875583
-248560984 -248387887
-311111949 -310247714
-552039303 -551587534
-132013 785507
-299283597 -299270291
50783108 51580646
-459583226 -458879596
-766472869 -765618493
-545764996 -545615616
-829745956 -829269479
-419921352 -419689705
-232924130 -231952997
63410344 64256921
-327782942 -326811589
-823516988 -822652140
-726993364 -726954085
-217368149 -216646582
-677683191 -677049252
46411588 47369636
-292885901 -291936084
-462607373 -461966092
-364701112 -364149485
-428097006 -427464256
-450546412 -450198322
-264273862 -263440607
-879070964 -878582757
-768550342 -768481398
-13561346 -13068061
-174497752 -174336729
-914427581 -913788441
-927312235 -926416567
-33985534 -33507955
-490661555 -490059566
-633814903 -632914303
-542098951 -541786689
-225707760 -225227391
-886057756 -885432630
-751239589 -751169151
-993236717 -992254016
-534823092 -534275810
-28436581 -28099868
-960542558 -959782926
-425173410 -424760271
92364366 92473610
-555900928 -555182088
-445499177 -444624671
99846565 100696043
-437673134 -437240328
-513838517 -513528381
-793846485 -793226928
-31255392 -30894093
-508119687 -507209859
-502201026 -501397480
-588168342 -588061586
-615683735 -615680372
-646773394 -646155412
-758606227 -757751263
-723299891 -722646705
-841679393 -841440908
-50043071 -49720623
-994246756 -994037832
-130499264 -129750783
-668853674 -668817765
-151000520 -150854739
-707301217 -706407479
46170549 46624036
30789011 31055240
-308468472 -308012433
-432958527 -432115637
-8032005 -7508773
-10322864 -10038717
-260216272 -259716298
-461436307 -461094787
-610162445 -609248678
-786141726 -786000436
14939841 15919775
64798376 65532182
-641219144 -640747661
-645342000 -645073018
-786015581 -785685209
-888888384 -888599377
-566800591 -566503018
31625838 32308969
-606605465 -606377815
91274763 91698718
-584637823 -584271710
92320881 92510137
80356815 80654878
-769676127 -769456204
-762008930 -761739012
-359819856 -359088568
-277700149 -277413123
-583548212 -582866991
-641394132 -641055838
-386387040 -385505214
-863704157 -863114474
-12754621 -12088778
-968415481 -967933245
-163660728 -163217073
-880193192 -879436268
89094749 89463751
-422802872 -422061964
5950743 5969342
-572332748 -571446794
-670901970 -670024897
-187116609 -186883312
4501504 5452668
-988435600 -988200941
-48829349 -48020966
-98885652 -98336211
-853888862 -853403159
-925249693 -924474691
-4398605 -3937899
-823725126 -823260386
-104880245 -104386786
23678573 23963311
-780118102 -779515279
-555963122 -555254985
-472536081 -471761755
-384383872 -383566323
-406208870 -405695918
-211508052 -211352063
-15821405 -15748055
-384378305 -383540859
-832029134 -831788125
10515081 10817657
-432527387 -431556907
-526591660 -526582367
-365862435 -365216609
-30647711 -30554678
51905445 52305199
-827510777 -826516588
-892879445 -892112341
-26492565 -26278351
-602710300 -602615817
-123576194 -123282752
99277445 100197129
-65310753 -64478930
-558484891 -557782201
-261336399 -260633600
-877094570 -876387481
-891416970 -890514141
-719732727 -719522192
-287336766 -286805314
-409908336 -409570546
-98358865 -97694201
-132906338 -132541162
56079883 56346522
-576637926 -575694533
-509335394 -508453615
-24062449 -23916704
-904866601 -904557358
-842576132 -842539796
-271798210 -270951190
5410124 5436207
-168010357 -167958944
-901708421 -901214208
24866496 24963082
-876362924 -876356926
-674371900 -673385482
-505227372 -504274443
-644515159 -644303809
-966728612 -966471225
-144370790 -143754157
-621118707 -620643141
-650438348 -650145688
-615542592 -615194315
-102345586 -101764520
-456314963 -455529020
-773799182 -773693736
-541552458 -541339123
9247038 10142219
-357111270 -356433607
-104816405 -104007355
-950709624 -950416555
-484871351 -484120888
-763566590 -762612252
-419958597 -419723085
-76942949 -76309634
-23783034 -23530273
-902974995 -902828500
-607791310 -607499869
-859764201 -859249431
-252566794 -251891562
-779336897 -778737145
-816312170 -815791013
-558868384 -558073366
-933894264 -933300389
-654939248 -654501274
-83048632 -82736294
-872712135 -872000178
-754716473 -754681901
-803017430 -802034427
-702026089 -701936697
59728688 59754032
-261408126 -260774887
-582977497 -582882523
-887201659 -886860572
-151411075 -150511170
-980286007 -980094911
-412366601 -411621609
-380568903 -380020525
-152671805 -152274531
-576710869 -575816067
-799357281 -799173182
-805744339 -804758151
-563922845 -562935735
-619661894 -618949191
-549763521 -549249805
-635740396 -635450147
-242804747 -242254602
-388339659 -388226209
-688355277 -687686240
-168713341 -168053705
-245908598 -245689607
-531054464 -530328266
-941900931 -941078245
44622194 44719791
-309944032 -309754557
-498846328 -498146689
-853600718 -853412405
24382405 25296964
-824432485 -824258980
-555784 179112
37703267 38051119
-620630536 -620205438
-708665809 -707937368
-744794402 -744679612
-897929848 -897613612
-446525167 -446129565
-115372209 -114705108
-200880152 -200607629
-493764684 -493191438
-574915894 -574758447
-229004339 -228080769
-498239262 -498187031
-87647 319146
-575048675 -574870558
-648010659 -647643792
-469324870 -468417351
-826310486 -826040346
-527268842 -527017385
-573137322 -572440210
-172527204 -171927012
-447284693 -446442571
-110955525 -109965051
-477869253 -477165808
-743611037 -743515367
72576815 73539702
-856730793 -856219840
-931187642 -930227181
-108992027 -108194226
-661493430 -661300356
-548593135 -548424968
-341592217 -341257890
3815877 4631387
-45345297 -44676433
2804489 3342814
881187 1512334
-295766885 -295378373
-179934987 -179659143
-518571142 -517649171
-500356703 -500177752
-167189823 -166585182
-830071125 -829420110
-240819274 -240224717
-467723706 -467596066
-200756176 -199851562
-514479861 -514151205
-74624817 -73895724
-998129139 -997451681
-765436096 -765047987
72983942 73903297
-697254342 -696279145
-695303454 -694546585
14432291 15285951
-106299060 -105720225
-57499602 -56784916
-258248073 -258161020
-776408372 -775524601
-733395646 -732783977
-185018766 -184396425
-261960091 -261597779
-86787985 -86510579
-451679236 -451077917
-429810970 -429104118
-160995487 -160685731
-638210084 -637278385
-780691809 -780628339
-944149902 -943499781
-154320256 -153824312
26683732 26833209
-371148974 -370987757
-747402392 -746541749
-32504178 -32473776
-896240269 -895793843
-231779062 -231641493
-875021555 -874530693
-278468257 -278178114
-345673368 -345049373
-716043021 -715955482
-25132634 -24486333
-872287365 -871346055
-474948040 -474581352
98167391 98810914
-932173890 -931994199
-913769636 -913096435
-949650975 -949009493
-792288731 -791985261
-146229571 -146045780
-288291304 -287927757
-435322424 -434334962
-572356596 -571828866
-85876426 -85529094
-704268072 -704045821
52091579 52576943
-811074662 -810574369
-816392326 -815613087
-773402250 -772705643
-848835733 -848336523
-689392597 -688576036
-341185818 -341162975
-490024047 -489642684
-571069248 -570400358
-964963302 -964048787
-118849427 -118020463
-154616192 -153784910
-984794897 -984140085
-363627646 -363355116
-359256964 -358326838
-789965412 -789750763
-788580242 -787731967
-384217555 -383497665
-397890119 -397069227
-149277428 -149016722
-404790797 -403842985
-262009446 -261028450
-555500083 -555167466
-146633946 -145873604
-749567382 -749420706
-638895312 -638307647
-197513487 -197465435
-374546127 -374545235
-883577224 -883455984
-496057462 -495255046
-575431686 -574746877
-760823932 -760305789
72591985 72756972
-205565136 -204631110
-419100648 -418654988
-509980036 -509448641
-543447453 -543335945
-822009410 -821299659
-402507803 -401881428
28746898 29291535
-133727297 -133392225
-52579865 -51827191
-325858526 -325326118
-13265280 -12759224
-428370890 -428059710
-626107403 -625302421
-831009977 -830975005
-546436179 -546148426
55921405 56821375
-16485387 -15561072
-354184520 -353592803
-720782969 -719876348
-625612312 -624983010
-682025995 -681266686
-152378973 -151682864
-740534670 -740288897
-81621153 -80644634
-946422080 -945649579
-64992346 -64172662
-169502239 -168907884
-267362290 -266773566
-54113492 -53802234
65460011 65743712
-558681616 -557824579
-756795269 -756336808
4318774 4812849
-432654653 -431658724
-895047075 -894584883
-22269957 -21397312
-290178124 -289635404
92138265 92995286
-803640340 -803054212
-746605393 -746556653
-848435822 -847481399
-166881414 -165973020
-408652860 -407999641
-510247658 -509869418
-809834373 -809019267
-274740188 -274485798
-66005265 -65351945
-852250090 -851273476
-991920211 -991239646
-338777423 -338626053
26595970 27486805
-133518808 -132830830
-424406125 -424357592
-475582675 -474996164
-909864801 -909063547
-742109728 -741864696
-452272416 -452123198
-196301175 -196233948
-367955980 -367304274
-808053333 -807686819
-505519931 -504812952
-335848238 -334932978
-57985625 -57348331
-802301371 -801877941
-40400448 -39871026
-942678982 -941709183
-747883974 -747115275
-626069271 -625303135
-201084187 -200917240
-211569822 -210710305
-344151351 -343312526
-144717962 -144226244
-760434930 -760008252
58137940 58967752
-517937569 -517647514
95847078 96133186
-64015592 -63912891
-687135249 -686167517
-758072877 -757843642
-602713729 -601838816
-478547312 -477786826
-392205929 -391556902
42555860 43044298
71028656 71909432
-813539882 -812643819
-890237467 -890210265
-43586371 -42675202
-401846703 -401819043
-473891539 -473065142
-18521175 -17555329
-671448940 -670504652
-833951926 -833919102
-906286154 -906212401
-999862955 -999308866
-223523282 -222778589
-542329445 -541474293
-175408523 -174467630
-94250661 -93399072
-220726263 -220382184
-581278048 -580324155
-246773482 -245903539
-458135811 -457842450
-590553371 -589869040
-610691247 -610431839
-95315155 -94536699
-767532703 -766683868
97738487 97958656
-386652939 -386177296
40489105 40561412
-715202362 -714569916
-884526897 -884340694
52535394 52965464
-143121082 -142455646
-227514825 -226901194
-386794871 -386286728
-962698799 -961766507
-822241327 -821807453
-194466822 -194392498
-247980093 -247598260
-198470512 -197851620
-853271979 -852311792
-578007880 -577790382
-502557627 -502436610
-369394715 -368418848
-611005226 -610250771
-417312055 -416795905
-581849502 -581662003
-165126294 -164687514
-601103796 -600784476
64596352 65131860
-423190505 -422383662
-774027361 -773453328
-747996632 -747382628
-599262235 -599086496
-690016082 -689882174
-573182353 -572298521
-71488197 -70701511
-22355516 -21956712
-295868994 -294918315
-871397800 -870561810
-246853981 -246328185
-459057991 -458262855
-416498146 -415506211
-947997086 -947986124
-648872324 -648720344
-264469971 -264209956
-826981512 -825999546
-290042399 -289072004
-330787672 -330687839
-859040692 -858866404
-758776068 -758447874
-190962341 -190698870
-450416810 -450327252
-545888349 -544912393
-208210583 -208036628
-998348410 -997939996
-579093066 -578480106
-536293105 -535994764
-601617316 -600875830
-344552297 -344473783
-180342375 -180093375
-358892424 -358021878
-215256788 -214526881
-362497409 -362437303
-890303887 -889943552
-597220842 -596351424
-274171103 -273424069
-334456732 -333839164
-388329660 -387379636
-393061931 -392316797
-472148691 -471239618
-798040285 -797928813
-308766782 -308471785
-740775498 -740593185
-788563758 -787902230
-934728785 -934036283
-736716556 -735850236
-531967433 -531545057
-773701017 -773175527
-226120186 -225188426
-949389396 -948428666
-211320617 -210742862
-882521998 -882138984
33370003 34045012
-449120876 -448867296
-776965613 -776899737
-416124726 -415915070
75760448 76725939
-711418741 -711167688
-418828682 -418190198
-636629295 -635783969
-936649248 -936063643
-944971606 -944148767
-757389622 -756785543
-122510528 -122452712
-617509172 -616949922
-356392922 -355614439
-240915943 -240494570
-690068439 -689265940
-644877493 -644482727
-148643768 -147852295
-217199200 -216220915
-35053920 -34539549
-739128300 -738863556
-34540134 -34369652
-794705355 -794091802
-830243691 -830020414
60355664 60826896
-751773734 -751744167
-809175331 -808672902
-476208458 -476023519
-613184360 -612434695
-652826269 -652769248
-282875869 -282875029
-664684196 -664225898
-7477175 -7444818
-946519873 -946098620
-689001075 -688637795
-995243378 -994624872
-691005338 -690192006
-16938376 -16385469
-763010126 -762949183
56378375 57167079
-734404751 -734342091
-330110032 -329279577
-630045554 -629129072
-920679838 -920210341
-252940112 -252764124
-699545528 -699487185
-414510652 -414001433
57343723 57854785
-644507095 -644275096
-276904108 -276631188
-668441034 -667495055
-270187809 -269694499
-189581010 -188889327
-897888219 -897293272
-337813768 -337212529
-907952306 -907532865
-242162667 -241961412
-275907298 -275794027
-62998527 -62895547
-655146981 -654617770
-65521157 -64871656
-477998219 -477457163
-101802125 -101226455
-23070040 -22880837
72325644 72872064
-740862985 -740117496
-455513344 -454978487
-118074065 -117427777
30189208 30879906
-854794256 -853903666
-850409778 -849593539
-91931998 -91224285
-303130418 -302723972
-839057779 -838206602
-493443112 -493257209
-493208862 -492316497
-240030217 -239352411
-773428173 -773303107
-302230144 -302157031
-950249234 -949397974
-328517825 -328405842
-92941650 -92283195
-16008946 -15512897
-624192762 -623650834
-991690453 -990761232
-291926616 -291635532
-963618352 -963449838
-228746188 -228050674
-804989697 -804568521
-963070440 -962907281
-774710207 -774155228
-549959757 -549595440
-960126102 -959322016
-299795280 -298816504
27355484 27490729
-820847775 -820233354
-54147471 -53285668
-724043468 -723314506
71016676 71470496
23007982 23834282
-86215596 -86110405
-671560643 -670730284
-212488290 -212464182
-521992138 -521407937
-778277410 -778127822
-779384419 -778667451
-208527110 -208011746
-283146813 -282256028
-240927955 -240107557
-349762972 -349650245
-791913099 -791399444
-695439937 -694832715
-935591340 -934679771
-273380898 -273203527
-243972098 -243684566
-771708438 -771325535
15092744 15739340
71819662 72129216
-796176521 -795709695
-512581477 -512004269
-116953270 -116198222
-932629607 -932125446
-141216372 -140772760
-121503566 -121499920
-184933057 -184908281
-209890876 -209315983
-546616042 -546266307
-183245805 -182527624
-110723811 -110091620
-490216648 -489271524
-786245178 -785821760
-330246466 -330118819
-216388850 -215505715
-731012586 -730283158
-562025165 -561460428
-41068016 -40673216
-891267154 -890475823
-264378663 -264221298
-539420642 -538916227
-696449407 -696402842
25449033 25727665
-593550290 -593255287
-23385072 -23199968
-650483324 -650119565
-173028760 -172768335
-402496980 -402365406
214993 771463
-174296065 -174153207
-193749991 -193495605
-628308070 -627857448
-606715543 -606620602
-262716770 -262359889
-682073276 -681289011
-582962307 -582868673
-468248632 -467780510
16370444 16522805
-317526444 -317095091
-401161194 -400324842
-329852092 -329806093
-58769051 -57788222
-459843429 -459209134
54047230 54141287
-984421318 -984171116
-503232067 -502377797
-984431958 -984081793
78931266 79295189
-267164598 -266534779
-417816373 -417393062
-539334734 -538481563
-289419979 -288449747
-225771558 -225563125
-855667520 -855112941
-607724842 -607061295
-812574774 -812513563
-62417487 -61936362
-490112919 -489361411
-939069221 -938611239
-893630220 -893056392
-437993200 -437789972
-656580994 -656306984
-606937417 -606053556
-417048186 -416160444
-219729005 -219098793
-786351135 -786260009
-232577996 -232063030
-565679881 -565039551
56952015 57642460
-349840186 -349567845
-32469240 -32344417
-585397131 -584692301
-155251990 -154968589
-780505842 -780345566
-482466040 -481642694
-770820537 -769865013
-471622145 -470725482
-667797083 -667229586
-98830981 -98470064
-439618844 -439560862
-447175624 -446371719
-723354279 -722643821
-664787444 -664163763
-388107159 -387950332
-994287297 -994100767
-159118214 -158768028
-808605498 -807871245
-558038072 -557354159
-21099267 -20947345
-537172874 -536580186
-131648481 -131579877
-525390318 -524908318
-495626910 -495516080
-449942997 -449709503
-534049973 -533437887
50933655 51728626
-222732688 -222490048
-527438315 -527168723
-288541451 -288538822
-798879920 -798514337
-167085721 -167077685
-751074803 -750435330
-264164261 -263576312
-613354889 -612976267
-782732166 -781874834
-258357382 -257584946
-759471098 -759141602
-286250964 -285519525
-948771210 -948488258
-861120773 -860243084
-59236349 -59111912
-690472314 -689706213
-620930121 -620151994
-111706613 -111520046
-557707359 -557091963
-667834074 -667233368
11858645 12618933
-895054289 -894519078
-466201784 -465965662
-373575071 -372850492
-707715650 -707670960
3756288 3982457
-891854221 -890962766
17174336 17623540
-480646137 -480447070
-176004846 -175674451
-805300837 -804533128
-286694486 -285711982
-797292578 -796471118
67570523 67988854
-570056919 -569578888
-838583058 -838134157
-167034993 -166407856
-409320204 -408767543
