1708
821203940 3
217937975 2
289453681 3
876222812 3
859958463 1
5255443 2
28976726 200000
594351562 200541
942424819 201082
365421327 201623
422548133 202164
473226154 202705
52786228 203246
892096383 203787
693715364 204328
547603801 204869
620743421 205410
536129938 205951
595736027 206492
415890972 207033
221033752 207574
265046810 208115
496725480 208656
7697709 209197
889589097 209738
98423074 200276
294430417 200817
580131294 201358
198671013 201899
966548299 202440
169102719 202981
19874952 203522
37002625 204063
458556400 204604
748614115 205145
896961087 205686
316328194 206227
630107193 206768
491312649 207309
111269364 207850
848044871 208391
766377133 208932
437011869 209473
900831098 200011
658473516 200552
130727233 201093
300951250 201634
131733288 202175
519373522 202716
749203628 203257
547624259 203798
740407273 204339
14250437 204880
44349738 205421
748104981 205962
903839534 206503
142772812 207044
895051749 207585
336487179 208126
193960176 208667
714116400 209208
505589898 209749
66351480 200287
751119024 200828
964146297 201369
667481946 201910
648080111 202451
132990842 202992
150105490 203533
991909111 204074
96776558 204615
998150360 205156
758286243 205697
533788426 206238
751497809 206779
269276110 207320
517032010 207861
52449058 208402
253525749 208943
36405531 209484
654169037 200022
801150008 200563
629329155 201104
668419474 201645
698016097 202186
229950488 202727
424775359 203268
693305260 203809
125002236 204350
761262537 204891
739781788 205432
839118635 205973
119368786 206514
806133267 207055
442754011 207596
83515082 208137
326131564 208678
90834121 209219
69022276 209760
476237054 200298
935259583 200839
165798833 201380
474387413 201921
546062177 202462
699587258 203003
78401574 203544
815338287 204085
69135620 204626
130850631 205167
68864035 205708
105541150 206249
637536020 206790
722530394 207331
734870305 207872
158471845 208413
273062843 208954
964820792 209495
583247203 200033
818884454 200574
942339379 201115
197026091 201656
558666241 202197
633974366 202738
316394877 203279
217315859 203820
76728376 204361
252426310 204902
543447423 205443
20078848 205984
173964937 206525
19684476 207066
955338430 207607
339763769 208148
346588240 208689
353916958 209230
891867379 209771
424989813 200309
21771596 200850
961002998 201391
408356796 201932
90635631 202473
66544147 203014
45892815 203555
665682376 204096
653930803 204637
56881011 205178
791261570 205719
471267946 206260
640128213 206801
610146024 207342
266123677 207883
689670655 208424
21328616 208965
900098042 209506
6065531 200044
91160827 200585
976826417 201126
111008193 201667
634608249 202208
849421616 202749
284973129 203290
506809076 203831
657276397 204372
477253250 204913
705913667 205454
11193354 205995
369120628 206536
130903480 207077
32964950 207618
182639977 208159
391776627 208700
976116932 209241
101700475 209782
290185793 200320
494315659 200861
755631278 201402
347066803 201943
285577229 202484
79415575 203025
839711367 203566
748239604 204107
345539251 204648
529382021 205189
769568219 205730
98153644 206271
387963904 206812
860729045 207353
74980060 207894
351488448 208435
347853645 208976
776918027 209517
636461576 200055
707179072 200596
434194423 201137
113714825 201678
413092739 202219
297904129 202760
335351804 203301
396512570 203842
330869078 204383
517991780 204924
640805548 205465
159502361 206006
619692255 206547
930991340 207088
653818019 207629
227839884 208170
130574494 208711
939395247 209252
159771810 209793
970285860 200331
540151202 200872
505311061 201413
352184232 201954
162235773 202495
603464704 203036
592664487 203577
22964817 204118
530961116 204659
944152934 205200
223334814 205741
160395494 206282
433130862 206823
930513885 207364
594589917 207905
399362038 208446
196122975 208987
892494045 209528
734713842 200066
445151896 200607
75879474 201148
105221973 201689
85957443 202230
235381834 202771
577430579 203312
869465134 203853
889199852 204394
805270462 204935
39627 205476
681111451 206017
965042272 206558
822841838 207099
73779004 207640
322869684 208181
27542422 208722
236014776 209263
778850739 209804
620206908 200342
111495945 200883
162328206 201424
416876194 201965
334830758 202506
322723700 203047
850007055 203588
117860994 204129
917313616 204670
249369092 205211
166500321 205752
662324012 206293
836599285 206834
611652216 207375
590719837 207916
941821258 208457
697609659 208998
826101670 209539
371768188 200077
419591144 200618
567817873 201159
29555002 201700
272147123 202241
101445675 202782
994597273 203323
94988960 203864
175224679 204405
169983308 204946
975047733 205487
411239454 206028
948834046 206569
447770993 207110
522735398 207651
111162252 208192
864647186 208733
710082507 209274
286402303 209815
714654240 200353
827943501 200894
56232270 201435
816539683 201976
994443821 202517
718556281 203058
653138968 203599
458612388 204140
161792469 204681
447476577 205222
8738398 205763
987894138 206304
819244764 206845
428329542 207386
408228362 207927
848799765 208468
700476664 209009
362190389 209550
695913389 200088
647981975 200629
537415067 201170
718413048 201711
623029708 202252
801170872 202793
519763446 203334
70800700 203875
176422622 204416
483442049 204957
787964237 205498
886505128 206039
769844351 206580
355134828 207121
566964980 207662
826076620 208203
171674510 208744
413925152 209285
397149252 209826
677329829 200364
872537540 200905
558941720 201446
124806405 201987
881275937 202528
399352209 203069
796567521 203610
309605478 204151
807580570 204692
497883637 205233
10082141 205774
22287310 206315
46313378 206856
510580468 207397
559702376 207938
764726425 208479
133610175 209020
213389600 209561
137006222 200099
56927226 200640
389812221 201181
620448270 201722
697407814 202263
276317348 202804
390292620 203345
52542641 203886
843282328 204427
68885591 204968
76733502 205509
109723831 206050
466034842 206591
754063331 207132
982261370 207673
24976561 208214
731386087 208755
863537307 209296
424328769 209837
380469959 200375
25659136 200916
84425691 201457
878353596 201998
888257629 202539
106713000 203080
777183325 203621
398838096 204162
518931728 204703
394426101 205244
384964622 205785
732321327 206326
531432323 206867
294408199 207408
122133547 207949
151880592 208490
991816012 209031
250967246 209572
394689564 200110
896875004 200651
94249573 201192
463575154 201733
973608505 202274
56489756 202815
929609996 203356
727671835 203897
38751125 204438
954586556 204979
311574274 205520
754804783 206061
231431677 206602
692044232 207143
780463919 207684
168373719 208225
422914179 208766
521237899 209307
275086718 209848
200097503 200386
920075994 200927
794018445 201468
594523604 202009
157556967 202550
378856123 203091
125955926 203632
304481517 204173
500989669 204714
130352869 205255
148813880 205796
751956915 206337
525042432 206878
45688883 207419
698722839 207960
988617586 208501
19297387 209042
755212594 209583
770743933 200121
599485574 200662
646480071 201203
577846840 201744
911059847 202285
401284853 202826
809278516 203367
455620430 203908
34265123 204449
977652234 204990
878534609 205531
555503021 206072
105255304 206613
78632111 207154
328095366 207695
751790100 208236
525672066 208777
338168684 209318
130646223 209859
504144343 200397
642650200 200938
484152243 201479
487013564 202020
791464079 202561
88625509 203102
12055995 203643
837152961 204184
787348348 204725
853189932 205266
708966700 205807
395077293 206348
476450216 206889
160968625 207430
41557363 207971
54297056 208512
924544823 209053
295358568 209594
716091923 200132
380165252 200673
182140042 201214
546260509 201755
111216212 202296
737643063 202837
651515812 203378
42364675 203919
918254780 204460
255822263 205001
568036740 205542
256423464 206083
386468485 206624
924697435 207165
899073663 207706
870620728 208247
411710998 208788
543054094 209329
959246236 209870
276283344 200408
232723406 200949
599110935 201490
981989628 202031
941690105 202572
846704580 203113
458439843 203654
955175081 204195
740778294 204736
365253250 205277
879719903 205818
36136861 206359
81345173 206900
112401507 207441
70793255 207982
627605681 208523
223617718 209064
808436317 209605
131637844 200143
265982392 200684
579207448 201225
387460106 201766
686535484 202307
835630911 202848
626444943 203389
611232918 203930
587220926 204471
349582022 205012
875460267 205553
130275019 206094
161344609 206635
4259962 207176
215514776 207717
760455544 208258
986249589 208799
9721233 209340
459676475 209881
297205784 200419
964896313 200960
200454768 201501
662459033 202042
697132568 202583
89107981 203124
743804205 203665
809534074 204206
159901235 204747
223926237 205288
885668143 205829
820853903 206370
208080432 206911
4166887 207452
400061350 207993
595540538 208534
690702370 209075
88208613 209616
74501832 200154
154451639 200695
527945890 201236
424083853 201777
29911905 202318
510737260 202859
585428461 203400
34171866 203941
726252035 204482
198400356 205023
20421455 205564
735973267 206105
658076830 206646
170143590 207187
700869580 207728
858531598 208269
832602622 208810
250518499 209351
800155930 209892
428923179 200430
60052572 200971
960057164 201512
652849415 202053
798237066 202594
633427418 203135
860929847 203676
802403952 204217
33488767 204758
308986736 205299
493106321 205840
974213731 206381
383488567 206922
647557959 207463
502159620 208004
807572419 208545
529986215 209086
12896879 209627
245517231 200165
564158081 200706
591665266 201247
443917587 201788
437095887 202329
327638532 202870
101994416 203411
607239476 203952
881024463 204493
813042365 205034
292358449 205575
131542961 206116
613198294 206657
721281627 207198
44111884 207739
425771809 208280
226647394 208821
842348950 209362
59199226 209903
87577240 200441
497269253 200982
945204345 201523
249080327 202064
990375574 202605
771934427 203146
485085245 203687
490449884 204228
126610399 204769
145174015 205310
20436099 205851
139507277 206392
390691245 206933
437110531 207474
583688894 208015
834608831 208556
726722769 209097
911327426 209638
936603247 200176
186478596 200717
644868240 201258
602161963 201799
478837044 202340
776411201 202881
67876609 203422
200118671 203963
673039436 204504
493648417 205045
426766064 205586
367904737 206127
405363995 206668
366859655 207209
865173990 207750
203084691 208291
468456333 208832
708065915 209373
975019117 209914
953541577 200452
51032150 200993
101629515 201534
98715591 202075
71468248 202616
93653144 203157
489406835 203698
361095130 204239
529858389 204780
176532018 205321
87817898 205862
293702166 206403
113135264 206944
126812845 207485
938570406 208026
567813578 208567
605649889 209108
567497958 209649
635690186 200187
805768559 200728
240537393 201269
129338603 201810
85050974 202351
608442130 202892
387218949 203433
304426980 203974
326132471 204515
442819991 205056
772883312 205597
34198385 206138
270355459 206679
726424888 207220
85230534 207761
224501326 208302
677656830 208843
9215134 209384
170670821 209925
19580016 200463
222826615 201004
700529209 201545
196112033 202086
163160865 202627
994231375 203168
161763648 203709
289973709 204250
932801780 204791
729577226 205332
895623597 205873
352816089 206414
365267411 206955
553908507 207496
593353481 208037
347122365 208578
638959480 209119
54311962 209660
586857665 200198
943386459 200739
380444432 201280
29677655 201821
568786122 202362
267159168 202903
300033114 203444
147727361 203985
352389702 204526
524534439 205067
825384190 205608
214121187 206149
695205259 206690
844964206 207231
436947801 207772
248250819 208313
41076238 208854
600108665 209395
242482193 209936
202839886 200474
890082374 201015
27800324 201556
932417111 202097
785705970 202638
380616412 203179
150200873 203720
192130829 204261
826486245 204802
349839590 205343
831090308 205884
880798206 206425
936697254 206966
626993119 207507
113758990 208048
966374909 208589
48295592 209130
380918157 209671
118924374 200209
196022953 200750
585824210 201291
495975164 201832
21407142 202373
799945396 202914
43696774 203455
866371347 203996
236893197 204537
291947592 205078
759963937 205619
837001861 206160
534429785 206701
962803822 207242
579600586 207783
414746460 208324
747737284 208865
217822908 209406
795362872 209947
750454508 200485
409953736 201026
474365468 201567
100294097 202108
93560395 202649
207680025 203190
36991351 203731
720553513 204272
321439014 204813
855882611 205354
768849105 205895
554873523 206436
827323336 206977
964872057 207518
140697732 208059
323298499 208600
838795550 209141
940643128 209682
366995272 200220
557683249 200761
30052676 201302
658942863 201843
317647185 202384
719570888 202925
45888999 203466
132967358 204007
299171474 204548
460635459 205089
733220993 205630
516994381 206171
108514682 206712
483675500 207253
926948116 207794
582880149 208335
436485949 208876
20508510 209417
790560173 209958
325993651 200496
593578375 201037
964515539 201578
34392613 202119
214943831 202660
519389061 203201
861715948 203742
32332239 204283
512603144 204824
37530798 205365
871127788 205906
305762623 206447
404526069 206988
281327388 207529
335815298 208070
915985283 208611
598974572 209152
55386186 209693
961874282 200231
584458281 200772
207074011 201313
275026092 201854
317679273 202395
576584743 202936
236057125 203477
653871125 204018
356049210 204559
818937273 205100
90357073 205641
229074071 206182
462013797 206723
416350723 207264
822652445 207805
279045687 208346
450743335 208887
890112627 209428
798434747 209969
164975634 200507
922444865 201048
163554243 201589
202506431 202130
646089005 202671
469316865 203212
607032499 203753
927416392 204294
805132163 204835
375534133 205376
378907316 205917
713034700 206458
189924766 206999
963365596 207540
772625062 208081
464950857 208622
133561221 209163
349209804 209704
701007981 200242
787432345 200783
705259013 201324
372461605 201865
730305769 202406
934333083 202947
686991754 203488
146656491 204029
609501880 204570
966037440 205111
449916177 205652
352130858 206193
616988539 206734
614891810 207275
127092075 207816
780542781 208357
817398240 208898
773181079 209439
249859645 209980
276947090 200518
553113822 201059
907508159 201600
652481222 202141
784537489 202682
473059210 203223
842405988 203764
600419437 204305
245684271 204846
159873196 205387
733980657 205928
447410426 206469
713397529 207010
373929353 207551
5185790 208092
85859133 208633
104235121 209174
939518873 209715
625367238 200253
103407963 200794
401537104 201335
591404678 201876
405840491 202417
753667961 202958
60909568 203499
873248652 204040
880760035 204581
841452348 205122
543163243 205663
506457465 206204
91311992 206745
820110332 207286
912087639 207827
851336503 208368
325107905 208909
696625127 209450
324395712 209991
20030244 200529
149560915 201070
422596335 201611
32419792 202152
883541571 202693
870006760 203234
745817320 203775
109987275 204316
875192550 204857
684192804 205398
66738747 205939
667227774 206480
309560042 207021
22663061 207562
68764877 208103
753481071 208644
281019903 209185
674949189 209726
814390638 200264
154268554 200805
408225576 201346
655842985 201887
697431796 202428
767199392 202969
599671328 203510
370058479 204051
679287030 204592
303524182 205133
547682736 205674
228428509 206215
627919894 206756
567712979 207297
377989423 207838
50516228 208379
600132770 208920
114047346 209461
773039339 210002
198466441 200540
76550972 201081
648231888 201622
882659245 202163
143289719 202704
167976013 203245
44735638 203786
18469131 204327
89257241 204868
798216708 205409
299489034 205950
764206430 206491
612607345 207032
453757587 207573
24948357 208114
120966681 208655
3705735 209196
792147748 209737
573154360 200275
226280565 200816
323951130 201357
876678542 201898
773963300 202439
404895990 202980
357114787 203521
194192631 204062
782885412 204603
260147366 205144
794325400 205685
749449109 206226
33186704 206767
992791841 207308
826000081 207849
533934944 208390
727967437 208931
969289799 209472
701910956 200010
772703074 200551
987758929 201092
791168197 201633
570919781 202174
139764314 202715
407890978 203256
36043477 203797
593521901 204338
432839334 204879
9526509 205420
449743987 205961
77503433 206502
582680868 207043
676024551 207584
253970914 208125
459359409 208666
449987851 209207
658866903 209748
816474195 200286
644180481 200827
294268667 201368
76621560 201909
291022232 202450
43717775 202991
962324616 203532
136330424 204073
869717855 204614
496259559 205155
864297860 205696
691524005 206237
50686866 206778
489517285 207319
531799286 207860
841855062 208401
60437065 208942
671563599 209483
249746039 200021
948996893 200562
117601851 201103
535101724 201644
958523401 202185
567345837 202726
612605157 203267
541204269 203808
95886740 204349
866576070 204890
853080029 205431
545874590 205972
377959325 206513
522070576 207054
42571422 207595
672227991 208136
451208487 208677
186110005 209218
715945765 209759
413533102 200297
322440429 200838
438179972 201379
762309012 201920
39254640 202461
982220328 203002
812995878 203543
528771925 204084
366535965 204625
654850939 205166
441725341 205707
38099564 206248
757113330 206789
243238586 207330
8217766 207871
292215053 208412
201761986 208953
428079955 209494
757336561 200032
595482606 200573
523966694 201114
476428983 201655
448562635 202196
69841283 202737
854388307 203278
970633210 203819
964929056 204360
526616297 204901
274358048 205442
151039060 205983
95078413 206524
687891150 207065
325995840 207606
385774736 208147
302716513 208688
365250480 209229
367995064 209770
115712390 200308
746538756 200849
734531028 201390
623079681 201931
40780448 202472
625146943 203013
380193010 203554
284019033 204095
485881061 204636
524924414 205177
485781019 205718
913961015 206259
282260975 206800
81263624 207341
437927708 207882
758689957 208423
382342610 208964
360285342 209505
465594615 200043
205492171 200584
177730749 201125
992210911 201666
479850219 202207
328769808 202748
939805675 203289
20257720 203830
654765648 204371
325580411 204912
322974232 205453
872532479 205994
546091826 206535
291202974 207076
619071234 207617
133139205 208158
914282654 208699
659851681 209240
758286148 209781
146992015 200319
943870714 200860
96683560 201401
671916428 201942
282168084 202483
10644574 203024
954177402 203565
215948059 204106
301088633 204647
565383710 205188
450807021 205729
661373974 206270
30978324 206811
656299191 207352
839104722 207893
875705586 208434
988665761 208975
20390881 209516
668027613 200054
8923480 200595
527672880 201136
993608023 201677
184414064 202218
400205358 202759
392216200 203300
475617037 203841
871792943 204382
525355404 204923
242416042 205464
384160976 206005
136157903 206546
389408056 207087
180548041 207628
232841462 208169
61324483 208710
462716124 209251
243486035 209792
868018237 200330
531180534 200871
544574667 201412
285918298 201953
981987554 202494
58464992 203035
169412974 203576
490803097 204117
750086065 204658
45118559 205199
479468857 205740
770476946 206281
565662523 206822
340908689 207363
150666177 207904
411786897 208445
377839104 208986
550871535 209527
804003096 200065
853456140 200606
275180829 201147
329358500 201688
95872181 202229
659341804 202770
465516402 203311
337796588 203852
839889844 204393
698357864 204934
399121070 205475
155122319 206016
794360250 206557
119655658 207098
686302853 207639
191451269 208180
405573956 208721
668290406 209262
249916260 209803
574986929 200341
11609854 200882
2325 201423
472621839 201964
491078711 202505
622995622 203046
38284362 203587
684503751 204128
773661798 204669
450071258 205210
62342854 205751
177049684 206292
106590706 206833
768315345 207374
452230513 207915
435949205 208456
716703877 208997
111572316 209538
753981958 200076
54500464 200617
803978512 201158
304856173 201699
306137885 202240
959100830 202781
99216423 203322
425793543 203863
645403682 204404
290667691 204945
831367498 205486
166210440 206027
393100302 206568
406354426 207109
177820293 207650
245618978 208191
878976264 208732
521415355 209273
868614599 209814
769776977 200352
205919105 200893
494792749 201434
72364587 201975
120778310 202516
524358784 203057
178955292 203598
889093654 204139
976589296 204680
614904496 205221
605797530 205762
940677964 206303
221402805 206844
512814345 207385
597172827 207926
526258978 208467
818952230 209008
556273656 209549
625475400 200087
244745772 200628
54193690 201169
768659442 201710
76113269 202251
72920481 202792
161759743 203333
334984046 203874
250740773 204415
407378721 204956
66476661 205497
772156128 206038
128509671 206579
836253638 207120
830591584 207661
475818771 208202
908618224 208743
951369894 209284
177555 209825
87573515 200363
840463547 200904
829283202 201445
554994362 201986
298777429 202527
622477517 203068
776397166 203609
811591773 204150
219650343 204691
155172495 205232
483060354 205773
628440351 206314
780647894 206855
727806125 207396
682634040 207937
401823687 208478
656435745 209019
755554520 209560
563583430 200098
843936142 200639
858811644 201180
823478502 201721
910412803 202262
483484123 202803
951988172 203344
599182792 203885
314075707 204426
280323295 204967
360317367 205508
117961952 206049
280500849 206590
300407233 207131
958425498 207672
109784050 208213
707917946 208754
109719278 209295
584777919 209836
336831463 200374
773827403 200915
804428261 201456
492003958 201997
256887756 202538
285384963 203079
125168203 203620
837210233 204161
968019002 204702
526991890 205243
346162329 205784
576089873 206325
90575319 206866
190098471 207407
287417869 207948
766570172 208489
953027625 209030
770901991 209571
571074695 200109
404726768 200650
84977697 201191
851397989 201732
765044134 202273
55456000 202814
131898837 203355
917967718 203896
13881498 204437
94199239 204978
625885663 205519
976117127 206060
531493509 206601
962717125 207142
749944529 207683
188438121 208224
307237434 208765
859348637 209306
473823084 209847
432405637 200385
696558869 200926
294358437 201467
959397526 202008
42721197 202549
870448310 203090
902489196 203631
85336019 204172
10382530 204713
669059367 205254
38363643 205795
781284520 206336
92650413 206877
295606762 207418
718778569 207959
944048402 208500
60650895 209041
774234568 209582
928463590 200120
831134964 200661
640632417 201202
875179180 201743
309536978 202284
616749544 202825
406672688 203366
124770455 203907
219210424 204448
595110809 204989
432007888 205530
78559060 206071
68933892 206612
864413524 207153
627634280 207694
215808680 208235
823811049 208776
522871829 209317
86256989 209858
578816596 200396
460724199 200937
96639518 201478
100392314 202019
351604194 202560
730440390 203101
193042727 203642
647210955 204183
449218958 204724
137091128 205265
560378202 205806
75969877 206347
65554717 206888
391513165 207429
716602294 207970
793250249 208511
701050143 209052
185868189 209593
52439288 200131
825820597 200672
405078612 201213
647550096 201754
110344836 202295
336154024 202836
569000339 203377
974758360 203918
816304655 204459
784809019 205000
651085760 205541
191692835 206082
723582359 206623
229902356 207164
652417034 207705
672738229 208246
330294669 208787
4021227 209328
255694970 209869
523337395 200407
651232181 200948
704913927 201489
512944874 202030
64126734 202571
780883803 203112
431015943 203653
455639899 204194
350002448 204735
224266191 205276
9206393 205817
535870636 206358
276705478 206899
687543341 207440
940949248 207981
776771926 208522
797888176 209063
129619623 209604
198288616 200142
772646535 200683
945924277 201224
983097634 201765
276248647 202306
137617112 202847
559196345 203388
506151002 203929
642550497 204470
84450925 205011
688962022 205552
646571723 206093
340145894 206634
64815769 207175
150320255 207716
897576172 208257
577760642 208798
214446989 209339
530976326 209880
8776584 200418
522603239 200959
880978774 201500
85559126 202041
531809631 202582
416849409 203123
362264604 203664
71869323 204205
210315008 204746
139036529 205287
869757498 205828
192450982 206369
189841496 206910
494920385 207451
138375259 207992
25455482 208533
771169031 209074
128508722 209615
584651826 200153
129836384 200694
623575570 201235
521619102 201776
818798405 202317
122663644 202858
861764995 203399
883614173 203940
272983898 204481
611857518 205022
461374815 205563
339947238 206104
142833843 206645
322667750 207186
862550476 207727
23812616 208268
408226876 208809
246876458 209350
293178377 209891
770491479 200429
318745780 200970
356009736 201511
762044359 202052
188503278 202593
548460718 203134
951885854 203675
683423662 204216
539352328 204757
977341335 205298
307109044 205839
520377401 206380
414509512 206921
436945427 207462
143952970 208003
936128613 208544
255743831 209085
266616613 209626
650409959 200164
139358004 200705
392116862 201246
114783828 201787
453249170 202328
732064100 202869
257617671 203410
775916919 203951
594614575 204492
133946638 205033
36660146 205574
841491033 206115
279641366 206656
807151624 207197
12753164 207738
635651102 208279
421712334 208820
201256441 209361
184111819 209902
226114540 200440
737196454 200981
723464146 201522
55972226 202063
44305497 202604
96357898 203145
322998090 203686
481250923 204227
240310867 204768
111643054 205309
589511106 205850
359443831 206391
762053013 206932
581385461 207473
751560692 208014
876836840 208555
34634630 209096
483624791 209637
986970862 200175
663067900 200716
930755718 201257
120917500 201798
699728046 202339
624763102 202880
253075217 203421
359396021 203962
637516265 204503
888726318 205044
633624707 205585
838772706 206126
72838136 206667
859739246 207208
428485511 207749
648818633 208290
768227823 208831
472791008 209372
745176530 209913
91225912 200451
806558282 200992
838003748 201533
202868966 202074
396069387 202615
197447578 203156
817438330 203697
977454847 204238
949008270 204779
546791521 205320
864605828 205861
285149412 206402
533762383 206943
380190080 207484
68421481 208025
507196234 208566
932434477 209107
693184582 209648
760271450 200186
144346849 200727
330700847 201268
501514120 201809
777971555 202350
21989904 202891
426868607 203432
490227152 203973
450475414 204514
75687240 205055
258454975 205596
775782773 206137
673380121 206678
202197238 207219
582341055 207760
363900221 208301
405066203 208842
830926793 209383
561347798 209924
75020884 200462
660897992 201003
362872419 201544
621812405 202085
378020171 202626
500538183 203167
8091139 203708
758210250 204249
568959663 204790
515287372 205331
543161078 205872
262144245 206413
128075173 206954
687507927 207495
445361443 208036
629589292 208577
465479481 209118
467351346 209659
56457899 200197
955706633 200738
770343111 201279
984661490 201820
66677959 202361
546125884 202902
510557962 203443
268875196 203984
980983290 204525
874458182 205066
526457751 205607
811910082 206148
288322332 206689
601478634 207230
325324425 207771
503711102 208312
223291038 208853
703344596 209394
4249284 209935
231382176 200473
314071197 201014
573208947 201555
599185899 202096
857232275 202637
687869543 203178
727261072 203719
544740201 204260
133230985 204801
209366715 205342
862736033 205883
453098682 206424
118340965 206965
670959017 207506
223441792 208047
955518806 208588
737636975 209129
622084027 209670
318593120 200208
859028523 200749
603067316 201290
45567653 201831
385486273 202372
267493750 202913
333889984 203454
986964906 203995
592818174 204536
837601086 205077
62772296 205618
148679121 206159
694366721 206700
146670823 207241
462750318 207782
120092019 208323
745856722 208864
319982592 209405
807961561 209946
325634145 200484
717239144 201025
941192545 201566
535000859 202107
579975176 202648
246807578 203189
505858176 203730
103450545 204271
470249370 204812
461376981 205353
841087519 205894
92333396 206435
779970100 206976
552632393 207517
547917064 208058
825537753 208599
938118665 209140
667927165 209681
11944088 200219
777599923 200760
113261690 201301
702061525 201842
692888570 202383
261940811 202924
396428246 203465
839559392 204006
724691128 204547
516520264 205088
585416113 205629
44673719 206170
176998177 206711
911050257 207252
614429214 207793
118190721 208334
298567468 208875
46920741 209416
217514651 209957
804425643 200495
150371285 201036
687764020 201577
118318975 202118
991458804 202659
632613767 203200
750805427 203741
396607548 204282
33047182 204823
428859531 205364
187242565 205905
700974346 206446
440803618 206987
964842487 207528
814236036 208069
142865143 208610
510247408 209151
76176846 209692
391809740 200230
349806799 200771
653384325 201312
760846355 201853
787739264 202394
550574395 202935
937844531 203476
551305872 204017
165003608 204558
908551604 205099
849873339 205640
211924348 206181
126066254 206722
506815333 207263
362295633 207804
666346625 208345
477650660 208886
206270788 2
151476743 1
