1152
110558169 4
654023475 5
431829434 4
588997934 2
302379893 3
132585298 4
309083414 5
673281811 6
1357264 7
548078985 8
258053790 9
289693215 10
240762144 11
861162242 12
909117931 13
13344752 14
42529037 15
285300577 16
80363600 17
763533742 18
206926387 19
698637503 20
627140673 21
761146712 22
597632692 23
397463432 24
998394647 25
871941481 26
915243962 27
736728788 28
114586642 29
25802131 30
390752263 31
398932427 32
467316416 33
545648507 34
384034076 35
776399829 36
218930318 37
385391340 38
324478813 39
329500459 40
675084554 41
417757309 42
190662700 43
436718836 44
283618412 45
85708089 46
722019412 47
216498363 48
849241830 49
928945799 50
915135865 51
476382502 52
542608862 53
365284909 54
726362285 55
393519860 56
89742741 57
494122599 58
130248647 59
56845734 60
372441081 61
373517261 62
455778161 63
839757496 64
919165768 65
839812236 66
616157324 67
990612437 68
77719927 69
793152489 70
320112895 71
752804480 72
210909797 73
363291947 74
42039668 75
494528208 76
449000035 77
616575431 78
711026570 79
298241864 80
398037581 81
478678786 82
627140717 83
940646442 84
843963694 85
353503001 86
186682653 87
933706435 88
847625599 89
169447652 90
990552168 91
72583031 92
395481264 93
298846680 94
912340526 95
167163383 96
138658916 97
381014202 98
157775819 99
216378842 100
174166690 101
330405066 102
821699674 103
237592838 104
693697012 105
863739341 106
732121045 107
142697046 108
332831123 109
295663966 110
293455261 111
730868704 112
626859103 113
920595977 114
524031497 115
323339149 116
126615329 117
710714150 118
109561935 119
974240928 120
732678153 121
100114102 122
46823958 123
128159416 124
251477134 125
811680836 126
295322799 127
390136049 128
192695037 129
305614969 130
459031242 131
219378078 132
636020034 133
280730915 134
456970915 135
329717045 136
996986607 137
41608311 138
324930442 139
329817730 140
337272276 141
618385702 142
60686433 143
964131378 144
538981678 145
437234281 146
139986878 147
665597007 148
464782 149
249548812 150
492354286 151
733142934 152
202179266 153
391694595 154
861302350 155
453656399 156
55891782 157
9141500 158
843792447 159
248586818 160
314756468 161
155340040 162
467964895 163
950776502 164
436070955 165
924935809 166
133009898 167
285573913 168
966544119 169
457940340 170
615391642 171
156332746 172
76326041 173
528594426 174
972980476 175
467824071 176
965828707 177
112967353 178
985937429 179
966293488 180
362516165 181
330808066 182
551952774 183
564695430 184
722502660 185
265771475 186
18351828 187
778394442 188
274912974 189
714660626 190
879497611 191
442185793 192
870000665 193
199978858 194
245478646 195
158587971 196
124914666 197
378488544 198
444161884 199
943975137 200
688945235 201
912069877 202
952824234 203
617787627 204
293180655 205
925804709 206
85611697 207
111525713 208
891288414 209
924065477 210
77819200 211
106320930 212
254873542 213
482288325 214
671016359 215
829892554 216
748059799 217
541884538 218
460803347 219
22972772 220
109061515 221
340300957 222
317674917 223
831578531 224
540279814 225
563153562 226
990166502 227
517710832 228
941642105 229
286844737 230
314202320 231
483103691 232
51430965 233
119542905 234
100891318 235
344611619 236
45347614 237
39019366 238
456137331 239
789152379 240
963084843 241
386472883 242
895473308 243
70474736 244
868761207 245
419006018 246
900367289 247
616821006 248
960890555 249
213686987 250
492310129 251
922468421 252
553987944 253
809985045 254
754046951 255
946784109 256
225654959 257
596729804 258
317011292 259
19813415 260
736090892 261
631213611 262
502917106 263
787521857 264
750756516 265
603808423 266
132133475 267
648620481 268
495344140 269
588270806 270
290289211 271
310945334 272
974743688 273
185762518 274
381420070 275
696021246 276
604768535 277
134303710 278
165358603 279
418175441 280
347990697 281
657668732 282
193160213 283
754494992 284
320170128 285
947207163 286
701279100 287
545825086 288
396453319 289
18290392 290
565638501 291
132544210 292
502020354 293
68555606 294
772582418 295
105293221 296
524880380 297
904715893 298
606430053 299
20224519 300
345503050 301
896719263 302
183686205 303
172763089 304
82481780 305
565106274 306
868784334 307
539766666 308
551926335 309
34142937 310
810458458 311
899917031 312
544328020 313
3618670 314
506928374 315
717014499 316
803342185 317
60723826 318
115355937 319
52311855 320
79014217 321
680994437 322
37372416 323
433550922 324
602066394 325
809954834 326
391360495 327
979463125 328
567187078 329
997790547 330
852203995 331
912690127 332
894509810 333
35890199 334
937969567 335
829507941 336
453512824 337
659270252 338
221790959 339
5439159 340
545929540 341
32249416 342
757872541 343
90257559 344
888384438 345
264800915 346
659788410 347
691726622 348
325524740 349
775144346 350
744038476 351
257055308 352
308655134 353
781410891 354
543122581 355
910721527 356
443882076 357
934483075 358
742701003 359
11069153 360
932273622 361
594904997 362
776275631 363
679299783 364
483311548 365
714245197 366
361324075 367
936824371 368
226031801 369
435631385 370
942263529 371
771961340 372
320397153 373
552652422 374
714735251 375
208781590 376
817453336 377
374523660 378
753024563 379
995494427 380
2184357 381
349579390 382
105066086 383
310839490 384
130990280 385
648188666 386
74077368 387
427388708 388
582671741 389
816778370 390
438457860 391
367461714 392
264199718 393
67249843 394
899277848 395
747511265 396
781495039 397
113118274 398
684335636 399
7526839 400
548749659 401
479115516 402
632004531 403
869146811 405
31767937 403
346739781 404
77928400 405
701737624 404
573779792 403
683469314 406
549748402 404
575964148 405
33048703 404
654814487 403
886803637 404
16555334 405
303003153 404
960881004 406
443944041 402
738191245 403
777659373 405
734918253 403
105652958 404
41859090 405
802168095 404
857447157 403
641886707 406
436179485 404
970565430 405
178738694 404
296222676 403
519315088 404
657854209 405
928227206 404
240978250 406
542138498 402
127483338 403
171423001 405
96392473 403
701263129 404
854892314 405
646140875 404
277227276 403
887941016 406
153471713 404
16547264 405
757012702 404
456474865 403
977428267 404
53473094 405
47182461 404
607603991 406
788391346 402
5351770 403
501979432 405
590559440 403
862798926 404
143866138 405
26738925 404
833364356 403
322604831 406
175477952 404
205195795 405
832975392 404
103705157 403
446174045 404
227630241 405
231188494 404
617597045 406
324022713 402
932451622 403
325005711 405
822679939 403
62195249 404
65463078 405
976151652 404
78742512 403
822475779 406
285142868 404
56170778 405
875948873 404
332325329 403
516291120 404
664340218 405
337677098 404
18270551 406
107416010 402
200476024 403
14653041 405
986671286 403
886356731 404
337257871 405
162149237 404
91552525 403
22749614 406
118370745 404
390242921 405
250379854 404
349559238 403
860356318 404
574402567 405
134527211 404
185362028 406
249598857 402
49238811 395
250825105 402
225750508 404
127981322 406
73300884 408
510893376 410
36668451 412
801766108 414
843218704 416
552959570 418
318622677 420
33412153 422
423746472 424
426038686 426
233888176 428
438399512 430
265226323 432
120244906 434
775657383 436
427375559 438
64313783 440
798406996 442
545746303 444
307073055 446
48786850 448
747821892 450
19945724 447
475705768 444
882349102 441
205307751 438
725304624 435
931587912 432
308649208 429
803571484 426
912085585 423
234466443 420
166981211 417
948754035 414
36232550 411
10199914 408
354229956 405
354855226 402
43612066 702
777976428 696
633410264 690
130016594 684
68892291 678
898636586 672
102777851 666
844549673 660
178528497 654
19607985 648
495473021 642
724274799 636
179197392 630
396776222 624
324613043 618
199143115 612
724998341 606
59478496 600
404450866 594
302819316 588
991066408 582
713100073 576
106390799 570
755668344 564
947566515 558
273372009 552
556938731 546
836315416 540
136088274 534
911168686 528
43686993 522
32216692 516
541661465 510
677097256 504
14749637 498
610553756 492
575733842 486
117527487 480
307619780 474
754262338 468
137135472 462
655609152 456
331053488 450
168849215 444
52385373 438
655666530 432
367992329 426
629900065 420
715145026 414
772443194 408
932719381 402
558727785 403
338059618 405
39110179 403
166912480 404
138142484 405
164998540 404
723851210 403
974457899 406
153603165 404
487536248 405
18144892 404
185819856 403
29197712 404
547758499 405
200569492 404
492267819 406
123492340 402
170613331 403
652403951 405
730271029 403
160265154 404
308013102 405
913840869 404
329114368 403
212914827 406
422023750 404
697106696 405
842814891 404
137168775 403
322066242 404
628050623 405
548412911 404
660125859 406
519677154 402
715325391 403
650784695 405
684675693 403
291692952 404
477758945 405
838278857 404
779229199 403
348420188 406
876615065 404
660943263 405
896178687 404
77184556 403
5727433 404
872187378 405
100314238 404
658131383 406
454974759 402
260579391 403
966144485 405
368815627 403
589693758 404
31575663 405
790839376 404
286800454 403
726906905 406
780524503 404
608866695 405
354957528 404
181453765 403
121508905 404
874634681 405
749295507 404
772293599 406
411826725 402
40988459 403
102568896 405
102621933 403
820217657 404
450989083 405
979236997 404
333677271 403
347167769 406
908937905 404
339404704 405
71871499 404
9252142 403
997536086 404
526846257 405
122347885 404
816196922 406
895661883 402
712041642 403
847772584 405
539017610 403
998842095 404
427195841 405
172058464 404
460225141 403
782153368 406
206028581 404
434250398 405
509304400 404
955324087 403
59060348 404
773647476 405
996312545 404
161629243 406
876269408 402
669046554 405
612618326 408
708022757 411
2723824 414
959786094 417
469477013 420
194644879 423
31657592 426
331245506 429
192180965 432
411020200 435
453593390 438
8377886 441
159198434 444
18151384 447
708666822 450
698216044 453
16993478 456
135862662 459
722790859 462
329734971 465
770532381 468
928819439 471
763985368 474
132353132 477
884143526 480
823045715 483
906000607 486
732972422 489
984674958 492
634786366 495
254535327 498
449809635 501
195325474 504
109775503 507
262112080 510
517318838 513
304420381 516
146286024 519
848564344 522
349117697 525
557306223 528
154674085 531
210011935 534
716504657 537
172825468 540
918678756 543
267237052 546
42335298 549
907057769 552
990027910 402
224586620 401
530106501 400
918847349 399
988571987 398
514975984 397
655507226 396
664134053 395
273492942 394
240995999 393
501325362 392
908279307 391
348047678 390
951134996 389
956121133 388
457823180 387
65763428 386
473439970 385
614759912 384
212049451 383
174520665 382
963877609 381
769355673 380
181711102 379
173889543 378
485860329 377
354536569 376
945084650 375
753097380 374
249388218 373
704658770 372
595641642 371
473974837 370
87281622 369
367005342 368
315063175 367
602257605 366
22512567 365
979197228 364
875750546 363
116024917 362
333038941 361
636546204 360
464072594 359
136690289 358
592667336 357
774412125 356
202453716 355
918623658 354
389172037 353
414503166 352
93144322 351
205565997 350
36375190 349
127371775 348
379455539 347
522235519 346
481908344 345
177056540 344
127849250 343
731296561 342
881715309 341
723490891 340
57787750 339
968996930 338
90496232 337
372850924 336
571254534 335
965525150 334
204564503 333
299521431 332
934066419 331
537603444 330
936067634 329
250655364 328
526810084 327
381251322 326
25067489 325
729263799 324
299874979 323
266755877 322
996283316 321
245535652 320
472321873 319
32658505 318
372907427 317
851777411 316
407410375 315
707332122 314
28833950 313
535259625 312
291145034 311
763065610 310
111266867 309
348932783 308
732062539 307
54279451 306
721783707 305
155833424 304
872320952 303
926348209 302
455354854 301
806387370 300
316468004 299
243938839 298
57042734 297
843278087 296
625190160 295
934626574 294
425058237 293
925065138 292
201382450 291
421341552 290
23117142 289
673704322 288
306516409 287
248540920 286
377998084 285
713926783 284
955873041 283
259348385 282
101702759 281
247018074 280
22413994 279
212969626 278
595950857 277
606992884 276
119765428 275
170250915 274
615342659 273
992086379 272
96599123 271
70697512 270
650990101 269
413067127 268
167152702 267
560549186 266
108861565 265
792342862 264
495175759 263
533919802 262
569924351 261
549074560 260
955261353 259
593041492 258
75295233 257
114294113 256
841582411 255
453293316 254
828220896 253
649971803 252
565158052 251
929923654 250
896989877 249
440088397 248
142893279 247
345457085 246
47081280 245
115175058 244
515707999 243
514940290 242
107261437 241
464823473 240
438154153 239
758251537 238
877890599 237
605306854 236
171317074 235
986752164 234
397649715 233
666492832 232
373188317 231
967574066 230
68083743 229
180966021 228
413131909 227
143378975 226
295260134 225
107230672 224
596672290 223
123481029 222
757202474 221
14346693 220
53404682 219
506708702 218
454435089 217
48814313 216
704682138 215
354032720 214
16505722 213
72906488 212
868973009 211
123767158 210
537729961 209
307127161 208
734535046 207
268136911 206
912434014 205
905852119 204
107405426 203
162600081 202
424861302 201
480593742 200
982690498 199
492945044 198
661559763 197
248338758 196
636324018 195
956819896 194
355569429 193
85512659 192
80300924 191
965288255 190
99859351 189
986221957 188
324513308 187
554294439 186
887552621 185
29195446 184
908327158 183
904058343 182
102101933 181
777300166 180
880341852 179
639831893 178
936943678 177
614876898 176
907968804 175
701894044 174
373245368 173
15374229 172
864494124 171
798106670 170
348484323 169
699700973 168
291051713 167
10044085 166
948039730 165
927375731 164
966863980 163
156125511 162
12888389 161
899681255 160
121413765 159
112747740 158
738419563 157
445927072 156
519558530 155
478488536 154
327638869 153
427885688 152
235063230 151
429740802 150
57702205 149
115405081 148
922089046 147
994645883 146
582798330 145
682574201 144
549056278 143
956043698 142
550464782 141
266066753 140
606666719 139
898949104 138
965767725 137
897718431 136
908993188 135
913807454 134
677610513 133
728373519 132
69932964 131
543015254 130
480571125 129
43863080 128
508279345 127
71507039 126
342306504 125
27837874 124
402511926 123
669945372 122
308239913 121
637575155 120
99686173 119
218458470 118
605496588 117
874291571 116
65620704 115
40811269 114
556865771 113
614676981 112
849371318 111
107330552 110
880743733 109
456038036 108
858796007 107
846511457 106
206272819 105
620305546 104
612835262 103
736399683 102
201195416 101
535284578 100
131931288 99
681766540 98
431664009 97
640210632 96
605789931 95
773970512 94
520564858 93
8301856 92
443915884 91
681321122 90
498393363 89
396118408 88
899779591 87
103889950 86
122926330 85
965400294 84
997217570 83
679792101 82
580077274 81
846588888 80
639639004 79
313337358 78
155143275 77
350951363 76
12365166 75
213932445 74
971256908 73
625200428 72
950332128 71
172452324 70
13001357 69
82263415 68
706735215 67
444665365 66
574990399 65
312525145 64
71152229 63
95555256 62
173343353 61
515068112 60
629392729 59
671736715 58
763702871 57
529172320 56
628143016 55
886629201 54
347088965 53
625360585 52
418937653 51
927166239 50
324465824 49
58576656 48
93019948 47
332125451 46
262044370 45
105385114 44
546057895 43
233301278 42
730585541 41
496390022 40
258269953 39
596103249 38
431169789 37
965005167 36
40768613 35
6160187 34
130046664 33
111920841 32
954231794 31
303390016 30
479505304 29
583624522 28
975126730 27
95724527 26
965313193 25
603269745 24
982353727 23
312402158 22
81146681 21
401291379 20
92084748 19
258128857 18
312384386 17
185104695 16
590254307 15
574428756 14
290489808 13
136312201 12
660246385 11
873591700 10
485218575 9
918516337 8
469694948 7
916388363 6
883521503 5
362979913 4
922548549 3
13568166 2
