126
6 541
6 539
6 537
6 535
1 533
6 534
4 535
2 536
7 537
5 538
3 539
1 540
6 541
4 542
2 543
7 544
5 545
3 546
1 547
6 548
4 549
2 550
7 551
5 552
53 553
51 551
49 549
47 547
45 545
43 543
41 541
1 539
6 542
11 545
16 548
3 551
8 554
13 557
18 560
5 563
10 566
15 569
2 572
7 575
12 578
17 581
4 584
66 587
64 585
62 583
60 581
58 579
56 577
54 575
52 573
50 571
48 569
46 567
44 565
42 563
40 561
38 559
1 566
5 565
9 564
13 563
17 562
21 561
25 560
29 559
33 558
37 557
2 556
7 566
12 576
17 586
22 596
27 606
32 616
37 626
42 636
47 646
1 611
3 612
5 613
7 614
9 615
11 616
1 533
2 532
3 531
4 530
5 529
6 528
7 527
3 526
4 529
5 532
6 535
7 538
8 541
9 544
10 547
11 550
12 553
7 556
6 551
5 546
4 541
3 536
2 531
54 526
55 526
56 526
80 526
78 555
76 584
74 613
72 642
1 673
1 672
1 673
1 674
1 670
2 670
3 670
