3941
943062368 1604421
381677093 1604436
990887631 1604517
618260213 1604482
113903512 1604496
869613609 1604482
396707465 1604493
210493350 1604482
878074594 1604482
897807555 1604493
913553266 1604482
912791683 1604482
366163510 1604436
590456367 1604463
879039 1604421
79043891 1604436
677799485 1604421
318548887 1604463
108534636 1604436
349774839 1604482
261524290 1604463
99069228 1604482
28554480 1604436
474508944 1604463
523185908 1604496
28943081 1604517
880530329 1604463
699535983 1604436
225104747 1604421
815826728 1604436
552660976 1604463
168167114 1604482
50020173 1604493
396064958 1604496
638943678 1604496
163923684 1604493
118194918 1604493
35651143 1604463
374417033 1604463
996269511 1604436
933458697 1604421
140486650 1604436
761577546 1604463
152138558 1604482
730943016 1604493
762456584 1604496
231182448 1604496
261258853 1604493
933521822 1604493
339717084 1604463
611033691 1604463
195046111 1604436
291302663 1604421
639588170 1604436
522071406 1604463
814488570 1604482
521047602 1604493
402601734 1604496
366540904 1604482
746152348 1604436
70944814 1604421
919201879 1604436
914319462 1604517
120964986 1604482
167783188 1604496
405779491 1604482
284888669 1604493
285978105 1604482
441430633 1604482
511822054 1604493
134763968 1604482
227405681 1604482
652308703 1604436
896341513 1604463
379544238 1604421
235768071 1604436
511314448 1604421
463243038 1604463
349543275 1604436
297352621 1604482
802960121 1604463
960576965 1604482
492398731 1604436
94262783 1604463
452681487 1604496
14470136 1604517
761267704 1604463
973729088 1604436
269588222 1604421
127808607 1604436
572397788 1604463
193049387 1604482
899526837 1604493
339233601 1604496
314014372 1604496
919826376 1604493
745013091 1604493
451419392 1604463
58320832 1604463
38960076 1604436
963241445 1604421
193084799 1604436
266365756 1604463
468066500 1604482
941942663 1604493
498426346 1604496
703834570 1604496
305773462 1604493
961669383 1604493
53377844 1604463
603126082 1604463
617145855 1604436
866471160 1604421
95524812 1604436
563924989 1604463
171668998 1604482
962511300 1604493
177709044 1604496
997914438 1604482
84615873 1604436
158034002 1604421
570312225 1604436
277665259 1604517
57560838 1604482
909545825 1604496
444195982 1604482
829903565 1604493
507075267 1604482
895615373 1604482
888224396 1604493
546035342 1604482
858856818 1604482
81309195 1604436
812401098 1604463
179439669 1604421
875768209 1604436
163343795 1604421
883274238 1604463
181541671 1604436
125013177 1604482
789168433 1604463
784667752 1604482
742159031 1604436
508155944 1604463
732708916 1604496
158600371 1604517
532341294 1604463
547736567 1604436
336309414 1604421
530255731 1604436
484868791 1604463
494343415 1604482
953084307 1604493
762534049 1604496
404420604 1604496
715146483 1604493
59246382 1604493
234324168 1604463
222221749 1604463
954861754 1604436
122548563 1604421
768257091 1604436
666234923 1604463
56374109 1604482
433174540 1604493
845674591 1604496
784658670 1604496
596518334 1604493
581465180 1604493
966200340 1604463
574047862 1604463
223149964 1604436
603384443 1604421
168723244 1604436
731305908 1604463
188609710 1604482
327323614 1604493
116163553 1604496
588862628 1604482
663633027 1604436
646419283 1604421
73731418 1604436
157976441 1604517
452019941 1604482
688781818 1604496
562397044 1604482
167166423 1604493
748028199 1604482
649237563 1604482
241904523 1604493
702889953 1604482
624302477 1604482
10161613 1604436
221641227 1604463
533192938 1604421
295852504 1604436
67315818 1604421
317851607 1604463
744887189 1604436
648780997 1604482
136568298 1604463
318935050 1604482
871930961 1604436
592469092 1604463
487658293 1604496
455753220 1604517
781078802 1604463
814981906 1604436
571916772 1604421
222457781 1604436
331131284 1604463
70852406 1604482
296189199 1604493
489107724 1604496
522872346 1604496
984971016 1604493
904021119 1604493
542555120 1604463
585515567 1604463
553258681 1604436
784459642 1604421
140921871 1604436
30077510 1604463
647137607 1604482
362563097 1604493
563270447 1604496
942990110 1604496
429878914 1604493
881122053 1604493
540393651 1604463
931176263 1604463
870206702 1604436
859328700 1604421
655623575 1604436
462675793 1604463
199503345 1604482
111376794 1604493
96270946 1604496
867001602 1604482
535809917 1604436
318728727 1604421
198132886 1604436
459178674 1604517
467434277 1604482
539756961 1604496
982051019 1604482
304921644 1604493
443778080 1604482
377122490 1604482
890437210 1604493
849553112 1604482
161582131 1604482
31359080 1604436
879630621 1604463
808719737 1604421
393922177 1604436
442901067 1604421
604226199 1604463
676317442 1604436
176539471 1604482
144619849 1604463
607493704 1604482
46746172 1604436
856464900 1604463
115633630 1604496
361938317 1604517
908484596 1604463
79526775 1604436
310725614 1604421
775486198 1604436
615336691 1604463
629454340 1604482
826135435 1604493
74515364 1604496
96888616 1604496
365892395 1604493
909082734 1604493
254326612 1604463
662186826 1604463
138721575 1604436
144763821 1604421
511739938 1604436
300303706 1604463
28639253 1604482
243886910 1604493
961539794 1604496
422561429 1604496
686787977 1604493
418282344 1604493
98878870 1604463
715843799 1604463
415418544 1604436
558888926 1604421
615106323 1604436
124399796 1604463
674522555 1604482
977044639 1604493
32884391 1604496
754049330 1604482
140286604 1604436
660886940 1604421
221902372 1604436
769740944 1604517
487022374 1604482
148934088 1604496
719145911 1604482
705431121 1604493
910533173 1604482
973472522 1604482
367617946 1604493
49254748 1604482
970752695 1604482
731874235 1604436
202074805 1604463
999391947 1604421
975761145 1604436
163614598 1604421
274469727 1604463
515065473 1604436
581896942 1604482
225864948 1604463
230909271 1604482
997315485 1604436
784753873 1604463
846015593 1604496
121715280 1604517
311792780 1604463
675576583 1604436
7116023 1604421
918358461 1604436
815863187 1604463
668002962 1604482
140260832 1604493
438120482 1604496
7541688 1604496
141711271 1604493
9782744 1604493
712972808 1604463
52244444 1604463
835771618 1604436
933107105 1604421
954015543 1604436
806524312 1604463
664981340 1604482
156090347 1604493
658432610 1604496
493258836 1604496
172221296 1604493
932902336 1604493
8324308 1604463
754118237 1604463
158767283 1604436
91749930 1604421
603950074 1604436
796037508 1604463
937765523 1604482
578181705 1604493
107830287 1604496
465858457 1604482
437814079 1604436
878705099 1604421
134237995 1604436
105817041 1604517
871482282 1604482
424874828 1604496
965875080 1604482
13193553 1604493
434657572 1604482
531364239 1604482
917954348 1604493
122945541 1604482
464471343 1604482
724486242 1604436
929469852 1604463
981969034 1604421
880576588 1604436
440418813 1604421
475227869 1604463
52797883 1604436
373321148 1604482
336068528 1604463
659432472 1604482
384604782 1604436
427818458 1604463
115898897 1604496
180642289 1604517
218100332 1604463
546596953 1604436
140988927 1604421
683958788 1604436
984411032 1604463
19694025 1604482
670713135 1604493
942744424 1604496
743692659 1604496
95587962 1604493
908619503 1604493
609402563 1604463
382761885 1604463
292500093 1604436
379873262 1604421
505707425 1604436
756971435 1604463
104359503 1604482
287693628 1604493
591456821 1604496
837452442 1604496
728112440 1604493
66684689 1604493
742766676 1604463
101433587 1604463
255269569 1604436
254715499 1604421
338554721 1604436
683088026 1604463
370614395 1604482
519197009 1604493
901188357 1604496
917211348 1604482
512702288 1604436
437663496 1604421
754138731 1604436
384912664 1604517
108376630 1604482
696883154 1604496
128605322 1604482
56480944 1604493
458019008 1604482
738007884 1604482
439242828 1604493
750519100 1604482
117881145 1604482
944950253 1604436
360006886 1604463
74756999 1604421
232643880 1604436
951463706 1604421
912209440 1604463
960756320 1604436
870664747 1604482
507492468 1604463
914706258 1604482
125934315 1604436
762207966 1604463
105777330 1604496
661538692 1604517
132822361 1604463
624974339 1604436
562727048 1604421
902550060 1604436
137676626 1604463
390543 1604482
509205142 1604493
375105641 1604496
961283525 1604496
58604647 1604493
503710963 1604493
17764468 1604463
516623654 1604463
94235198 1604436
457007295 1604421
119659105 1604436
64632695 1604463
254473899 1604482
332182342 1604493
139389693 1604496
487117779 1604496
136162400 1604493
904115485 1604493
300390450 1604463
6827146 1604463
264124304 1604436
67613059 1604421
985277812 1604436
26332269 1604463
173390389 1604482
499332855 1604493
11670981 1604496
650881079 1604482
62059902 1604436
766737392 1604421
641074056 1604436
914966796 1604517
275942533 1604482
16179696 1604496
728766672 1604482
334547179 1604493
372407010 1604482
746531139 1604482
703687184 1604493
466642208 1604482
56054786 1604482
823346288 1604436
383791254 1604463
310528684 1604421
8044982 1604436
375697298 1604421
650162814 1604463
144207381 1604436
132329134 1604482
950553263 1604463
3550878 1604482
396453437 1604436
870682674 1604463
988828689 1604496
422785706 1604517
44073062 1604463
340677895 1604436
286973038 1604421
547470492 1604436
255254148 1604463
53710430 1604482
188544547 1604493
22737295 1604496
182169314 1604496
57240594 1604493
751503967 1604493
516716493 1604463
429647604 1604463
350551457 1604436
72920028 1604421
896289811 1604436
406606242 1604463
896266316 1604482
132597416 1604493
569651278 1604496
904311297 1604496
508294713 1604493
219814091 1604493
48518677 1604463
640623847 1604463
22883706 1604436
52069554 1604421
37077283 1604436
893566379 1604463
893414594 1604482
312379340 1604493
790155792 1604496
86608840 1604482
599352378 1604436
190142635 1604421
341862987 1604436
653062807 1604517
378687181 1604482
364600281 1604496
835232120 1604482
435927774 1604493
116104247 1604482
204464964 1604482
865575377 1604493
466655704 1604482
277384992 1604482
614381539 1604436
725778297 1604463
26167659 1604421
746978954 1604436
295429574 1604421
782995307 1604463
107790019 1604436
367760017 1604482
684030335 1604463
748413865 1604482
390643722 1604436
588616240 1604463
785491147 1604496
136726452 1604517
334547185 1604463
97870487 1604436
779398595 1604421
421156024 1604436
549739216 1604463
969541229 1604482
763019010 1604493
55318374 1604496
200744761 1604496
127619290 1604493
890550493 1604493
636672534 1604463
96239889 1604463
947531809 1604436
354764263 1604421
562895592 1604436
77433152 1604463
821662153 1604482
141190240 1604493
103600810 1604496
421157459 1604496
436619814 1604493
886596116 1604493
528947477 1604463
804379830 1604463
423142802 1604436
277361341 1604421
47539903 1604436
11759041 1604463
915368839 1604482
36782706 1604493
346306225 1604496
865755677 1604482
816181300 1604436
767462248 1604421
415494892 1604463
785722528 1604436
382997609 1604496
470813265 1604493
986467288 1604493
510616898 1604482
213880110 1604493
475656173 1604482
606856786 1604493
13928270 1604517
682936787 1604565
22268729 1604542
91361421 1604586
504598940 1604585
163458969 1604585
194962230 1604567
925756398 1604585
452595134 1604567
934074697 1604585
307220226 1604613
109491315 1604640
357217498 1604619
584581566 1604706
157031217 1604679
221492890 1604679
352466756 1604661
193813922 1604679
567799114 1604661
218222433 1604679
9995221 1604713
187777713 1604766
486233676 1604740
648234100 1604833
570775321 1604813
957046941 1604813
487217739 1604792
933908570 1604813
23443402 1604792
815390263 1604813
393281708 1604852
37371671 1604883
498327050 1604870
415550436 1604926
128733091 1604914
855442341 1604914
431525756 1604891
176211672 1604914
633715090 1604891
884120889 1604914
110286368 1604954
940935315 1604983
993612203 1604959
320020217 1605027
378033232 1605026
3159771 1605026
541513106 1605004
730499987 1605026
196973692 1605004
109312219 1605026
948722419 1605051
59485264 1605087
149606283 1605062
287472447 1605121
560235715 1605111
572897955 1605111
97035739 1605100
47453453 1605111
506806524 1605100
120479140 1605111
715360068 1605133
900088231 1605152
10367162 1605137
66203469 1605208
168155019 1605207
139100252 1605207
921645809 1605182
599680774 1605207
315311923 1605182
555360898 1605207
336318015 1605234
278114642 1605291
348812564 1605265
329930217 1605345
598134858 1605332
726845795 1605332
333089988 1605309
139647963 1605332
457345781 1605309
382580031 1605332
101476533 1605350
258584552 1605390
442065295 1605361
103599167 1605443
546056998 1605423
2301009 1605423
676497121 1605407
643092736 1605423
902270814 1605407
35819996 1605423
616088227 1605471
470147233 1605505
935908227 1605481
626455388 1605570
536350701 1605556
956579597 1605556
765555639 1605525
457996509 1605556
408776722 1605525
933383913 1605556
865873758 1605590
745094736 1605634
211498554 1605611
214686321 1605679
75024953 1605648
809633411 1605648
941532115 1605646
260631292 1605648
801797725 1605646
251394247 1605648
643211322 1605700
903274257 1605714
362495150 1605711
937792968 1605753
6873423 1605726
908552147 1605726
792610329 1605716
535886895 1605726
404161234 1605716
547397494 1605726
571706890 1605756
20249460 1605783
17544726 1605758
360131468 1605842
499221199 1605826
553895426 1605826
316711064 1605809
117293189 1605826
864408286 1605809
725487786 1605826
50677101 1605847
730282043 1605892
323098873 1605868
114692006 1605910
797484715 1605901
250640177 1605901
924325416 1605894
591533181 1605901
511271468 1605894
578639492 1605901
842927427 1605931
6999142 1605934
334430100 1606025
57938929 1605964
944792109 1606000
193819874 1605964
966491075 1605985
589918789 1605964
729706768 1605964
223168661 1605985
137316282 1605964
301413658 1605964
95934472 1605934
7377359 1605952
661545125 1605931
595155671 1605934
561272784 1605931
830772541 1605934
712448859 1606025
278197421 1605964
408776678 1606000
615642312 1605964
8479463 1605985
731875550 1605964
730334317 1605964
658480529 1605985
982515727 1605964
507176085 1605964
250013709 1605934
346303546 1605952
85815576 1605931
945457488 1605934
353302687 1605931
420245676 1605934
3396416 1605952
150611148 1605964
614065549 1605985
822403842 1606000
740529936 1606000
196288669 1605985
45572502 1605985
730362570 1605952
497702326 1605952
994023326 1605934
737739928 1605931
11763802 1605952
441695348 1605934
151529064 1605964
842536342 1605952
6660558 1605964
429726484 1605934
103829371 1605952
622302869 1606000
290722299 1606025
835704921 1605952
352637186 1605934
949202827 1605931
818220647 1605934
859813270 1606025
51732888 1605964
17040544 1606000
798145197 1605964
997190375 1605985
370343231 1605964
70907224 1605964
586790 1605985
373470730 1605964
684972773 1605964
675506983 1605934
114000665 1605952
881261441 1605931
573595837 1605934
696879586 1605931
231480118 1605934
567619162 1606025
434619514 1605964
95760271 1606000
9314509 1605964
586148577 1605985
938296613 1605964
15975066 1605964
15875060 1605985
42125983 1605964
490794287 1605964
159113710 1605934
730347255 1605952
843431472 1605931
108316537 1605934
401084253 1605931
555761093 1605934
160049424 1605952
418124797 1605964
206422641 1605985
9756150 1606000
788468027 1606000
277329865 1605985
10342939 1605985
14455108 1605952
962302637 1605952
538366273 1605934
128455772 1605931
696080429 1605952
111962109 1605934
677851710 1605964
780076898 1605952
532097622 1605964
112471223 1605934
875837168 1605952
393928482 1606000
551136151 1606025
666650132 1605952
262419900 1605934
419527562 1605931
561292467 1605901
753214186 1605910
578641272 1605894
291639721 1605868
449162009 1605868
539474160 1605842
692723974 1605847
4923101 1605826
699523583 1605783
110848770 1605783
63862093 1605756
709279732 1605758
751833148 1605753
341191957 1605716
572139022 1605716
766288255 1605711
156010945 1605714
110505294 1605700
747260378 1605648
852091373 1605648
74983755 1605634
277628439 1605646
484684622 1605611
607081376 1605570
242616013 1605570
360521790 1605525
1009858 1605556
793752163 1605505
27171921 1605471
115946109 1605471
65796077 1605423
440980739 1605443
869160294 1605407
496953700 1605361
732620460 1605361
318322302 1605345
36427859 1605350
277860785 1605332
175761754 1605291
588467793 1605291
241225906 1605234
239623846 1605265
150263876 1605208
845575405 1605182
580815803 1605182
722402897 1605137
464380011 1605152
736826747 1605133
685424542 1605111
64156740 1605111
441434472 1605087
612924648 1605100
341785179 1605062
926119093 1605027
72522376 1605027
584401191 1605004
139157234 1605026
73532233 1604983
230669706 1604954
18845507 1604954
41994693 1604914
296465782 1604926
459826245 1604891
911154986 1604870
793419481 1604870
44963056 1604833
81993639 1604852
682363691 1604813
175340192 1604766
257755392 1604766
270831483 1604713
416566097 1604740
349895589 1604706
421095358 1604661
114657853 1604661
930711391 1604619
996014606 1604640
579037863 1604613
520054490 1604585
533955499 1604585
643194603 1604565
814005313 1604567
146880147 1604542
984979781 1604496
592640757 1604496
219402522 1604482
569380971 1604493
731797991 1604463
145451106 1604421
800050676 1604421
603159849 1604463
187445798 1604436
949032809 1604496
62986093 1604493
98600783 1604493
594968641 1604482
960465501 1604493
33110773 1604482
277332331 1604493
135805692 1604517
290866164 1604613
400680165 1604640
404888141 1604619
640761752 1604706
821775522 1604679
519545993 1604679
423989495 1604661
670306479 1604679
98583856 1604661
796560336 1604679
204261978 1604713
741778458 1604852
610565648 1604883
203658476 1604870
579274590 1604926
55722756 1604914
423060997 1604914
1171912 1604891
787520746 1604914
421028454 1604891
801222588 1604914
243196946 1604954
608474251 1605051
602771748 1605087
158699391 1605062
559591385 1605121
197740389 1605111
119164891 1605111
592702157 1605100
327589071 1605111
107486934 1605100
736084672 1605111
728269236 1605133
512375074 1605234
229362775 1605291
402561109 1605265
31921067 1605345
653352269 1605332
72867588 1605332
130504922 1605309
302428956 1605332
129645917 1605309
724799731 1605332
912994603 1605350
333304392 1605471
156590672 1605505
968717359 1605481
756365388 1605570
157762583 1605556
608754456 1605556
29910193 1605525
958985170 1605556
851951402 1605525
638384443 1605556
414273270 1605590
10650792 1605700
50492179 1605714
612013658 1605711
982332034 1605753
495710687 1605726
939602728 1605726
89818967 1605716
231795358 1605726
520388315 1605716
602194041 1605726
461158132 1605756
922949424 1605847
486631459 1605892
967026753 1605868
995817011 1605910
469652732 1605901
269455708 1605901
125462927 1605894
46968814 1605901
34966663 1605894
311283670 1605901
203559485 1605931
856200373 1606025
67649057 1606036
361322067 1606032
317471180 1606072
97559249 1606068
172823589 1606068
21938933 1606050
588460043 1606068
587096858 1606050
32589724 1606068
491468573 1606085
51626867 1606155
867438109 1606184
987179259 1606162
991229594 1606224
957257076 1606216
71490968 1606216
364134261 1606215
411967468 1606216
532649099 1606215
287083684 1606216
898598926 1606240
352192203 1606295
135417046 1606320
220768009 1606318
621647911 1606375
113396324 1606353
267736822 1606353
509130925 1606350
424679993 1606353
471296306 1606350
365331297 1606353
344845401 1606388
832618372 1606494
682802476 1606530
294921001 1606513
5441960 1606583
704741409 1606560
735897395 1606560
592538817 1606559
589847484 1606560
227365967 1606559
644165683 1606560
309801945 1606602
67061577 1606691
487911629 1606741
119575372 1606711
138552544 1606776
852045889 1606773
531542839 1606773
671201642 1606748
991645924 1606773
282658116 1606748
23393845 1606773
127062969 1606783
503426124 1606873
497558107 1606905
92975644 1606887
771162945 1606978
6689031 1606955
370171988 1606955
94975602 1606927
224536679 1606955
715017388 1606927
927593973 1606955
759855506 1606979
862454740 1607043
933035933 1607082
317113266 1607071
598352134 1607106
378091101 1607089
906960750 1607089
678234452 1607086
874773136 1607089
69279046 1607086
745296028 1607089
215201116 1607135
188854417 1607253
883848571 1607308
67247004 1607278
720397255 1607386
407566564 1607355
911409279 1607355
855571722 1607324
283476760 1607355
890988599 1607324
211514197 1607355
781034866 1607394
983964242 1607490
982677141 1607522
640240248 1607502
206652581 1607598
77652742 1607569
717293278 1607569
921669968 1607542
857763066 1607569
477148784 1607542
636641059 1607569
643315350 1607622
794262049 1607697
87509544 1607736
21406451 1607728
553739150 1607805
765743995 1607779
748695938 1607779
623018195 1607755
511040022 1607779
963897053 1607755
811872611 1607779
247404944 1607815
883660408 1607884
384786217 1607902
654971507 1607893
795069686 1607941
92874290 1607920
938448267 1607920
538574636 1607919
304388486 1607920
571999484 1607919
375055229 1607920
139581978 1607964
64756084 1608023
581707809 1608071
69751071 1608045
782049361 1608154
355894128 1608125
927514137 1608125
111714496 1608101
992535186 1608125
570829486 1608101
905976545 1608125
80044729 1608177
444752288 1608306
312232046 1608308
845788723 1608310
45964577 1608319
787766593 1608327
209345096 1608330
9861629 1608319
452155555 1608308
456750039 1608306
893522036 1608308
836941772 1608310
111721545 1608319
541108073 1608327
929816061 1608330
902686163 1608319
79682708 1608308
86720899 1608306
474685647 1608308
307254288 1608353
226302876 1608319
539441730 1608330
888962096 1608319
296053947 1608327
174007442 1608319
244856223 1608319
223568083 1608327
285721938 1608319
89907760 1608319
646913920 1608308
44214834 1608310
169952488 1608306
91666208 1608308
356446879 1608306
868257562 1608308
137630784 1608310
144213471 1608319
77602657 1608327
8765 1608330
448885378 1608319
386869047 1608308
746047152 1608306
138343501 1608308
351106944 1608310
139671577 1608319
68159561 1608327
106309458 1608330
71870636 1608319
7396811 1608308
580995104 1608306
379124924 1608308
233699687 1608353
972953185 1608319
268087019 1608330
529753633 1608319
146960627 1608327
365459594 1608319
753321715 1608319
432682564 1608327
455367353 1608319
252751986 1608319
476897397 1608308
625319841 1608310
196934545 1608306
685860627 1608308
346093754 1608306
187081681 1608308
682590450 1608310
276212763 1608319
187090445 1608327
131475827 1608330
663081809 1608319
933137596 1608308
269819327 1608306
866705104 1608308
72809172 1608310
190495239 1608319
973014562 1608327
144679808 1608330
197892050 1608319
406526017 1608308
376321083 1608306
431591736 1608308
379479202 1608353
644408101 1608319
961345368 1608330
378956180 1608319
9867694 1608327
567183434 1608319
811638743 1608319
317751399 1608327
819935419 1608319
141052491 1608319
943071239 1608308
16869964 1608310
826913117 1608306
141681344 1608308
56467996 1608306
362019918 1608266
417894106 1608285
243558440 1608241
493495744 1608186
80975915 1608186
29212387 1608306
615831422 1608266
800197370 1608285
954537911 1608241
806326661 1608186
773211931 1608186
951734070 1608306
856735062 1608266
32254300 1608285
328055152 1608241
140843149 1608186
411733501 1608186
824979604 1608306
102188516 1608266
790689680 1608285
687363650 1608241
521888301 1608186
454844774 1608186
5115048 1608306
194340071 1608266
448413616 1608285
800702638 1608241
63726386 1608186
127843084 1608186
942383981 1608306
120194381 1608266
489863002 1608285
360278087 1608241
216269172 1608186
983358745 1608186
293770353 1608306
245481559 1608266
451706519 1608285
93967722 1608241
52535821 1608186
110549531 1608186
719696005 1608306
4269890 1608266
967284592 1608285
751950304 1608241
184841393 1608186
108127740 1608186
16200156 1608306
9820996 1608266
62832607 1608285
659406187 1608241
697184645 1608186
437237259 1608186
114250960 1608306
554816044 1608266
631577329 1608285
415180927 1608241
355518681 1608186
547820067 1608186
543024010 1608306
150419014 1608266
668014447 1608285
32887011 1608241
510697100 1608186
884283619 1608186
868762108 1608306
656983804 1608266
982281529 1608285
320468626 1608241
603467877 1608186
34817349 1608186
431018156 1608306
175680233 1608266
39087238 1608285
250819099 1608241
927630536 1608186
76444982 1608186
358946838 1608306
796347043 1608266
86265977 1608285
274295796 1608241
455753229 1608186
635966974 1608186
711533054 1608306
422520540 1608266
190783017 1608285
195626734 1608241
837701466 1608186
398818050 1608186
743446800 1608306
233241828 1608266
549237063 1608285
263977599 1608241
266128838 1608186
59934162 1608186
777569 1608306
134890945 3201268
569434317 1608306
983059097 3201268
307875922 3201274
172902193 3201353
17876445 3201297
591410429 3201349
348582426 3201297
909480034 3201319
842229527 3201297
128729313 3201297
985925015 3201319
53692716 3201297
925076356 3201297
924707343 3201274
327988511 3201283
233345936 3201268
560674316 3201274
39521564 3201268
508382828 1608306
603973685 1608310
235148298 1608319
198600645 1608327
2791734 1608330
978595097 1608353
431842472 1608364
552028796 1608364
95089047 1608353
697971310 1608353
464479309 1608327
95866615 1608327
685378606 1608319
33913625 1608310
78925711 1608319
845770880 1608327
59332169 1608330
949318507 1608353
437181308 1608364
260430946 1608364
711314892 1608353
131927187 1608353
389160259 1608327
549756258 1608327
185619902 1608319
166752966 1608310
474463601 1608306
513608413 1608306
252615253 1608306
887654268 1608308
553129976 1608308
760998080 1608310
491627952 1608364
640794625 1608327
959598725 1608353
346936037 1608327
471906074 1608330
391441196 1608327
898964832 1608327
566995120 1608330
941928857 1608327
215960492 1608327
662861735 1608310
479823815 1608319
102390468 1608308
741787445 1608310
325594694 1608308
14238989 1608308
543622304 1608310
615292353 1608319
274669934 1608327
254937195 1608330
747219539 1608353
663830192 1608353
804693453 1608330
932839441 1608330
683099509 1608319
131673405 1608319
446447853 1608310
935714762 1608308
19327672 1608308
852094180 1608310
696712841 1608319
363471976 1608327
492888805 1608330
508827917 1608353
710408012 1608327
964794878 1608310
900269113 1608308
461889196 1608308
384306349 1610156
694714321 1610179
530366039 1610235
47168083 1610215
174538135 1610232
632756507 1610215
641471880 1610230
352649180 1610215
646995495 1610215
185094183 1610230
967941533 1610215
921665428 1610215
292547729 1610179
715161071 1610197
438011972 1610156
97241181 1610179
500516863 1610156
121111480 1612195
81430937 1612215
946964715 1612241
909342593 1612251
953274961 1612264
651575247 1612268
458571786 1612268
169263288 1612264
144464051 1612264
967399702 1612241
879671299 1612241
961775280 1612215
720185166 1612195
194076846 1610156
198597980 1610179
414899487 1610197
724442885 1610215
245766063 1610230
441953973 1610232
209715743 1610215
887237942 1610179
794603153 1610156
709227589 1608308
924848476 1612195
762544685 1612215
483409368 1612286
217396204 1612251
330222107 1612268
921421339 1612251
167153737 1612264
830738970 1612251
895049171 1612251
101101025 1612264
630220036 1612251
656908115 1612251
54375985 1612215
134311634 1612241
115479900 1612195
223639272 1612215
131292036 1612195
82879602 1615879
955826923 1615906
93067315 1615907
655581119 1615917
2420120 1615926
144181647 1615946
70480605 1615946
726863004 1615926
389947709 1615926
364950930 1615907
789095098 1615907
129702002 1615906
159554082 1615879
498322686 1612195
54550477 1612215
774615118 1612241
981732054 1612251
124463032 1612264
104837224 1612268
755669744 1612251
144133120 1612215
788092545 1612195
503235266 1608308
245234145 1614163
270828933 1614185
12659733 1614273
299610129 1614225
405140566 1614251
128139632 1614225
375765753 1614243
536432602 1614225
63535585 1614225
331592675 1614243
482016268 1614225
719116704 1614225
334012794 1614185
626197914 1614209
642113660 1614163
913392150 1614185
868661974 1614163
7064589 1619762
702487247 1619788
998363975 1619798
19135022 1619802
53326285 1619820
905430803 1619851
793750139 1619851
887574690 1619820
882410187 1619820
751103715 1619798
495760785 1619798
26543306 1619788
391712611 1619762
998996051 1614163
271777450 1614185
515057895 1614209
11655783 1614225
423903931 1614243
920198461 1614251
992311766 1614225
799669683 1614185
309147414 1614163
55847351 1608308
131262357 1615879
643680033 1615906
627480406 1615954
317791502 1615917
122394299 1615946
122110417 1615917
83700003 1615926
991056272 1615917
981691358 1615917
786187250 1615926
841936599 1615917
826379 1615917
692029886 1615906
599883753 1615907
647092870 1615879
579604575 1615906
482293939 1615879
250712936 1623450
75365359 1623469
361353597 1623477
494941898 1623490
926877761 1623497
633131046 1623505
9999793 1623505
791049895 1623497
57034976 1623497
782714605 1623477
635878013 1623477
709221010 1623469
91862018 1623450
544241715 1615879
692999718 1615906
588058402 1615907
24238472 1615917
10791220 1615926
710452700 1615946
146348888 1615917
94491222 1615906
701508972 1615879
128040245 1608308
733194823 1617927
395961922 1617931
981382976 1618010
277741060 1617954
995845674 1617986
480992197 1617954
857345634 1617978
330655965 1617954
584221484 1617954
785227345 1617978
692009561 1617954
79163381 1617954
564621457 1617931
177656958 1617946
89163173 1617927
208187704 1617931
87208286 1617927
724394129 1627193
844065716 1627199
796429295 1627224
668772498 1627254
240823782 1627266
489429013 1627292
256830900 1627292
265062253 1627266
352736584 1627266
967283599 1627224
411411140 1627224
299744157 1627199
521308922 1627193
391967737 1617927
885455332 1617931
917270843 1617946
225867064 1617954
163196391 1617978
765632869 1617986
559375612 1617954
873058377 1617931
96288833 1617927
143597095 1608308
510802073 1619762
788298393 1619788
75276827 1619863
75423529 1619802
965955350 1619851
16956352 1619802
136127584 1619820
53163635 1619802
741350480 1619802
832709651 1619820
702109282 1619802
410122978 1619802
73533432 1619788
44054646 1619798
519470229 1619762
338595684 1619788
396791229 1619762
339270179 1630916
602523176 1630930
549051737 1630937
860579101 1630939
994490912 1630960
434507068 1630979
630366295 1630979
72874327 1630960
450219811 1630960
248515515 1630937
632249938 1630937
323278187 1630930
344804347 1630916
628363384 1619762
834080259 1619788
985619091 1619798
703640210 1619802
762020139 1619820
804090793 1619851
720596561 1619802
750664075 1619788
709770779 1619762
461947041 1608308
583373725 1621523
411880060 1621533
724586370 1621618
509423509 1621567
455934705 1621592
244056598 1621567
848019192 1621570
705242285 1621567
583326776 1621567
303058719 1621570
254294022 1621567
296422228 1621567
150065982 1621533
541317441 1621564
779304875 1621523
222940308 1621533
991537251 1621523
27820389 1634606
707706597 1634632
167331789 1634645
225141088 1634650
336069980 1634659
1412047 1634684
210760178 1634684
39710190 1634659
615948538 1634659
14850970 1634645
612823102 1634645
219128964 1634632
577138101 1634606
74770142 1621523
802502688 1621533
989018160 1621564
651872863 1621567
164442548 1621570
297469217 1621592
895929460 1621567
12461740 1621533
2711501 1621523
331772588 1608308
168036810 1623450
109521874 1623469
480711167 1623512
318102792 1623490
650839315 1623505
260016041 1623490
541043099 1623497
494892917 1623490
140352782 1623490
101266048 1623497
662224706 1623490
365493869 1623490
437336027 1623469
516153104 1623477
576254046 1623450
329562568 1623469
132101641 1623450
443621368 1638507
942385670 1638522
203746956 1638553
20759468 1638558
869672163 1638581
6249644 1638603
862293979 1638603
374061378 1638581
23208543 1638581
12279547 1638553
122507189 1638553
35670282 1638522
867507400 1638507
454279776 1623450
56223444 1623469
977029273 1623477
934990943 1623490
374326235 1623497
480384939 1623505
47523335 1623490
915369333 1623469
975277856 1623450
187876116 1608308
16635380 1625295
490018913 1625299
553369984 1625357
306487759 1625333
6172016 1625343
982140382 1625333
488566678 1625338
990790009 1625333
278278101 1625333
283468699 1625338
194536964 1625333
151553920 1625333
5657214 1625299
53302959 1625315
13847898 1625295
379718591 1625299
76511502 1625295
878643797 1642352
502225779 1642366
964698135 1642382
746151196 1642388
956505555 1642411
20921578 1642421
575696820 1642421
744012849 1642411
395247812 1642411
908598111 1642382
644052535 1642382
163133497 1642366
736392318 1642352
831928651 1625295
32285228 1625299
226411230 1625315
237814986 1625333
191289338 1625338
85099597 1625343
72471719 1625333
679856016 1625299
75889605 1625295
350749819 1608308
963324714 1627193
122942921 1627199
502303738 1627301
968981927 1627254
176245879 1627292
368667988 1627254
348700517 1627266
105273732 1627254
247311784 1627254
850926296 1627266
69971867 1627254
845979331 1627254
659948202 1627199
90893444 1627224
274192502 1627193
256477402 1627199
338657608 1627193
182790612 1646145
900529936 1646146
354307456 1646152
919182929 1646162
584974938 1646189
386592683 1646205
998110510 1646205
675306276 1646189
577882021 1646189
83210107 1646152
747777994 1646152
110254388 1646146
11616063 1646145
98527813 1627193
73579101 1627199
134558983 1627224
600831550 1627254
42561028 1627266
310804862 1627292
969499537 1627254
243777896 1627199
416078593 1627193
69327672 1608308
947220543 1608308
338566811 1608310
915307002 1608364
459685096 1608327
281976607 1608353
42015856 1608327
716162497 1608330
620634214 1608327
224806467 1608327
469208785 1608330
974941669 1608327
996505748 1608327
906700074 1608310
214050703 1608319
994616257 1608308
582006349 1608310
644449075 1608308
930342715 1629149
182300695 1629159
754703462 1629165
941958778 1629184
280828507 1629189
828282563 1629192
76517760 1629192
734176408 1629189
723359942 1629189
239838973 1629165
556192297 1629165
819654189 1629159
655917566 1629149
625519968 1608308
766874732 1608310
994484376 1608319
393343322 1608327
79076179 1608330
128977334 1608353
435359177 1608327
795238676 1608310
749611547 1608308
512681995 1608308
116963812 1610156
577069567 1610179
509187742 1610235
23663885 1610215
643636622 1610232
356320351 1610215
458186586 1610230
288085696 1610215
139179417 1610215
640487280 1610230
42789158 1610215
81138194 1610215
773832138 1610179
723588072 1610197
10172306 1610156
508008545 1610179
299464365 1610156
250011278 1632658
64200841 1632671
119118553 1632696
905928843 1632717
542237161 1632730
738509636 1632738
752929571 1632738
788096834 1632730
817585815 1632730
881906904 1632696
75972362 1632696
465340842 1632671
484034803 1632658
588654356 1610156
434821005 1610179
913620721 1610197
97842098 1610215
311001241 1610230
557257342 1610232
306678800 1610215
769187826 1610179
697859390 1610156
445858216 1608308
262191457 1612195
593164899 1612215
379512762 1612286
36023594 1612251
169269322 1612268
389685067 1612251
396548491 1612264
468733686 1612251
639696344 1612251
313265683 1612264
440368590 1612251
398141539 1612251
708019195 1612215
31394578 1612241
3587461 1612195
496116028 1612215
701496744 1612195
885494364 1612195
572088389 1612215
19353937 1612241
222045518 1612251
13259097 1612264
454174941 1612268
135666239 1612268
111101194 1612264
765176181 1612264
545439932 1612241
270296345 1612241
386880359 1612215
95815673 1612195
568670912 1612195
649071815 1612215
688980571 1612241
948183673 1612251
537611761 1612264
858249892 1612268
337868739 1612251
786676603 1612215
179499929 1612195
977565083 1608308
99942285 1614163
619868519 1614185
228222973 1614273
660477832 1614225
503779448 1614251
231810433 1614225
9110211 1614243
205276191 1614225
117304796 1614225
581198600 1614243
224630127 1614225
191866666 1614225
594457696 1614185
678805067 1614209
180049256 1614163
558075241 1614185
296497599 1614163
578005539 1615879
680887937 1615906
683377957 1615907
673821212 1615917
249558848 1615926
184966124 1615946
362801782 1615946
50258873 1615926
722577884 1615926
73568026 1615907
388127611 1615907
361770838 1615906
253067954 1615879
218209045 1614163
314229474 1614185
872936472 1614209
446432017 1614225
974707305 1614243
229232271 1614251
678242449 1614225
983817516 1614185
434508461 1614163
648063597 1608308
417532467 1615879
511654939 1615906
692446614 1615954
11990162 1615917
42976357 1615946
872495869 1615917
422581754 1615926
339473956 1615917
303017759 1615917
103469690 1615926
22851912 1615917
976838970 1615917
205544889 1615906
207818035 1615907
192157104 1615879
255803761 1615906
782912270 1615879
265725129 1619762
496447724 1619788
144683107 1619798
518793082 1619802
714656768 1619820
458912581 1619851
244245906 1619851
13605137 1619820
286136237 1619820
473478176 1619798
544363937 1619798
269953752 1619788
907986637 1619762
44943885 1615879
687486218 1615906
272157927 1615907
737390498 1615917
551992731 1615926
315134284 1615946
462402718 1615917
827090836 1615906
654608239 1615879
765420477 1608308
783076877 1617927
677460150 1617931
742259446 1618010
988621766 1617954
737794537 1617986
934416549 1617954
96941878 1617978
520706806 1617954
52658029 1617954
593389601 1617978
517906265 1617954
571451111 1617954
160562721 1617931
976818845 1617946
815697016 1617927
26684209 1617931
115471433 1617927
289175191 1623450
571048145 1623469
385425185 1623477
49678179 1623490
615992030 1623497
925427754 1623505
321836106 1623505
353382527 1623497
329936837 1623497
636970389 1623477
815785245 1623477
157027672 1623469
144094979 1623450
433722073 1617927
940104549 1617931
821555128 1617946
28497870 1617954
781242666 1617978
411866016 1617986
962914419 1617954
730700895 1617931
932572822 1617927
15572447 1608308
176606848 1608308
302995438 1608310
439539909 1608364
337169568 1608327
132330634 1608353
255236924 1608327
363853776 1608330
247802066 1608327
396928467 1608327
934901920 1608330
633227250 1608327
446606645 1608327
403410301 1608310
411171356 1608319
620959102 1608308
756792828 1608310
741108192 1608308
110445842 1608308
425094424 1608310
898135863 1608319
254540820 1608327
858816496 1608330
690756763 1608353
76095948 1608353
887314365 1608330
324515780 1608330
340478315 1608319
702745135 1608319
55216675 1608310
125567488 1608308
570833934 1608308
84339874 1608310
428562925 1608319
10373842 1608327
421509441 1608330
560893558 1608353
118127118 1608327
637879568 1608310
808695624 1608308
515055584 1608308
425297839 1610006
294439225 1610036
814178580 1610097
828708140 1610048
705610580 1610082
435137682 1610048
438017319 1610078
446718771 1610048
545583523 1610048
863111742 1610078
197370986 1610048
800124343 1610048
574444589 1610036
740644100 1610047
728736642 1610006
314275305 1610036
65159880 1610006
69214956 1612195
869536792 1612215
972892906 1612241
47298796 1612251
292887077 1612264
57232779 1612268
475861720 1612268
155777270 1612264
331258571 1612264
36755278 1612241
273904387 1612241
969138138 1612215
845450901 1612195
641476322 1610282
246952328 1610297
139890125 1610322
455654902 1610327
75660467 1610333
698017057 1610340
743308935 1610327
513677785 1610297
144735827 1610282
141408809 1608308
229305878 1611767
194623164 1611786
941533151 1611880
656266818 1611809
935267264 1611853
522786144 1611809
970542123 1611825
852943495 1611809
444517452 1611809
692595266 1611825
678352752 1611809
491816247 1611809
985482342 1611786
588101882 1611793
967677966 1611767
141259611 1611786
771876804 1611767
856949595 1615879
267680350 1615906
593531293 1615907
554916847 1615917
909156671 1615926
840483620 1615946
547323324 1615946
217327924 1615926
916144087 1615926
245340380 1615907
960636858 1615907
282338223 1615906
242592558 1615879
102045667 1612520
364160453 1612524
289732074 1612545
896095169 1612552
20427270 1612582
77515689 1612599
271397665 1612552
843485744 1612524
930459183 1612520
715915116 1608308
536081009 1613642
461328286 1613663
60247714 1613751
374079702 1613705
901946519 1613730
880442031 1613705
515339313 1613721
673823322 1613705
737391626 1613705
783019662 1613721
119870966 1613705
144824824 1613705
544692684 1613663
960354585 1613677
692148147 1613642
762020608 1613663
729015023 1613642
937488526 1619762
722657465 1619788
11353246 1619798
32597436 1619802
677219483 1619820
228030050 1619851
322329509 1619851
573314652 1619820
248457319 1619820
399845197 1619798
844712316 1619798
91943063 1619788
182820731 1619762
413143783 1614612
480540423 1614634
496665368 1614657
325907848 1614686
854620125 1614690
398611886 1614697
206349878 1614686
222475789 1614634
924951559 1614612
796257855 1608308
858011802 1615329
44822524 1615341
941082679 1615419
402704485 1615393
5177108 1615415
633230825 1615393
17241444 1615408
586708483 1615393
423235703 1615393
739898909 1615408
450578080 1615393
308349490 1615393
269634743 1615341
678608129 1615363
630678998 1615329
842949394 1615341
927065447 1615329
883040546 1623450
540178061 1623469
871524861 1623477
65861276 1623490
805838195 1623497
204581636 1623505
415042995 1623505
131746042 1623497
911718112 1623497
813654880 1623477
190612272 1623477
134193900 1623469
591122790 1623450
986870126 1616489
844722053 1616498
635945313 1616523
927952804 1616540
99942889 1616551
493638772 1616582
413699981 1616540
117184333 1616498
80347254 1616489
689452035 1608308
857083241 1617007
383441685 1617033
997801524 1617116
126717983 1617066
62049813 1617102
480996873 1617066
822183729 1617076
841631612 1617066
364037418 1617066
214878141 1617076
565672824 1617066
282415045 1617066
20716336 1617033
770254459 1617051
697458039 1617007
4978729 1617033
534488922 1617007
363629270 1627193
195591000 1627199
521199173 1627224
954752059 1627254
34977478 1627266
365921225 1627292
443213723 1627292
962930281 1627266
465864114 1627266
789368846 1627224
229146613 1627224
583048446 1627199
722232452 1627193
918598647 1618698
292648038 1618702
105674136 1618708
768916522 1618731
271882372 1618753
20240301 1618776
249913394 1618731
946582452 1618702
861871912 1618698
466467163 1608308
13976945 1618852
427544735 1618858
748882207 1618925
34693280 1618876
50315546 1618910
298856597 1618876
892188360 1618879
584804467 1618876
515002218 1618876
87779360 1618879
106003640 1618876
322270628 1618876
122756837 1618858
324441216 1618871
765484350 1618852
938203469 1618858
642821681 1618852
407369548 1630916
19866434 1630930
78386478 1630937
129601999 1630939
790981432 1630960
371034515 1630979
87792486 1630979
559897954 1630960
495433239 1630960
108032786 1630937
662327699 1630937
442015690 1630930
969904697 1630916
128794862 1620688
455992634 1620697
249965784 1620709
730193420 1620717
343202265 1620727
300281329 1620745
29050017 1620717
87906977 1620697
737602147 1620688
396568586 1608308
28202688 1620524
696122138 1620541
718839214 1620639
3475876 1620595
20563354 1620634
336839915 1620595
941679344 1620619
515901386 1620595
744209462 1620595
814062129 1620619
594287864 1620595
873811460 1620595
605043561 1620541
965322378 1620569
961603946 1620524
17457866 1620541
313271968 1620524
69636731 1634606
679785564 1634632
755287658 1634645
892057780 1634650
661096777 1634659
63796643 1634684
142023563 1634684
391290197 1634659
259515260 1634659
294821243 1634645
272856565 1634645
347422236 1634632
32423389 1634606
669425150 1622554
375624923 1622566
728545527 1622579
240780715 1622593
379100798 1622600
601625232 1622619
577620630 1622593
173296493 1622566
117526617 1622554
321830091 1608308
987358622 1622136
564330832 1622141
48157903 1622234
444918534 1622192
382169562 1622212
862278200 1622192
462376399 1622199
695441529 1622192
784431282 1622192
994678314 1622199
303245538 1622192
676489061 1622192
655775091 1622141
367042181 1622164
671028975 1622136
899581639 1622141
626557440 1622136
965850217 1638507
24954555 1638522
973979675 1638553
998273606 1638558
694379704 1638581
202120949 1638603
579335484 1638603
935160419 1638581
581221746 1638581
33477067 1638553
365297400 1638553
754518238 1638522
3520035 1638507
687127490 1624684
741876859 1624708
567850867 1624710
587801744 1624718
39311744 1624724
950020428 1624755
450079943 1624718
501688142 1624708
497978308 1624684
87027577 1608308
348882808 1623875
801223846 1623877
763516637 1623915
4657898 1623883
20782378 1623908
287061964 1623883
756755888 1623897
647339817 1623883
252912180 1623883
781710442 1623897
473835843 1623883
103702137 1623883
328606497 1623877
675956791 1623881
535553972 1623875
116283267 1623877
109694888 1623875
569031038 1642352
481580666 1642366
864213125 1642382
425067425 1642388
21224508 1642411
458606336 1642421
992918291 1642421
609026251 1642411
497918079 1642411
795455070 1642382
59106194 1642382
999606221 1642366
145949729 1642352
146133770 1626672
201005380 1626698
947173574 1626723
762166758 1626730
58179629 1626734
967955951 1626747
49228721 1626730
814935516 1626698
467812119 1626672
154657253 1608308
596645957 1625609
941647961 1625625
110875741 1625705
925252453 1625677
470121103 1625704
646429713 1625677
41535720 1625680
579815990 1625677
67977102 1625677
375632737 1625680
296545467 1625677
493044526 1625677
396857244 1625625
755151802 1625646
338479168 1625609
5883495 1625625
253069880 1625609
133934237 1646145
917506040 1646146
105192452 1646152
132400318 1646162
916156161 1646189
306197831 1646205
79573891 1646205
530839270 1646189
364377459 1646189
47529842 1646152
432584343 1646152
31829326 1646146
367858312 1646145
587241595 1628798
628475282 1628829
162022625 1628834
698117335 1628845
406244087 1628872
632143727 1628888
197063399 1628845
300296158 1628829
64476069 1628798
265040501 1608308
675928894 1627366
361021535 1627370
758085026 1627427
72786138 1627384
116173336 1627421
96564194 1627384
931185984 1627413
221759567 1627384
83014782 1627384
848692023 1627413
179468371 1627384
215415099 1627384
617364535 1627370
485666201 1627383
147505342 1627366
148203804 1627370
702560012 1627366
47551535 1650036
580788146 1650059
734389337 1650066
415409846 1650075
20546092 1650089
215380971 1650093
577432470 1650093
571179779 1650089
621625057 1650089
62092549 1650066
768243177 1650066
774437566 1650059
126568617 1650036
33283677 1630782
302882811 1630790
340106503 1630796
791368703 1630797
228185300 1630826
308796190 1630844
740449248 1630797
159371283 1630790
530555756 1630782
823464029 1608308
860579657 1629149
710024126 1629159
891395480 1629220
477944191 1629184
48206679 1629192
38900821 1629184
478664347 1629189
750766690 1629184
86452355 1629184
59452492 1629189
337672378 1629184
501862200 1629184
932514936 1629159
553053348 1629165
79294670 1629149
503694714 1629159
27194756 1629149
141387218 1653991
124454242 1654005
801632321 1654009
120472186 1654019
157737919 1654033
104515132 1654041
460578688 1654041
801622973 1654033
332700431 1654033
769374877 1654009
542072220 1654009
344588066 1654005
152446984 1653991
218052600 1632658
205167722 1632671
714987462 1632696
109448079 1632717
535628265 1632730
763194140 1632738
865251 1632717
14292611 1632671
366477181 1632658
87317605 1608308
926261454 1630782
704149558 1630790
441696157 1630860
858776389 1630797
109719258 1630844
373507178 1630797
214987454 1630826
136914013 1630797
367410747 1630797
339441696 1630826
938546334 1630797
340399284 1630797
349695966 1630790
43061465 1630796
800977971 1630782
151318938 1630790
228278247 1630782
422869199 1657975
545907509 1658006
572866312 1658016
427832534 1658038
763960108 1658039
630550386 1658043
142819995 1658043
725924539 1658039
166178650 1658039
758530486 1658016
579306141 1658016
32987612 1658006
125007666 1657975
519140098 1634739
959249065 1634750
681673576 1634773
960836254 1634781
670541806 1634789
791392833 1634820
186859783 1634781
885529259 1634750
928306845 1634739
406786881 1608308
77487306 1632403
719369530 1632417
747186164 1632480
427183271 1632448
614947346 1632464
400680486 1632448
431018560 1632459
843225593 1632448
823549684 1632448
976926068 1632459
268608256 1632448
103898569 1632448
593402528 1632417
899158641 1632439
246718564 1632403
171843418 1632417
917853642 1632403
5249049 1661713
751149558 1661730
950841253 1661761
982773067 1661763
270289655 1661766
910090318 1661776
516962994 1661776
83642260 1661766
433148475 1661766
160872178 1661761
123018394 1661761
171194085 1661730
941695374 1661713
529805274 1636913
248681391 1636925
661064904 1636931
276991437 1636936
528381013 1636962
128528601 1636972
677671922 1636936
959399573 1636925
971754193 1636913
353737957 1608308
936325640 1634166
92878801 1634178
457636526 1634263
382244519 1634209
844553793 1634251
556871441 1634209
554087936 1634222
762407435 1634209
414636841 1634209
305237494 1634222
565765039 1634209
249926259 1634209
428043500 1634178
328371708 1634194
766889252 1634166
511685760 1634178
761520182 1634166
780277781 1665473
634704153 1665489
932714267 1665518
721973155 1665548
17025779 1665556
33912009 1665557
235554410 1665557
294017215 1665556
562293021 1665556
364083010 1665518
824205489 1665518
521692593 1665489
188353555 1665473
30459797 1639046
310534585 1639048
133748707 1639061
488096322 1639082
692779103 1639087
978302499 1639089
44967762 1639082
99383391 1639048
593226285 1639046
312120955 1608308
404620884 1635926
158991324 1635930
562047213 1636014
832664383 1635949
487363031 1635987
181452817 1635949
196866494 1635967
101399565 1635949
961730597 1635949
684086999 1635967
34113831 1635949
536220103 1635949
701112777 1635930
68025839 1635932
771774512 1635926
995129991 1635930
630318859 1635926
988373874 1669273
671851831 1669293
4527804 1669313
29243780 1669318
702311628 1669343
167578740 1669366
162992486 1669366
42924301 1669343
860357842 1669343
141294984 1669313
87892063 1669313
959741232 1669293
734521269 1669273
252529369 1641051
216878467 1641069
746028944 1641078
814576581 1641087
902059202 1641098
85908326 1641100
996029397 1641087
98925695 1641069
187307890 1641051
957759994 1608308
635529045 1608310
221421720 1608327
346496448 1608319
336641821 1608327
141963910 1608310
118270960 1608308
184288164 1608310
772282769 1608327
959161185 1608319
856139994 1608327
629326924 1608310
988404964 1608308
410967973 1608310
796905663 1608327
151397449 1608319
453892274 1608327
509779856 1608310
145208784 1608308
394300688 1608310
322037440 1608327
879730052 1608319
646830056 1608327
538915906 1608310
478275347 1608308
461406636 1608310
293491459 1608327
564183673 1608319
309952385 1608327
244933506 1608310
751491562 1608308
120228730 1608310
880462550 1608327
972913282 1608319
466725177 1608327
69620723 1608310
114877191 1608308
437512488 1608310
253908886 1608327
739676311 1608319
396673672 1608327
962565231 1608310
221519586 1608308
237594987 1608310
373533204 1608327
18425248 1608319
388992435 1608327
827425477 1608310
528205104 1608308
534201219 1608310
74242516 1608327
850242543 1608319
266447622 1608327
721072571 1608310
241674800 1608308
744722969 1608310
34995558 1608327
535166259 1608319
161422993 1608327
344947942 1608310
780099764 1608308
912914554 1608319
465176671 1608310
513078665 1608353
738344187 1608330
931901848 1608330
582699387 1608327
705737730 1608330
369414335 1608327
836608272 1608330
297930392 1608364
618604359 1608330
651689855 1608353
519449978 1608327
856199345 1608310
25223058 1608310
537875225 1608327
97708132 1608319
705164886 1608364
918596680 1608353
631909350 1608353
779407401 1608330
621355574 1608353
750873323 1608330
352996323 1608353
863030374 1608376
348112643 1608353
387991880 1608364
250712984 1608330
509535635 1608319
732939822 1608319
883329099 1608330
422450189 1608327
198116492 1608376
396407763 1608364
13310727 1608364
130018339 1608353
979107150 1608364
719048456 1608353
351949026 1608364
668231773 1608377
16978848 1608364
970553384 1608376
172437979 1608353
536428825 1608327
679269080 1608327
50177388 1608353
926820401 1608330
776977211 1608377
755342273 1608376
845417081 1608376
261402912 1608364
387266025 1608376
319289006 1608364
12276235 1608376
740262347 1608403
34835731 1608376
360388877 1608377
128254227 1608364
285548714 1608330
869924512 1608330
713710400 1608364
21394164 1608353
144891052 1608403
911826891 1608377
417801927 1608377
158201778 1608376
894361582 1608377
249425428 1608376
877250234 1608377
98826959 1608413
770173552 1608377
746745433 1608403
921896694 1608376
942611531 1608353
135690609 1608353
601165773 1608376
992788918 1608364
62511009 1608413
230659336 1608403
600647543 1608403
760444441 1608377
492062247 1608403
987913567 1608377
79733447 1608403
504338481 1608432
580692266 1608403
114569177 1608413
717243710 1608377
561462844 1608364
252634243 1608364
439684573 1608377
127689595 1608376
274028406 1608432
584575624 1608413
39516485 1608413
691830332 1608403
595293753 1608413
786394418 1608403
793772111 1608413
325060338 1608449
737737728 1608413
563945663 1608432
71805770 1608403
659634421 1608376
359073545 1608376
207496378 1608403
113316546 1608377
351862462 1608449
122523739 1608432
343975881 1608432
952510004 1608413
882968179 1608432
836038127 1608413
792939923 1608432
962701625 1608471
192892960 1608432
226148540 1608449
929787154 1608413
910136669 1608377
640127735 1608377
182421396 1608413
202337593 1608403
767817329 1608471
456449801 1608449
786913216 1608449
659850165 1608432
796485 1608449
234723320 1608432
298760935 1608449
794568595 1608490
559783658 1608449
36498662 1608471
211030609 1608432
631589427 1608403
548649435 1608403
570104153 1608432
691602157 1608413
661965980 1608490
774482967 1608471
814125895 1608471
858458212 1608449
579509322 1608471
697094073 1608449
547012690 1608471
224965596 1608515
512312050 1608471
739905649 1608490
451114135 1608449
294615555 1608413
502558669 1608413
91241869 1608377
477036950 1608353
704896261 1608327
711575549 1608308
786003102 1608285
344325828 1608212
371425714 1608177
786799586 1608101
579049148 1608045
670186648 1607990
433884533 1607978
138832805 1607941
559201661 1607919
497431493 1607884
622938583 1607861
107851095 1607832
67535646 1607805
167057091 1607736
622333426 1607697
694534964 1607652
981182985 1607624
480791637 1607569
274044285 1607522
530793410 1607475
27804327 1607455
499009881 1607394
43105459 1607355
620226327 1607278
802640367 1607226
190237365 1607153
975301348 1607135
746398588 1607086
667274314 1607071
532713960 1607030
457974136 1607001
305793767 1606978
877039788 1606927
681916201 1606873
92593353 1606822
308605287 1606789
204619200 1606812
378994237 1606887
299954443 1606822
763820861 1606873
876425729 1606822
775409377 1606846
871671955 1606822
796477726 1606822
942466468 1606846
346521733 1606822
343529041 1606822
923649452 1606812
827313369 1606818
617573326 1606789
306959213 1606812
707634047 1606789
969099558 1608739
202581023 1608741
180376726 1608739
771739924 1606789
392818387 1606812
8194425 1606887
370654863 1606822
60092700 1606873
540908384 1606822
828628999 1606846
218402819 1606822
270464523 1606822
363061551 1606846
163512523 1606822
579069809 1606822
567680751 1606812
542506759 1606818
731540603 1606789
331501611 1606812
271448839 1606789
506949980 1608739
55689917 1608741
920442917 1608739
301932799 1606789
402211649 1606812
263971957 1606887
78098602 1606822
82041370 1606873
734061634 1606822
385057815 1606846
642191768 1606822
703161191 1606822
587638837 1606846
822568493 1606822
327417467 1606822
980457224 1606812
830762917 1606818
698072329 1606789
893066275 1606812
224187653 1606789
379217679 1608739
111469093 1608741
494652175 1608739
742279230 1606789
274981615 1606812
73721984 1606887
162476332 1606822
670004725 1606873
657778938 1606822
493977942 1606846
941453564 1606822
17245269 1606822
402184210 1606846
714412832 1606822
319178067 1606822
804395859 1606812
978384788 1606818
397276669 1606789
738953580 1606812
564962774 1606789
782334483 1608739
381145347 1608741
120640316 1608739
369973319 1606789
56230192 1606812
448057782 1606887
202946894 1606822
739509460 1606873
998646463 1606822
96013169 1606846
963697112 1606822
230380493 1606822
59998613 1606846
458349287 1606822
972659722 1606822
334980228 1606812
384587622 1606818
135136053 1606789
4984952 1606812
42366559 1606789
481630346 1608739
798954867 1608741
59611828 1608739
883814556 1606789
365884050 1606812
231306246 1606887
540726766 1606822
196785190 1606873
628582914 1606822
132196697 1606846
761747963 1606822
410917396 1606822
513342043 1606846
882388278 1606822
633407067 1606822
422088586 1606812
182962412 1606818
836353960 1606789
161598046 1606812
181608874 1606789
932367128 1608739
125295157 1608741
411989366 1608739
992365741 1606789
436160795 1606812
237165440 1606887
179862320 1606822
673264768 1606873
224817844 1606822
37363623 1606846
568147679 1606822
558964542 1606822
688834842 1606846
480275858 1606822
295295449 1606822
54718891 1606812
711582103 1606818
836022214 1606789
251504080 1606812
340165017 1606789
968218910 1608739
13252042 1608741
603598764 1608739
334077304 1606789
748156672 1606812
237005830 1606887
756165890 1606822
931119083 1606873
73359790 1606822
770280287 1606846
112727956 1606822
858243269 1606822
748091795 1606846
377233673 1606822
703125361 1606822
36768942 1606812
466915464 1606818
735504032 1606789
710033709 1606812
691733308 1606789
772867655 1608739
278181387 1608741
103214201 1608739
314218848 1606789
758457244 1606812
398509649 1606887
368937738 1606822
322555699 1606873
87048214 1606822
472958170 1606846
662720715 1606822
55267123 1606822
338726563 1606846
118835830 1606822
241860778 1606822
86883234 1606812
355841660 1606818
850543019 1606789
18002316 1606812
281717801 1606789
620823305 1608739
983246623 1608741
992477421 1608739
221431452 1606789
212996648 1606812
548119134 1606887
258200393 1606822
679912111 1606873
283623165 1606822
968234101 1606846
224161770 1606822
909007171 1606822
98931840 1606846
327375970 1606822
223226018 1606822
857389083 1606812
725885618 1606818
444680108 1606789
32461133 1606812
812933831 1606789
917638277 1608739
695181847 1608741
720717305 1608739
256364839 1606789
814017677 1606818
815094435 1606812
195764425 1606873
22375688 1606846
665637453 1606846
66283092 1606822
156609840 1606846
138977110 1606822
49529715 1606846
149087260 1606887
360408561 1606905
115042714 1606993
697206393 1606955
618608953 1606979
647471176 1606955
833345910 1606978
439359405 1606955
871632946 1606955
742353080 1606978
538291244 1606955
51525267 1606955
818095450 1606905
248196679 1606927
629927237 1606887
262775557 1606905
280657811 1606887
295377419 1606927
32930185 1606905
975839658 1606979
16094724 1606978
289295023 1606978
642373686 1606955
683705510 1606978
485059447 1606955
517265725 1606978
201859314 1606993
551342539 1607001
673875564 1607071
340836423 1607030
453388605 1607043
822962823 1607030
553761335 1607036
420947670 1607030
372685568 1607030
24886639 1607036
68418845 1607030
58547829 1607030
464246044 1607001
792568142 1607018
800900908 1606993
2537287 1607001
844093409 1606993
471512709 1607018
250733965 1607001
326536997 1607043
734288265 1607036
531391776 1607036
621914415 1607030
767218449 1607036
359747785 1607030
490525490 1607036
909029824 1607071
854637822 1607082
174230999 1607150
246605622 1607089
371903546 1607135
376090313 1607089
797948160 1607106
45779109 1607089
569443087 1607089
103853116 1607106
721258283 1607089
123204422 1607089
524800785 1607082
946460202 1607086
148091060 1607071
445735982 1607082
5008030 1607071
612337103 1607086
238304123 1607082
658425290 1607135
467390742 1607106
934913883 1607106
129937998 1607089
718124706 1607106
261450879 1607089
716742615 1607106
102032833 1607150
883365294 1607153
336477415 1607278
314296969 1607201
226407135 1607253
245507238 1607201
168934790 1607226
400638134 1607201
492112860 1607201
393354687 1607226
629244798 1607201
142577371 1607201
291650147 1607153
198687884 1607180
98946839 1607150
12908430 1607153
174408657 1607150
623747623 1607180
811884983 1607153
322499717 1607253
69483604 1607226
816893013 1607226
787353171 1607201
160304079 1607226
327834654 1607201
254743912 1607226
95217961 1607278
457772651 1607308
825384970 1607418
209185192 1607355
27031617 1607394
927417802 1607355
945066837 1607386
363509032 1607355
94231123 1607355
171473971 1607386
609016269 1607355
263165912 1607355
424628456 1607308
953645480 1607324
656520599 1607278
53873253 1607308
96222851 1607278
948170745 1607324
105077489 1607308
47686041 1607394
813595526 1607386
279486145 1607386
671433663 1607355
477996861 1607386
601985861 1607355
593433619 1607386
147406225 1607418
241855384 1607430
606254049 1607502
475240878 1607467
496599295 1607490
553988361 1607467
933013528 1607475
174500616 1607467
763173552 1607467
960045145 1607475
101918418 1607467
560756740 1607467
176070528 1607430
48665892 1607455
732230711 1607418
785086796 1607430
311831803 1607418
9375518 1607455
591248628 1607430
820868753 1607490
63248771 1607475
539987830 1607475
621555850 1607467
168326259 1607475
587673870 1607467
287667727 1607475
447812403 1607502
111623884 1607522
765664587 1607624
902314616 1607569
705057502 1607622
913070811 1607569
144169999 1607598
163827902 1607569
388311688 1607569
493285645 1607598
717816263 1607569
173841568 1607569
667786261 1607522
333506166 1607542
986403064 1607502
622221030 1607522
894262906 1607502
162473591 1607542
670886921 1607522
479009968 1607622
800076738 1607598
982718723 1607598
488385485 1607569
391325365 1607598
656103828 1607569
551634255 1607598
931313194 1607624
277659677 1607649
572476865 1607728
371503415 1607655
565327403 1607697
20289268 1607655
483127299 1607680
183508342 1607655
775120235 1607655
40701152 1607680
96579152 1607655
919290233 1607655
204529054 1607649
337407192 1607652
265092229 1607624
922345316 1607649
511248759 1607624
932878489 1607652
255851481 1607649
350168174 1607697
555099518 1607680
2630738 1607680
512641764 1607655
78502790 1607680
481640705 1607655
165234853 1607680
61221513 1607728
970026190 1607736
556560218 1607832
569841692 1607779
374176796 1607815
340389763 1607779
847501368 1607805
946653661 1607779
711893178 1607779
265345122 1607805
819459280 1607779
47536828 1607779
448853463 1607736
594579514 1607755
88237979 1607728
397948967 1607736
366386098 1607728
292767032 1607755
735356158 1607736
631478326 1607815
215112347 1607805
99121268 1607805
416873167 1607779
323480180 1607805
449289441 1607779
971972684 1607805
326110917 1607832
961931204 1607852
50475474 1607893
807751622 1607861
127166056 1607884
964213338 1607861
777777811 1607878
536242625 1607861
386571381 1607861
4470958 1607878
729148740 1607861
86589100 1607861
951124618 1607852
293558269 1607859
351934221 1607832
770583897 1607852
341095096 1607832
653304036 1607805
217679762 1607815
429333074 1607779
51253002 1607736
436582211 1607736
722100106 1607755
786609159 1607779
68060537 1607805
937212452 1607815
885730426 1607832
337450055 1607805
113208983 1607755
187536218 1607736
161939090 1607697
439319900 1607728
1983773 1607680
64930915 1607652
247071521 1607652
129149828 1607655
29144252 1607680
877365683 1607697
517908805 1607728
268231984 1607736
881836640 1607697
99573896 1607655
354821083 1607652
832961258 1607624
393132164 1607649
706755304 1607622
456061506 1607569
734227259 1607569
212575691 1607598
526257620 1607622
163560332 1607624
263828692 1607649
962839830 1607652
885660437 1607624
902954202 1607598
883416718 1607569
675389241 1607522
641200979 1607542
220866772 1607502
788598223 1607475
828737196 1607475
382805862 1607490
80434474 1607502
830720968 1607522
447736776 1607542
327505994 1607569
812387147 1607522
329397380 1607490
57388028 1607475
182812303 1607455
597629363 1607467
939224668 1607430
282386198 1607394
952450446 1607394
624702277 1607418
675518361 1607430
511722101 1607455
80763782 1607467
409745619 1607475
724297791 1607455
459537753 1607418
425822303 1607394
840642834 1607355
422377583 1607386
163999091 1607324
743597035 1607278
158310652 1607278
839388331 1607308
237314365 1607324
379177424 1607355
480502906 1607386
66051560 1607394
614499637 1607355
560937379 1607308
896772527 1607278
62236412 1607226
740959725 1607253
561676025 1607201
244150143 1607153
798347752 1607153
744488328 1607180
694295858 1607201
737572419 1607226
26874525 1607253
499262655 1607278
214791047 1607226
702392886 1607180
10984755 1607153
148071181 1607135
964654856 1607150
587798897 1607106
607608933 1607086
390477158 1607086
280958082 1607089
29986515 1607106
554476249 1607135
24555116 1607150
40813519 1607153
246380931 1607135
114385832 1607089
419990942 1607086
579400188 1607071
180437391 1607082
34490578 1607043
140337567 1607030
929726269 1607030
949243341 1607036
733813643 1607043
491402293 1607071
45909836 1607082
532161394 1607086
88406972 1607071
740205693 1607036
122250165 1607030
115281497 1607001
91984699 1607018
337041211 1606993
670190734 1606978
102969453 1606978
485112391 1606979
634845589 1606993
543284701 1607001
92721324 1607018
877839099 1607030
824242782 1607001
975224190 1606979
284831699 1606978
701314249 1606927
16037708 1606955
531212629 1606905
815700080 1606873
288545001 1606873
110612817 1606887
848653822 1606905
175551930 1606927
103466735 1606955
778380090 1606978
977311623 1606927
689796729 1606887
122298734 1606873
23221458 1606822
74474474 1606846
210705706 1606818
615943502 1606789
196724638 1606789
178503554 1606812
707928200 1606818
386282201 1606822
848694287 1606846
663414004 1606873
871394591 1606822
336056227 1606812
59215056 1606789
816632266 1606818
213895325 1606812
735974189 1606818
644372808 1606812
498727023 1606822
289804789 1606818
512926867 1606822
882456004 1606818
105504868 1606846
653988220 1606822
845585172 1606846
806675041 1606822
829540149 1606873
801568258 1606846
437571482 1606873
659368123 1606846
491364986 1606887
559870215 1606873
535105932 1606887
565839459 1606873
623092272 1606905
3565785 1606887
615080449 1606905
801595825 1606887
711493984 1606927
1362649 1606905
650290111 1606927
227424339 1606905
725273591 1606955
986346338 1606927
139155746 1606955
394422209 1606927
52758014 1606978
875129934 1606955
38795016 1606978
404001389 1606955
164934722 1606979
404238234 1606978
286457392 1606979
122955941 1606978
58226453 1606993
132042563 1606955
929630981 1606979
740282954 1606927
786127172 1606978
219718814 1606905
252167428 1606955
130008509 1606887
779589029 1606927
787273360 1606873
695847967 1606905
255197652 1606846
790839144 1606887
163444767 1606822
56793477 1606873
354849480 1606818
164807415 1606846
559599939 1606812
582273818 1606822
890081006 1606789
398462628 1606812
721429564 1606887
137019566 1606822
451220642 1606873
449075849 1606822
28330933 1606846
855222030 1606822
614010571 1606822
432569166 1606846
994195773 1606822
589482863 1606822
343311971 1606812
978754687 1606818
371630196 1606789
936111276 1606812
764881858 1606789
591349009 1606812
188278703 1606818
894890366 1606822
223454389 1606846
975552062 1606873
443254684 1606822
478652041 1606812
618907558 1606789
606699451 1606812
535445517 1606887
973757037 1606822
624023217 1606873
95045455 1606822
408547206 1606846
366620574 1606822
346024435 1606822
129976769 1606846
503640139 1606822
797245076 1606822
431568970 1606812
531971071 1606818
504983457 1606789
45579540 1606812
964540237 1606789
351695581 1606812
487578754 1606818
160368559 1606822
330450267 1606846
859208949 1606873
96479834 1606822
947848476 1606812
450557958 1606789
137274888 1606812
695255193 1606887
674012346 1606822
965343302 1606873
138509876 1606822
5180738 1606846
584250859 1606822
597725678 1606822
540626254 1606846
410524247 1606822
74265247 1606822
488188061 1606812
819071452 1606818
440885820 1606789
834212495 1606812
801564573 1606789
944525959 1606812
483973922 1606818
233133542 1606822
476497029 1606846
841473730 1606873
131229433 1606822
293553617 1606812
193169310 1606789
618808186 1606812
306438527 1606887
376135928 1606822
330533487 1606873
255434712 1606822
323984403 1606846
781091444 1606822
392709600 1606822
19239595 1606846
307620141 1606822
210569253 1606822
10265822 1606812
312800879 1606818
794820111 1606789
460507852 1606812
705943484 1606789
57860709 1606812
534773098 1606818
46647896 1606822
876932160 1606846
975658917 1606873
880860390 1606822
678496732 1606812
772701227 1606789
217350663 1606812
764146625 1606887
101714608 1606822
58824392 1606873
895376057 1606822
395268224 1606846
104510053 1606822
366700595 1606822
701706751 1606846
480645980 1606822
697234081 1606822
957141462 1606812
657146734 1606818
330841876 1606789
202367413 1606812
528902680 1606789
490978368 1606812
412936665 1606818
391684854 1606822
803779246 1606846
60273127 1606873
852192705 1606822
362239082 1606812
118133835 1606789
239482154 1606812
408886977 1606887
995065995 1606822
67657422 1606873
142263719 1606822
526079078 1606846
840358649 1606822
359614381 1606822
142742055 1606846
942073256 1606822
270955125 1606822
38118111 1606812
189857831 1606818
227981529 1606789
257335057 1606812
744080933 1606789
708627509 1606812
807085489 1606818
553738747 1606822
218290594 1606846
137927364 1606873
756106159 1606822
747193274 1606812
481422084 1606789
21559176 1606812
138878127 1606887
137717681 1606822
81832302 1606873
843587183 1606822
499956762 1606846
52482489 1606822
83069336 1606822
908843739 1606846
900064835 1606822
3243109 1606822
51107457 1606812
278660264 1606818
696118109 1606789
263238189 1606812
421402318 1606789
490707716 1606812
534193313 1606818
312036781 1606822
680565547 1606846
762174842 1606873
569371837 1606822
277162831 1606812
323318702 1606789
228973678 1606812
830901577 1606887
541609295 1606822
219417393 1606873
439524088 1606822
141318920 1606846
700839476 1606822
461083263 1606822
280197046 1606846
838557157 1606822
395431916 1606822
123784228 1606812
338513918 1606818
300430756 1606789
59369915 1606812
99874008 1606789
200495590 1606812
915129376 1606818
150981464 1606822
479155854 1606846
611247484 1606873
414219653 1606822
900558171 1606812
101955200 1606789
800929317 1606812
65111303 1606887
635037098 1606822
415620510 1606873
634483140 1606822
912199928 1606846
738939211 1606822
863456817 1606822
595617857 1606846
133064858 1606822
82874209 1606822
35141944 1606812
274383777 1606818
636230037 1606789
348741558 1606812
407097175 1606789
474787193 1606812
744173473 1606818
383397754 1606822
665817462 1606846
44604229 1606873
295284021 1606822
765691470 1606812
97616170 1606789
210413396 1606812
916672933 1606887
429288375 1606822
674177231 1606873
183408937 1606822
182362898 1606846
628648782 1606822
984338254 1606822
247474200 1606846
116202231 1606822
252475115 1606822
881957339 1606812
28402159 1606818
991414326 1606789
597930507 1606812
476536367 1606789
976995535 1606812
533321068 1606818
511678310 1606822
103895663 1606846
22067456 1606873
860419867 1606822
510992837 1606812
496854648 1606789
457109691 1606783
