3951
800142378 1599206
922673465 1599226
188845455 1599246
281281179 1599270
20691317 1599299
216935767 1599319
231937291 1599341
953681497 1599351
997403884 1599359
688452114 1599385
134810845 1599402
856247334 1599433
714387932 1599441
21838716 1599449
630819139 1599467
512832145 1599485
69299469 1599504
240002953 1599510
328915161 1599540
34616124 1599565
732296687 1599596
644774644 1599617
582394410 1599643
856474573 1599646
749277604 1599674
603140958 1599697
202158309 1599719
139449777 1599746
902253451 1599750
644156532 1599773
553921702 1599788
554912180 1599796
419346349 1599805
595283509 1599806
688709711 1599836
440037665 1599840
812219275 1599858
920647001 1599878
246235513 1599891
662139510 1599914
461615466 1599926
233562709 1599954
518386843 1599976
28519749 1599995
255401425 1599999
1722334 1600007
541351893 1600012
324700893 1600032
241725286 1600043
870267054 1600044
359317017 1600055
974021972 1600065
367558049 1600087
941711426 1600093
683012896 1600106
116835652 1600124
397368735 1600152
885171204 1600153
108801780 1600164
152138537 1600193
381844088 1600217
662723481 1600242
559567069 1600245
653706788 1600246
110523341 1600269
248276779 1600270
93744452 1600275
922742615 1600284
21440131 1600302
192496317 1600317
584882124 1600348
483055596 1600376
426059025 1600387
955785319 1600408
511575344 1600423
533976801 1600435
957507652 1600461
52927237 1600479
858677694 1600508
199232937 1600514
775710642 1600532
70511062 1600541
25771260 1600554
143268690 1600560
864738839 1600574
708784155 1600599
112620693 1600621
114623925 1600629
446471711 1600655
221422472 1600656
266762461 1600661
680832150 1600677
736662304 1600701
826329529 1600708
334538937 1600722
847185645 1600737
927122659 1600745
280799740 1600761
769928259 1600783
948562789 1600808
325812408 1600839
207326735 1600858
431618384 1600879
751871433 1600887
15628405 1600896
943193728 1600899
138364585 1600917
973136056 1600918
848637316 1600936
997042278 1600951
24885344 1600955
624347957 1600957
920069691 1600980
50656603 1600997
620132998 1601005
784808529 1601008
611957109 1601016
732753690 1601045
899432453 1601055
58428819 1601086
806692513 1601113
18711266 1601127
591777320 1601142
543354816 1601159
697557146 1601180
926316256 1601209
243056812 1601239
624679805 1601265
59632348 1601276
12985071 1601296
425758945 1601315
385444755 1601325
72828157 1601332
857377329 1601339
989832539 1601355
88456561 1601368
653087408 1601375
128197124 1601377
61592616 1601389
354241075 1601413
977755753 1601427
86477959 1601442
978589031 1601467
897825444 1601473
989650913 1601502
451238380 1601532
535150324 1601538
601608021 1601544
36508421 1601571
287099129 1601587
512553192 1601592
843200933 1601613
158326746 1601642
104330511 1601660
239072100 1601666
855883891 1601682
883163119 1601695
482128912 1601697
333080047 1601707
795311818 1601730
347630334 1601751
758838992 1601778
33272924 1601809
420458490 1601835
468732672 1601837
23105463 1601852
361431402 1601857
121820079 1601863
3818938 1601877
275540369 1601893
328577505 1601922
981574690 1601949
214534679 1601978
159682887 1602000
731916485 1602030
204185591 1602056
610921266 1602075
119583161 1602080
658309963 1602109
647429686 1602123
406682289 1602141
23379506 1602142
490630618 1602143
565009034 1602156
127710017 1602174
729702717 1602179
273409276 1602208
863389487 1602238
64347980 1602244
606489323 1602249
511217656 1602270
411978313 1602295
365328314 1602326
544490579 1602346
832436802 1602363
834060985 1602393
567596041 1602394
46384555 1602415
808397415 1602419
571414978 1602433
321924923 1602437
136974919 1602467
405506020 1602475
536459601 1602505
149174157 1602524
137422504 1602530
740645191 1602554
760095422 1602560
257005664 1602568
251471506 1602588
407525107 1602605
516204304 1602630
274851011 1602650
750672076 1602668
81213337 1602675
255077379 1602681
332891144 1602701
207138965 1602703
118466865 1602705
397239124 1602728
813628287 1602732
482200872 1602754
809217436 1602768
31472952 1602772
26691451 1602781
494170590 1602811
865533936 1602842
446803843 1602849
540555144 1602867
526447702 1602869
18218821 1602890
862480067 1602909
515938972 1602940
276241192 1602966
398939667 1602983
665113128 1603001
413663695 1603032
992101210 1603039
277724901 1603060
523185711 1603066
243572715 1603092
685250007 1603099
39390014 1603127
518423725 1603139
288438434 1603161
973119703 1603162
773501104 1603179
621329577 1603189
180258667 1603191
744484320 1603209
18568700 1603239
993886953 1603245
79201544 1603252
827786136 1603265
25359904 1603272
105892994 1603285
174473077 1603296
743410191 1603300
552696836 1603319
715028220 1603345
122374244 1603350
423432008 1603356
577508286 1603369
490829567 1603372
699673199 1603403
828964305 1603430
8459046 1603448
965853246 1603477
821065514 1603478
286183946 1603486
489038956 1603489
917154580 1603513
971433952 1603527
380945321 1603555
288094656 1603560
112388737 1603564
354065023 1603593
61595759 1603612
733718313 1603623
386840041 1603651
658596431 1603657
752287013 1603666
233243345 1603697
737797974 1603707
432589500 1603726
111119600 1603730
696207319 1603750
607062576 1603778
854529790 1603786
101420506 1603793
174607147 1603815
829420385 1603825
524852514 1603838
752115433 1603840
320249951 1603852
77042064 1603864
433596089 1603890
328708996 1603920
42895309 1603927
107177954 1603953
614892941 1603959
384450616 1603968
24332533 1603987
438843244 1604004
765395937 1604010
312427188 1604033
551231980 1604053
971977311 1604054
226539299 1604064
137466645 1604092
358817352 1604120
737652081 1604133
889753657 1604136
592060696 1604164
327966406 1604184
174859508 1604206
703180296 1604237
24173724 1604245
634438435 1604263
410226437 1604268
125594229 1604283
809045581 1604289
92163174 1604304
502963094 1604329
413677365 1604336
412413124 1604362
580005158 1604365
847273453 1604367
593638472 1604391
475416818 1604401
954451406 1604428
61047764 1604455
712383786 1604471
978783938 1604485
499891008 1604497
330296074 1604516
143727478 1604519
903639339 1604548
302273384 1604567
222783128 1604580
41105983 1604603
513607087 1604617
960435208 1604640
783375991 1604666
105667783 1604674
288401613 1604686
958235498 1604700
661364430 1604707
165091688 1604726
445190284 1604757
924107218 1604767
290685916 1604798
254235865 1604803
16270391 1604827
793649010 1604851
667913229 1604861
281199867 1604879
226170519 1604906
367703034 1604917
874838338 1604926
554103688 1604929
322154439 1604933
935886101 1604935
266487473 1604953
153454729 1604969
288293460 1604983
596783546 1604989
149698558 1605007
191932799 1605016
751573282 1605038
372481685 1605066
85555133 1605067
265180368 1605071
332916892 1605089
868931124 1605113
223364502 1605124
473834856 1605153
679682973 1605159
737245283 1605175
638926543 1605189
124873257 1605192
661352501 1605217
929612458 1605231
231625473 1605238
530139243 1605253
575777819 1605259
899538701 1605275
811339109 1605276
654464689 1605306
119758086 1605330
686177446 1605337
208568377 1605338
441912525 1605366
474579899 1605373
327572201 1605390
447883605 1605400
762873358 1605418
924355747 1605438
597582162 1605463
954806156 1605489
528445380 1605499
970063846 1605521
40361289 1605545
793625747 1605557
155497089 1605563
761808764 1605577
869506601 1605599
629331944 1605602
441491736 1605621
606751883 1605625
268258486 1605639
418881344 1605660
120620735 1605686
50387295 1605713
650506816 1605739
650759978 1605748
478681466 1605779
402561869 1605789
314615438 1605797
133146154 1605824
522319954 1605825
792884 1605837
194230882 1605865
964232478 1605891
327889134 1605909
521803083 1605922
264632434 1605926
90762491 1605930
298675181 1605960
862214595 1605988
898084999 1606016
827120560 1606024
832278440 1606040
790962639 1606060
473262658 1606079
987775528 1606100
552771402 1606103
342769258 1606111
469623823 1606132
846779489 1606151
802037493 1606160
737882308 1606164
265660833 1606171
922658227 1606175
640785955 1606205
916167648 1606206
425934556 1606218
119467420 1606245
171245868 1606253
740549994 1606272
105129925 1606295
693565822 1606303
593859229 1606334
299360807 1606353
510314651 1606355
921748362 1606370
821163889 1606399
774947085 1606402
865027204 1606421
119839069 1606448
637161679 1606479
763112202 1606494
946959628 1606495
321956471 1606508
406591192 1606509
272738637 1606527
162248350 1606528
959362593 1606531
615507895 1606556
631872173 1606577
658658434 1606597
270061739 1606628
222270832 1606652
924319266 1606678
45236317 1606681
863056786 1606702
693003265 1606728
471170873 1606741
835040557 1606757
864249133 1606759
64237218 1606788
940170482 1606795
410331306 1606803
510612798 1606829
239531288 1606852
920645956 1606859
284877511 1606869
60695176 1606887
695593040 1606895
149904714 1606923
33050596 1606934
185271071 1606939
765533268 1606948
832526575 1606960
359743893 1606977
172124459 1606986
105265211 1607013
521992242 1607030
984003404 1607040
573289457 1607058
6380766 1607065
642661837 1607094
843351195 1607111
81167950 1607139
419497454 1607162
888587512 1607182
944224735 1607199
965017070 1607214
212274736 1607215
631781644 1607246
681782554 1607260
276511953 1607287
571952125 1607291
92113859 1607310
787124750 1607332
663999764 1607359
12759815 1607385
72002260 1607416
577211291 1607427
560869206 1607429
74423325 1607456
610261886 1607478
598656628 1607484
839956592 1607486
295304812 1607517
958400520 1607537
864597403 1607547
400570022 1607571
332909114 1607577
848600806 1607596
973859479 1607606
339289879 1607616
343778994 1607630
669727025 1607656
420457828 1607660
615792799 1607665
558314536 1607677
217198915 1607698
580809868 1607715
770589271 1607727
848980558 1607745
115108774 1607776
899617575 1607784
273449034 1607805
207222632 1607821
539258676 1607848
937448797 1607862
72498798 1607872
463777287 1607898
367176439 1607923
485884356 1607932
538200612 1607951
977438324 1607964
84540983 1607976
230673555 1607996
125259487 1608006
42941503 1608007
95270957 1608036
525829508 1608038
228366968 1608042
796388114 1608057
352205338 1608068
567656846 1608079
992683459 1608107
21932363 1608112
840631026 1608126
608476257 1608157
432763250 1608174
57829940 1608175
41802477 1608189
55868873 1608215
759326849 1608233
156911250 1608244
955486447 1608275
885292234 1608281
216650233 1608308
347261475 1608334
675257382 1608353
289149031 1608356
811038761 1608376
42433820 1608388
775033386 1608400
201755724 1608405
872388495 1608429
712090720 1608450
432429279 1608474
997647981 1608476
607548574 1608495
380216587 1608515
375993840 1608518
835915541 1608538
29121053 1608539
728199178 1608550
256088739 1608578
21804511 1608606
602647892 1608622
96719764 1608633
482797120 1608658
887927493 1608688
7066055 1608697
377115948 1608705
943796365 1608729
618909255 1608754
534027197 1608772
751799164 1608794
504201488 1608824
750677429 1608837
99060638 1608851
31975221 1608868
892342811 1608884
762615750 1608885
74409040 1608912
519892548 1608937
964371474 1608942
946797534 1608961
231983268 1608973
249317104 1609000
796961866 1609019
839531841 1609050
629533690 1609065
172955705 1609084
527963734 1609101
511171094 1609116
753671234 1609146
784052472 1609160
385491957 1609169
208835477 1609181
880772235 1609203
868289076 1609204
96762970 1609214
740354641 1609244
97921375 1609252
893075686 1609283
359263895 1609306
631948571 1609329
497391201 1609348
715981734 1609369
235142351 1609372
448968190 1609374
747956954 1609379
127485162 1609397
211583940 1609399
822365993 1609430
499894061 1609439
28471765 1609445
621679878 1609461
731877328 1609479
277788868 1609480
271158095 1609481
423925521 1609496
907322557 1609509
444113799 1609529
951889254 1609530
271010003 1609555
50301385 1609571
588458077 1609585
656501959 1609588
259136861 1609615
321746663 1609619
377307386 1609622
355899830 1609625
62101303 1609627
475228760 1609635
101491868 1609666
273881549 1609689
107177330 1609719
598883068 1609738
989863282 1609748
194836032 1609749
47851258 1609769
737820235 1609783
174837545 1609799
111951549 1609818
412702579 1609829
674731606 1609851
140423313 1609875
886898808 1609902
259125285 1609911
418212180 1609934
158056902 1609961
535567157 1609984
178051088 1609988
454687052 1610001
339972762 1610024
449061090 1610053
504988436 1610081
928430838 1610084
105563048 1610113
764125297 1610134
250177500 1610140
482870433 1610169
120025126 1610190
164795154 1610196
958099192 1610201
74033345 1610222
438676702 1610248
917792873 1610251
672916413 1610257
428539983 1610261
965145257 1610263
720767670 1610288
18876569 1610304
139982801 1610321
832719218 1610331
284095499 1610357
667230758 1610365
973142530 1610367
170994306 1610388
778872395 1610402
243871061 1610424
181567559 1610439
314439551 1610444
421922148 1610470
636254611 1610497
654412313 1610523
870983238 1610544
141243046 1610566
435359502 1610594
976546285 1610612
905368342 1610623
685537002 1610624
311933070 1610639
877909820 1610669
850332155 1610673
122548613 1610690
951943164 1610709
141525209 1610738
892857838 1610757
477375928 1610779
570065191 1610809
858003094 1610829
50659949 1610842
441458112 1610856
850502246 1610860
883379166 1610882
725553610 1610889
370249356 1610898
709038047 1610921
896547916 1610946
1638102 1610968
952909107 1610982
78115474 1610990
316077652 1611014
227347607 1611020
566886436 1611024
823006316 1611042
98330844 1611068
708129482 1611093
258365818 1611106
927393480 1611116
466014175 1611118
796419171 1611151
91842901 1611129
196440346 1611201
499267677 1611194
214391514 1611194
899862 1611182
640792885 1611194
107249351 1611182
478275789 1611194
63374428 1611217
817768796 1611247
528935738 1611224
504832539 1611268
520787393 1611258
264831255 1611258
230386148 1611253
743553100 1611258
826385654 1611253
979450415 1611258
745191201 1611286
631811112 1611316
910082241 1611303
61268853 1611362
859158718 1611343
476968676 1611343
736791520 1611322
957489561 1611343
37614509 1611322
995157337 1611343
737399393 1611391
356145036 1611414
644092859 1611405
829242293 1611475
552585381 1611445
143360536 1611445
43633806 1611423
406001594 1611445
784153420 1611423
3399508 1611445
884277383 1611487
847527847 1611527
673684655 1611510
265729472 1611572
204876737 1611545
46988400 1611545
383077078 1611531
435262885 1611545
790541499 1611531
209462731 1611545
267229651 1611585
388249052 1611604
841273843 1611600
177311891 1611633
302034256 1611618
552948912 1611618
506796919 1611605
38825775 1611618
362954825 1611605
544411427 1611618
886499464 1611638
100354217 1611687
900556462 1611666
530592322 1611740
929596509 1611715
305658195 1611715
526469209 1611714
825746667 1611715
711659788 1611714
163138981 1611715
681662526 1611743
448453522 1611767
10666827 1611759
207863533 1611832
566699345 1611804
68059916 1611804
107368284 1611782
949776423 1611804
503322800 1611782
897909782 1611804
11755505 1611834
770552450 1611862
138675185 1611851
853029347 1611925
800380693 1611895
440709440 1611895
258494611 1611870
307177611 1611895
479535215 1611870
621449435 1611895
704105389 1611932
218551030 1611956
721803651 1611935
457178203 1611986
749143351 1611983
503916511 1611983
762836397 1611977
128128912 1611983
182179529 1611977
327012536 1611983
291267892 1612000
716358407 1612031
627982410 1612016
154451070 1612091
924221939 1612064
194681754 1612064
222510985 1612048
31590222 1612064
144458176 1612048
725833784 1612064
782016355 1612122
8730033 1612162
348902586 1612140
920691540 1612211
861759379 1612191
1799630 1612191
213917331 1612180
120253989 1612191
308977240 1612180
693452545 1612191
594219775 1612222
13082628 1612240
912003574 1612236
168539777 1612308
322777182 1612285
513663277 1612285
672456288 1612257
85613578 1612285
641792188 1612257
707152168 1612285
265142466 1612321
933060079 1612357
423510574 1612349
893124875 1612410
87511148 1612380
200248864 1612380
940322980 1612378
162538485 1612380
84355437 1612378
937297508 1612380
888372268 1612429
718888144 1612438
946027540 1612437
89791205 1612474
492096035 1612470
660303270 1612470
91590834 1612444
706013365 1612470
633073611 1612444
253084425 1612470
251982262 1612480
227293385 1612507
118683405 1612488
16502187 1612549
395833162 1612548
441460586 1612548
530165463 1612526
920805801 1612548
379590516 1612526
24474002 1612548
627957968 1612561
644732981 1612598
810050432 1612580
903984894 1612634
390374207 1612605
750077932 1612605
104233757 1612600
183213538 1612605
912616416 1612600
41105546 1612605
120511045 1612653
653505035 1612680
759993689 1612669
66538584 1612736
743296240 1612731
104606075 1612731
579358206 1612701
687403425 1612731
810619439 1612701
212431816 1612731
940487850 1612748
62601700 1612787
292241552 1612757
59171254 1612836
79103887 1612835
688074713 1612835
500631839 1612805
461785701 1612835
461396865 1612805
880222354 1612835
486259703 1612852
89354833 1612873
377471686 1612867
148826486 1612937
845856078 1612907
620362244 1612907
898904417 1612888
802606186 1612907
803575782 1612888
811520832 1612907
843711731 1612955
924086826 1612985
317542219 1612979
456221771 1613026
843141762 1613000
60838458 1613000
560827845 1612991
275016319 1613000
600758234 1612991
223963636 1613000
487448134 1613030
541246083 1613064
286565335 1613051
779689685 1613124
452933688 1613106
218185573 1613106
320280750 1613086
953565527 1613106
679971274 1613086
781677614 1613106
686304232 1613141
18747328 1613180
723548798 1613149
916292270 1613264
167573813 1613235
421921227 1613235
536654513 1613207
66478230 1613235
224527413 1613207
192746646 1613235
730515413 1613293
920755495 1613303
116833472 1613299
48057631 1613356
229493618 1613354
812491585 1613354
961412440 1613331
790321462 1613354
87507903 1613331
562170674 1613354
14285097 1613382
427472388 1613403
955933108 1613388
153366784 1613485
59678424 1613454
408866796 1613454
371552356 1613434
232475525 1613454
214948674 1613434
51523629 1613454
14153139 1613514
753769257 1613539
70270956 1613518
590218288 1613578
670061526 1613548
90361121 1613548
12139515 1613541
59232391 1613548
156839350 1613541
89183279 1613548
251979036 1613605
887354762 1613635
9938773 1613616
221328859 1613678
787928745 1613671
91948742 1613671
886336795 1613641
749341184 1613671
882270204 1613641
826361049 1613671
164028209 1613701
749071652 1613728
106349788 1613716
119961317 1613762
754954787 1613756
166028212 1613756
381344464 1613748
126507143 1613756
398503736 1613748
448809489 1613756
30547123 1613779
265173226 1613796
202578745 1613784
953334431 1613850
707907866 1613847
725156623 1613847
43695551 1613817
572563732 1613847
784389013 1613817
53051252 1613847
661747010 1613870
888884400 1613900
792922365 1613892
524202134 1613948
110213259 1613923
580851109 1613923
616150876 1613901
849066405 1613923
182708645 1613901
350937431 1613923
675427454 1613979
199253205 1614025
952525434 1613996
781777241 1614064
171730873 1614060
707480221 1614060
800321804 1614044
553075336 1614060
686503715 1614044
51341892 1614060
1884824 1614081
569567189 1614102
316515117 1614090
56979921 1614129
375417971 1614119
24422982 1614119
782136543 1614104
271629873 1614119
449503065 1614104
419041907 1614119
177197476 1614137
111250074 1614165
160442658 1614141
970119841 1614236
487968560 1614207
123172268 1614207
403487301 1614183
956635787 1614207
972238673 1614183
586195945 1614207
160089569 1614259
500182478 1614267
785449150 1614266
112615002 1614323
134476070 1614295
957180022 1614295
672611574 1614270
934797874 1614295
362771710 1614270
211631640 1614295
986139765 1614327
217172885 1614358
781198829 1614339
155171233 1614388
126669157 1614381
9133151 1614381
32110567 1614369
908805699 1614381
133279376 1614369
481613631 1614381
180363957 1614391
310476851 1614422
445380057 1614401
340806615 1614487
280596691 1614481
933348616 1614481
463978882 1614453
684083992 1614481
742500754 1614453
288733906 1614481
122796288 1614488
902590322 1614511
788916383 1614499
760761789 1614560
15205323 1614536
923392453 1614536
570458163 1614524
540333249 1614536
858190326 1614524
933229872 1614536
751964888 1614582
696846442 1614629
2919108 1614601
385680068 1614665
852017674 1614645
129588265 1614645
394813219 1614642
884128240 1614645
890910315 1614642
528092594 1614645
365741871 1614673
71274272 1614723
838569444 1614699
811121927 1614777
264597238 1614759
971682487 1614759
596986894 1614731
581092471 1614759
508282830 1614731
192003999 1614759
869826377 1614782
631079117 1614842
94594320 1614813
658742759 1614881
244357258 1614874
962315994 1614874
434651563 1614865
814815420 1614874
502649242 1614865
145358240 1614874
600561643 1614908
107130482 1614935
842204681 1614919
603480750 1614969
492810549 1614959
694222355 1614959
585585366 1614951
887623767 1614959
430866946 1614951
476495681 1614959
268232712 1614990
796608816 1615018
400286304 1614998
959318508 1615098
460247094 1615067
517399893 1615067
931000994 1615049
909750339 1615067
98492363 1615049
291800175 1615067
101754337 1615121
968318739 1615145
922879291 1615128
48865008 1615200
479577850 1615183
19752900 1615183
11181002 1615164
914229412 1615183
834568319 1615164
366346595 1615183
59587652 1615205
435129961 1615240
473477076 1615229
754308684 1615278
891127063 1615270
966287625 1615270
301047390 1615269
476712428 1615270
706427743 1615269
731914336 1615270
805724460 1615293
974660455 1615301
381039503 1615296
58527115 1615347
786495314 1615334
841286597 1615334
575927007 1615311
570012659 1615334
603553287 1615311
674419370 1615334
861812833 1615363
705307624 1615402
495254460 1615381
637208475 1615462
754172631 1615434
827348661 1615434
656961375 1615432
617869984 1615434
594094425 1615432
491529693 1615434
984216579 1615470
506198428 1615496
779176006 1615491
457693654 1615564
260507111 1615542
670303068 1615542
276497630 1615522
561554501 1615542
999531847 1615522
982925373 1615542
145985188 1615587
805256307 1615624
810102179 1615596
527024690 1615671
863783421 1615658
596597492 1615658
220827638 1615630
292226780 1615658
19126502 1615630
824380925 1615658
966646149 1615694
880939334 1615730
382204900 1615724
314416960 1615763
518147808 1615759
136377530 1615759
141765621 1615732
27625534 1615759
606763866 1615732
588376397 1615759
519155227 1615770
590980444 1615782
94574824 1615778
150847584 1615835
901190449 1615809
207598286 1615809
821150651 1615794
177688079 1615809
769152786 1615794
673198849 1615809
13129803 1615857
915137973 1615898
330971507 1615888
823231981 1615948
294679015 1615937
47271280 1615937
272345824 1615910
515506652 1615937
339498059 1615910
291472325 1615937
339887576 1615956
158660559 1615986
172411658 1615957
722092475 1616037
473077518 1616022
543075817 1616022
710986357 1615996
467359490 1616022
570701351 1615996
170266574 1616022
55735886 1616038
89856577 1616078
761247017 1616054
2827061 1616141
93220512 1616123
514953817 1616123
210425347 1616104
914371162 1616123
692641895 1616104
832094484 1616123
440086362 1616147
705771697 1616173
599748809 1616157
771057869 1616202
381520029 1616192
894427823 1616192
818329148 1616182
653865852 1616192
409934474 1616182
157827206 1616192
945338176 1616212
602338402 1616241
316487764 1616226
117749833 1616307
176947228 1616277
642081633 1616277
513342002 1616254
887933584 1616277
109441123 1616254
84043352 1616277
58200157 1616314
17693360 1616355
26416280 1616328
671963525 1616414
873036773 1616394
119636791 1616394
39433694 1616371
83462119 1616394
886524304 1616371
732075588 1616394
768072954 1616438
326610665 1616488
290363637 1616468
367821762 1616530
97668533 1616517
671883665 1616517
114765936 1616508
768514032 1616517
178265869 1616508
524700410 1616517
926341237 1616533
123604044 1616568
127038811 1616540
95345352 1616635
93870229 1616622
156502390 1616622
737426985 1616592
607212230 1616622
44435974 1616592
699384459 1616622
543771933 1616645
955152482 1616670
569594170 1616649
570188212 1616734
479632359 1616704
295147294 1616704
542341354 1616694
519066052 1616704
231125764 1616694
428865657 1616704
103657991 1616765
999198718 1616794
607992673 1616784
246537979 1616841
219536831 1616839
558177558 1616839
918421644 1616808
334302767 1616839
326691589 1616808
96687512 1616839
859003176 1616851
105549178 1616868
72807907 1616855
838558338 1616892
53410881 1616888
19194487 1616888
995060727 1616871
790837865 1616888
626406716 1616871
892013052 1616888
342738675 1616914
22695000 1616926
699681886 1616924
764849197 1616974
592883211 1616966
31830596 1616966
59996490 1616937
135224564 1616966
403412999 1616937
291122254 1616966
416606572 1616997
507070989 1617038
142837323 1617026
24599245 1617088
753608968 1617077
362374153 1617077
435293154 1617055
524546963 1617077
696676919 1617055
761984742 1617077
473750826 1617117
408196446 1617158
720050271 1617146
399075084 1617217
99271135 1617195
773461152 1617195
418269571 1617174
94331862 1617195
416815368 1617174
44676286 1617195
838861265 1617231
759554043 1617258
67371286 1617251
391059502 1617288
376919591 1617281
512770848 1617281
275406449 1617280
436916080 1617281
500511764 1617280
678819447 1617281
580554685 1617311
769634687 1617329
38406788 1617321
723392007 1617371
646750283 1617346
792015755 1617346
85766160 1617333
82043436 1617346
169079069 1617333
782443078 1617346
696544530 1617376
495346246 1617382
43155876 1617379
416594800 1617428
894421329 1617399
142427010 1617399
42572303 1617388
312690899 1617399
89275223 1617388
459387671 1617399
209883537 1617440
928136488 1617497
71458065 1617471
129771174 1617548
171712341 1617534
448377655 1617534
495058373 1617520
447118790 1617534
885293734 1617520
995570136 1617534
125938236 1617579
318364771 1617601
617721175 1617589
16861375 1617637
41756777 1617636
264471457 1617636
808877129 1617611
127522936 1617636
199031245 1617611
830472549 1617636
762482366 1617666
895575774 1617691
325818794 1617672
805638241 1617741
164686925 1617722
72756475 1617722
948065250 1617695
207259228 1617722
385447373 1617695
37340473 1617722
666646898 1617749
447847261 1617793
817993312 1617765
738104962 1617833
577618434 1617826
842222004 1617826
186482616 1617809
72676807 1617826
141857145 1617809
924292701 1617826
920763294 1617842
120311733 1617871
242657471 1617863
391000820 1617922
137173107 1617904
136930600 1617904
655472277 1617880
946050236 1617904
116969887 1617880
854503521 1617904
629039136 1617926
879452252 1617948
602595646 1617930
954857930 1618031
537606844 1618002
767282570 1618002
27614404 1617977
338188446 1618002
974541797 1617977
265578128 1618002
228045270 1618043
641188694 1618072
713425389 1618065
898554933 1618123
231810007 1618122
143560174 1618122
740776936 1618093
418292622 1618122
68753332 1618093
882634081 1618122
195101675 1618142
842032978 1618174
2945813 1618168
437759145 1618209
233033797 1618208
140118919 1618208
574689744 1618180
741022425 1618208
938685506 1618180
691659631 1618208
448042297 1618233
420240994 1618253
423628234 1618237
50637942 1618290
227615275 1618289
813751430 1618289
817920512 1618272
107746030 1618289
4456227 1618272
644978660 1618289
373324157 1618313
232501496 1618355
138683706 1618336
939265897 1618425
131056428 1618414
370493712 1618414
82826071 1618385
724349715 1618414
788786334 1618385
4095754 1618414
459500147 1618440
983888008 1618454
846128731 1618441
314962311 1618518
274163504 1618512
931678880 1618512
307597582 1618484
701369600 1618512
672701304 1618484
98799439 1618512
245545582 1618545
120743601 1618576
519040432 1618551
669173815 1618628
23897894 1618605
746655706 1618605
335441596 1618579
694334757 1618605
854401735 1618579
339897822 1618605
339313417 1618631
80242244 1618659
572399317 1618644
477997122 1618697
19508140 1618686
555972096 1618686
848490833 1618667
954850562 1618686
132838163 1618667
489793518 1618686
811462668 1618703
444854661 1618725
326197877 1618712
510107750 1618800
759816972 1618771
452877733 1618771
441786629 1618746
919930905 1618771
154247332 1618746
967004285 1618771
18730343 1618819
399792913 1618855
940264237 1618836
390287127 1618892
921483079 1618876
964162130 1618876
989459184 1618861
256924675 1618876
511013239 1618861
696377271 1618876
596822496 1618908
850326655 1618952
776619514 1618937
21738165 1619016
180840128 1619005
648644005 1619005
430226612 1618978
881847312 1619005
456010919 1618978
563064774 1619005
224157182 1619045
119989938 1619084
7919435 1619068
550355058 1619142
630097687 1619132
620252758 1619132
3232790 1619107
71884316 1619132
392700014 1619107
9996473 1619132
891404952 1619154
263946708 1619199
262305737 1619179
831669188 1619233
654233834 1619226
183788816 1619226
648347669 1619225
496209370 1619226
293229842 1619225
11877259 1619226
192586640 1619239
890052337 1619259
862203913 1619245
821722505 1619306
764306853 1619299
895560392 1619299
322882861 1619275
194533465 1619299
777407704 1619275
778893779 1619299
610114590 1619317
1564885 1619349
898883716 1619326
470550376 1619397
404436294 1619390
381497755 1619390
90803133 1619378
260185436 1619390
305898422 1619378
336019498 1619390
122698260 1619409
197303373 1619438
599966206 1619436
385003997 1619515
881488912 1619486
106716391 1619486
568792812 1619464
382352932 1619486
602925760 1619464
862022653 1619486
394230191 1619520
795512399 1619555
604591341 1619537
108950455 1619594
469751255 1619583
221414546 1619583
4510847 1619575
792634116 1619583
415948010 1619575
634434902 1619583
424044246 1619621
26062599 1619644
488516138 1619640
175444314 1619673
349129327 1619671
892952431 1619671
556942068 1619659
292448811 1619671
5654218 1619659
862840489 1619671
628468309 1619693
128352478 1619713
60143861 1619708
228434514 1619773
513356474 1619745
794149124 1619745
335150904 1619715
934665637 1619745
176502055 1619715
938076664 1619745
649204641 1619781
570732245 1619793
586105414 1619790
106312333 1619841
679682700 1619827
55856669 1619827
327726878 1619822
536709898 1619827
701007136 1619822
743674887 1619827
171144799 1619843
125051381 1619866
622253838 1619859
659660936 1619905
300495694 1619879
971383164 1619879
405129718 1619869
857437761 1619879
116348326 1619869
263300288 1619879
572794601 1619936
744816634 1619962
391652765 1619950
485454813 1620027
973251147 1620008
757525590 1620008
279603936 1619977
160918403 1620008
692191226 1619977
308622343 1620008
951511418 1620052
193912218 1620083
879354587 1620078
390133183 1620130
300224550 1620116
411553638 1620116
298506203 1620109
627951428 1620116
948263535 1620109
999513338 1620116
224142666 1620155
971924685 1620209
124564719 1620181
846396503 1620287
484101972 1620263
277576764 1620263
670296018 1620238
889231690 1620263
987530877 1620238
786644344 1620263
5048329 1620310
560325477 1620342
383977329 1620312
396701093 1620398
45780290 1620395
209744828 1620395
6743034 1620367
177900577 1620395
370663230 1620367
698934259 1620395
486522919 1620405
174690999 1620450
892846476 1620434
218393858 1620518
564824181 1620493
45587377 1620493
482463847 1620462
863330384 1620493
673538804 1620462
283243734 1620493
862843721 1620524
897681470 1620558
255168418 1620553
839924791 1620591
596594324 1620587
739270390 1620587
970017907 1620575
119406694 1620587
481018431 1620575
957548783 1620587
906051037 1620594
486066759 1620625
370390611 1620598
142544717 1620662
735284203 1620659
268687252 1620659
352289544 1620632
742027236 1620659
299104181 1620632
722952773 1620659
293477846 1620680
785627099 1620727
897643771 1620701
38840673 1620775
856537308 1620755
314984304 1620755
84428049 1620739
339001155 1620755
178314687 1620739
757966853 1620755
622244888 1620779
893674759 1620806
655648322 1620787
729929657 1620882
586115902 1620867
104758997 1620867
321716398 1620837
556133808 1620867
224165690 1620837
802734828 1620867
366198942 1620883
130216726 1620899
141317938 1620887
589105904 1620939
125277795 1620930
876602140 1620930
857793156 1620915
477567338 1620930
471145727 1620915
9413688 1620930
53036463 1620947
764623572 1620973
795040786 1620967
950680233 1621007
803464244 1620991
504094446 1620991
118180888 1620985
887892293 1620991
843095600 1620985
296495574 1620991
645859145 1621021
317856839 1621048
42686685 1621029
154023818 1621083
47786495 1621069
628802586 1621069
258782814 1621057
222019245 1621069
37452745 1621057
482948504 1621069
24754072 1621092
403651686 1621120
465681581 1621119
18588362 1621146
992757589 1621129
590959375 1621129
747706853 1621122
703067096 1621129
68526713 1621122
218852580 1621129
712480783 1621167
121563175 1621199
983476151 1621175
360037921 1621234
924759759 1621212
639456747 1621212
864132366 1621205
42940647 1621212
527349039 1621205
559744317 1621212
191952572 1621254
25724535 1621284
730117507 1621259
234639256 1621340
32264704 1621334
630420353 1621334
863441841 1621313
291047517 1621334
852439597 1621313
900894585 1621334
626512372 1621346
729710021 1621400
157062622 1621374
92193953 1621447
748298382 1621418
2336563 1621418
535669679 1621410
348521586 1621418
557920010 1621410
456712743 1621418
567374165 1621472
122917145 1621496
430792269 1621491
403366668 1621550
482955065 1621536
208068380 1621536
42823414 1621508
199603782 1621536
103525378 1621508
422688804 1621536
611864450 1621573
147994301 1621585
300929690 1621576
341981956 1621626
382633557 1621613
333194393 1621613
972402308 1621609
98591749 1621613
624241909 1621609
677358257 1621613
852002686 1621633
103270633 1621675
407068277 1621655
9065307 1621754
47980937 1621730
7883010 1621730
863918221 1621703
583650615 1621730
356404595 1621703
421838231 1621730
892879710 1621770
776295112 1621812
544755375 1621783
176188330 1621846
32178131 1621830
880226791 1621830
384256709 1621820
75001544 1621830
79830572 1621820
340298438 1621830
350206699 1621859
544211373 1621885
488292739 1621873
651136388 1621932
886193328 1621915
870926295 1621915
984330780 1621892
711111987 1621915
822034395 1621892
461089040 1621915
240986595 1621936
674037080 1621955
564359672 1621950
648054871 1622014
535618739 1621984
612340608 1621984
508454232 1621961
252053311 1621984
48507575 1621961
864858827 1621984
673891541 1622031
941387284 1622075
493670290 1622045
71163267 1622105
117575613 1622102
525848420 1622102
951390057 1622098
354348674 1622102
453366315 1622098
883736980 1622102
694647111 1622109
803573013 1622141
280464704 1622117
35456201 1622184
307225752 1622166
19174383 1622166
906382495 1622162
144072883 1622166
730286370 1622162
580933242 1622166
457678274 1622198
971272964 1622248
107486673 1622218
22037946 1622291
471844187 1622284
643105411 1622284
486894905 1622257
980298418 1622284
895158722 1622257
387918831 1622284
697673596 1622315
421566614 1622343
181822466 1622323
43860237 1622367
345246233 1622358
151914431 1622358
569708656 1622345
149152641 1622358
506263104 1622345
23074970 1622358
32889621 1622383
53426566 1622421
679164334 1622399
165870676 1622472
88882767 1622459
986390085 1622459
185045059 1622439
847781613 1622459
982979319 1622439
915331428 1622459
428714854 1622488
440657593 1622517
739120743 1622493
536201527 1622586
315211890 1622560
63481281 1622560
31823289 1622532
654623146 1622560
896296051 1622532
779498362 1622560
42541977 1622601
446485998 1622634
53581328 1622632
224364442 1622666
490346235 1622660
398827560 1622660
376278872 1622639
60054890 1622660
547980200 1622639
735058327 1622660
83129860 1622688
433386172 1622712
788484893 1622689
614810545 1622760
599256848 1622742
729884011 1622742
453716982 1622733
784301906 1622742
577665623 1622733
436696300 1622742
552149685 1622787
858896829 1622840
729870244 1622817
143786779 1622888
247614707 1622884
45082133 1622884
207268060 1622853
279437995 1622884
552221631 1622853
103564110 1622884
58936357 1622909
594763607 1622942
402566459 1622924
112517684 1622988
671644400 1622982
892912693 1622982
363861595 1622951
47923272 1622982
952967583 1622951
911841794 1622982
635497950 1623007
888613794 1623032
345227966 1623022
276499194 1623076
355940690 1623070
944484813 1623070
6383204 1623043
809657671 1623070
581303070 1623043
436565179 1623070
98870323 1623079
133452754 1623091
295462007 1623087
828740566 1623131
277239532 1623109
543076713 1623109
726339051 1623096
337023943 1623109
675031059 1623096
278560681 1623109
293104404 1623139
586483767 1623164
725840639 1623142
695670863 1623245
551517802 1623215
397485038 1623215
588583555 1623194
915379396 1623215
297924661 1623194
394067489 1623215
827221190 1623261
933422611 1623305
135197634 1623277
24965507 1623361
62438156 1623336
491138324 1623336
821966671 1623310
68821360 1623336
153312346 1623310
403269740 1623336
505386538 1623370
252182668 1623391
389238845 1623385
653364896 1623443
80923234 1623438
666478376 1623438
48957960 1623417
807262284 1623438
3502319 1623417
723989018 1623438
938339316 1623472
149123074 1623498
310472785 1623480
664179954 1623533
844793936 1623522
861990586 1623522
914181343 1623505
285893843 1623522
629886334 1623505
64622356 1623522
679961331 1623544
309623875 1623582
998044966 1623563
667675317 1623646
334589381 1623615
60483121 1623615
11329992 1623594
9072403 1623615
981820832 1623594
164642337 1623615
412342142 1623648
339723721 1623707
416825005 1623676
801580986 1623777
993088616 1623756
497748238 1623756
320575713 1623730
42046575 1623756
157526873 1623730
176594383 1623756
766035593 1623796
95866188 1623807
325717457 1623804
929024729 1623862
612562493 1623833
23027744 1623833
643531666 1623820
379260187 1623833
308921586 1623820
273417999 1623833
443882542 1623866
988882917 1623895
583041873 1623885
294443859 1623944
509074585 1623915
770147605 1623915
207443332 1623904
520404576 1623915
779220007 1623904
189264163 1623915
685046912 1623958
44078500 1623971
528987884 1623966
101871916 1624033
845659485 1624014
374592851 1624014
452136505 1624002
18751550 1624014
416639426 1624002
609663377 1624014
47862284 1624041
35191370 1624066
558045916 1624061
373579740 1624148
964216098 1624123
23124760 1624123
396607484 1624092
460264115 1624123
402384947 1624092
705529069 1624123
733682114 1624171
846267488 1624221
546928337 1624201
169240338 1624275
140711347 1624263
56002921 1624263
939387943 1624244
200671030 1624263
428923848 1624244
571124301 1624263
389935192 1624285
113970760 1624311
615202801 1624291
771439427 1624367
68359027 1624337
313378637 1624337
146032278 1624321
520495532 1624337
332130186 1624321
415188055 1624337
130158908 1624372
379992470 1624408
450379424 1624391
540721176 1624476
606088561 1624449
267111873 1624449
416362287 1624421
2696044 1624449
727375987 1624421
818747233 1624449
560741465 1624486
313574452 1624495
517531073 1624494
960186153 1624524
335331142 1624512
510758771 1624512
868705426 1624507
127235436 1624512
711429800 1624507
297629273 1624512
698359736 1624555
953881343 1624568
264116384 1624567
313562536 1624606
725320770 1624577
332475411 1624577
626941173 1624570
723869399 1624577
852970942 1624570
811587710 1624577
139057453 1624632
835646201 1624687
44096531 1624659
441953228 1624730
228883728 1624715
650185092 1624715
709065100 1624699
645246015 1624715
505397487 1624699
288957438 1624715
316509599 1624754
66138951 1624798
455048242 1624779
834040671 1624815
878841456 1624812
790379383 1624812
197315793 1624810
747546881 1624812
917614818 1624810
761261944 1624812
897692505 1624823
615974553 1624849
715143287 1624829
161808889 1624903
782053441 1624889
292980408 1624889
494284299 1624871
261510965 1624889
16849806 1624871
199771592 1624889
73098674 1624918
8423610 1624966
35417792 1624945
117195205 1625012
450376837 1624989
264301520 1624989
767380296 1624981
11958288 1624989
909547534 1624981
125294134 1624989
153432077 1625038
78573484 1625046
43949437 1625043
608480318 1625083
912614155 1625076
922790892 1625076
398859700 1625070
962446299 1625076
522854124 1625070
168990869 1625076
723708243 1625105
420546628 1625137
784965422 1625134
291367881 1625181
434871868 1625165
419535214 1625165
436864640 1625155
929156166 1625165
681046178 1625155
306230797 1625165
128927757 1625182
754144851 1625194
314654406 1625184
16861901 1625233
723856407 1625224
617547594 1625224
133679772 1625213
343753054 1625224
629505881 1625213
43227305 1625224
469047188 1625253
782937957 1625283
121800788 1625269
512996624 1625298
243934627 1625297
886931294 1625297
435787515 1625291
642794326 1625297
701893945 1625291
958641638 1625297
811785195 1625319
278118539 1625339
231704617 1625435
449266968 1625372
569486419 1625405
666576485 1625372
868802181 1625375
6351058 1625372
448249002 1625372
402364710 1625375
165098206 1625372
429693111 1625372
9025912 1625339
479752611 1625364
299071363 1625319
732882319 1625339
97300204 1625319
432751134 1625339
76635372 1625364
579322436 1625372
328494790 1625375
545682559 1625405
214776744 1625405
302811929 1625375
58679182 1625375
458711370 1625364
42259575 1625364
346983048 1625339
954022048 1625319
744153519 1625339
158141037 1625364
618323594 1625372
22272057 1625375
242362006 1625405
67590561 1625372
444274827 1625339
908938490 1625319
788909093 1625364
303142236 1625339
209703843 1625372
43790154 1625364
468240441 1625372
491913305 1625339
52816065 1625364
947993051 1625405
790984667 1625435
785698383 1625364
897809606 1625339
223735800 1625319
862333755 1082606
329648393 1625319
552230589 1625297
260532665 1625298
396941488 1625291
855042518 1625269
171728199 1625269
855652858 1625233
897302092 1625253
371227598 1625224
662191257 1625194
493971962 1625194
529368635 1625182
280514850 1625184
516244018 1625181
771730640 1625155
200621762 1625155
960518844 1625134
533185481 1625137
842047206 1625105
116177431 1625076
595405675 1625076
885837359 1625046
584417871 1625070
87318980 1625043
938653423 1625012
384927273 1625012
878303646 1624981
724351806 1624989
135253230 1624966
954555798 1624918
439201912 1624918
464901622 1624889
359302738 1624903
552250928 1624871
861843109 1624829
66861607 1624829
723979126 1624815
570012318 1624823
964163698 1624812
95206724 1624798
84719926 1624798
310652011 1624754
477091710 1624779
365234775 1624730
826896028 1624699
101338701 1624699
418372888 1624659
639931223 1624687
487040533 1624632
260420093 1624577
756108653 1624577
82446207 1624568
146257451 1624570
193042875 1624567
22281538 1624524
937427226 1624524
577970147 1624507
900585184 1624512
514295383 1624495
713223376 1624486
707657333 1624486
953497294 1624449
30641349 1624476
66960070 1624421
358264573 1624391
892484458 1624391
133821677 1624367
82243699 1624372
315013127 1624337
950501726 1624311
29966774 1624311
399733053 1624285
261153737 1624291
359574835 1624275
617484179 1624244
940566116 1624244
313429887 1624201
35857067 1624221
433013691 1624171
800470419 1624123
148793511 1624123
41638695 1624066
882916625 1624092
147567314 1624061
234681570 1624033
905198163 1624033
84994539 1624002
812651716 1624014
658299698 1623971
599289921 1623958
525875092 1623958
218473382 1623915
405303566 1623944
556516440 1623904
285433451 1623885
763568138 1623885
301517249 1623862
271771479 1623866
698328188 1623833
469046728 1623807
222273205 1623807
580811313 1623796
868779780 1623804
335943293 1623777
792902499 1623730
338780310 1623730
276509408 1623676
106332385 1623707
374637376 1623648
709523098 1623615
906802803 1623615
523430887 1623582
751161793 1623594
642235780 1623563
670998200 1623533
985843362 1623533
399950294 1623505
608509090 1623522
651011429 1623498
910766343 1623472
60315362 1623472
29402872 1623438
129239724 1623443
465618927 1623417
585919312 1623385
267189526 1623385
81703416 1623361
739952912 1623370
538961005 1623336
632547956 1623305
208999639 1623305
761234209 1623261
65875620 1623277
930295770 1623245
97177501 1623194
858778119 1623194
269076080 1623142
226203260 1623164
965110503 1623139
496229807 1623109
788242710 1623109
724429658 1623091
19660693 1623096
391920854 1623087
219181789 1623076
543175244 1623076
230280567 1623043
471648434 1623070
4200685 1623032
881291995 1623007
382414776 1623007
64516046 1622982
910694867 1622988
364170851 1622951
530134972 1622924
349130530 1622924
631360376 1622888
464354740 1622909
89083441 1622884
170321380 1622840
96902695 1622840
150599432 1622787
784071940 1622817
162778314 1622760
80895201 1622733
733765792 1622733
21556432 1622689
202487632 1622712
959969052 1622688
839183287 1622660
698717439 1622660
600728113 1622634
416129296 1622639
570894483 1622632
992648966 1622586
487827436 1622586
114069727 1622532
222929532 1622560
959475869 1622517
118270411 1622488
104221526 1622488
194406996 1622459
35302809 1622472
867432744 1622439
558577846 1622399
565437780 1622399
216563273 1622367
189938221 1622383
29792519 1622358
158163066 1622343
212775953 1622343
979211565 1622315
308762497 1622323
996847892 1622291
141989879 1622257
389657697 1622257
730613684 1622218
16062662 1622248
592145329 1622198
543099087 1622166
707762300 1622166
143379119 1622141
143827199 1622162
976407947 1622117
714273601 1622105
988992516 1622105
464235382 1622098
680859679 1622102
64438399 1622075
276227602 1622031
651646442 1622031
21176276 1621984
470634597 1622014
686949250 1621961
888609020 1621950
29212442 1621950
104903381 1621932
105172292 1621936
71667015 1621915
134695900 1621885
115851709 1621885
284442967 1621859
966423816 1621873
424614205 1621846
281290858 1621820
960930046 1621820
814271902 1621783
864420893 1621812
829509060 1621770
258933582 1621730
260036331 1621730
389787711 1621675
402312700 1621703
256379881 1621655
366195658 1621626
116586300 1621626
245372396 1621609
682947391 1621613
649962331 1621585
309810794 1621573
959174993 1621573
301608772 1621536
330987070 1621550
429809589 1621508
988558021 1621491
72112441 1621491
311538383 1621447
93461401 1621472
29801084 1621418
383205397 1621400
80673652 1621400
145652793 1621346
667648363 1621374
899613820 1621340
570266997 1621313
948939220 1621313
860543865 1621259
237055250 1621284
665876465 1621254
542569276 1621212
495988831 1621212
925912795 1621199
932356987 1621205
750817882 1621175
182292676 1621146
151068996 1621146
719920534 1621122
280181423 1621129
834016386 1621120
369882864 1621092
589992217 1621092
793191378 1621069
524007987 1621083
773495638 1621057
75517319 1621029
365082359 1621029
845608078 1621007
387055701 1621021
311060111 1620991
875409161 1620973
770261097 1620973
244250115 1620947
21061953 1620967
290425811 1620939
143863934 1620915
591328950 1620915
91881382 1620887
856924150 1620899
828384199 1620883
757757846 1620867
399493426 1620867
176889382 1620806
683670641 1620837
184366764 1620787
927707263 1620775
718479668 1620775
335435759 1620739
500144148 1620755
998661090 1620727
169452144 1620680
870027011 1620680
441169658 1620659
815159874 1620662
246551349 1620632
214665295 1620598
890677192 1620598
611633707 1620591
60273372 1620594
130249244 1620587
922693818 1620558
788198885 1620558
753026692 1620524
166943932 1620553
809260837 1620518
43452502 1620462
163324217 1620462
253106138 1620434
135333883 1620450
20248366 1620405
934006689 1620395
893091729 1620395
272258143 1620342
110896070 1620367
429278721 1620312
456624906 1620287
891119684 1620287
274740 1620238
792060664 1620263
243780184 1620209
998935829 1620155
961512808 1620155
113807194 1620116
440105487 1620130
629189033 1620109
212874895 1620078
507287133 1620078
372382576 1620027
824508601 1620052
420076857 1620008
502631819 1619962
747202418 1619962
208275741 1619936
108174862 1619950
766662701 1619905
870052929 1619869
151627363 1619869
929986917 1619859
123159067 1619866
139477597 1619843
950235283 1619827
909682107 1619827
32569325 1619793
75009777 1619822
873094528 1619790
314364397 1619773
531634683 1619773
616730563 1619715
314639136 1619745
323695346 1619713
860510746 1619693
166091317 1619693
137724505 1619671
826834292 1619673
606196803 1619659
766913537 1619640
39709186 1619640
113483935 1619594
139296112 1619621
864217786 1619583
386077143 1619555
494444282 1619555
463936556 1619520
594352883 1619537
602619143 1619515
83115608 1619464
316922164 1619464
606762857 1619436
13102525 1619438
292597582 1619409
746240454 1619390
815854159 1619390
202279688 1619349
631326130 1619378
890863935 1619326
75374215 1619306
945690527 1619306
422498617 1619275
544621129 1619299
112846014 1619259
598710315 1619239
405131875 1619239
278937330 1619226
736434819 1619233
84482518 1619225
737650484 1619179
355864708 1619179
124191703 1619142
703650771 1619154
347677171 1619132
840925840 1619084
89727913 1619084
694637805 1619045
157378747 1619068
536597148 1619016
149773299 1618978
240494355 1618978
853519311 1618937
756536156 1618952
253596879 1618908
146116892 1618876
502776609 1618876
69451037 1618855
200912931 1618861
134102738 1618836
812831323 1618800
128803497 1618800
932309616 1618746
87846292 1618771
673424625 1618725
897671982 1618703
686556606 1618703
78556499 1618686
29125663 1618697
275507776 1618667
15555368 1618644
766776147 1618644
631372483 1618628
139747070 1618631
470426917 1618605
831566006 1618576
980672910 1618576
412671181 1618545
526203810 1618551
138051656 1618518
949268328 1618484
675977108 1618484
231062362 1618441
802787638 1618454
285029615 1618440
484659240 1618414
801420881 1618414
787806223 1618355
406626628 1618385
2333811 1618336
774425313 1618290
71974303 1618290
131137307 1618272
559251280 1618289
159820594 1618253
804561932 1618233
309439613 1618233
846377199 1618208
735634782 1618209
338565276 1618180
121884974 1618168
751190150 1618168
105341422 1618123
605773809 1618142
743453571 1618122
428284690 1618072
437339814 1618072
576642832 1618043
840955870 1618065
816059975 1618031
567210840 1617977
790224198 1617977
344553434 1617930
798273201 1617948
445528187 1617926
629583049 1617904
135448793 1617904
99465420 1617871
269905623 1617880
542075420 1617863
101799230 1617833
44330935 1617833
614049722 1617809
85452889 1617826
456098567 1617793
773870315 1617749
890014820 1617749
765538179 1617722
472763865 1617741
478165953 1617695
104103454 1617672
594648839 1617672
81872454 1617637
61961227 1617666
52938999 1617636
825326025 1617601
490245916 1617601
490278812 1617579
254485208 1617589
183718138 1617548
158855138 1617520
821696047 1617520
973942335 1617471
503408571 1617497
619969248 1617440
271986873 1617399
132991619 1617399
755418040 1617382
371452292 1617388
402897242 1617379
150009811 1617371
325767874 1617371
299744528 1617333
616575885 1617346
411220762 1617329
608359446 1617311
242962551 1617311
153751933 1617281
226413977 1617288
715726416 1617280
631917885 1617251
183033782 1617251
162891606 1617217
566306691 1617231
244995009 1617195
215830604 1617158
244149067 1617158
587757276 1617117
706109415 1617146
498634274 1617088
771475413 1617055
864964552 1617055
320330321 1617026
597934099 1617038
220889474 1616997
792815920 1616966
869920972 1616966
353881093 1616926
400750311 1616937
93889615 1616924
609294686 1616892
550760121 1616892
419657488 1616871
909039213 1616888
19852357 1616868
830878249 1616851
369915011 1616851
262814908 1616839
984630181 1616841
596328987 1616808
978541323 1616784
469064418 1616784
779362768 1616734
141432928 1616765
35371108 1616704
24357776 1616670
357263531 1616670
132036526 1616645
464631404 1616649
915889297 1616635
630670799 1616592
236106816 1616592
633370200 1616540
951001119 1616568
834040915 1616533
854259673 1616517
596333390 1616517
556478238 1616488
60657117 1616508
997083700 1616468
502884204 1616414
669951802 1616414
400360173 1616371
922541692 1616394
431507367 1616355
420212529 1616314
605936292 1616314
801422377 1616277
683027436 1616307
443082825 1616254
397751363 1616226
661568758 1616226
764663594 1616202
29630482 1616212
655518037 1616192
652551053 1616173
53988258 1616173
12781567 1616147
784587578 1616157
371136013 1616141
781187215 1616104
415258376 1616104
607242828 1616054
414557414 1616078
218775847 1616038
293800094 1616022
121333439 1616022
815109236 1615986
702794683 1615996
181990555 1615957
664709288 1615948
205678887 1615948
851942357 1615910
65069460 1615937
980736930 1615898
283449723 1615857
485281988 1615857
439189573 1615809
84872099 1615835
20825776 1615794
882272397 1615778
335139813 1615778
682394533 1615763
499452342 1615770
364770294 1615759
190428922 1615730
152003394 1615730
271274903 1615694
55726840 1615724
936590971 1615671
642410915 1615630
836914055 1615630
204365699 1615596
102170095 1615624
103987820 1615587
275657897 1615542
248486540 1615542
225321258 1615496
90767132 1615522
951281223 1615491
407311813 1615462
607992771 1615462
9476461 1615432
259254169 1615434
673062230 1615402
990213390 1615363
395220243 1615363
10860570 1615334
429402962 1615347
332608693 1615311
31686345 1615296
164191711 1615296
667748505 1615278
566597229 1615293
663644052 1615270
885035150 1615240
757026150 1615240
668163798 1615205
8826405 1615229
812752990 1615200
457271120 1615164
651237319 1615164
649667044 1615128
661636818 1615145
605923765 1615121
753654863 1615067
937294714 1615067
854410305 1615018
978976121 1615049
880578198 1614998
805691527 1614969
238804285 1614969
341087320 1614951
815167987 1614959
498058453 1614935
14149550 1614908
657897728 1614908
893278695 1614874
877526471 1614881
87300689 1614865
78403739 1614813
909212815 1614813
104008751 1614777
746152243 1614782
328326395 1614759
620169155 1614723
483703744 1614723
85352545 1614673
288332952 1614699
492530148 1614665
898105534 1614642
745604071 1614642
143767467 1614601
400288929 1614629
259757241 1614582
602207583 1614536
6460143 1614536
49568306 1614511
456617887 1614524
837952615 1614499
782662855 1614487
114825765 1614487
76756899 1614453
123750175 1614481
782510103 1614422
427331703 1614391
990416076 1614391
440407830 1614381
173126749 1614388
867942546 1614369
380224871 1614339
251530487 1614339
629671712 1614323
336749973 1614327
997682729 1614295
957998106 1614267
956919127 1614267
333902825 1614259
895867002 1614266
97768430 1614236
826432972 1614183
646488887 1614183
843372501 1614141
822716790 1614165
46777815 1614137
955646093 1614119
424924373 1614119
905754310 1614102
5214398 1614104
734058611 1614090
743706924 1614064
640393605 1614064
848884376 1614044
672980175 1614060
764143779 1614025
483910830 1613979
100311877 1613979
607076206 1613923
924318660 1613948
273438626 1613901
327535103 1613892
157059882 1613892
524969112 1613850
957206814 1613870
493809854 1613847
375168193 1613796
767721271 1613796
303245333 1613779
709071017 1613784
516104625 1613762
401013762 1613748
388020340 1613748
162593511 1613716
96902614 1613728
210737130 1613701
61887678 1613671
52548706 1613671
488177854 1613635
967641987 1613641
910279456 1613616
222236464 1613578
563865262 1613578
550673060 1613541
923637191 1613548
89361788 1613539
167333190 1613514
407548021 1613514
189673665 1613454
774409395 1613485
184383032 1613434
315628642 1613388
101944497 1613388
193959265 1613356
840597753 1613382
911667662 1613354
687769118 1613303
68282297 1613303
531905284 1613293
991014450 1613299
629869665 1613264
48009908 1613207
244544564 1613207
17890005 1613149
63119771 1613180
341447177 1613141
81143486 1613106
125007448 1613106
393995883 1613064
569321339 1613086
945165786 1613051
156791690 1613026
791557802 1613026
361547399 1612991
707464749 1613000
567711345 1612985
450909187 1612955
727314290 1612955
975259365 1612907
493099203 1612937
354240036 1612888
12158748 1612867
808727844 1612867
308700884 1612836
206118012 1612852
501841948 1612835
72884897 1612787
746403481 1612787
570124245 1612748
604790180 1612757
589934283 1612736
52510261 1612701
505316440 1612701
834478846 1612669
70400265 1612680
420952562 1612653
175926022 1612605
151543750 1612605
398476361 1612598
422438256 1612600
720865088 1612580
196158498 1612549
579229945 1612549
364939242 1612526
557705896 1612548
139211045 1612507
932650586 1612480
861131434 1612480
866525334 1612470
760426302 1612474
354230636 1612444
220765369 1612437
625101401 1612437
15474831 1612410
529466252 1612429
831219412 1612380
517316779 1612357
602351148 1612357
430139244 1612321
87441023 1612349
59657680 1612308
20073526 1612257
139951283 1612257
417490471 1612236
854552371 1612240
62867900 1612222
838443032 1612191
882994745 1612191
66928001 1612162
236919392 1612180
305433000 1612140
787793089 1612091
433077889 1612091
884662945 1612048
5248682 1612064
843300136 1612031
23873989 1612000
790415619 1612000
704431570 1611983
742915675 1611986
403358272 1611977
911178557 1611935
963681043 1611935
28459672 1611925
926653388 1611932
345663647 1611895
712195435 1611862
443970166 1611862
800531146 1611834
142334678 1611851
383927540 1611832
860188825 1611782
14924556 1611782
376395174 1611759
130195647 1611767
869476926 1611743
291779425 1611715
968638678 1611715
604988022 1611687
358707426 1611714
58074421 1611666
910421022 1611633
146500514 1611633
491152309 1611605
647600318 1611618
4265547 1611604
186968797 1611585
523990658 1611585
794681165 1611545
891400366 1611572
119422684 1611531
50555788 1611510
655095274 1611510
83103727 1611475
79015459 1611487
581748661 1611445
281283725 1611414
791210893 1611414
878235178 1611391
81814870 1611405
786061922 1611362
114679069 1611322
794520047 1611322
800986477 1611303
491074243 1611316
924715693 1611286
522979755 1611258
782853667 1611258
745870723 1611247
127967776 1611253
141561092 1611224
803945143 1611201
890905149 1611201
140577957 1611182
147613804 1611194
391021818 1611151
997359855 1611118
334582600 1611118
915012476 1611116
644557371 1611106
78499317 1611093
34435159 1611068
695113158 1611042
733594590 1611024
970055237 1611020
774128616 1611014
167859603 1610990
103855313 1610982
417855860 1610968
46094780 1610946
38186535 1610921
56434134 1610898
160773849 1610889
685222933 1610882
857420610 1610860
504364443 1610856
462454977 1610842
380400364 1610829
139734461 1610809
208325699 1610779
360884492 1610757
133811905 1610738
12270842 1610709
251789640 1610690
126906213 1610673
12400997 1610669
642811458 1610639
124266068 1610624
346983596 1610623
410340285 1610612
768823438 1610594
425482912 1610566
297291795 1610544
316452948 1610523
159077501 1610497
119863384 1610470
90581563 1610444
326937103 1610439
76235048 1610424
360953775 1610402
225548235 1610388
114421582 1610367
417387908 1610365
386322083 1610357
799644514 1610331
127324869 1610321
890686525 1610304
114615843 1610288
507725233 1610263
30420985 1610261
322941541 1610257
868609724 1610251
16749241 1610248
187728734 1610222
972915715 1610201
143655454 1610196
200129730 1610190
468243524 1610169
267921521 1610140
547113325 1610134
878583808 1610113
889261310 1610084
972596236 1610081
28391955 1610053
205714257 1610024
984190089 1610001
771690 1609988
148812172 1609984
163643543 1609961
77006737 1609934
362282298 1609911
389191777 1609902
191428319 1609875
779670205 1609851
775513859 1609829
843589184 1609818
906995073 1609799
518716735 1609783
958205026 1609769
267236657 1609749
401654072 1609748
133662919 1609738
988362732 1609719
418403312 1609689
321391652 1609666
961278447 1609635
562058765 1609627
374037734 1609625
282038322 1609622
682496637 1609619
921151058 1609615
13138482 1609588
571757947 1609585
746263646 1609571
41530436 1609555
629988555 1609530
582970086 1609529
42302125 1609509
778800726 1609496
746613628 1609481
119308861 1609480
141083023 1609479
135805405 1609461
163253531 1609445
773269579 1609439
763835615 1609430
6842715 1609399
532781004 1609397
135068702 1609379
965047740 1609374
652534012 1609372
536722773 1609369
98710658 1609348
640896744 1609329
807642436 1609306
272618662 1609283
454691542 1609252
222217553 1609244
646656395 1609214
736729863 1609204
904714189 1609203
420323804 1609181
749868344 1609169
328988487 1609160
19103801 1609146
643915131 1609116
958977042 1609101
602073886 1609084
686217255 1609065
590294119 1609050
201203866 1609019
658042468 1609000
583893494 1608973
337009270 1608961
821295998 1608942
209679424 1608937
100844884 1608912
828138712 1608885
742460427 1608884
88429937 1608868
645702804 1608851
247510791 1608837
625152709 1608824
596929813 1608794
888407534 1608772
285311497 1608754
722064826 1608729
195615427 1608705
507529049 1608697
221237572 1608688
784861641 1608658
412243237 1608633
641561376 1608622
387246337 1608606
741231724 1608578
513181528 1608550
31161467 1608539
552725117 1608538
115255414 1608518
569895074 1608515
143019235 1608495
168975631 1608476
227937541 1608474
726912728 1608450
505984900 1608429
49233538 1608405
936592152 1608400
459346135 1608388
729888602 1608376
531568930 1608356
547776072 1608353
228107757 1608334
779079720 1608308
25445132 1608281
677553921 1608275
520003605 1608244
310756628 1608233
399618747 1608215
568135383 1608189
818285676 1608175
620856318 1608174
352997024 1608157
83045265 1608126
114934045 1608112
740243360 1608107
676793340 1608079
628115573 1608068
623921178 1608057
229518456 1608042
595887338 1608038
193816251 1608036
225054042 1608007
764862968 1608006
274270143 1607996
951966770 1607976
123364219 1607964
176020033 1607951
741075273 1607932
435226705 1607923
905908634 1607898
125160554 1607872
983002776 1607862
986532742 1607848
756756626 1607821
860964260 1607805
664086662 1607784
129276582 1607776
24237239 1607745
916221760 1607727
697411965 1607715
842522915 1607698
389594430 1607677
50408988 1607665
778084531 1607660
504528474 1607656
643168699 1607630
454877870 1607616
985160398 1607606
119606228 1607596
536912677 1607577
433564087 1607571
313422479 1607547
761966718 1607537
50943406 1607517
587692621 1607486
566449839 1607484
174307624 1607478
763712653 1607456
160041463 1607429
609534329 1607427
522137638 1607416
285202017 1607385
445053456 1607359
361186731 1607332
41958642 1607310
158534067 1607291
25273393 1607287
23751575 1607260
182771306 1607246
794011504 1607215
721163539 1607214
25294220 1607199
183605933 1607182
624088878 1607162
655895102 1607139
540650759 1607111
119773928 1607094
110772971 1607065
525811156 1607058
239380156 1607040
500201999 1607030
959375243 1607013
552802634 1606986
262168716 1606977
10318648 1606960
993011606 1606948
828618555 1606939
37142624 1606934
609240611 1606923
988660017 1606895
499193304 1606887
131378248 1606869
126378385 1606859
944246759 1606852
345081331 1606829
20853378 1606803
102780826 1606795
222871075 1606788
44604953 1606759
138068483 1606757
16882578 1606741
765768491 1606728
15879054 1606702
53004863 1606681
242373721 1606678
671774155 1606652
593655621 1606628
362147648 1606597
635063477 1606577
119466776 1606556
601527803 1606531
135265475 1606528
931358370 1606527
6846788 1606509
249950542 1606508
794193370 1606495
999858394 1606494
78569096 1606479
683852345 1606448
609099004 1606421
919745465 1606402
183045648 1606399
592993603 1606370
898640201 1606355
979808758 1606353
938074933 1606334
919493579 1606303
935105935 1606295
13462359 1606272
816614883 1606253
73174417 1606245
30344937 1606218
434899725 1606206
89053470 1606205
83349799 1606175
677273445 1606171
760827624 1606164
677005419 1606160
39421093 1606151
248407452 1606132
648988546 1606111
640948895 1606103
383672926 1606100
432863268 1606079
647795683 1606060
633623468 1606040
79572989 1606024
500170428 1606016
564708915 1605988
763425333 1605960
109269431 1605930
336970731 1605926
798987332 1605922
554779385 1605909
88127284 1605891
778796089 1605865
345370670 1605837
7620862 1605825
566418376 1605824
358833028 1605797
676752096 1605789
639592792 1605779
241694316 1605748
111651820 1605739
581162614 1605713
325044114 1605686
788925265 1605660
194506589 1605639
854565884 1605625
680862709 1605621
442914041 1605602
356070782 1605599
174327955 1605577
826586966 1605563
788934049 1605557
822123637 1605545
312726785 1605521
721023389 1605499
174810416 1605489
729952052 1605463
336965073 1605438
136596198 1605418
66922782 1605400
135952404 1605390
691375583 1605373
7566417 1605366
767264844 1605338
889262604 1605337
15187278 1605330
333683219 1605306
100611983 1605276
544455725 1605275
825792363 1605259
342306299 1605253
656107545 1605238
406954976 1605231
667350412 1605217
297549161 1605192
601461564 1605189
374432648 1605175
978411869 1605159
44375604 1605153
730503429 1605124
5256175 1605113
723478922 1605089
371953829 1605071
827379812 1605067
888722058 1605066
92977217 1605038
2190227 1605016
618674109 1605007
429942289 1604989
138786425 1604983
538113243 1604969
418411044 1604953
682678359 1604935
545679659 1604933
185675887 1604929
424457314 1604926
413383289 1604917
371875458 1604906
525069296 1604879
957839013 1604861
197667820 1604851
867375594 1604827
466462909 1604803
457139147 1604798
387242358 1604767
616528421 1604757
58600710 1604726
761675005 1604707
447456641 1604700
955492666 1604686
492178433 1604674
452712816 1604666
531487939 1604640
864132261 1604617
132608979 1604603
272726348 1604580
809625829 1604567
134799205 1604548
891400457 1604519
92084469 1604516
126101981 1604497
282030051 1604485
510495512 1604471
661296691 1604455
680226061 1604428
696171398 1604401
85754004 1604391
93609349 1604367
68046855 1604365
463339652 1604362
903964714 1604336
118231026 1604329
330715245 1604304
222943974 1604289
575370172 1604283
717957602 1604268
839472395 1604263
486487234 1604245
332148958 1604237
139445387 1604206
294496251 1604184
824327390 1604164
592158202 1604136
678500541 1604133
540976002 1604120
724767180 1604092
951226888 1604064
203118182 1604054
712082737 1604053
695143696 1604033
295202650 1604010
690701069 1604004
977173746 1603987
805698161 1603968
204514112 1603959
509916159 1603953
354385911 1603927
142784467 1603920
456041859 1603890
274949117 1603864
606124118 1603852
212522924 1603840
393180143 1603838
936839363 1603825
435466898 1603815
821066666 1603793
507313316 1603786
127455644 1603778
160070251 1603750
839462274 1603730
266901030 1603726
454566501 1603707
516306015 1603697
859059232 1603666
133067041 1603657
909798369 1603651
436342763 1603623
936810281 1603612
112916550 1603593
148425499 1603564
631953976 1603560
408119200 1603555
839126568 1603527
461644074 1603513
66333712 1603489
43640679 1603486
971560232 1603478
420719622 1603477
38941497 1603448
280118442 1603430
695668739 1603403
645065615 1603372
492641366 1603369
88848881 1603356
434421329 1603350
928108263 1603345
762431898 1603319
941734644 1603300
908080258 1603296
922502149 1603285
633713269 1603272
27497639 1603265
229585001 1603252
2535636 1603245
886556870 1603239
215168394 1603209
912334004 1603191
175415985 1603189
151978674 1603179
877766905 1603162
323841483 1603161
636449001 1603139
138402456 1603127
15484402 1603099
98093074 1603092
204736168 1603066
911641432 1603060
922169657 1603039
625455789 1603032
950582929 1603001
54804451 1602983
321124527 1602966
595648543 1602940
547445816 1602909
262489759 1602890
30069871 1602869
328070430 1602867
24921657 1602849
824320866 1602842
236150687 1602811
799940157 1602781
310550487 1602772
263648325 1602768
29525157 1602754
165602474 1602732
2721547 1602728
244693550 1602705
77936477 1602703
178137531 1602701
249188575 1602681
808219733 1602675
354495365 1602668
885637576 1602650
946622189 1602630
369979767 1602605
836247001 1602588
151358356 1602568
134137550 1602560
610933010 1602554
776814144 1602530
84720478 1602524
665737460 1602505
950455023 1602475
532885372 1602467
213183275 1602437
65461133 1602433
415471594 1602419
541253704 1602415
90382789 1602394
92308812 1602393
629920742 1602363
742839297 1602346
402859298 1602326
893569066 1602295
772364454 1602270
568461771 1602249
748806964 1602244
869574355 1602238
498914599 1602208
926944494 1602179
118762930 1602174
159650683 1602156
133956211 1602143
4400505 1602142
106272871 1602141
503935977 1602123
693163857 1602109
110147578 1602080
638073526 1602075
304096866 1602056
886961722 1602030
575310356 1602000
969834325 1601978
689933096 1601949
108195727 1601922
35533951 1601893
755394228 1601877
523667321 1601863
429304006 1601857
698293369 1601852
615976132 1601837
59224747 1601835
441132665 1601809
871351781 1601778
805310165 1601751
66013470 1601730
292329903 1601707
554117128 1601697
935587825 1601695
791244501 1601682
333577974 1601666
906867106 1601660
950895183 1601642
467534184 1601613
763783962 1601592
909684406 1601587
823986512 1601571
456947818 1601544
19831983 1601538
314576389 1601532
613561036 1601502
759310056 1601473
889886744 1601467
435911712 1601442
449243151 1601427
998082471 1601413
471445663 1601389
57153731 1601377
374266143 1601375
900749668 1601368
755447099 1601355
842758626 1601339
812490767 1601332
49096115 1601325
714110406 1601315
617800931 1601296
115109585 1601276
6440308 1601265
24434410 1601239
903213761 1601209
650201160 1601180
210528735 1601159
810080866 1601142
453612694 1601127
678062918 1601113
426381179 1601086
215813451 1601055
354565781 1601045
883328996 1601016
235645434 1601008
669142170 1601005
349406383 1600997
994955489 1600980
559028913 1600957
785318095 1600955
296714992 1600951
409627735 1600936
109280109 1600918
353868722 1600917
636410229 1600899
10029776 1600896
109315820 1600887
479168854 1600879
675036894 1600858
10928286 1600839
45795611 1600808
145354176 1600783
126037870 1600761
904752270 1600745
169788586 1600737
29251630 1600722
407469781 1600708
380317320 1600701
691848847 1600677
861082475 1600661
910896590 1600656
118230025 1600655
76895925 1600629
265462370 1600621
854075373 1600599
165057710 1600574
934604539 1600560
55998107 1600554
12529551 1600541
346149804 1600532
841316201 1600514
161760894 1600508
608293890 1600479
950596309 1600461
515629615 1600435
244704119 1600423
813142437 1600408
477461786 1600387
576389324 1600376
488179330 1600348
488390071 1600317
622184935 1600302
633533506 1600284
466944293 1600275
379453556 1600270
655838443 1600269
348712274 1600246
786923337 1600245
36155762 1600242
40561121 1600217
500522163 1600193
799568703 1600164
11307497 1600153
429934439 1600152
65031073 1600124
717899221 1600106
594992149 1600093
852151963 1600087
773897328 1600065
460038051 1600055
50818118 1600044
467729880 1600043
621798944 1600032
659112008 1600012
418326189 1600007
137428558 1599999
756332478 1599995
83984977 1599976
467406695 1599954
332721801 1599926
572164306 1599914
808313117 1599891
807423087 1599878
58214163 1599858
275257409 1599840
186876643 1599836
714052605 1599806
623969683 1599805
973799979 1599796
602724719 1599788
517047155 1599773
326838493 1599750
254809773 1599746
380871003 1599719
756772931 1599697
172357197 1599674
951286576 1599646
204281431 1599643
24509160 1599617
577700255 1599596
664319481 1599565
927843629 1599540
45430134 1599510
286118424 1599504
439471988 1599485
316272674 1599467
276063333 1599449
195804465 1599441
400257650 1599433
595986379 1599402
381042618 1599385
972421956 1599359
404299496 1599351
188465704 1599341
883152470 1599319
532073256 1599299
227858698 1599270
449721427 1599246
8559290 1599226
54175028 1599206
