2445
201761318 339138
120349859 339114
777125587 339138
71477475 339149
370516703 339160
368378428 339185
364583155 339190
74482440 339215
218575767 339226
826434590 339255
577841198 339273
826816273 339295
61008477 339326
954309414 339356
681130499 339386
659260399 339412
146484623 339437
406209903 339439
557688110 339445
741217926 339468
315584694 339470
231234907 339500
612090792 339504
620435635 339522
952412992 339550
17198485 339556
454330495 339586
924617716 339612
547957849 339637
392843872 339649
546948424 339672
749719166 339689
513193731 339697
176590362 339712
673712992 339740
883710433 339758
544968790 339765
38296146 339795
810709224 339804
763544556 339821
717247088 339848
241066773 339874
442877180 339879
630771916 339903
47892538 339925
124007678 339929
142548666 339948
46893513 339964
382733933 339969
700236776 339993
788111438 340000
698318626 340004
931471682 340025
252718582 340034
171270612 340056
736401025 340071
269917066 340083
625601106 340103
513535092 340110
670391267 340113
18444978 340142
60483515 340171
272626784 340190
384155060 340196
89590229 340209
946339776 340224
120381844 340245
634559018 340264
984635921 340276
931091067 340306
398103573 340308
554399360 340315
24674192 340337
840980752 340344
185171275 340373
72566729 340386
817504781 340394
327719941 340410
971976593 340438
200238713 340448
880473068 340454
612604383 340455
751073690 340469
664461101 340493
865322964 340502
922344302 340504
253378477 340511
135240029 340529
400461759 340548
766913568 340561
658147647 340581
271423088 340598
679913434 340607
930774431 340615
655578147 340637
769503662 340658
877114206 340678
775959990 340687
404062679 340693
714266478 340724
559567409 340729
654682603 340734
121182190 340739
584241600 340766
348179706 340775
306353464 340777
509324680 340783
165684487 340799
486589756 340816
333817625 340818
218439551 340844
367062823 340864
946422007 340895
969513241 340901
31523923 340914
811744970 340921
891857542 340928
137418751 340945
799501350 340969
144835652 340994
904332318 341024
310165349 341037
416258740 341047
584245752 341054
240939779 341072
71836886 341101
206265765 341126
970570336 341130
847796876 341137
610328444 341165
537353165 341167
259880636 341178
117527398 341208
658535354 341214
844122235 341218
465707104 341226
964888818 341233
205963266 341242
631391590 341265
303994925 341286
539780890 341294
849831140 341309
671057748 341318
338719248 341326
671860732 341346
555098022 341365
2980569 341377
416234625 341401
692516773 341406
802481919 341410
561070277 341428
449365442 341429
112647267 341443
977329016 341468
33611193 341473
206103397 341502
49165901 341525
92393310 341552
29190084 341554
749479128 341581
702721753 341604
566543248 341607
9359763 341611
820249150 341630
225078602 341638
705998349 341646
138472605 341672
42483771 341684
764477967 341698
769864194 341714
346478695 341744
156775208 341764
472211686 341794
870052794 341799
495494456 341824
144072417 341841
277667168 341865
498475024 341870
412823394 341879
970183940 341905
153473294 341913
973893670 341937
272065733 341963
118636912 341983
951222685 342001
158193278 342029
324740308 342046
852904937 342053
250586587 342076
353930391 342092
454900417 342094
953308339 342106
920473639 342124
316776531 342129
626073840 342159
998068592 342182
875291232 342192
764546445 342215
40552362 342216
639769198 342238
386926990 342245
239547408 342273
796544405 342283
711655027 342288
109600202 342290
144555212 342293
708243796 342314
239783721 342337
643030236 342342
121067189 342370
62484012 342385
796503529 342395
94960858 342415
334549744 342422
915140441 342451
898699894 342455
492743021 342458
92397100 342471
604121182 342481
743329607 342506
446327491 342534
911537950 342545
549154297 342548
219317481 342561
80830833 342575
27744489 342605
69902424 342607
956122064 342630
792290933 342651
110454785 342652
448407613 342665
31734274 342692
202518544 342720
97468369 342740
743389301 342741
164635097 342768
242023581 342788
304149448 342807
404418817 342825
885053816 342849
425216636 342862
466902828 342892
681557344 342895
372693845 342897
801452572 342902
449214136 342931
123910090 342934
146711944 342941
541611236 342951
580547623 342964
890041551 342993
987938726 342998
492085573 343019
439195847 343050
59772558 343065
572916405 343068
466940335 343096
129674981 343112
381554820 343136
111747619 343153
92646117 343169
829962432 343172
143481893 343185
147681012 343198
927430800 343221
739387545 343232
312316109 343238
169454380 343249
43536992 343278
569251277 343302
54508195 343304
321269979 343313
36154105 343335
588581891 343337
546480175 343347
690123028 343372
37796026 343402
670390264 343412
836834971 343443
431923613 343450
103454238 343470
579392873 343497
272378690 343508
595539810 343518
18588720 343542
332151247 343567
20972566 343577
338045406 343597
314342579 343604
402527385 343606
302309377 343612
406988695 343633
85006168 343636
298307621 343654
554669707 343685
12436968 343710
37695165 343738
719502167 343743
34407699 343745
933748508 343768
288753443 343796
88915894 343797
107534838 343828
177423899 343845
530014136 343847
654015012 343854
720063278 343862
420326513 343863
176921627 343878
409414601 343885
852250126 343892
280375864 343895
988807473 343897
124628815 343912
728432026 343924
859912544 343948
309296414 343954
749404591 343974
50474302 343986
623638992 343996
4448328 344015
352783678 344032
883144039 344062
89454495 344083
651091298 344084
290330097 344113
101891462 344125
541302814 344151
9832263 344154
136299161 344166
327567673 344182
151102057 344210
77731406 344222
435102510 344235
328525956 344246
460261893 344260
941633873 344278
48589233 344296
733104757 344308
118555499 344309
310520185 344332
437871234 344348
251447714 344351
299327658 344373
415016401 344403
979879739 344416
11756553 344430
724312814 344432
581800682 344433
62230854 344459
200468157 344470
438765361 344489
415014531 344498
83612195 344506
528219855 344513
66105828 344523
226458643 344528
482627669 344546
607408641 344550
236290905 344555
471443181 344584
934976313 344601
387392962 344632
401690938 344640
222595174 344670
568435269 344680
714469182 344701
16745398 344717
469540853 344743
447573938 344773
135300896 344789
780061038 344806
885445172 344820
239264962 344836
79388695 344841
152977924 344851
71661052 344879
91145247 344898
877290737 344907
505978085 344935
5892453 344946
930275245 344963
944743445 344977
420906983 344996
866403792 345020
325479652 345040
487012811 345066
92862434 345093
808107320 345097
946937803 345125
181669691 345154
132066852 345185
734430468 345198
569062652 345226
386274141 345233
957025641 345244
137497920 345251
100743322 345276
973771039 345302
459555124 345332
400833611 345353
961588286 345361
239616161 345376
138795134 345379
53369599 345403
171521207 345422
291773057 345434
125030651 345452
115182806 345456
21580145 345476
483525087 345489
121075258 345503
951855390 345506
428268532 345532
541982240 345534
818259181 345561
753748183 345573
881511402 345598
763637966 345618
414371854 345631
828449205 345652
945307656 345669
398955057 345681
415396024 345684
366886659 345698
785229197 345714
224938016 345727
356900930 345745
885972518 345752
51225406 345758
816456054 345774
139322480 345801
12813692 345812
56072214 345842
278117614 345869
918699642 345870
80109773 345885
569890670 345892
896246644 345911
47808930 345930
591470815 345954
379771731 345985
168884187 346015
543326204 346040
660556614 346063
563382778 346092
214101736 346112
266821148 346113
444894180 346136
977739701 346144
681193001 346157
125859736 346169
775563709 346193
80148057 346216
541255759 346230
142450367 346234
717893605 346239
766193774 346264
499351297 346285
456382474 346297
817419180 346325
168323702 346330
595704953 346335
682749223 346340
76912267 346341
873822566 346342
453965216 346348
157022039 346364
443713236 346369
350211860 346393
204830968 346394
35184050 346421
582499942 346444
226231506 346474
431026605 346494
243056555 346506
789614284 346532
497644692 346538
509877702 346550
87024815 346567
327900744 346578
43587054 346602
212884550 346628
103464452 346629
976251462 346642
606656660 346651
98431171 346656
694145066 346674
225366785 346705
597782467 346730
3043891 346757
42785964 346782
766106168 346810
598748843 346841
578051538 346870
843018434 346898
472571409 346927
32016754 346930
852556825 346940
768800996 346943
234744965 346969
57387792 346979
656501397 347006
817244906 347021
136135650 347028
87528001 347043
912817812 347067
925749933 347068
437689044 347088
275211865 347092
12774747 347107
765589787 347135
318798918 347161
78175648 347170
869054239 347198
147566731 347205
684832307 347220
967485409 347221
841711796 347243
910199091 347257
417784227 347281
844755686 347298
805501407 347303
36406746 347323
296020880 347340
236069296 347343
731941531 347359
768592288 347371
120602401 347374
584498355 347400
389909635 347414
355347365 347441
494402499 347443
46411031 347452
25108622 347462
630538148 347468
986455383 347489
937926433 347492
408804432 347498
424144426 347505
65654649 347509
421579178 347527
42250565 347530
384453566 347559
499754825 347586
911304803 347617
532020296 347622
37103483 347632
731306563 347663
226248443 347689
947302573 347711
1607141 347732
923520480 347742
752803979 347766
38013886 347775
219541360 347799
988873275 347825
622471768 347848
840649999 347852
109475675 347879
59486475 347894
230559634 347912
317339392 347934
553888973 347950
129487016 347974
194964365 348003
36943472 348025
115942399 348037
132890798 348068
445747903 348093
392603176 348111
51061798 348113
719843432 348125
434853740 348146
435515364 348176
72114608 348181
198674894 348199
820052011 348200
109218090 348212
929981456 348227
46300454 348252
56520662 348283
784104948 348288
822337285 348291
661840993 348315
674635185 348326
41878644 348350
503230619 348366
297106953 348368
735044995 348395
465222645 348406
356593427 348422
965604628 348433
782562036 348434
762998751 348435
95091643 348437
977526401 348467
799942222 348487
63550393 348500
962933550 348527
98206476 348538
456153569 348568
13995347 348596
818049907 348616
891007308 348633
302027062 348658
890164514 348682
89682202 348683
122079073 348706
999382603 348709
872180009 348725
20895878 348741
908419616 348743
508801309 348763
695749514 348779
570260608 348802
183436493 348832
590144510 348840
73491226 348848
333059797 348878
325189504 348880
391230223 348896
689653223 348910
143310483 348922
26308610 348939
305168325 348951
90918477 348964
3835010 348977
105110546 349006
6985222 349031
819284911 349037
55833373 349046
463138790 349068
685796610 349069
726399631 349097
206662449 349102
840340023 349127
469080496 349146
148861002 349152
814935447 349168
320979450 349189
873557363 349210
688347676 349240
229399066 349260
382358671 349267
384097190 349281
652176025 349293
418311515 349296
974241699 349316
578183603 349335
751371312 349336
151947554 349357
969413825 349358
293540886 349371
147774388 349372
995722434 349389
598709211 349413
238692864 349425
852073796 349452
556336108 349474
245678085 349477
523875058 349479
612169481 349509
561333226 349533
62188019 349535
191085463 349559
767995675 349586
902528042 349610
660165959 349621
769373028 349622
717463488 349630
981145408 349659
642930390 349680
258327516 349684
63060825 349702
877805412 349727
642424705 349745
715236850 349774
296116927 349801
469182755 349805
293420452 349819
47488238 349845
473646660 349869
115350628 349883
193545475 349890
621421047 349912
111073061 349941
792254685 349969
860113910 350000
963146856 350024
348590793 350042
958308347 350045
339538266 350068
813276625 350082
519641572 350106
401726284 350130
4362087 350137
140153598 350156
304254325 350170
664528045 350185
909526626 350204
874234165 350226
498189805 350237
404973367 350243
132561680 350268
561250629 350296
135295131 350326
627502736 350335
276487478 350358
431412057 350382
96685490 350392
422424281 350395
331416646 350411
422848501 350442
537774908 350456
524962120 350478
44269547 350498
648847969 350507
169733157 350525
756899808 350544
464511176 350575
518323949 350578
715208154 350599
804049441 350621
184116925 350637
87366078 350651
58292077 350664
188479011 350684
80036027 350714
362546401 350740
705523408 350742
989562652 350760
89296917 350774
203713212 350786
247052371 350807
221858596 350813
764963840 350819
382347501 350839
849361331 350851
893967670 350879
666275909 350889
798563172 350911
316391950 350939
997692554 350964
73928024 350985
854166858 350995
375171025 351008
118197570 351017
355531178 351036
544904181 351066
875097378 351092
672558705 351110
915744481 351140
442821883 351153
329124498 351159
99861405 351172
382704312 351198
387416574 351216
140856768 351217
462740339 351240
749962974 351253
846380175 351284
304819342 351293
839259891 351317
50093386 351328
551871712 351357
913634838 351386
667573577 351402
786735564 351417
615512521 351427
414057598 351437
453011472 351459
266592044 351490
730449548 351496
303220377 351511
340520068 351529
437132757 351543
530907754 351570
458717637 351595
645180286 351625
75811934 351649
186331366 351668
317738990 351684
844072767 351706
481669601 351737
646863487 351758
943934171 351761
864373912 351785
34280060 351791
84790938 351793
327114250 351808
636759386 351824
783687464 351854
631933592 351875
328535628 351883
686297201 351893
36321655 351909
94686817 351915
206387130 351938
823057219 351969
710199337 351982
620444727 352013
128585042 351982
976791381 352013
203410626 351982
284321771 352013
317311448 351982
640543382 352013
815229524 351982
628545436 352013
138240019 351982
743557809 352013
814876802 351982
455979009 352013
587630575 351982
149062754 352013
955358847 351982
384081098 352013
13436665 351982
842155259 352013
321388387 351982
193067267 352013
331430996 351982
105075851 352013
825000858 351982
659966623 352013
643889403 351982
713838864 352013
754653439 351982
850276532 352013
389412434 351982
317369128 352013
470721259 351982
517997476 352013
294160508 351982
674131884 352013
802319246 351982
463988307 352013
167191618 351982
470065121 352013
92533742 351982
305431636 352013
213622929 351982
759926895 352013
613926996 351982
653769856 352013
908989648 351982
569285843 352013
37850953 351982
922426313 352013
263957453 351982
211755691 352013
115493579 351982
595388448 352013
169347893 351982
793010788 352013
107871422 351982
813237296 352013
359366003 351982
862524860 352013
516030179 351982
748778437 352013
32410339 351982
986751437 352013
119292264 351982
326570846 352013
513399673 351982
921611509 352013
790559152 351982
533107642 352013
244192981 351982
735609246 352013
838539277 351982
457815909 352013
495536140 351982
304982625 352013
111585764 351982
257042140 352013
874268467 351982
1953068 352013
31984804 351982
138225919 352013
66225111 351982
147478382 352013
586130718 351982
88089355 352013
793005521 351982
694002139 352013
901326650 351982
4887875 352013
409043350 351982
269873181 352013
753666311 351982
441453689 352013
109140969 351982
872958574 352013
768024534 351982
622540641 352013
647086434 351982
411100038 352013
8164634 351982
891279414 352013
146709283 351982
846703911 352013
201611675 351982
494761774 352013
4202887 351982
165713790 352013
751803913 351982
878471353 352013
20183210 351982
783788716 352013
869213623 351982
86408320 352013
783783449 351982
307860692 352013
174497674 351982
429305321 352013
1862830 351982
928340676 352013
434193196 351982
410906179 352013
198213856 351982
40375858 352013
852359867 351982
307354824 352013
913334432 351982
472900753 352013
782411817 351982
560420865 352013
736517142 351982
790576450 352013
304216631 351982
735742776 352013
489796712 351982
505828305 352013
83020901 330064
493999598 352013
671542094 352301
834824814 352311
224987302 352305
691725303 352311
471129881 352305
94200924 352311
778133622 352301
107429682 352311
254577967 352305
805147648 352311
389251354 352305
256440796 352311
733488323 352301
823444549 352311
519863327 352305
784218530 352311
863820407 352305
224739545 352311
91573353 352301
629671190 352311
697640297 352305
726501521 352311
42608406 352305
286673790 352311
517077971 352301
346825036 352311
22416565 352305
6874682 352311
852653340 352305
105437466 352311
353390632 352301
524195434 352311
792778631 352305
578377933 352311
68437088 352305
116424863 352311
525095209 352301
846570710 352311
223854544 352305
779673175 352311
504234709 352305
613105898 352311
36113971 352301
90239383 352311
289066798 352305
408493649 352311
874457912 352305
5403556 352311
633233193 352301
818547616 352233
635074745 352301
183389842 352311
545049137 352305
677683151 352311
470063631 352305
914643459 352311
24508186 352301
492480196 352311
774034492 352305
729677878 352311
450434013 352305
127425123 352311
106389663 352301
243212643 352311
705803056 352305
174826750 352311
359637505 352305
83414616 352311
21397459 352301
436008401 352311
863087790 352305
378148519 352311
49114298 352305
751718112 352311
468387901 352301
190697447 352311
160211760 352305
342845812 352311
48617355 352305
793444953 352311
13909780 352301
683692099 352311
976834794 352305
558958916 352311
213891601 352305
299414776 352311
326118726 352301
90916139 352311
791894971 352305
100153217 352311
820594016 352305
94845335 352311
80094692 352301
926983678 352311
338057977 352305
785897747 352311
101810427 352305
550211834 352311
869312362 352301
975724238 352311
986220234 352305
584916503 352311
206389108 352305
887850883 352311
336634615 352301
674777009 352233
78548329 352301
349362726 352311
17622820 352305
127165683 352311
142807678 352305
31532599 352311
663374134 352301
972158823 352311
443007866 352305
729782086 352311
124089951 352305
769126591 352311
820698224 352301
915984921 352311
721796160 352305
493808591 352311
10830256 352305
801890851 352311
273308620 352301
201404584 352311
440304949 352305
227635399 352311
751616417 352305
162133662 352311
55875988 352301
590353002 352311
747050164 352305
262265095 352311
478203884 352305
83684778 352311
937042103 352301
409268565 352311
285563856 352305
807181275 352311
388950599 352305
280887885 352311
691230225 352301
904841084 352311
105563060 352305
986754443 352311
634623170 352305
229653010 352311
608397385 352301
307837745 352311
145637930 352305
330193544 352311
654162688 352305
8984537 352311
132084394 352301
927471307 352311
62905473 352305
424905694 352311
7623057 352305
667038241 352311
587039355 352301
63499044 352311
257391243 352305
334089519 352311
178280491 352305
588111478 352311
270290648 352301
967838945 352233
997380042 352301
555854503 352311
627536571 352305
238846993 352311
836742388 352305
171283148 352311
143688076 352301
942305447 352311
158037590 352305
630827597 352311
24474808 352305
766434974 352311
791181694 352301
22629089 352311
949144870 352305
445344381 352311
31613626 352305
933745615 352311
225332039 352301
947035450 352311
358651309 352305
85471448 352311
614073690 352305
945690663 352311
1486843 352301
723981284 352311
132296533 352305
179767333 352311
312092762 352305
255103533 352311
122630 352301
161989155 352311
810958035 352305
627659200 352311
253352499 352305
500216774 352311
798942347 352301
249556927 352311
295038572 352305
956979936 352311
880384523 352305
319513379 352311
575931262 352301
524082568 352311
342142468 352305
377592483 352311
969426948 352305
226272445 352311
311338097 352301
47275339 352311
25824246 352305
522505757 352311
132746786 352305
639897935 352311
320712772 352301
134233628 352311
216395571 352305
453009304 352311
166517313 352305
528488332 352311
708112836 352301
166639942 352311
542993838 352305
371587223 352311
794299141 352305
796346337 352311
724320348 352301
593241488 352233
45903263 352301
19358920 352311
402737775 352305
778804137 352311
191388650 352305
831185388 352311
302886705 352301
386047469 352311
208777870 352305
124830004 352311
612319913 352305
372632319 352311
24621694 352301
638144158 352311
895138075 352305
157368479 352311
130558445 352305
215850846 352311
144118459 352301
346954015 352311
521376502 352305
310635771 352311
727958698 352305
82005689 352311
477275712 352301
270952535 352311
453592911 352305
271574852 352311
67298871 352305
30429611 352311
717332691 352301
965718485 352311
49788530 352305
120070466 352311
744522622 352305
93693531 352311
803772205 352301
899925678 352311
479741000 352305
12550075 352311
24755681 352305
944577264 352311
237698745 352301
49377375 352311
435237774 352305
132836819 352311
59262205 352305
565796218 352311
201204017 352301
203380663 352311
765266584 352305
722580518 352311
514016433 352305
493225281 352311
804586206 352301
991292144 352311
616694167 352305
110695469 352311
115383348 352305
536509390 352311
141125079 352301
832716038 352311
502227874 352305
43429960 352311
805302855 352305
99266847 352311
137123490 352301
461591412 352311
999192524 352305
469380841 352311
326657838 352305
876464557 352311
413958105 352301
564356582 352233
778358283 352301
849195878 352311
697193400 352305
690136839 352311
267508447 352305
898397416 352311
893517502 352301
32775030 352311
473494285 352305
260050286 352311
378516662 352305
278080491 352311
103858782 352301
995210828 352311
388775959 352305
71758481 352311
384236569 352305
529901037 352311
904474518 352301
886464443 352311
573330996 352305
562293725 352311
838247641 352305
562970837 352311
23885136 352301
689956517 352311
32351678 352305
203059325 352311
418937425 352305
298826134 352311
767415906 352301
49812059 352233
538363 352301
317125657 352311
739948897 352305
268046809 352311
68039425 352305
485982750 352311
153338190 352301
541533709 352311
746033036 352305
384371203 352311
819614199 352305
702408169 352311
232098382 352301
60906509 352311
774166649 352305
616334951 352311
443323897 352305
531157518 352311
355315745 352301
16654892 352311
93451242 352305
193563385 352311
432142081 352305
969852729 352311
883519901 352301
464493758 352311
25428405 352305
154973677 352311
763319891 352305
792844310 352311
204785735 352301
763858253 352311
109969967 352305
944734632 352311
884421413 352305
178009391 352311
430717381 352301
37759602 352233
719543099 352301
29266768 352311
274647156 352305
391673650 352311
731674936 352305
506745537 352311
305096510 352301
358357936 352311
123080487 352305
748420407 352311
889515454 352305
478396231 352311
617591650 352301
835483047 352311
524475968 352305
49733730 352311
657852128 352305
260512220 352311
366743839 352301
683280532 352311
415485897 352305
130063729 352311
476124842 352305
620271631 352311
746438333 352301
438611160 352311
565006262 352305
483376097 352311
616620550 352305
848239995 352311
373652050 352301
188680000 352311
877506762 352305
648299205 352311
432870001 352305
461698050 352311
155044742 352301
737966511 352311
820055985 352305
130641580 352311
486386917 352305
562087790 352311
609037811 352301
103978566 352233
397570837 352301
133513778 352311
6228648 352305
55422964 352311
246542349 352305
372972486 352311
591219847 352301
662028245 352311
355552567 352305
67344688 352311
282299876 352305
954507251 352311
358472199 352301
699822489 352311
437883348 352305
975092748 352311
548062483 352305
811535397 352311
16289100 352301
278085597 352311
312350954 352305
449159100 352311
592299998 352305
467395695 352311
39641962 352301
264872334 352311
598037274 352305
526028878 352311
826960124 352305
59591436 352311
482523796 352301
77047312 352311
45621565 352305
341268795 352311
132470275 352305
292163914 352311
714241280 352301
576206473 352311
954192158 352305
922310198 352311
496067513 352305
89008385 352311
876817449 352301
854539711 352311
788830874 352305
167217148 352311
682148811 352305
189409708 352311
831268896 352301
698437910 352233
320011656 352301
143619849 352311
113361 352305
912311653 352311
463531895 352305
39755323 352311
177183987 352301
61569169 352311
418300552 352305
4144110 352311
973676956 352305
900824347 352311
81191421 352301
19298521 352311
94609493 352305
66178047 352311
163978786 352305
808850773 352311
494900871 352301
970687295 352311
583677322 352305
990968383 352311
59695680 352305
313011122 352311
845508094 352301
701042905 352311
480228269 352305
380173256 352311
742968964 352305
164013517 352311
78611165 352301
62980620 352311
307633365 352305
931240877 352311
975292272 352305
771165260 352311
970996199 352301
4992610 352311
685250780 352305
241813103 352311
861653071 352305
511444087 352311
142637449 352301
795360843 352311
383258959 352305
89763294 352311
714055241 352305
547237744 352311
898614066 352301
208956112 352311
370441391 352305
334807739 352311
52440846 352305
282653422 352311
647818861 352301
897948939 352233
983696326 352301
128047129 352311
130638546 352305
579181641 352311
144576997 352305
61766062 352311
642162260 352301
452210362 352311
993006939 352305
469970884 352311
75891973 352305
816519489 352311
327479845 352301
613659104 352311
58332591 352305
189132916 352311
125103190 352305
53486392 352311
984493758 352301
508362149 352311
143249685 352305
551065351 352311
908116244 352305
894380102 352311
760021462 352301
278557634 352311
229187840 352305
812462307 352311
561211055 352305
877006700 352311
562927598 352301
397423732 352311
857570181 352305
693566143 352311
976605373 352305
2147177 352311
755332205 352301
471283984 352311
306873890 352305
600855495 352311
793771219 352305
235282214 352311
417374983 352301
121251064 352311
848941317 352305
328223926 352311
162900331 352305
974044507 352311
381710317 352301
147394088 352311
334923007 352305
377476353 352311
550975790 352305
95555602 352311
271856454 352301
163513603 352311
374113236 352305
353560645 352311
975975910 352305
787840642 352311
83083697 352301
391419859 352233
37780726 352301
940653877 352311
937502353 352305
14386098 352311
795317405 352305
545350909 352311
338186433 352301
954707647 352311
146206403 352305
131957652 352311
189989860 352305
416097738 352311
105725067 352301
38931177 352311
744321663 352305
268625397 352311
865492035 352305
126031979 352311
268535836 352301
52931393 352311
356024683 352305
819511626 352311
148486994 352305
627881136 352311
983025228 352301
375116581 352311
981441780 352305
811517489 352311
162957223 352305
64525476 352311
55453699 352301
200737948 352311
857695704 352305
992956052 352311
67640397 352305
505529461 352311
390823312 352301
258343181 352311
312753459 352305
537029715 352311
242817184 352305
502743318 352311
953127452 352301
348542250 352311
394190846 352305
549965466 352311
469683998 352305
112199232 352311
528513796 352301
738219834 352311
17646976 352305
884538478 352311
410247811 352305
166133970 352311
364935965 352301
245789390 352311
541250550 352305
198894096 352311
909823231 352305
556724124 352311
115935924 352301
965276929 352311
757462071 352305
973631627 352311
810749332 352305
677618819 352311
331677439 352301
54088996 352233
935962000 352301
644430897 352311
591118710 352305
178779183 352311
999690567 352305
396762513 352311
379837785 352301
246397764 352311
946727978 352305
849521782 352311
358596996 352305
327758125 352311
440257967 352301
376243971 352311
212296602 352305
850505777 352311
394894292 352305
577232566 352311
948811519 352301
936144842 352311
776126661 352305
858634749 352311
345385317 352305
892062584 352311
676428029 352301
102847388 352311
718210563 352305
339693713 352311
632982558 352305
902404353 352311
393782708 352301
568944557 352311
399351602 352305
837417769 352311
600240092 352305
399042168 352311
86696633 352301
980077876 352311
645439931 352305
33424610 352311
829599657 352305
856553278 352311
213699086 352301
122373976 352311
85313601 352305
425995687 352311
972879752 352305
480207892 352311
855744604 352301
774207622 352311
268869085 352305
484387616 352311
485358722 352305
614254402 352311
228966552 352301
14303103 352311
569618141 352305
947177114 352311
353996815 352305
202600698 352311
702097818 352301
600295874 352311
624061607 352305
101449419 352311
437713642 352305
224301698 352311
353007938 352301
524410274 352311
56895925 352305
998447869 352311
410351235 352305
886495581 352311
707517498 352301
624050320 352233
8869556 352301
792831098 352311
902562358 352305
834265660 352311
273038990 352305
758306961 352311
460989633 352301
541908074 352311
95210928 352305
946348355 352311
8678827 352305
324177479 352311
960651457 352301
578296967 352311
123870944 352305
167164623 352311
780897665 352305
825968762 352311
767460496 352301
257475623 352311
927418180 352305
57690489 352311
481777320 352305
132942470 352311
582100762 352301
538673244 352311
131390338 352305
844968348 352311
277685176 352305
691424187 352311
321535019 352301
139071084 352233
484255285 352301
224097376 352311
825853095 352305
609810626 352311
834920688 352305
286842727 352311
4235051 352301
930131615 352311
85707433 352305
12913878 352311
254309094 352305
46358889 352311
591210844 352301
378180037 352311
213523511 352305
224624860 352311
56665150 352305
980984006 352311
482100482 352301
984083330 352311
38674494 352305
963877801 352311
117025799 352305
473291607 352311
355067396 352301
100932488 352311
170776306 352305
485268924 352311
644873026 352305
492311324 352311
624340007 352301
129128310 352311
716408699 352305
302709453 352311
591455287 352305
403845738 352311
589552179 352301
595690338 352013
333977353 351982
675259612 351969
608604215 351938
440802798 351915
574134852 351909
199815058 351893
818982834 351883
787658363 351875
424439918 351854
875647984 351824
621158720 351808
906540399 351793
712247665 351791
512349566 351785
722934552 351761
681789815 351758
838157524 351737
930518299 351706
635238654 351684
8933830 351668
415787222 351649
132628031 351625
501245153 351595
892643580 351570
114272693 351543
70170204 351529
195353032 351511
705727979 351496
474015941 351490
637421563 351459
301418316 351437
660509645 351427
165197526 351417
910022530 351402
101312442 351386
739332377 351357
962353940 351328
772811628 351317
379507091 351293
239310209 351284
500975963 351253
665811 351240
145850607 351217
65739979 351216
365531728 351198
721301510 351172
747529793 351159
56205603 351153
504336161 351140
235284798 351110
65139432 351092
920123382 351066
367912828 351036
418900937 351017
665283314 351008
482185520 350995
489071140 350985
860636345 350964
40429851 350939
815603432 350911
350574259 350889
341848166 350879
476113077 350851
515771784 350839
104387048 350819
429941870 350813
255104161 350807
66740987 350786
202753497 350774
634611251 350760
158567547 350742
703729459 350740
487793413 350714
156934505 350684
769469437 350664
705841492 350651
878236015 350637
369515581 350621
762047095 350599
235088527 350578
457316730 350575
827186526 350544
7728260 350525
825229558 350507
98603814 350498
673011573 350478
159931429 350456
587674953 350442
386164270 350411
200361279 350395
255794737 350392
736738528 350382
394725797 350358
731907813 350335
252510312 350326
499112844 350296
14366034 350268
360130824 350243
418370182 350237
217119531 350226
994742074 350204
576937728 350185
773365341 350170
335051839 350156
733872232 350137
395351130 350130
40893330 350106
464624598 350082
764866710 350068
655456776 350045
699713124 350042
74699792 350024
335159654 350000
707441384 349969
899929349 349941
433763467 349912
232969308 349890
912377129 349883
21438420 349869
619133577 349845
112738408 349819
129749508 349805
355872105 349801
359980556 349774
861657320 349745
460898768 349727
859093399 349702
876023353 349684
821029591 349680
129979932 349659
945659235 349630
668288016 349622
559434011 349621
719024576 349610
3339854 349586
145822594 349559
114375705 349535
896749536 349533
610447192 349509
731758766 349479
404722663 349477
162676667 349474
806458557 349452
739882316 349425
722634402 349413
558904257 349389
173645783 349372
955603710 349371
323797738 349358
47600554 349357
574737286 349336
289052497 349335
177350061 349316
783125742 349296
649033052 349293
891523732 349281
244024509 349267
360642802 349260
620063436 349240
65054099 349210
490622733 349189
565722671 349168
585858467 349152
50056743 349146
137263598 349127
441714672 349102
48395688 349097
104155654 349069
190980559 349068
658842879 349046
688430771 349037
595703222 349031
674035898 349006
347405680 348977
335585537 348964
396670299 348951
906309936 348939
361747671 348922
204790360 348910
82624025 348896
409348224 348880
779527646 348878
371676521 348848
439214636 348840
415169739 348832
20709572 348802
330738367 348779
659194248 348763
381352373 348743
950801803 348741
576764698 348725
724491457 348709
369040825 348706
15139516 348683
627064551 348682
358820774 348658
456854188 348633
675460239 348616
462976427 348596
647834746 348568
186819469 348538
3923549 348527
243537967 348500
860855366 348487
351329228 348467
431639856 348437
110042017 348435
110155516 348434
793387526 348433
314832376 348422
192779540 348406
55252102 348395
94360021 348368
564456061 348366
494466737 348350
362046112 348326
585165632 348315
825205104 348291
21240359 348288
819034357 348283
628523258 348252
450521408 348227
543525813 348212
850080434 348200
465660924 348199
23106716 348181
208901207 348176
922515111 348146
698566954 348125
524393985 348113
422866208 348111
885386422 348093
528317533 348068
666404175 348037
746241788 348025
879646761 348003
98044030 347974
856283804 347950
989802276 347934
743947907 347912
23632531 347894
182581815 347879
799200008 347852
117992552 347848
747037875 347825
293666745 347799
332555015 347775
184719859 347766
971388200 347742
206311725 347732
3754215 347711
452427809 347689
656833132 347663
399796379 347632
302508242 347622
975010407 347617
422903094 347586
363925800 347559
750041869 347530
121470047 347527
888319784 347509
172908077 347505
859372821 347498
416637316 347492
691828603 347489
458130960 347468
148800428 347462
642388984 347452
166931115 347443
138602703 347441
386336890 347414
190563645 347400
173700870 347374
38053250 347371
161072548 347359
920738744 347343
331719994 347340
493627562 347323
957974954 347303
155624545 347298
699939286 347281
814245520 347257
608052353 347243
209288770 347221
66558251 347220
910560594 347205
184299176 347198
489461344 347170
127002745 347161
934341045 347135
463447743 347107
15322528 347092
959765473 347088
175336915 347068
284476195 347067
651594075 347043
633467874 347028
433276623 347021
146499410 347006
800398988 346979
571879325 346969
532836299 346943
990962632 346940
745580194 346930
570889548 346927
152035180 346898
518835290 346870
755125893 346841
645662741 346810
329326595 346782
910750437 346757
198118379 346730
143572115 346705
518802789 346674
407407148 346656
210130365 346651
281879734 346642
591706323 346629
552108060 346628
408882478 346602
378563719 346578
15555802 346567
276721357 346550
190845543 346538
43409068 346532
561197552 346506
842439617 346494
676876941 346474
994474174 346444
988939026 346421
477275928 346394
418869850 346393
374291677 346369
320754912 346364
16966396 346348
797697576 346342
472790091 346341
535801685 346340
552823469 346335
970969183 346330
865128279 346325
316090257 346297
169087561 346285
861216745 346264
834893046 346239
576494708 346234
71347109 346230
969289131 346216
20717383 346193
475971521 346169
230687961 346157
251797453 346144
344043674 346136
507409317 346113
442642996 346112
387452742 346092
68606868 346063
137598964 346040
64329682 346015
63081041 345985
126537990 345954
394121962 345930
334467243 345911
353346018 345892
714876873 345885
351433638 345870
3559945 345869
40183315 345842
887235322 345812
556383413 345801
11152497 345774
604879952 345758
872473670 345752
32756410 345745
318613049 345727
559883067 345714
609251117 345698
242476509 345684
381688549 345681
482484851 345669
718448029 345652
612376509 345631
734282304 345618
62491703 345598
119785826 345573
176925299 345561
449944444 345534
40909045 345532
314524262 345506
366790477 345503
103990086 345489
293578603 345476
760912438 345456
290973680 345452
499440972 345434
475789310 345422
642407317 345403
503000917 345379
515972624 345376
382158990 345361
59384329 345353
379641473 345332
987038941 345302
784374350 345276
412397882 345251
158168341 345244
196773768 345233
21648998 345226
400644850 345198
578462317 345185
356650201 345154
119092878 345125
43355177 345097
90932504 345093
34100932 345066
163141002 345040
120374154 345020
484045375 344996
204050047 344977
434898415 344963
850835852 344946
160556484 344935
580993370 344907
464264641 344898
451530163 344879
80434341 344851
940053951 344841
93937479 344836
583435257 344820
308542926 344806
328612820 344789
495335938 344773
688184398 344743
168168112 344717
132226639 344701
100582279 344680
326336453 344670
181516759 344640
974747629 344632
726981302 344601
759979075 344584
183914181 344555
846074179 344550
803334251 344546
274846684 344528
880175111 344523
818991605 344513
395220837 344506
216736837 344498
23041651 344489
682635603 344470
920089040 344459
36114486 344433
263628972 344432
384353681 344430
340161000 344416
196579665 344403
176923983 344373
286614830 344351
780014921 344348
337983260 344332
615227649 344309
127867210 344308
26167658 344296
783395760 344278
112610201 344260
979266288 344246
109732212 344235
294126959 344222
806530268 344210
836713513 344182
54106033 344166
990444448 344154
535304044 344151
709956635 344125
117807483 344113
267995506 344084
381464591 344083
365544671 344062
337248694 344032
257022593 344015
48180274 343996
257337734 343986
293137078 343974
164325597 343954
494207766 343948
633298077 343924
360905261 343912
671131748 343897
919912906 343895
140920182 343892
9115007 343885
387656906 343878
121303743 343863
887799016 343862
171052666 343854
233913943 343847
719581656 343845
133301229 343828
528040901 343797
378628275 343796
970014742 343768
434663285 343745
221589075 343743
357835137 343738
997136272 343710
191912909 343685
478346994 343654
378600862 343636
557457580 343633
815595687 343612
635623455 343606
605637853 343604
72933420 343597
781276884 343577
769963449 343567
419657537 343542
267091313 343518
130868710 343508
90789284 343497
39520570 343470
124305243 343450
952420643 343443
427177476 343412
98125337 343402
692736010 343372
598230141 343347
184555632 343337
264834017 343335
731531369 343313
712596532 343304
495978644 343302
554062462 343278
999776169 343249
717567718 343238
764413950 343232
996912440 343221
909480626 343198
242760943 343185
228029653 343172
319454557 343169
58356630 343153
716169459 343136
925092409 343112
983806401 343096
497446343 343068
547572210 343065
255980290 343050
764537655 343019
530957271 342998
199285925 342993
804058224 342964
507778865 342951
4222919 342941
83752051 342934
458420553 342931
696958929 342902
681982191 342897
642976184 342895
814309297 342892
266029912 342862
208089068 342849
310287940 342825
672608725 342807
207865236 342788
880372009 342768
437022675 342741
57294027 342740
642368987 342720
532299969 342692
137840031 342665
961823543 342652
443172950 342651
854009490 342630
739432304 342607
279495703 342605
203972184 342575
139520865 342561
535475992 342548
968509838 342545
670478135 342534
734761916 342506
625084413 342481
30773351 342471
738984835 342458
708836464 342455
489193903 342451
288460115 342422
243335006 342415
132170087 342395
102769411 342385
361881269 342370
192775506 342342
265573703 342337
34489994 342314
400640741 342293
145945711 342290
324029020 342288
310451119 342283
788314697 342273
856328988 342245
448291149 342238
602654592 342216
299501938 342215
302300638 342192
342086895 342182
578997640 342159
506272821 342129
481607759 342124
114473631 342106
327299010 342094
4602245 342092
701751898 342076
804899775 342053
35375595 342046
440736732 342029
366252590 342001
377085849 341983
729196846 341963
609587595 341937
361772287 341913
684482609 341905
971468864 341879
554547792 341870
950056311 341865
858475209 341841
807704884 341824
96002021 341799
182504228 341794
118156002 341764
736833070 341744
38833215 341714
566447151 341698
192004013 341684
190851504 341672
721264140 341646
534090907 341638
622365495 341630
80053313 341611
868215017 341607
589355477 341604
407352322 341581
872817261 341554
291107375 341552
64768448 341525
760709207 341502
584360458 341473
431021037 341468
990311407 341443
166073656 341429
40608632 341428
204600046 341410
850556264 341406
864593847 341401
759147837 341377
800612574 341365
575585407 341346
419369073 341326
749130946 341318
758089634 341309
537525074 341294
338480367 341286
649439200 341265
956488576 341242
530484379 341233
692807056 341226
677752716 341218
917091637 341214
315172550 341208
757806028 341178
785306653 341167
904528027 341165
17674701 341137
510640265 341130
48151753 341126
82443149 341101
123865823 341072
632512210 341054
513464185 341047
114177230 341037
798585865 341024
406589168 340994
171293627 340969
501658480 340945
123699366 340928
930441463 340921
154787405 340914
699284772 340901
202326887 340895
903918351 340864
309890757 340844
739851961 340818
94915069 340816
811846309 340799
548856888 340783
477915800 340777
504653364 340775
79125955 340766
395007436 340739
672342265 340734
836931982 340739
32830441 340766
429386643 340739
