7554
30818 3696
78792 2951
44613 9465
94744 8621
39994 4240
96932 2487
40540 8602
55489 2003
29146 5856
94234 5925
8841 8351
34543 1551
23107 6375
57835 3178
74518 577
45561 8808
86143 8167
88728 1713
90951 2108
7739 4241
94744 1317
86116 7282
7024 7877
20996 4699
55875 9287
87781 291
91303 5029
10195 1289
5836 6898
84126 7253
34427 9020
48349 6176
43527 9517
39074 8287
36021 9896
62081 659
68886 8705
97483 8653
22653 1851
4953 5411
44641 2946
54986 8693
13160 6510
66916 5285
81918 3879
57337 7501
51171 8487
72684 9526
32048 2356
51892 7425
67650 5709
61955 3162
13316 46
45170 3726
7567 5682
3738 1218
93315 4625
4924 8566
83616 3040
73326 7435
91502 5563
23500 7764
72531 5312
19192 5219
61877 5157
36119 9374
37342 4582
17543 3659
8197 7399
73159 3157
52467 3512
56711 2891
40098 8090
8882 5220
86170 4874
18730 1621
72171 3149
56381 5269
68875 1319
15723 5909
86233 9268
30749 2958
81181 1319
63084 8959
5717 3158
51142 9778
31269 154
72977 9369
94784 1468
81031 7545
1339 3468
28702 5317
63858 4312
19592 4844
31975 5434
89757 2442
54939 1503
15788 965
43399 6931
52048 5846
2094 1158
56604 3954
2589 7917
10521 5623
64724 4468
28362 198
2518 7731
34339 520
95627 1619
38148 1544
87707 4874
2498 4144
79160 4894
87367 9816
2272 5650
11249 5712
96590 5474
81697 4343
15945 4724
89830 9490
48038 2749
63968 3427
20651 4905
44416 2895
20768 284
83326 581
73173 3398
57777 3590
86570 7483
22173 6611
52995 2839
79071 8214
29765 5485
23963 7324
91165 5219
90192 2917
58204 1570
44312 1738
87126 4891
2207 1707
97009 9652
35106 5263
78779 2271
6699 1087
23472 4939
13785 610
99058 9964
37804 1127
24070 4402
60625 7193
34062 596
39819 3616
45200 8294
4460 4854
80409 6775
98647 8235
46206 327
91415 4351
85394 8512
12516 7044
2436 2607
58994 3625
77573 8183
67284 9319
82162 438
71399 7504
92130 7268
27912 1146
64118 1443
35807 7457
3283 5244
54818 3963
3401 9421
73920 3690
23320 5534
77602 1762
56188 8480
61875 7396
34832 9760
73464 6160
39555 7379
12705 6209
38689 7083
55005 3594
17113 981
69274 8920
61870 6073
67030 4822
15261 7478
82837 6363
2050 5107
77736 8635
32136 9148
14005 2195
99377 1644
44658 9904
41792 3734
13532 6156
94377 4945
33085 371
39123 1498
59879 5362
89649 3393
59039 332
86081 7417
51765 6092
93619 6986
3642 7335
37810 1242
7530 9499
63310 2187
16900 375
22160 8404
26578 4999
31395 980
37352 2777
52268 5440
77679 1844
3731 7718
33381 8380
20461 5829
79885 473
50936 9098
22862 7245
36698 9608
68462 7953
60453 2453
34139 8432
1317 993
96471 7282
71391 5643
58955 403
55077 4187
4401 9536
9775 9102
58960 1261
30347 7630
6884 5902
6785 2412
11269 3338
9585 8869
4023 3493
9512 9343
86577 7838
88259 9895
53782 3769
70293 4150
90621 2227
73399 6476
29432 4300
67185 2059
7137 5430
61641 8068
80848 2507
16408 2045
87626 8798
30718 9426
39014 9697
49889 3879
98523 3316
52211 1965
92856 1181
62524 2226
30395 7956
91686 4607
11322 4453
61622 3618
18378 4280
69048 1008
36346 6398
10160 5539
98372 1963
96614 4918
82949 8439
82028 4507
6534 2742
68490 312
44753 3770
8198 8343
66215 5979
21827 4123
26177 1763
44837 7919
1488 3498
61349 5581
47272 6942
53115 2879
19668 850
79294 7184
85604 2060
13686 1053
53971 5185
74124 8687
14060 5582
24580 1365
15802 6874
74555 1785
35420 1971
7484 3738
34844 9791
55284 2053
84352 8126
56701 8592
44318 9748
72374 3126
58976 5111
18236 9486
24525 6312
75093 4939
20683 6684
92339 6784
60149 4429
12068 7060
21268 3377
50847 3670
88473 1481
47774 8270
54471 729
27506 1275
48584 6608
74028 5078
74148 460
29708 3752
60082 2010
23704 5260
44745 7807
24378 1478
45186 8702
89360 274
27394 3801
75709 5648
59206 1494
77822 8838
59356 4872
83845 8648
20664 8064
87193 339
44223 1372
50156 9086
78432 2173
5658 9402
33300 621
81119 2334
89837 6922
4415 5871
8380 8672
34243 3802
36531 3617
50656 2100
25733 7816
63234 2855
59771 8798
44117 7403
15854 6342
89271 2873
98114 2949
96940 6501
45139 6368
50262 7171
74049 2007
32892 936
58216 6633
33266 7762
31157 1208
94612 7071
14777 6951
90450 946
14238 5408
21486 3369
19310 5258
27119 9221
99708 9569
65914 2170
45619 4370
19210 3869
50554 645
35414 4165
54860 5987
89098 175
58962 3004
42212 359
37681 5102
28895 9722
46544 1365
28045 6553
99494 6550
48395 2665
41228 6475
82465 8368
65145 8574
74128 3815
60387 9014
28736 811
6755 5738
19531 6831
78665 7612
23516 3532
81640 8103
47332 264
93358 234
25827 3798
32054 7659
26433 3077
62092 7543
59439 4285
15991 2504
66279 4213
95254 8987
23180 1117
2402 6761
46472 236
14168 7720
79252 2385
36169 5030
1144 509
27779 8523
12489 270
23064 7577
32663 5277
89631 2299
96696 3225
1813 5753
37251 7695
17485 9066
17635 1693
78912 3789
40375 354
42699 1617
61961 9980
33466 4393
95165 9155
57197 2744
46159 5522
11833 625
71837 3259
13434 5326
82132 5627
26966 57
25321 7071
98855 208
34542 3992
91869 971
63591 1479
3883 9803
28761 1647
12306 1181
40726 748
32263 3619
37314 1534
18503 8307
1425 2970
24482 7039
5326 1118
36568 3661
18706 4866
5259 7091
74337 5813
35927 2551
8103 9288
84340 3314
83712 5990
44125 8535
71719 6944
31903 8156
66544 8941
65384 7445
94137 9848
94860 6773
50118 6603
14606 6612
73457 184
46617 4120
78104 3127
45832 2320
64500 466
80690 4317
18605 3576
25073 1283
96155 4225
33947 6291
46663 1679
15328 134
8095 6796
79591 9254
6550 405
6333 9701
86055 9579
46179 8086
43143 3257
2564 9085
29950 9416
9789 2562
57400 794
98737 5478
20790 3511
44123 8126
43776 7868
37660 5302
54642 6839
33154 5481
52085 7092
52803 6924
26072 7369
34186 4638
74994 1316
1922 5813
43576 9320
70094 5272
68173 9262
90729 3129
87394 7303
20794 4483
50484 6545
63400 7514
18068 6683
37058 412
8981 8236
67221 1235
19393 9005
21187 3487
29150 1590
91263 9647
50791 9601
1297 3916
22876 3873
55735 2399
15878 3014
73542 5545
99571 2422
52422 2285
66884 5447
47183 6751
58033 8582
12500 2138
62734 5367
99209 1747
63898 3374
96778 7313
74780 9744
93928 9830
35750 2995
60918 2283
12955 8666
82968 8885
77019 99
54431 1769
24175 6299
91549 3735
11849 3394
89374 5658
64970 3484
66854 8014
34069 9945
12402 2002
7519 8532
51462 7435
61508 8627
31813 1237
18287 1426
30482 3508
37589 53
97182 3544
6858 5877
63416 4473
68196 1827
81099 7227
88934 4404
67126 9961
66558 8906
34232 3197
13288 5963
86183 9173
43257 8397
20046 1393
58730 6863
88074 2292
98634 1141
75032 2810
68866 4991
89974 5572
77298 9050
18717 7559
12045 6869
85856 3423
14108 102
62551 5194
59980 1415
87010 973
11317 2771
1035 3523
41144 3677
7661 6526
36079 348
29583 8344
82108 5541
10647 5194
94641 6957
29438 2214
6845 5564
28752 1968
49320 5450
59079 2343
68782 5070
13541 2934
33387 2078
59159 9352
64552 9212
40203 8101
39667 4571
58367 7270
91754 9298
91864 9768
11806 9193
69785 366
79865 5813
85571 3989
95387 216
14390 1505
71643 1211
64966 1891
2873 7267
21475 4344
38273 3726
99878 6907
88686 3643
70702 4656
42460 9442
36984 9486
93173 8873
41805 6116
19819 6106
9864 5400
72853 5508
91487 1837
49852 5803
16417 7102
40577 5684
12677 7956
60185 2133
78821 4141
95321 7625
83508 9755
4726 9616
22871 9825
58681 2686
35582 9816
11797 1710
44675 6249
28647 815
98668 4466
40188 4930
33564 5977
2953 8650
32710 8558
44140 6469
44792 916
13122 8097
95393 986
68367 642
77137 3129
58726 7271
63032 8959
34955 7582
87905 7893
87106 2502
71789 9041
73241 1611
4490 5150
25138 2921
97144 1714
68136 2031
73629 58
4108 9806
35658 7148
29223 6755
38779 4070
44961 9459
18926 6194
76529 6686
43056 6874
55305 1635
32963 1394
30550 4685
66686 9219
44124 414
39604 4849
98694 1042
15530 5528
83011 9716
95478 7231
40376 618
52150 7066
58602 5073
76221 2345
82675 5346
99282 5699
91117 7401
46229 6587
42126 1634
37346 5235
91128 8817
23750 3946
40534 886
82166 3774
30071 1554
11821 1368
30837 3785
64486 3958
33319 7342
14537 5862
36533 3763
84705 7131
19187 897
31031 8791
49057 2854
20427 8714
10073 4741
47142 436
96188 1107
20178 4006
70696 4106
81138 1758
69548 6275
93110 8664
66332 3710
88151 7511
66754 394
92247 9784
92865 1729
40904 3975
17222 7222
22078 3886
41030 7950
70404 7496
66942 7704
1765 7630
42564 9760
57422 4042
68796 1128
23883 3368
56402 5695
4557 2657
66145 8928
33860 6045
90808 4866
57173 6694
15672 7607
45110 2429
20762 4175
79626 3864
9482 8686
19107 9086
46383 3927
68260 8854
79502 1014
17900 238
91446 8820
79225 6539
36228 2461
26822 1440
80350 2436
65172 4887
47834 3260
35410 9942
29413 6983
9527 336
93961 2532
95696 4204
77118 7504
22043 8760
12412 5261
4142 7142
57580 9611
2180 5934
42184 9494
86736 2514
66370 1215
18708 2916
79468 4077
88219 885
17833 8955
87594 3671
26130 5140
8943 1013
42335 3120
81617 8500
39760 468
11122 8732
71840 5410
73065 7936
81377 3864
1964 1872
92027 4958
40475 8698
17200 1879
66735 6242
87940 1397
15345 1062
4833 4418
62174 1450
12456 4886
33037 3627
19737 1304
38403 7016
70015 7937
2260 3038
11761 8517
30330 841
60624 659
8219 3863
75292 5373
37768 242
16492 3675
76420 4839
31217 267
68664 5736
31110 156
73676 9447
52269 7756
97430 7191
18102 4774
43680 6336
56399 2212
42061 5386
37122 1986
27256 892
23968 5928
89714 4630
58168 2618
70949 267
91705 7140
41158 1605
80370 2657
21081 8153
88670 3282
63419 4709
83641 7786
63376 9667
93527 3780
64295 5917
53425 613
12743 6918
4181 7380
91925 4499
45354 3714
35390 899
4105 179
95209 9127
10868 7219
13759 2856
51183 608
74127 6847
39185 7594
27958 3045
45395 7653
72893 5995
37538 2304
61144 8560
32571 9083
72694 1012
31971 138
15547 2434
14186 7245
35686 3748
54166 1792
18049 4472
37183 5860
71425 4229
9775 7812
9674 3511
72162 6860
80519 4222
55876 4616
97179 584
66246 7823
30583 6022
4026 6120
19960 9935
99227 7576
17280 2755
83303 1867
6838 4548
74643 4849
18443 2760
16098 1173
38855 221
13864 5550
91447 6086
80327 3010
17421 8064
23199 5783
82514 3896
36936 6755
46702 9016
83006 6906
84681 3350
3052 5042
5645 5766
21086 630
4740 8495
31032 3652
21330 497
10941 1181
71912 6557
63069 893
58397 9185
66333 9128
55054 7836
70508 3607
37651 5609
63597 6148
21793 9118
12283 9110
92733 8432
54038 3649
21766 6577
39292 5793
29525 9305
92567 6632
16874 3641
22213 2291
68140 8134
46838 4171
27293 3150
22492 6002
93594 6700
8923 874
40845 2268
8118 2597
97088 147
37180 6839
64089 6076
57695 8246
71625 6736
64066 660
32940 1716
27477 4325
90603 4149
80459 1750
63643 474
81791 7638
4818 7580
68286 9472
89121 8402
84536 4727
69050 7096
89292 6189
74382 615
44217 3607
99852 9609
87935 1348
11151 1795
34871 6989
59041 5622
81100 5985
18152 2284
37340 4872
5287 6817
3941 8948
51564 9743
37871 5320
12691 8906
19322 6415
8196 8860
83529 8021
80785 8319
51368 8162
38740 3170
27084 3889
91031 4627
49118 4807
34070 1189
33037 9008
66187 9279
76514 2695
71552 3901
28121 2356
70527 9065
21269 670
51278 6705
13827 671
96359 3562
63312 4534
6312 9863
8743 2717
44028 5451
25438 4044
91171 9415
16889 8752
16467 8427
57534 4561
70428 4631
21962 4037
51249 5608
31977 2744
11187 2994
11982 5813
10729 8401
30187 5827
45617 5596
38515 1193
58216 4724
52059 4188
49240 9344
81919 9638
79500 5773
59192 1155
83328 8459
93999 4942
74691 61
85419 4770
62946 1284
23675 5837
69273 5051
75464 5810
43764 4605
24066 8768
83144 1447
78185 3577
16417 1999
54859 4852
82886 5758
96793 1598
73419 6011
47323 1838
56480 8812
87787 8196
93824 9587
39713 5124
57535 3898
7655 897
76396 4918
19620 9413
84775 5714
76047 4293
23874 8796
88431 8495
79296 7176
45107 5812
89319 4129
95901 806
38513 4695
79989 48
58522 1964
33463 9246
95289 6067
82597 7194
10479 2917
49433 7132
93106 7794
33927 3591
59325 9409
42317 7521
76956 4990
34328 5646
77214 8457
95286 7024
22138 3098
82641 5437
75317 6985
13696 2623
75871 6030
46403 7588
78185 7681
22979 2506
65740 2828
22848 8031
23149 9040
3561 9909
49231 6351
31440 2257
34945 4091
6263 506
92232 6091
23173 3887
45718 9313
35494 9191
27074 2276
65420 4239
43690 5143
1178 7051
27335 7942
77447 5852
7545 7483
8401 1741
21372 7037
79262 1283
87515 7409
88284 7552
84791 9926
8879 516
99517 2608
57319 2151
53556 1700
34541 8913
62679 9314
71283 3667
52296 3030
46872 6378
56050 3412
77770 3915
24213 6220
31708 3206
56796 5608
97514 6457
30730 9203
65430 4107
84736 6037
34701 5872
22359 6424
90711 62
99853 9718
61842 1293
27364 6037
96444 1258
53293 1352
86665 7268
58604 6217
75647 8341
91157 864
95703 4327
89370 6751
70300 2328
89535 91
22154 3877
43344 9403
21250 4914
32061 8687
70865 2653
49217 7087
8555 3453
68767 6387
60731 5469
12502 6128
54056 4996
20376 8928
79736 6271
10185 344
95333 6250
82009 3407
34076 189
97295 7694
57303 4612
18492 8420
40580 2511
81112 6514
39469 9509
13306 5757
49321 8528
1787 181
31146 5833
75407 4332
93139 1889
26654 3747
64990 8164
48987 5849
99946 8442
39039 8177
31898 6572
24967 372
36027 1383
70949 1302
35346 8341
20080 8652
17406 2576
73830 936
6011 1368
61615 3392
92736 8747
52391 616
69359 865
53238 8458
50424 3544
75507 4914
73934 9450
71984 499
84533 4349
82987 7604
22474 3759
50593 1420
12113 1971
60125 99
41131 3009
67559 2189
96358 7578
1652 7757
75153 3409
80845 5248
3239 6775
58553 6545
69956 4652
19120 2163
83896 222
80901 1540
56914 2853
48841 3308
75804 3754
77225 5504
77129 8811
2812 2019
75802 8669
54402 7033
69197 3723
27047 2234
68915 4964
69640 4407
31045 6225
82930 8146
45749 1914
5769 7319
55125 2923
52764 747
71942 5141
36144 1271
37337 6188
53713 3872
57476 2375
68197 1531
62472 2055
10162 8703
98268 7691
31878 438
87577 3822
90492 9412
21153 5736
28252 8052
17278 4282
52229 1120
20702 2718
78462 708
49739 7287
42218 9237
47396 1628
61467 2096
30667 2650
27616 6255
76058 2814
76807 9132
62316 4533
51000 9398
38611 2854
68977 9499
52917 8829
54366 5784
33451 8645
14050 3512
10879 4736
84407 7374
91353 8253
13763 4464
14722 5454
74447 4326
16863 918
24066 2766
67630 2091
20993 3218
20821 2131
4798 1262
82355 9942
77007 8362
4836 7972
36928 7906
5362 5581
63560 2794
68719 310
21870 7738
18265 9140
42659 8775
84633 8890
27668 8119
40540 603
51837 3241
67561 1989
62154 9783
52524 773
36731 4206
83134 1833
2747 2143
99168 4970
53003 6201
98501 1813
88612 8616
20198 8435
74186 679
17709 2911
77845 7215
32723 6070
65827 7332
33617 9255
99937 2996
79528 6826
8778 3884
28611 293
83052 4887
59289 8785
94833 2518
2746 9404
56726 7454
38896 239
47170 5475
23470 2276
39372 5590
89631 6010
47305 9086
81239 8725
88159 9554
6728 5568
44348 2360
8485 7921
83477 5556
37393 3241
77576 5519
98421 6780
16314 9326
4344 832
28101 9374
56155 9506
35878 7874
25738 4074
97102 6200
53261 9643
16789 3939
75283 8738
38534 22
9950 8075
59445 6453
54685 4595
28254 4144
44603 8020
46590 1169
52761 1175
39419 186
6764 571
50219 1601
3193 1166
13842 723
10425 1216
30023 4060
8298 8993
77550 9894
65778 2806
34763 2339
81809 8524
73081 3128
7352 6994
13470 1255
52444 4742
22494 5448
12825 8434
97628 1615
68741 1175
63682 8046
61283 4899
30619 3541
99651 8801
56607 4195
33416 4992
73834 4356
65321 9183
33958 2797
81355 1266
28851 2883
18869 1682
42880 9118
48809 7301
2910 8347
13717 9896
6610 8340
48786 9166
96356 5121
5048 7794
60179 4213
32702 8031
99229 6829
46864 6576
63955 1561
98597 9752
16456 3741
13413 9860
57819 8501
26749 6929
81738 4011
85577 3733
61774 644
79404 6019
94258 2578
96784 9965
3366 4804
32043 9402
87345 3511
26311 834
32638 2081
59149 7498
2283 2614
3113 5766
83759 5801
93886 8702
72619 6529
87418 6863
88199 6260
76523 4259
39004 7501
6672 395
98610 2042
54493 3577
94348 416
54407 8539
65722 1936
71986 394
31309 4304
31261 9372
20829 6254
10308 4325
53900 2645
98217 6441
95337 9769
79577 8173
25604 7409
96506 9315
50322 8867
73274 3607
29571 5107
39619 6856
7283 1539
39728 9398
60263 8257
75946 7840
56348 9801
22047 6591
28916 8002
34775 2640
94358 5970
35532 5912
21624 21
28224 2132
55109 7867
28446 2891
40868 6217
69266 5864
18943 2136
40484 5342
34574 913
39138 4490
96173 2565
85088 2887
70523 3108
49425 8694
3093 2964
10447 800
92679 3275
22489 7586
17300 2273
11723 3855
42067 3517
36085 9617
64195 4482
56740 1457
70802 3242
1931 760
82527 1754
64369 2684
96299 173
36079 8045
24709 5529
19777 9506
60884 7834
50014 4666
45724 9086
47118 8614
5613 3270
26362 9127
42700 567
60371 1488
92406 8074
46965 7058
49758 6348
61517 7156
15119 8475
61537 5434
37377 4160
11333 4618
52409 5078
55805 7620
63987 9994
95655 9682
10300 598
79422 3974
14917 1312
11513 9531
72498 8367
68028 4471
41123 4802
30489 9860
73811 1809
16711 1270
6317 352
65707 2766
19380 2821
8881 7549
37537 5298
71555 9918
95216 9851
1103 3676
16365 2230
16528 9109
92471 8741
23041 1825
25317 2885
41674 7828
86283 4994
85324 2192
91686 9921
83549 9538
86847 6653
34444 1461
58835 2587
92287 9653
78191 5799
29454 9004
29350 7319
66266 7238
60348 6258
63902 2927
43267 8247
86998 4990
4667 6582
66484 6518
91076 9138
10879 1576
92771 7989
13286 2071
67875 9605
14489 9884
8669 4968
63578 7503
53226 6577
93855 7361
86351 3391
39013 9162
34111 6532
6613 1420
65896 5365
14463 4175
84452 6949
7521 5526
56733 2113
73515 6570
66131 8181
29556 7914
63088 5904
98406 6145
34628 7964
3012 77
29164 1869
20878 8532
25533 7550
88984 6667
92592 7942
28148 475
90863 1079
37966 4797
9681 4736
15659 6701
17384 4467
66480 553
10180 2903
70798 4286
46992 5869
63656 8116
60095 2233
2296 7370
53564 6900
79538 6022
41302 8401
28716 341
85024 1925
13885 1422
94223 9578
43742 4890
17302 5912
58933 3104
47539 1353
51445 1701
63489 4940
95634 4495
86398 3516
44941 3620
74985 6482
48717 5180
79752 615
37355 9321
68743 9887
85631 4957
83518 5482
91157 8155
97366 3888
57164 1951
41958 6171
99893 841
53083 3457
54290 7944
67699 9326
93260 1474
5858 4934
51088 4495
96472 3105
55754 9589
2622 6206
31817 2774
73078 4163
88721 6354
83584 7737
39603 2709
38714 7932
84677 2819
37246 1713
29761 224
30131 4032
55660 8946
47692 2632
85148 4729
38711 1201
5369 2644
91881 7429
34007 9805
18998 6413
56519 5375
52651 7683
45494 7078
10244 6290
86710 4727
76182 8341
46958 8756
3014 3151
84229 8900
70256 4816
32640 6120
58226 7447
92492 8383
89708 6388
12780 2189
70873 124
93891 6526
8331 4037
66575 9074
87471 3151
73785 6588
86714 9100
46230 4990
10694 6840
82732 9510
33397 7451
31148 1363
49370 4339
85251 7121
64555 6409
22084 6759
72309 1590
45100 8630
20777 7039
15494 6840
47127 7636
31468 2298
78706 4308
85776 7209
25672 8412
56588 9653
25119 9879
7008 6362
71104 828
16415 2923
86827 4970
42562 826
44125 1296
72237 6871
74775 7018
74906 3549
68232 16
49924 9441
53447 6765
97327 3677
68263 1472
43214 3603
78312 2055
63847 9248
71211 1434
96903 4139
7242 6997
98462 699
75919 8211
58331 7808
45472 5345
83212 6734
25238 1494
79511 8954
47490 789
82357 5399
65611 9991
56622 2109
40379 5485
92616 8835
24720 4116
81202 8320
66986 5098
86342 4514
97044 9270
56120 6972
42123 9845
43726 4589
86369 6065
71803 3854
17487 7890
74432 7717
40029 7645
60505 8954
61923 6707
69503 9597
40525 8480
27328 7143
99164 8776
70305 4782
30092 8291
26985 9674
61573 9912
70876 2325
14140 7183
19891 892
70119 4412
56326 1692
89845 7500
35679 8168
70619 5453
70289 5900
53157 6460
34052 3556
67270 9839
10905 8938
60675 6720
47762 5072
63145 6075
55538 250
33129 7911
46485 3937
30992 4766
60229 2758
38856 1914
75121 7096
71492 7263
9315 1476
11049 4016
84931 4673
19718 1193
43336 8238
37997 5284
2129 9222
27574 1507
13397 7899
64527 268
91779 9452
45202 2855
26156 1239
59704 4535
2912 9321
73948 1025
42646 7671
10508 7085
31594 1927
49755 6585
48981 7104
6841 9599
29500 2773
39646 3774
70983 8416
93258 4847
72482 4113
57475 7316
10128 9740
17197 9281
80891 9944
88855 9604
45688 4949
47141 7795
88899 205
68603 8583
11735 6818
21572 9294
99461 4971
16630 9444
95788 5649
33383 7950
84818 7037
78071 3982
89708 590
90830 6511
86124 3301
88619 9911
7104 4186
49933 9355
73299 363
79133 9054
63175 6935
53704 4177
65331 794
95141 3585
8661 4061
17867 9493
11270 1193
94426 1055
62286 4356
42734 1171
43706 87
29557 9590
24041 1573
50963 5722
92755 7446
63283 2014
69245 2425
29382 6361
85619 3053
14134 2334
69442 2114
51404 5036
49030 7020
33441 5184
43912 7168
66359 5946
4470 5206
15796 1634
81083 7414
62596 428
31749 4833
75958 5775
44325 5175
19756 7338
42949 4637
55033 7889
95380 9377
24246 3257
38975 7768
39850 3193
35890 726
30008 3048
45681 6798
28700 1238
40158 5614
12216 5001
87240 4878
43936 4569
9284 4555
24448 3690
30471 9445
85548 1443
22247 3263
71351 9144
90090 4770
17856 9905
53145 1528
92280 1811
54251 1854
43860 2952
94038 6787
71029 1154
16763 6707
27387 141
44463 8419
26882 9704
79351 8642
89312 6891
47482 9158
56133 7472
8403 3067
95161 2045
9881 5409
64097 6452
73238 1184
69881 6169
35817 4462
70947 8362
23986 4910
38268 4956
57801 9771
29233 6033
96255 2684
97303 8601
56123 7805
8790 2338
39325 722
99964 5589
92835 7734
77749 5484
11276 3047
69914 2217
80620 8062
53244 3967
15618 3829
72501 4042
27292 667
32981 7530
19685 1604
65982 259
8750 1375
86003 3389
24180 9487
9720 8728
10978 6406
99414 8875
55850 68
83047 6350
61498 1574
54280 1855
29521 6617
46693 4275
36213 8088
33412 9555
56587 7453
78433 7363
45634 5421
59407 7193
89781 9433
1788 8043
45875 3485
36345 3636
35482 3493
42093 790
58041 4607
65523 3599
42201 893
88279 7631
96030 9205
70160 9922
67617 8214
62755 4506
12675 552
71631 1060
90628 2057
50313 8021
38793 7702
78104 8839
29640 6167
64969 8184
90041 2696
45017 2029
43615 7970
90538 1664
69660 2422
47185 9302
91956 3377
18485 5411
18398 6296
26061 7566
43433 5617
86742 4700
17378 6720
43314 5941
19257 4415
34143 3523
12447 5447
81310 156
2228 5596
2783 9716
8009 4836
48437 7084
65925 9550
95100 5332
41447 2379
95542 4588
32853 4482
97474 6891
30084 2165
59302 726
21222 3518
10487 9197
47054 1694
38615 7727
88543 8799
48168 3167
88559 2068
24706 5755
17279 2746
88371 5362
67005 3243
38489 5860
24920 3358
21254 518
53183 635
8083 2407
40706 4010
55858 2305
70606 7710
84533 8730
83575 4464
21878 3183
82390 46
60404 2838
96621 2318
59370 7713
34753 1419
83252 2685
53142 5036
33107 8918
70926 3797
62851 9417
28520 9489
85085 8032
99279 9740
17797 9057
92466 7495
51321 6313
42659 7846
70287 7949
28315 4438
91144 931
62818 7441
73990 6900
49233 3143
53751 7458
77326 6678
50859 2307
11955 7896
33729 9504
98860 1372
70124 7764
89821 9601
87485 8984
93166 3288
14348 7063
66056 7226
31460 7266
92716 9715
57672 7226
15315 2337
85055 7609
62257 5342
67704 1737
6229 4435
60024 8115
25934 3251
41171 2185
28124 631
12265 5540
18611 6977
5166 2270
92463 8609
8671 844
55073 4397
37048 8182
57490 2375
66013 4634
33496 401
97326 1411
20996 5578
33451 9560
96910 5336
87887 68
58211 8917
70694 2660
12884 1024
28994 5391
77377 3148
90713 6811
34557 2653
67940 6696
80700 1218
89774 7086
32499 1288
32306 2237
44769 5443
59133 9339
19158 3424
74440 1491
99613 8085
77109 676
61732 3925
14966 4731
80803 678
21219 1982
18645 7093
93749 7488
37146 4965
99504 707
3864 5326
6118 849
21137 5494
12339 1006
82775 1575
34336 1646
86612 4942
71203 4889
32981 2366
72962 7083
31020 2012
39182 2617
97781 3991
81092 8505
86973 9014
3717 8841
89908 8543
5231 2648
6232 4863
51968 8211
85926 3653
81098 9543
17783 3861
3535 9987
24066 6396
50905 872
31875 4450
20423 2094
45133 1175
85183 4814
49425 3378
24955 3670
39138 3963
64995 6658
38579 5508
11430 3862
20392 6740
5104 8798
87371 2198
95377 2534
62341 8994
98362 8570
71965 7473
97970 7777
17679 8145
51935 6500
26022 2658
7550 8504
19787 7093
51665 6665
43520 3378
80782 4800
17972 3259
65808 7654
6851 5818
74898 168
39252 6222
20716 9531
12038 8815
50416 1551
31528 6141
46408 1742
25987 1857
2135 1664
12806 2188
45091 6698
9732 5737
91262 6098
34956 5412
73390 6324
39876 556
41176 5615
47676 7351
35993 1289
60048 450
75054 3393
68334 3778
91603 4343
92821 448
98835 7898
54883 2964
36196 5610
69570 4626
84340 7905
55994 467
67365 2333
18962 6942
49797 4963
95078 9149
84530 1971
34762 8681
32329 2538
62381 9773
29961 1329
14701 1007
33472 5606
65686 2231
90249 9111
62214 5443
67608 9114
34040 1624
95048 3968
86959 3725
99343 8763
53262 8602
88761 862
16479 4985
64167 9922
40658 1726
5027 2368
66132 2682
51145 6157
5980 900
81439 2309
38025 4490
43387 9707
20988 3015
91339 1388
39657 7943
21296 7161
17389 548
67510 1362
94496 702
2157 719
20119 3699
15527 3092
1057 7050
97295 7623
6839 7269
75124 1830
12328 9541
30944 3598
34875 3709
96702 8416
47787 9841
64631 834
58924 9432
63563 3636
27367 417
81097 7233
59584 9268
77834 4394
47033 3961
46164 4226
65094 5048
84015 3270
94636 8346
16967 1839
19976 318
43689 448
66928 7254
42686 8776
99472 7884
16369 366
51924 5557
19003 3963
52933 9370
66543 5625
78978 1709
27722 2671
42199 4505
93585 4376
4117 9934
94479 8099
61114 1298
10059 4406
64067 7909
80807 7354
26694 7326
56487 2040
96974 4323
27505 3031
6054 6134
44594 1464
88344 1750
66005 6664
96833 2803
27495 6172
95651 7367
43878 2836
31235 6086
10703 8582
59275 420
61377 2746
52039 5438
54032 7818
67068 9891
89236 533
20747 879
68829 9043
7879 3502
12337 9123
95472 2562
83438 643
87630 6712
48358 1072
97152 2583
52483 6432
17774 9103
38998 848
8543 6413
19659 447
6903 8434
5771 4365
27717 4565
94888 1584
95628 6150
80042 1701
57798 5746
24773 4243
19267 8977
15339 6714
45563 6143
11563 8856
84291 1616
4476 4115
29864 9694
4178 1784
54140 5228
47813 2568
81049 8267
75225 7291
80087 2039
83416 4382
19078 1920
56568 3645
54727 4283
76202 5404
56915 3006
77337 6235
44837 6490
31458 2155
73751 43
21638 4473
94536 2030
79673 9228
33724 5843
28203 2546
91026 9546
75793 688
49923 8962
9817 3215
47185 5140
84381 2080
6031 6992
14059 5987
38540 7377
31584 771
94038 48
48082 8719
91921 3390
5328 953
31556 213
1319 1630
58338 6852
86862 1821
15276 3776
26042 8498
26978 7605
86099 8473
74953 9602
63009 3930
57360 4314
80259 8834
39545 8051
14292 2793
56156 1929
93669 2949
69470 9236
40728 1013
29361 4427
39283 2630
8861 4627
85488 1782
22600 8914
6937 1206
40297 4139
93115 3304
50176 7656
51506 110
73899 43
50573 8267
22673 6656
67295 3792
94921 5997
18656 4871
46010 9040
66080 4362
90373 868
24831 6172
91996 6326
60465 6960
33454 1339
93723 7909
65975 411
38734 7976
52205 1506
3298 9149
30808 6881
44267 763
74287 2716
72791 3842
94581 6698
12729 3979
97862 6509
44815 2524
97657 9819
91375 4678
87238 8906
27632 3167
1950 3082
62182 4537
5919 2562
76277 4419
19231 9208
66745 356
97236 6692
9403 7181
7473 5693
52431 3168
76089 5635
14848 1560
43504 9565
98274 6175
16960 3509
32357 3593
66116 6930
24725 857
82309 3640
10038 8102
86284 1151
62011 8528
42935 6710
80276 4691
42843 8302
75042 8091
57999 6578
50931 6336
73177 1855
84578 2356
76329 4322
15034 5927
47786 8450
87536 3404
95243 8100
8689 8065
21599 4659
26479 4358
76608 1305
5488 6487
92058 9168
82628 8734
98897 8434
32176 3908
72275 9279
7364 9147
92605 4463
67497 843
77334 6732
46155 5968
66093 423
80158 9853
48462 9000
75551 3367
68300 550
88077 7818
56240 1390
90100 119
82163 6941
14819 6460
80462 5800
67441 3055
36755 8304
47917 1370
7698 7403
75095 8495
11882 4485
40017 5533
20355 1383
70661 352
80070 7928
59846 2172
64625 4559
48908 4158
84235 5120
12195 3948
52992 4477
52949 1170
81105 6374
52725 6732
3706 1214
30678 9929
54929 2512
42609 9744
16432 4118
62297 3188
34543 2882
72129 89
79774 2514
68992 6583
45093 1950
49395 1679
75990 8239
64432 9442
50681 6709
50651 4248
64184 7605
45334 1169
82895 5476
85754 1226
61850 959
42918 3138
13693 745
22818 2489
7239 9665
29301 3658
63759 4365
4398 8485
50787 9364
63142 3418
66459 4198
62791 7224
99050 5031
99615 8752
96615 2721
86293 7579
32500 8463
38232 3488
67736 1328
6437 4255
57412 399
74628 6766
49895 4749
83124 2579
73516 6053
15091 2753
41493 9082
39311 7859
12252 7066
92754 456
72430 6650
73775 6518
17435 2705
92275 5060
44154 1983
93116 1932
18270 7405
17781 946
50291 9930
31999 8895
39546 3812
57272 5713
42572 2664
53321 5154
94420 3643
84120 1888
10266 7389
25700 3472
33757 1033
86106 131
23319 1228
42197 762
99397 7366
83860 3628
11383 1842
52203 7162
96868 7600
92758 742
31438 6905
6468 1277
4854 4421
94739 2693
12962 8907
14032 9672
14177 6849
9024 4827
6702 9238
99469 7944
40970 8886
19110 4159
27731 6145
9692 5216
21829 7814
21936 1597
26468 836
46055 7657
10937 9669
97228 2398
68529 826
92916 3080
58646 9632
23791 3168
98286 7053
58564 9657
85654 7001
64252 6396
52757 1851
38357 8435
97471 4086
4310 7682
99780 3206
55525 8523
14657 8311
99604 1914
9634 7638
63472 1887
74669 216
95248 2203
61959 5328
22269 9695
22916 3676
30588 4290
83809 8524
70735 2685
91394 3372
16541 9231
96646 7391
81922 3918
95742 393
57845 6894
60153 2550
31222 3476
63805 8703
36108 8590
63912 2491
92520 3978
25757 268
85180 9995
44098 430
72180 7171
31607 5782
72699 466
51204 5347
58306 3827
62099 4740
66896 9784
43526 3187
84518 5600
35126 2029
25764 4140
76330 3438
51840 1622
40888 4891
61834 904
61183 6626
30408 7114
60245 6588
25259 2318
93745 2603
34088 1448
37982 1976
56477 6438
26674 5646
64462 7084
3696 2901
50807 720
84511 1520
81688 9695
59837 2301
47136 624
61039 9574
13598 4366
3925 6208
50686 4979
74029 6053
1387 1810
38977 5072
65432 2122
23984 3181
85152 3926
27855 9032
68845 1779
7501 5030
79784 6460
35990 5277
82794 3308
42965 3065
50736 1833
76961 28
50476 5661
81564 8042
16222 7621
21343 6209
75702 5555
20179 267
50404 870
50033 5719
2600 7276
46373 1344
40730 8301
39714 4088
90692 7589
55680 1610
35522 839
91249 7039
91633 1577
90912 2340
57271 4656
44065 5568
93478 1090
57689 1261
61445 9048
85338 7803
46331 7964
19503 6219
1129 1979
32039 4891
39577 2019
78234 9069
2634 6668
98782 3802
15696 5524
26298 5187
93613 4150
93162 9375
28110 8566
43292 9968
95814 6219
44205 8106
43287 6855
45707 7815
69123 7341
9973 1565
46253 3715
56292 4183
5036 4928
50220 1168
79729 1505
94644 5882
62815 9986
11982 6431
61673 3751
14528 1685
77907 1466
7677 1829
87270 4868
85580 2454
51591 4922
13980 9991
20541 3275
60593 9870
3483 7784
75305 1198
1624 108
95311 3626
89483 4612
60315 5553
21900 4226
85260 868
20812 2128
82151 4378
36190 3092
62330 5638
39541 9682
53079 139
2255 6123
11908 9197
86694 8149
29219 8324
97644 1882
19084 7281
27183 3299
96971 8553
1588 503
1319 2505
24796 3131
25329 2977
32621 969
28127 3706
71988 8347
58381 4819
80972 3669
43957 9596
42022 6227
52582 4173
5316 8409
24696 9089
93153 6461
34582 4922
31291 7801
46557 3336
14154 6471
21303 1676
19977 4219
82332 7123
79412 4578
6138 7093
98493 5908
20969 2778
33360 1320
90086 4210
41205 8660
57265 4958
13966 1020
18790 4942
17686 5939
89124 2988
13040 4100
59377 108
50535 1126
4842 4116
15372 8340
85651 6734
33926 3303
6605 1007
98771 1153
34017 5011
10862 6674
45119 8101
91707 507
51987 7719
95797 8411
72210 1872
53562 9782
48033 6357
85169 3622
69089 9277
15480 8871
56680 6987
79905 8443
43030 7182
85826 4621
64818 8668
53154 2096
83384 5963
79812 1132
31260 2218
18936 164
6468 8864
62853 1889
82038 3215
87775 5773
46049 86
24707 8431
49067 2126
4863 1244
1227 3067
59763 6434
75746 5409
71847 8985
16556 2589
48272 6783
14626 9803
92545 244
96719 5280
82078 3133
60499 5860
19543 4607
50839 2783
51090 5273
17726 8017
17540 804
63888 2380
33994 9164
35153 2611
47852 9467
92338 5748
45716 2434
39622 3746
58301 7040
1070 1276
51755 6535
72315 8109
56179 2037
24226 4940
11074 1283
84260 4193
17236 2024
87534 191
51290 8699
43642 4526
47289 3130
43347 166
70033 5317
97852 3824
86131 1538
33245 2772
72098 216
35353 2264
14813 8314
24863 2528
50572 2222
23988 3098
7660 6943
23239 4871
90077 3756
49413 2440
16735 1613
20598 9553
69673 787
93465 6215
74740 8736
12056 6358
4564 4344
74777 812
35195 6731
23246 4104
83891 7940
95408 6538
55883 2268
53722 3063
48981 4288
43217 1560
81529 7348
56669 3505
26345 8476
24597 4998
8723 8182
68404 3975
10849 942
21703 5264
3695 1874
51513 122
98702 1457
91473 1105
22612 5898
25891 6728
65111 5769
57696 1912
59954 8429
61415 3470
26142 1149
1879 9105
25678 1360
83492 2890
74799 8916
20324 9769
76773 5049
65517 9930
66462 2452
66510 270
43210 996
94151 6495
38619 9000
12189 5743
65942 1359
79448 3404
53852 2822
70937 1402
11788 6790
91298 8632
14099 6991
28035 9047
40521 369
55789 8490
68008 2727
88622 8244
92073 946
39168 4828
1471 6926
94618 5764
65205 4260
78186 3791
45672 2109
55108 9017
28547 2602
53839 3695
68119 7660
97654 8738
41820 7574
25771 4383
37700 9251
48272 4620
77964 9513
60272 1252
44401 2556
26601 226
90901 7003
48000 3257
49517 4671
38145 3763
82057 164
66541 5282
14061 4760
23076 7090
98258 3248
5147 6038
46305 5724
11114 1686
11495 6084
8320 5280
17905 7535
91273 5486
21610 3861
92966 7921
31427 6345
97384 7471
14010 2123
71524 564
9331 8244
31376 8043
8255 7061
61125 6514
75390 3700
55311 1113
41206 700
49016 8117
40705 6144
76430 790
5171 9289
91346 88
26202 3423
45336 2500
88632 4158
14839 1145
24625 1024
26192 3170
89356 8957
3452 7134
56714 4971
98552 907
55914 3465
21751 7462
68405 9602
45407 5400
80986 77
5742 8632
48690 3741
45534 6066
34216 7408
85132 8407
27007 7104
51644 2557
89498 8983
56659 3962
60234 6566
84113 2827
71551 6071
25233 1954
41961 716
74812 2265
57003 3825
83449 825
15051 5952
82395 9844
25615 968
56661 4096
23853 2904
31968 8360
10686 3724
58786 8705
19552 8773
66131 1495
81215 8634
77092 5898
4209 3358
28318 9908
75537 3771
22226 1289
19089 3607
59100 1993
89756 7421
60948 1590
15009 2893
82823 922
37492 152
25077 8061
34269 8797
57502 918
52749 2434
20065 8147
18241 2931
62274 5933
75510 5340
44922 5856
19392 991
54696 1074
62307 5358
25290 1547
20612 9595
27042 1441
94356 8864
68051 3531
17854 6568
95344 9272
96191 1157
33915 5652
6279 9701
38044 4680
79292 5678
60733 7882
31610 8771
24539 6490
14848 9122
57733 1757
13339 2460
46240 8839
22251 2570
44877 416
89799 2625
1168 9241
99979 3838
46223 2785
10169 4129
98809 6374
78740 7448
29021 8284
75749 6979
49253 2897
93998 4733
72050 200
57854 6923
60443 3453
92793 9614
49300 719
5558 8342
25825 6240
86767 7398
53250 3216
90813 7505
24326 928
77679 1444
38004 5973
23109 7778
27090 1228
74106 9343
51920 7346
67565 6719
86215 3229
96677 9476
2336 9304
38836 3111
45416 9823
87907 7970
89000 6841
85364 4082
3823 905
81688 9848
80778 3875
17170 6360
70552 6125
85634 3928
1665 2976
26476 5448
96015 7541
28097 674
57023 8404
49969 548
84451 4015
88706 751
36007 6759
86465 8139
50582 3761
2887 2287
31610 6454
34153 2980
21589 7939
35543 7173
64767 3533
95782 1975
27032 3772
62778 6429
59256 4912
39976 5792
26697 8257
9039 9316
50903 9557
69729 5877
24748 5234
54032 1311
88299 944
27474 6292
74112 5481
73073 3777
8553 8624
33043 9988
77940 2805
64435 9349
28663 6383
20718 3244
95620 5112
18801 7428
37150 4871
81331 2663
60241 1810
83195 729
55980 900
51688 1136
6104 2798
87215 8919
3651 7625
65595 591
92222 2793
78617 4491
74663 7984
42714 5706
50413 2071
26210 4022
29480 5469
13422 8422
79640 8353
1494 3814
35083 3926
93892 6038
23806 3784
70532 559
82988 1411
76701 7370
93741 6472
33038 6206
55876 997
80336 5033
95400 9580
90173 6800
43201 7913
88509 5378
33232 4015
31289 641
20581 3968
80664 8366
6260 7019
93592 1985
12320 912
18785 244
80793 9282
48597 4700
89237 7570
18578 5132
35473 7354
6161 1966
60784 2325
36883 5209
30057 7914
98874 200
62662 773
17822 7376
31119 9278
89686 9937
36683 8660
76703 2772
79529 4937
90573 4842
42691 6528
86864 8642
54912 3572
10761 1679
14832 6295
87645 5510
51233 8582
47064 500
92050 5743
53774 6218
16950 6873
60361 6197
82690 3905
30302 7356
56203 7871
43098 9447
75824 120
22625 2153
9223 3320
61723 4379
9810 8951
38220 5265
32619 2586
2599 717
33509 2678
7712 8394
64255 4213
46649 934
74463 8408
27764 8000
10444 2387
94864 4372
25760 9407
9984 8765
11802 6739
4629 9463
32562 6574
71257 3932
82875 1096
8839 7396
69124 4365
51380 4942
40230 765
37675 712
86205 2438
56643 7573
5669 7282
59617 4717
72681 9798
25900 3997
15527 4276
99823 8106
51705 7632
7521 5995
94071 6961
86710 3738
8841 1020
44191 2907
33487 2072
43758 590
33712 5458
75278 3652
19586 7949
34310 4516
39775 3411
50141 3977
64264 3640
14924 5775
39878 1136
17257 687
9944 5085
82246 74
3638 7953
34124 7010
88659 217
2631 1183
2117 2233
68313 9670
62759 5127
66571 4876
58819 9508
34587 7667
71918 1741
6862 9405
41841 8794
55215 9049
43634 6984
51695 3451
48523 7917
18363 4683
76908 5164
16783 5170
11369 4608
54229 3862
78386 5841
17408 8738
38622 1586
10924 1903
17156 8464
30013 2987
91051 4358
30815 1998
5627 4487
79410 8848
35600 8695
10666 592
25108 7943
67798 5388
8273 1443
50438 521
29105 9273
47753 166
20120 6200
81507 3013
17845 6207
67895 6028
23254 2863
60313 5944
45351 2780
9678 1176
23834 9439
85486 7221
39040 9494
91109 5693
23106 2531
78832 7961
2598 7337
39077 6984
9034 7972
74301 6326
86714 7877
58513 3577
31339 6075
2722 2666
38682 1845
68907 281
83995 2611
37868 800
93425 6513
18801 2331
10734 9665
28634 518
77160 1259
24243 6457
66651 5440
74866 4416
46397 6695
44939 4786
27884 1889
60316 8772
66160 9682
75384 4454
90224 5526
55652 6855
89591 7836
18975 7030
89996 2438
26305 820
72858 3679
34512 4561
52983 8967
78593 834
91877 1322
4204 518
28775 4357
18550 3108
4740 8431
67839 4185
87781 2103
7348 2461
45064 4531
76370 2489
68168 2834
96201 1053
23696 2540
4264 5973
54684 4879
53053 6632
30932 598
10181 4088
33399 5011
91463 7828
12786 1410
28620 3553
45606 861
40366 7560
90727 1592
65591 5863
84463 9141
63906 4505
88129 1418
7052 2424
66778 3052
84851 5547
49174 5592
88177 5828
98597 4174
83808 229
48675 2449
38292 4925
10102 100
62095 578
30248 2285
27671 8803
43074 2785
34470 6238
40739 3069
11742 2882
18822 8542
18783 233
21416 1178
54871 9593
33730 1812
98992 6886
67192 23
62385 4255
44459 5186
17570 3580
84826 7152
63062 3078
44977 2520
47074 6831
26628 7624
82751 261
97253 1945
54515 2351
41324 8543
41371 4714
60757 3997
73741 3815
85996 5211
21068 9900
87361 5424
59460 9179
92832 3851
65638 766
37277 9709
10548 4977
9895 8830
84782 6204
85836 3542
34243 1630
22270 9286
49940 114
88266 6736
30123 6147
90587 3166
68889 8027
50311 8953
84506 5219
37475 6430
4166 3094
93555 2027
23015 8516
21100 3942
60436 1754
96367 3377
29066 27
43490 8885
78447 5228
43479 6096
17557 7170
12958 7734
98767 742
36123 306
43962 5417
19023 1488
16185 6361
66414 159
48268 8091
68847 9856
96546 1364
55767 7564
39975 8447
61054 9079
32498 3497
81854 8299
11141 5926
27130 4218
22445 6266
81748 2898
90966 6115
82245 3069
54687 4748
7550 2330
70558 3589
5817 7452
81955 8341
94338 4614
59476 1214
28649 378
69637 6768
69235 5901
11854 5334
50963 4723
5869 6343
10001 637
64264 6760
40333 4215
56633 4262
5156 6240
91830 3390
48452 9862
81697 8531
32483 5985
78169 9360
56850 5767
93142 5840
69183 7243
92388 5776
31372 8665
26523 2162
89271 5961
38380 1735
16863 5215
21594 7611
16400 221
50130 2678
86661 5326
55842 3094
52213 8207
95119 8174
85390 3843
56606 711
61325 9991
50012 1075
2891 4406
69204 3245
85653 4906
8522 2837
6868 6240
68467 6094
96435 118
30393 7912
27982 4635
5744 1784
29804 3412
92805 5674
23279 8038
85946 4115
97793 3234
71677 3664
74351 2654
7346 8061
88664 7668
59675 2706
91448 4991
53477 218
25660 3961
62511 6162
62418 8831
60267 6092
81719 6263
47297 8811
64299 54
41683 5158
74888 634
79422 2697
62512 8662
61226 7101
91664 4468
19076 3711
2180 3401
3893 1738
44849 5007
88644 5028
53027 6605
10452 6898
86976 3917
26121 763
48273 7180
71097 9665
15721 1205
83548 2550
18296 10
7206 9861
54256 3846
60901 7462
64015 6918
65872 9812
54804 8501
4606 8339
30700 4539
88714 1901
71676 7204
44536 4065
28994 6478
93087 1428
95552 7843
31661 7370
2052 897
78399 4501
56658 5193
20129 7594
86492 7581
53055 9730
66188 9613
38537 5673
54315 1464
74421 3389
19454 5843
93863 3497
67194 4814
15403 7475
84585 9415
24418 8962
35145 8271
44033 6028
93826 4933
99140 3180
10971 7927
26969 4276
10755 2921
23985 3478
33804 8200
24062 9403
79851 8314
46542 8606
7319 590
31276 3916
8740 9767
96804 9951
3389 6466
62993 911
78475 680
41287 9425
19987 1624
13600 4856
68502 853
29439 9845
24377 8570
94204 1739
25802 2908
87488 5546
82118 1006
59953 1028
16525 9687
23178 5162
65877 3818
31907 3630
15725 571
34034 7793
10538 8942
58419 1189
96216 8389
70481 9152
1211 502
48847 1418
49018 6337
7315 1305
68953 1598
96863 8919
17192 1735
93737 9615
39784 5726
66329 7568
18290 2590
84041 6335
60064 2958
62683 7424
34919 3714
61554 9745
18786 8754
55126 835
60328 1741
25516 9145
99334 888
63569 5663
69570 7593
55935 9649
69970 4469
61787 9873
32083 1787
51856 1221
70216 6193
6841 3098
51814 5092
6710 4476
35691 5914
41715 1755
6603 4354
11334 830
75147 2178
31536 5421
48887 6604
73728 9388
34049 6284
12645 3408
91406 9807
53063 9800
35304 8471
95395 353
13312 412
21716 646
80002 2761
31372 6678
28153 6919
30170 5749
19206 9084
89906 4725
26050 8894
73988 4022
40564 3252
27051 2659
22773 7658
85807 7810
3002 8278
68912 7599
81744 8635
94171 1858
24621 4917
95932 6943
60657 1555
17854 9867
37959 4819
22474 9628
26816 7557
46300 2921
41909 6215
67469 6499
78557 3206
52717 102
69321 9924
64040 8036
50864 6083
81272 2221
20276 5637
29300 411
53287 5908
51882 5575
35596 9699
90450 779
14795 4900
44668 2327
14656 6427
43206 131
71745 666
53577 1461
25629 6826
40680 2090
44061 3216
7335 7409
12076 9915
39355 26
56606 8429
91715 5439
4859 8341
21040 3688
83948 3871
69736 5200
95984 8964
94864 65
91266 9473
11774 8641
89216 8097
90599 9187
74486 5478
20182 2625
97571 550
64564 4918
70814 6217
18595 3630
81900 2560
5023 4062
84432 4890
20317 8552
68514 5062
52366 8379
12458 8812
50838 8581
60650 3347
4765 4279
76661 742
85044 3261
45431 4435
86295 7465
22901 1565
96629 715
82718 5337
60500 3549
33843 1343
11669 1348
85391 5567
50655 7799
28165 1454
31253 4287
97236 2820
77988 55
58952 8081
72232 3783
50625 6377
6897 8508
69084 146
44585 1698
26255 9054
99629 835
18483 5966
12226 4113
75118 3861
40839 8265
77146 9702
12813 6347
88959 7650
3846 9991
2709 3066
31769 6496
63311 3988
52336 880
58951 241
63702 5753
5063 8702
73574 6156
30810 3583
84525 1929
53122 8524
43050 8192
18439 1767
15582 2844
2408 4787
6285 122
2655 8840
81016 4288
24912 4415
11758 788
72782 9015
66710 9209
98857 1230
93233 584
95514 8793
17597 3798
77627 503
68889 2874
46202 2646
34991 5276
40882 6882
41157 8921
30562 8051
40936 1125
3391 9846
22160 2869
40292 934
73589 8860
50169 1140
59846 5930
83921 2490
28435 2691
79390 7873
79767 1890
87559 564
69823 7992
62165 8726
37601 5963
69432 1724
64309 533
60148 9784
42279 3229
28639 6251
92524 5363
43519 8761
55375 1508
13032 1089
56675 2696
82537 4676
33570 3301
58998 3978
26092 8967
47982 955
20292 5594
39807 412
19797 14
28678 4777
27859 8008
94882 7583
35776 1087
49562 8745
75121 4011
76626 5440
34523 3775
26137 1284
35225 30
5980 2471
7314 1811
88241 5182
5528 3576
66674 1399
70690 6580
54829 1267
37889 4381
59046 2235
75566 9947
8833 7726
77842 9780
41428 2579
94759 5119
51311 1175
66905 724
26960 6105
79259 2851
29894 3119
22832 2635
95995 3937
13607 9583
50947 5847
98683 5443
80341 3909
34424 9049
53130 8212
88765 2177
93901 6570
84750 1834
51493 494
18686 6549
9354 472
76860 9658
21286 4511
81484 8014
95069 7587
19586 8477
19524 2356
65399 7096
21259 6319
1814 9809
75917 9661
60585 8202
43689 4475
79803 5316
91817 5664
48251 5641
85824 2648
32985 3635
54460 9257
40811 4177
67637 8736
85650 7686
21572 9984
1160 6954
21381 7255
24700 3638
12670 1196
34757 8732
4634 8951
60631 1083
44715 6311
67117 7166
76008 9622
24077 6008
73066 3645
29949 8543
11477 4834
13462 6831
75544 6922
88529 1799
33708 6498
39885 2943
15104 8375
94484 6112
63709 6724
78537 5766
19576 6112
12555 2855
22021 6026
9739 6495
30830 918
46642 2425
34718 3991
53229 2029
57721 2269
27044 3845
66596 4491
28704 4796
94105 2593
14292 9400
51305 4793
33028 2103
11018 2770
39092 5792
45032 9767
51338 3023
16688 3882
62453 3827
17985 9473
30798 9427
16769 1797
43442 9980
99358 3522
99318 7825
75138 9349
80311 801
79274 3840
65901 8790
69293 2787
82173 2474
95449 3941
63102 9230
5091 6216
11634 8173
9183 7686
25853 7296
4921 5593
73144 7408
8100 6943
3580 8674
83091 1338
58633 5891
41659 7239
85269 7265
28295 2380
43643 8287
70800 8261
58524 7996
91636 1107
82297 4968
28972 1035
4006 242
76823 5478
65007 3742
31602 6773
7050 184
86586 303
57093 5049
65922 4343
49840 41
50811 8039
61131 4154
54444 9523
93836 2792
81130 378
29141 5022
51798 6049
83023 2918
62883 37
37533 5021
62961 458
71264 5020
71711 1333
7629 1023
94864 4028
52023 9706
50944 578
3406 925
24870 3994
9865 3930
1067 1719
46884 2664
30166 1706
24594 1771
40567 3338
28951 4590
70378 1457
2567 1825
35222 928
21774 5086
45180 1760
7893 2763
68066 4327
1975 8680
82917 8933
32598 1234
20193 8801
63756 9982
23152 1144
3723 8820
75808 8237
87725 1811
45496 3155
82433 6344
46922 2646
66928 2879
52331 3473
78380 5168
81032 7412
44711 8130
65446 4121
30325 1191
94484 4565
95492 4428
13444 8221
54319 8322
78913 9325
77254 9557
25995 6807
83169 4772
67015 4375
18171 4018
7241 4269
58389 6911
6751 7891
96990 45
67756 5674
28630 9282
52439 7182
92362 6925
52175 9373
41639 6040
5365 5898
72601 9061
52713 2935
49362 7753
94108 3360
39383 9772
24096 8628
58433 1728
68959 7127
41794 1422
92888 1397
25540 4277
83883 7367
69481 3922
45955 4914
68618 7301
6754 3967
62565 3237
32978 4343
76370 2287
7526 6633
72390 5818
5191 3171
67704 9307
8892 2961
93820 3394
79547 4448
76269 79
35564 2528
68462 5324
15987 4398
17346 1245
22963 4949
45299 2321
17305 1112
97031 6809
54822 8518
12070 9368
99406 5734
21936 9125
46464 1387
94090 7545
98962 9622
39668 9723
5462 5064
27568 3783
55730 230
86199 5411
20380 300
41588 6885
27826 9893
16892 2146
61340 6497
44088 9712
29139 4798
84344 5364
69858 8341
13112 8841
5216 6697
24780 5957
38263 8705
91291 231
33394 4945
20395 8962
88221 8158
50159 4116
68790 9964
52990 5831
29061 4833
14113 3233
67821 6934
90831 637
31740 2207
65550 3856
4322 9624
36447 1385
95260 9743
14543 8778
86405 830
80470 23
59451 948
72453 5560
34665 5652
74100 3148
31671 2836
24227 7852
45224 5270
89317 3493
43656 4554
69946 3306
48042 5275
99829 1648
81144 4918
41957 716
20738 1349
8548 13
7812 4004
2867 4977
61086 1507
79696 3859
4870 315
72025 6338
59869 8360
4311 2316
7762 5306
47706 2196
13826 1534
54657 2215
51157 3430
70487 6284
12463 2924
72308 3406
9637 5127
23532 4170
64723 4582
6570 4658
40362 659
44855 5830
96986 5845
56751 9129
76828 9103
69309 1363
83070 7810
14792 2847
46434 8801
23501 5855
82588 3374
64035 4128
61642 8609
34353 4677
83851 5311
71007 5167
98313 124
83634 893
11681 6075
82700 1585
74724 7622
18432 7962
22044 3214
12110 9737
5636 4160
32514 1900
20560 5344
24029 382
36360 1675
62175 8931
76280 2286
30446 298
56474 8035
40118 4475
47339 4127
31810 8127
83281 5062
44346 924
51616 7873
14746 1717
82377 8322
94933 1544
48776 1158
93457 275
88070 2737
64405 1193
14219 5858
39419 2379
11508 764
99759 6752
91418 9062
40352 6669
3051 2052
81906 2502
63413 9344
10418 3347
61816 2992
79899 9519
4537 7956
21953 3001
97108 4926
67948 1781
33964 6002
10556 5439
27582 6342
1329 992
6484 4022
24014 2628
54219 2846
90389 741
32603 5449
42600 1442
13201 8918
14619 9363
6553 4068
26177 5597
44054 2182
29999 8679
4522 4855
68761 2774
60299 3163
22258 7161
97290 5434
33055 7802
29631 2419
62716 3923
19657 725
23352 5603
12970 5164
28645 5953
94508 1747
41804 9352
39197 913
16341 3783
19492 2045
81383 152
21111 3391
80116 7685
65344 5853
63940 1776
71529 9741
16055 8890
36892 6585
64346 8159
46330 7501
97121 3997
51826 2655
56336 3139
55624 7763
97797 9002
41379 8713
35866 2814
18390 4739
27582 7249
36355 9495
36785 1945
62726 8230
15639 9867
44742 421
53236 2137
54135 4711
96801 9203
83643 3366
2412 4831
83912 4342
23373 2329
58887 2310
81087 8952
92960 6017
95590 4782
11862 3108
77151 7454
23458 2931
16783 5492
53599 7798
71577 2811
47864 3152
30791 1934
33766 4479
19205 3923
66404 5475
75521 9772
21134 8294
15662 6902
72427 5240
27175 6031
21463 58
74400 127
54927 3283
55994 4421
91501 57
35093 2577
59033 3102
67597 9571
37645 3636
51483 2744
46607 4352
95071 6138
61816 8582
39931 390
81326 7956
42937 7980
16157 3347
52609 545
86934 1660
5398 403
50281 5370
37996 1850
54502 1300
88408 6336
33798 3769
54525 1227
24932 7788
1549 5348
13559 6372
20934 2473
6114 8062
62995 8384
50790 3603
85142 6887
49880 9290
75931 8380
53665 1210
49671 9150
83904 4037
95864 6591
15618 365
30903 9783
87465 540
12026 7461
61060 5262
93699 777
53699 4621
71596 6888
15264 4426
90503 3540
74162 1358
70226 9847
40555 2885
12115 463
70836 9699
31185 9350
93113 7347
16088 7899
96135 3915
27680 9751
74106 8586
46433 8282
64496 5370
72094 410
78479 2899
83205 5867
92262 747
39465 8627
32272 1000
34522 8039
91561 6331
37690 8751
59334 519
42831 8382
99724 3653
28199 2740
26762 1700
81725 7116
90199 651
77393 9942
73620 8477
24446 2657
98206 2174
74002 4697
38137 1488
91992 3178
1278 5207
86899 4610
40514 6574
42437 4706
27434 315
4064 8116
51155 2509
39857 5084
77238 6927
19349 6329
91908 9528
6305 3845
42603 9577
54559 5094
79270 6639
17233 9980
38477 6886
81632 5758
38125 4270
75872 3475
65361 2359
39739 3304
99945 7985
42025 2399
11598 3418
15658 1788
8384 8325
92278 2790
89350 2653
41643 860
11044 5420
96963 6479
15687 2181
23515 2917
29911 2671
53187 8930
6996 2909
2945 3963
85496 4456
23732 2271
53423 1755
89019 4955
30386 2799
70373 8160
62592 7695
72561 1678
68593 246
50162 2225
55563 8979
34967 7793
77501 5876
6684 6432
62813 5536
67487 9632
81373 4912
71545 9152
78745 2408
18593 9595
59968 4593
12874 1164
79638 4640
93215 6962
69597 9431
29947 2292
73560 875
92677 8632
87045 1422
97602 1059
99051 1747
78818 4026
76907 7314
3328 1088
71666 6741
17719 9386
84250 6525
62968 8603
24121 9232
13365 3509
13259 4117
48944 1606
9817 3660
45580 2687
94363 9338
50045 8810
73226 9728
60471 8453
38761 4640
23554 9669
85003 3504
20035 3258
34767 9902
14840 7639
12208 3636
6713 3628
6621 5135
99876 344
49890 5044
70900 5533
73316 4162
64652 4624
13968 1296
35988 2060
15969 7342
85943 3164
4289 3976
37696 363
88350 6856
95659 1603
66838 8214
54868 8809
15853 4802
77262 1747
39527 1413
98511 7512
41073 4666
64946 7501
79412 6800
1673 2433
44371 7038
68004 8329
19303 9989
6429 6444
5795 5441
99877 6178
88182 7533
88969 5826
71971 9414
13702 7675
45972 7706
14499 1506
52435 5223
56551 1408
36531 941
78161 7290
29618 8423
14723 6094
2894 7214
85980 5531
2469 8911
28961 2458
28415 2739
88430 1062
7674 3095
32577 8941
78921 9107
95297 8872
56075 7517
22057 696
65662 657
86965 3681
44534 3348
89343 5564
34784 595
23704 6468
42012 7832
94950 3995
69029 6363
81442 1948
88195 4135
67012 9481
58260 1837
30058 2695
82066 856
38126 5953
6570 3405
15752 9743
65366 6020
52338 6864
65975 4958
48594 8327
39115 562
98182 8471
82639 8448
26989 3857
60081 767
9335 8723
26032 762
23610 1544
55192 306
3242 9376
84270 5786
23186 8500
78019 7416
87343 5187
85433 9774
85525 59
65607 9014
63359 2043
20817 6744
78027 3683
59823 779
26162 7851
24785 9378
66180 9740
33605 8574
45951 1601
19963 8175
28269 5614
2614 6520
66450 3417
52351 1205
94214 6811
19123 852
10237 631
88524 9559
29939 2519
63016 3744
12310 7610
89535 9806
25673 7758
59429 2969
98648 373
7870 9716
91710 7652
92709 6705
35782 3051
34570 8157
42395 6875
41401 2939
26303 9773
29567 8429
11986 7323
8806 1430
88980 1428
71960 5116
89632 4406
42577 5597
70504 3982
69802 7354
41969 9035
47539 8473
32070 6780
63354 7386
73783 7954
32798 7626
29827 3567
19557 3013
98794 7232
36263 5561
52534 7134
34828 100
59661 116
72829 9738
26311 610
13421 9991
22157 1239
55181 41
68063 6940
2295 2798
3852 4811
33613 7088
84434 1663
46015 6646
73128 6371
15819 9782
62742 1974
8161 2677
54364 8325
39203 6453
72938 6518
58883 2200
74445 4134
15147 774
28369 6876
12192 2489
96156 3897
58767 2698
75621 4297
87312 8634
43865 5672
87668 7497
35390 9379
53239 8090
6509 3048
88503 1446
92453 4102
37646 1509
17736 9347
8714 4180
89184 8823
86209 2966
55879 1806
35772 1660
33350 2225
82861 2712
95309 8834
37869 3093
84123 1336
7610 2712
75563 3797
56103 3471
84737 3704
51394 1416
47887 4214
88307 4827
30143 9901
3764 7765
68812 7817
94497 2782
46533 7840
38659 6238
86227 8764
23463 1366
6997 6974
66596 6325
96616 7948
77727 5580
53872 7431
1676 5325
68746 3332
99500 3432
12788 7186
15930 60
81021 756
84456 9470
89206 6789
42257 2304
92973 7787
52919 9495
59038 9243
50160 8333
6878 4035
77583 55
83636 6065
73878 5325
65170 9257
99491 9839
67802 6559
18990 3540
83132 4987
9919 2323
76303 5721
72993 4582
80298 8377
46606 6124
45226 7154
70323 9726
78959 864
72061 9740
13429 214
54764 2487
5327 5091
45273 163
47892 3558
2988 7645
27510 6414
26478 1344
17485 9171
37983 5892
47615 8502
18855 1462
20821 6935
77004 4535
70863 7258
75018 5383
34208 7252
10057 315
29080 8252
49521 2189
69097 1144
46188 3901
52019 2155
41297 7895
2744 87
16245 2210
49814 6505
9264 8979
30847 2362
82121 2531
14656 8867
94141 2504
15225 4326
33370 6835
61591 2411
15615 9974
42576 3931
33613 964
96486 202
67869 9470
29763 7678
13477 4147
64218 1959
15810 2186
56301 7314
54403 8058
19091 2407
58820 3134
13946 5484
33644 6111
77346 988
30705 9192
15568 4924
40099 9810
47306 7688
76497 3507
12959 3773
80928 711
58796 9929
56891 9250
48487 3976
34480 6902
91100 7323
18880 1758
92057 1695
17873 3293
29645 756
24537 8468
28595 6410
47831 4077
64914 4891
98338 3971
56843 486
16953 3825
12451 1659
88340 159
44808 667
28719 1678
64616 1554
76748 3027
97542 7875
36177 6639
52416 8610
23166 4658
94398 8208
64388 438
19595 40
73483 2643
70778 1965
45649 7409
35364 5242
94473 7028
23501 8966
86823 5155
44966 2346
23916 7236
28139 5723
65127 8092
3345 1555
16711 938
25173 2158
37295 2666
60615 2824
9343 2766
64753 4045
12498 8967
85351 872
77934 5539
38256 8445
63495 4378
21049 3354
92274 4551
60049 2051
10622 8199
84383 8008
66424 2508
33648 4439
9052 1979
35871 5420
71727 4261
12333 7073
15541 6765
48131 8274
72967 4724
67472 9917
1657 7051
43707 8564
60868 281
71269 1251
62710 1032
27078 7584
8538 2436
74097 3762
7817 3641
30842 6560
3427 8971
36322 6336
93986 8562
62600 4946
26939 6376
27509 6664
66973 7662
7096 8644
96333 3641
50058 3599
25574 8155
16333 2127
14064 3489
65375 8281
16163 686
34654 1205
24271 1225
59756 6677
38743 6575
31376 8916
80048 1780
4356 8749
11550 3419
7270 423
35585 8771
27427 6922
26945 4935
44583 4892
86507 2593
72683 6685
22239 611
8916 84
33409 5778
22690 3834
32446 5745
8312 9511
65534 6129
30261 9043
58440 3653
22162 170
70934 2665
45017 521
28694 1957
49769 5679
9472 6605
73117 3852
95222 362
75964 8441
64607 366
84961 5229
22949 6327
92574 5227
10191 9338
21815 3989
87923 3286
69751 7037
8548 2352
10686 1901
23506 2271
18665 4250
53300 503
3203 9232
84887 5340
95208 4885
81524 9739
48617 1506
65831 8091
95257 735
25660 9049
44201 9589
42244 3027
80341 4881
52789 12
25107 2953
66941 2188
57970 920
27921 7889
20547 1332
22017 7625
87328 9787
24791 935
3437 3466
4374 7342
51245 7082
11229 7989
56732 2687
84355 5956
68568 1596
32741 9462
56428 5028
58302 5236
75727 2587
80823 7513
7174 2186
71516 325
80797 7360
30501 3571
79590 7961
60202 2453
57340 5069
40140 2696
10928 4684
38044 4583
12854 8634
96798 3825
95150 3406
63019 6948
38144 3521
18456 5148
94846 7267
65721 4253
22211 7559
31744 3956
86464 1933
84285 194
77933 3298
11837 2893
37088 9369
43392 2922
70542 485
17368 9940
23857 5272
32906 1606
48881 5910
88449 6662
37555 3589
24753 9060
28610 5558
97324 2186
18099 6498
94429 9529
84798 763
31496 7036
89359 5349
80674 8885
50776 9219
2687 8639
29939 1184
74634 8577
80046 9784
78588 7073
29375 6224
22184 267
40421 5903
21806 5246
37469 7178
38701 3002
34548 762
57425 8455
90802 6882
8707 8975
62219 7913
35845 4054
79365 3862
97954 9076
64860 4041
67210 1656
4754 3526
55928 7492
79518 7274
76114 8253
57530 4497
8150 2741
14512 3988
26177 3870
75211 917
11052 6698
41871 9046
8741 4192
80444 2423
93258 1965
16777 1171
2099 4223
60701 2802
32179 2785
26233 7832
52328 3520
94710 2826
82046 499
92120 6902
61918 6391
48838 7260
11507 9363
21504 8691
33799 9343
11455 8490
44103 5157
58828 7196
39643 8717
37155 9870
86657 8634
92463 3144
55744 4186
92176 1929
30828 4070
44255 7262
3730 6198
14467 1185
7578 7740
35617 3758
57237 4411
44266 2812
94179 7311
23319 2396
93287 7252
65279 3818
78494 6535
82018 3193
84777 5877
47369 1626
31373 1707
72496 556
83492 7483
44046 9498
33770 5672
57666 312
55825 5591
3344 4561
48625 8806
61185 6388
30111 9075
20422 2018
74899 2291
16533 3059
66373 7067
82755 1196
45754 7664
78874 543
66066 1646
12864 244
84651 4238
86614 8705
13793 4361
75898 5680
66808 6735
60265 9673
62709 7778
73168 2624
9271 7694
60552 9926
6655 2316
73069 4629
87042 2402
73294 8331
22982 1369
19209 2881
43703 4517
43565 1053
15534 5437
63496 9585
29339 9362
63703 8870
96480 8359
3692 3740
97763 8636
1333 5919
25777 4519
38364 9581
66941 7315
42841 5321
25384 1545
24513 6875
41093 781
76248 7762
61872 862
75102 5929
88775 6755
17043 6863
87235 7573
66304 9639
46567 4047
41033 9173
67663 9780
63298 6689
61096 5197
38687 6547
92677 6184
42419 8848
48006 2986
70884 8822
37503 1658
18195 9006
82779 6153
14950 9209
64214 5361
51596 1019
86946 5542
27149 4828
31767 2400
61753 336
66141 1234
92938 1049
42936 2531
88859 1505
21872 3707
26371 7331
59671 3899
33510 8261
3387 3263
67398 637
27140 1394
67754 5582
82473 3151
3266 6283
12091 8291
10135 8142
98705 9414
62101 8328
62769 6856
20159 118
80890 1540
97646 8680
93723 5214
9280 2090
25129 1729
56560 8149
58331 1498
42964 9655
72425 4433
98615 735
20440 2744
73440 4901
64455 226
61380 3148
32045 8203
30928 1914
50688 1337
39126 5243
29927 901
99012 8193
72570 1142
40327 3539
16600 9492
22929 4966
81289 9316
95733 9988
69417 715
25592 1916
67305 6915
29303 4642
93919 6792
66044 6355
86002 1833
27012 5875
38217 6991
75573 2326
57149 1078
59947 4205
91562 7380
15433 387
61947 4262
1142 601
8659 7396
96813 6083
9383 1732
72662 7928
73468 8807
37185 1192
48420 93
34692 3043
82264 1296
16987 9447
38382 4150
2551 1668
72066 9409
67506 8266
34378 5464
5152 1636
43535 4720
15263 6092
94385 3405
63287 9188
66719 2397
79145 1416
30035 5616
10731 9707
62747 7093
31414 4808
25405 9680
50374 803
76505 8664
91011 772
64001 9510
59191 7804
37537 7530
53989 4243
32483 7685
55377 3028
44627 4503
57673 7577
91283 9106
87987 7862
41445 8728
97105 6162
23006 707
77992 8298
46769 7999
60329 9776
31437 6271
64418 5350
24245 9893
93308 6099
76835 2899
64618 2516
40782 789
84874 2346
21437 5403
75294 1468
38609 4631
19785 3345
14762 1656
35806 7064
71490 7296
68742 7482
58121 9798
94723 4761
59773 8180
18831 1340
15275 435
40329 463
21909 2819
27241 400
5819 130
24597 8361
6158 9267
64212 5183
61754 601
44989 4553
50219 503
2267 3458
20072 1500
52270 4919
79837 1363
23606 3974
9707 361
81071 4804
91795 4036
34240 43
2469 2276
54886 727
1168 2545
26406 3143
53945 4678
5889 3083
7425 2851
48294 3961
49264 7572
40427 4644
59377 6959
78788 4299
21982 5863
7047 57
76801 7038
40808 9758
87743 8686
10476 6717
89815 6633
9969 7160
65033 2476
12905 6765
75162 5839
27142 3536
1726 492
58502 7481
93297 5655
81519 1674
17961 8132
64140 1962
68182 7391
84227 7495
50281 764
31824 1564
85928 2527
88026 2982
6435 4420
49592 3850
16913 7197
98316 9930
24992 5415
8222 8285
72447 1193
24578 398
41753 9536
81627 8047
2845 2301
7105 1768
85690 3641
85552 2968
87232 8739
3712 6398
59151 9802
47082 8947
56174 4075
52443 253
91339 983
16572 6982
25696 8913
9582 2356
16923 5009
3866 1168
75344 9772
80008 562
87559 4564
33910 9715
2086 9968
76788 4058
28296 7190
13383 835
97699 3426
20341 6658
34563 1265
2972 7010
57308 9019
28518 3712
72148 2164
79762 5186
61230 34
18144 4015
93179 8895
40849 8829
35456 2704
58263 4359
81990 9007
86444 2065
88516 3008
20007 3044
16949 9595
91364 3841
47426 1318
25229 7931
27441 7918
28479 1940
35858 8555
89108 461
22806 2795
65311 74
11884 6173
54504 3889
43346 5875
36305 8618
19132 3068
47591 6118
24056 9900
76926 8574
52851 1288
89717 8477
81701 1319
12407 7126
2064 1092
76303 273
29684 8940
47285 6280
90219 892
56192 403
16299 1702
62681 394
79232 8344
28219 5735
37694 7146
48305 7833
65771 169
31002 3951
63322 3363
28124 9345
69831 4562
74613 4732
80317 7449
88734 2651
97333 7318
97308 9843
68249 4429
87044 7448
26629 4766
40577 9619
54268 598
91554 4603
89291 545
73809 7901
63068 9588
3434 8863
99751 4783
72844 1968
77867 5847
53775 5924
35743 6885
15702 6908
53153 4881
2615 8190
34224 5191
14887 4280
23140 8732
71701 7560
58884 1440
82349 7279
21371 6307
28665 4895
36859 7285
57448 4030
93286 513
11010 34
93564 6180
43277 4042
97857 3336
3229 3428
21841 2100
85696 3042
78248 2856
4673 1708
45601 8151
20988 4665
62468 6491
1798 5145
36199 9673
60124 1142
53285 5472
58506 1944
82340 6317
51514 3510
84848 415
50582 2112
84856 992
25949 7552
48495 5135
36919 295
19175 3638
80139 2488
67617 8866
94523 815
55857 1870
44633 956
76980 8430
24215 6373
94831 4477
99357 8765
33995 9428
80995 2513
81909 3667
50285 7729
25625 5383
33130 703
79058 2176
66444 3013
92499 8332
95858 6291
58864 1633
9472 9213
47457 1517
10139 8281
7720 2488
61120 8218
92890 1812
95840 6746
47726 5929
3264 2739
32278 3412
96506 9812
12230 160
79736 944
56833 8606
85109 2969
48805 3210
86001 2704
7364 1072
59140 3702
42848 1161
84532 9467
15637 7457
77962 5727
7459 9503
38159 3871
83986 3921
64426 1101
3638 6169
32102 8529
20240 2507
19129 1890
80518 5126
4333 3200
45158 9823
73937 41
21928 5688
4462 36
24286 6057
41045 6515
58011 5793
59425 9644
51443 2851
11147 8397
38290 1931
99724 3844
61577 1116
36309 6458
69957 9566
32082 1783
3386 6389
84543 4202
41963 6133
13960 7478
3351 3654
37025 4204
99682 9603
66133 4030
53991 4443
52660 1638
34836 9412
10413 6323
13973 1933
33797 639
26506 7630
28620 3836
45039 5444
35464 1679
68424 9702
24738 8778
87918 8713
52217 8657
38263 6780
93259 2025
46112 3377
9927 8306
87643 2576
16591 1720
47268 2159
98765 8289
16319 1832
39445 844
81910 997
66983 9767
2094 1947
74305 8048
95603 2014
90318 622
56302 9547
78559 8422
74925 9534
10524 8561
67878 8817
84038 8885
84966 4317
85332 8123
7534 4641
21511 2207
21359 9528
99844 7172
31093 3172
34381 8058
55912 1690
68887 4970
56756 3768
18569 4792
38743 6764
45978 3129
53739 2447
60596 8524
89168 3393
92587 2315
40404 3488
60350 5211
21866 6544
37144 4885
89488 6424
9598 6769
7312 982
15385 9970
20486 5598
23749 6605
37888 4406
33663 9118
61778 7819
50520 9953
73208 1003
48087 8473
46041 8253
7354 2516
92043 7969
92518 798
14319 6464
75791 7573
30195 6612
69064 7986
55169 3295
60703 2477
19183 2942
8042 7193
70903 1109
26713 2949
84712 4250
51457 5306
42613 4443
27181 342
2487 5987
32199 6705
71058 2990
61956 6634
99436 1854
75480 3183
66627 1164
52001 3073
10018 2658
79282 4539
32388 7367
80878 6004
31235 6999
40606 8174
4377 2537
83372 9039
37405 583
28442 9542
49853 550
83882 381
55625 9130
74114 7862
52284 5542
86110 7872
85680 8783
30908 4105
24877 6489
45203 6101
25526 4404
83103 874
49781 8426
35154 385
69097 4673
4918 773
33814 1753
8394 786
58151 7697
56615 1041
82278 5936
48421 3565
85675 8529
97490 5149
15234 8969
54095 6562
30659 5501
77889 9880
31501 5691
73378 9986
49324 7743
62689 8763
63621 5674
74071 3531
82377 2180
63364 7065
34893 3986
37938 3814
93375 5740
62768 2074
68662 5656
62208 1163
26114 3939
71229 2526
49638 6863
57575 4047
31083 9003
65650 8435
26115 4802
37981 4078
35499 1916
60126 6023
92913 8013
34050 9922
13086 1189
4754 8912
39221 3658
90310 135
14061 9991
40103 7201
67429 395
44786 8110
66005 6628
49718 2932
11112 6941
56401 3863
98761 8383
5953 9872
3098 1577
12854 5987
45536 6426
35120 2757
3758 5689
69650 9820
37623 2305
86029 9861
59409 2945
72467 7123
46975 5952
98254 8143
57222 5578
16519 4878
60171 2815
48783 918
13190 8182
60754 8390
17481 2231
62502 9519
17374 3803
7572 2640
3407 1714
98909 1138
39438 1724
46152 6144
34236 3881
59019 2149
67810 698
87572 373
97012 1614
11599 7699
69618 2531
99610 7891
20191 9430
54145 9041
4055 9196
94948 289
70322 6726
52191 522
25426 711
67955 3318
37500 1056
56538 9702
21719 4889
32860 450
53158 8382
97680 8783
52617 6411
66994 9022
57265 2162
73078 6782
41766 8435
40765 4711
44721 2862
36497 3809
4866 291
17069 1111
21825 3624
34501 380
1828 5510
21060 3221
25246 5404
51998 9895
86588 6505
75390 669
51974 4903
39549 9321
34700 9300
99709 3998
20790 8937
72340 7313
75942 3124
80357 4540
96964 613
86158 700
22814 5528
72764 6988
61988 8985
73851 6150
17441 5696
17944 8140
3800 16
17599 5678
91937 6672
62045 4389
19512 8877
74251 6243
13114 7251
60017 7890
80927 895
61683 9870
35036 3194
93921 6391
41387 122
46905 6350
34756 9711
33617 9682
82156 8263
24269 2784
35795 9978
20864 4808
88298 9195
35784 8735
11691 5091
7705 5535
39472 3804
84893 4564
49724 1480
53042 8122
12502 5581
80382 3526
30573 5158
13351 8588
40458 6161
79749 7074
81405 5637
87928 1066
87068 3710
75992 1599
9282 6889
35856 1061
22195 6232
73993 3915
77645 110
15739 8804
38019 7692
68293 9363
63093 7257
57796 4739
64269 1540
82132 9119
28977 8390
37302 1357
12771 1919
10053 9453
81052 3379
2014 9722
51586 8516
89785 3714
41929 6720
75026 298
47736 2836
92458 769
25481 6547
74283 8609
42219 5976
24158 7531
94692 3664
49675 8590
35123 9966
67771 5364
99044 7538
59474 140
10332 403
96077 1669
23186 2677
75773 5233
56255 2282
80884 7415
3463 6398
97498 4623
12064 968
64651 2279
1737 4260
5927 1928
40099 8191
18135 7611
91514 3571
97898 2848
54451 7083
27944 4995
37048 5646
76707 3757
43560 2691
81008 8225
44212 2085
61174 9113
70762 5171
98558 2776
76500 7649
18548 8016
40935 1508
87564 6402
2794 1560
80475 2542
70555 8790
66133 6872
16300 6258
42847 879
97538 9515
43793 8260
3859 6174
13218 2760
43643 4804
70767 4995
60445 3659
57994 9683
71109 1896
60870 5622
31459 8097
23897 5135
7122 5367
72971 541
68810 9375
45940 6630
53167 2383
34529 1767
74239 8959
85622 9762
63630 763
43222 5937
49157 3143
9887 1523
26796 2348
27873 588
47838 23
22150 902
21720 8173
17485 5730
17981 3850
56749 3898
72206 9027
10621 13
99237 5119
84458 4992
79182 6187
38522 3930
7277 7442
40103 9143
58061 5727
51956 3930
89696 1224
77696 4330
52245 600
21433 1763
12903 5413
82214 8464
30389 3613
47957 1338
6952 2223
6535 3313
32304 7392
5890 4961
50498 3885
30452 4132
77942 3876
48203 5297
99366 5797
20751 7066
7513 498
59742 6111
39681 4424
87907 6488
73446 8607
80245 1340
76898 2358
20227 3074
86895 1554
60381 348
63927 8588
31262 7940
41447 8348
20930 9
67597 6651
93550 717
68039 653
38934 1731
81089 75
22950 5685
98879 8016
82158 9315
62563 4244
61925 9369
43316 6015
47786 4054
47101 6162
76256 9751
5390 2808
27157 6014
32180 7686
41601 4104
37375 8630
9270 9073
81004 6629
53867 7544
68681 5297
39563 892
64677 8786
83945 1517
53846 4698
35622 8031
77192 4834
9732 7987
44014 1463
48994 4049
28173 4089
37077 7905
30106 3551
38796 366
29361 3888
44659 3090
41587 8033
84892 8930
4067 9853
81786 6205
95770 6881
55573 9220
72200 1466
32251 6230
41530 882
73242 5173
57629 4029
98575 4638
39086 7477
99746 5028
34776 4859
35595 2248
65093 2048
62964 9298
75212 864
96009 8234
7302 1832
99417 5518
58187 4315
87070 1817
35123 22
30613 653
99422 1782
11969 4883
81841 9585
15295 213
60844 5597
38072 4052
16126 1536
70741 2737
95543 8104
13185 7774
18469 8755
97800 6923
61690 5737
1892 7760
1594 7618
95973 3544
90186 4552
46835 9364
70464 4264
1616 9063
97941 3154
97512 964
61888 7676
80391 9314
24205 2551
32533 2388
6655 6679
26282 411
22999 7575
35997 2136
9328 8134
72723 649
80704 5232
11216 2135
32916 5039
66676 9430
98470 5545
92020 1521
45688 8039
71674 4756
6247 1365
3694 7877
63625 1663
19053 687
61824 7572
16185 4612
57376 2523
53001 6774
1648 6813
32677 3135
4760 2251
44187 9374
97638 548
10490 1113
73867 4720
89765 4276
28221 1840
78761 1407
78617 9244
24645 113
12796 7001
30875 9526
1573 2403
85521 5049
32561 1398
92786 3634
74923 8668
61652 8550
16714 8916
68889 9459
89620 4805
71306 4009
96118 1149
46684 2730
17127 2653
37207 2705
91632 582
59331 1509
15735 8496
23927 658
8449 1988
64351 2629
5609 6096
88380 8365
95171 9079
62187 5492
39663 8017
41910 6721
98916 5468
44755 6411
82863 9164
44481 1820
89623 5094
98348 3965
23430 8286
68203 945
27935 5713
15579 7420
40174 4092
65177 5171
98506 8943
19818 3762
11714 9161
4372 7080
69559 5980
89986 6024
15275 6174
37314 9760
44982 7344
17273 1765
83048 2453
69776 5413
85376 8409
62197 6654
63238 3502
76870 7024
89647 9324
60475 9525
34446 1924
95399 3339
1391 9114
81002 4531
28385 8058
94399 1560
76726 5878
62777 8167
63553 4192
40978 5433
13253 7749
50005 4511
36361 8866
30350 2391
25343 7813
28888 6603
52888 3606
32488 9285
9474 3450
78859 3750
84204 3044
66373 4801
59049 6170
20763 8755
56220 4746
86663 398
63862 9017
99090 6141
99033 8354
88797 8973
38105 1862
71061 6092
31214 2594
66331 7620
15559 6003
36198 1381
95777 5413
45288 3668
22966 1074
38647 5484
52840 3634
15623 579
82288 2544
82301 3730
34176 6363
59230 2648
47406 2312
61377 7110
84232 1622
66710 105
8574 3286
44153 8785
73216 9283
85424 9715
99590 9685
23887 854
47152 246
22751 930
23368 9373
69775 6196
98316 545
33431 2635
86027 6163
46526 7561
27917 3996
64301 1733
24751 8432
79857 6428
4723 9453
24802 7512
10168 7645
54201 3544
26987 4236
62207 8914
76641 6645
31951 7314
26719 8776
91831 9826
3620 1148
27462 5451
39244 3078
18767 2206
6543 5411
78706 6530
41515 2081
31066 3676
5026 9500
7630 6020
81902 204
38808 4639
5254 9117
85295 1062
9831 5028
28414 4880
49414 6988
10993 8320
95887 2423
11035 495
56448 7900
49876 5820
7049 5600
30819 5364
18576 9552
15137 5261
7193 4947
24652 7337
75728 1907
62252 52
9873 2257
9372 9528
28672 1256
30393 424
86322 7211
51177 2387
11148 2027
19871 365
62314 6086
77630 2240
65578 4529
58899 2842
90505 1476
46040 9016
65124 6830
4969 7501
96443 9928
84355 6960
95320 5251
37807 6685
5365 1978
51085 5330
59051 7705
8415 1919
18653 3776
71192 5192
54266 9759
6598 5985
25559 7908
23884 9085
8425 2848
29421 6251
32134 5315
39979 2827
21916 3013
24309 4708
54919 4174
79669 8592
73436 1645
25179 5935
40703 6451
75686 1604
96440 9036
61119 94
97418 6880
55541 6111
70333 7285
45949 2341
64628 2135
31929 9967
33030 1556
57306 4957
99658 3058
25971 2936
98070 9009
52678 3109
72649 1225
73757 9048
21563 9571
80764 2060
75343 5703
85365 9824
51390 9197
19229 8447
4611 2841
62191 6212
28655 6974
84654 34
55614 3418
82510 5121
39719 1876
39590 1428
52361 5430
99564 306
63276 504
87790 9265
72270 464
30362 4565
38591 9362
47548 6405
8971 9307
32958 3356
24749 8967
80613 9668
87439 7451
39171 8672
76148 7337
24942 5993
41537 5460
36062 8501
24633 3637
8675 4992
12148 2029
58484 7570
61434 366
51157 3241
70870 373
15305 9896
92247 8207
91708 6027
57949 4013
27586 6568
6513 1345
6395 6240
32610 5547
47451 6572
49157 9816
60945 6040
91125 7989
59097 9040
76199 544
63724 4005
53868 4909
54302 3981
38033 9843
96881 9411
28852 1067
90925 3334
70975 4023
4911 390
81356 3102
54677 2047
49219 9138
19261 4969
2497 3496
17523 9424
12809 9683
4711 4011
16748 9451
94462 6989
73522 3675
5276 2995
47222 181
30496 1398
13681 5900
49652 4872
24871 6731
96064 7780
30470 8423
47632 9539
96768 2200
60734 1386
69542 4465
81140 921
92296 2470
46592 7425
33086 2175
45943 2521
59371 1344
63037 7837
85732 8155
59170 7503
44831 4367
77281 5163
58538 5178
44543 5247
1216 8720
75586 8109
50725 6873
72384 6576
40899 863
68843 1326
7971 3296
95753 6963
1612 2446
12892 7891
14239 3027
35960 8080
14907 3032
27178 7751
80848 2801
38549 7222
40528 8001
4768 1268
80979 7492
3949 3817
23541 6837
2655 3146
74942 3105
33328 8552
32700 9110
82706 3396
22165 7412
98405 6868
91603 4555
46876 1470
13269 3653
83253 8164
72216 2918
32612 120
13385 6655
8712 1367
30079 5291
97173 3802
70908 3624
36510 700
5048 5825
76378 6038
61024 6518
64320 2142
67303 8185
59995 6998
63016 2061
80908 7540
25032 9047
71015 2406
99701 5220
74104 967
43144 1679
55763 3138
42412 5662
29116 302
69168 558
8482 5637
5813 3620
77850 5261
57512 7732
49643 590
7184 3017
91101 9227
17418 474
26933 2560
53295 6620
86018 3753
4523 7502
21363 9443
39044 7191
49732 6988
79200 3746
33433 483
29031 8937
90336 5986
1415 3033
84039 2097
47389 9265
63446 207
18832 7715
62344 3950
7079 2322
6208 5938
48181 8070
78939 906
85376 1907
97621 624
3503 3413
85610 8237
62879 1840
71731 7652
32759 3113
90252 6942
5466 4909
85176 3087
91420 7055
89696 1612
52582 9119
92675 6952
51868 7804
3689 3935
1218 5406
74736 8834
36790 4811
60348 8778
58796 4325
5532 5218
88867 8913
76687 8201
76911 5040
4246 8955
14436 7328
49498 3734
80693 2977
68589 4777
47577 9049
50445 4022
39699 651
82608 4934
20401 6053
11408 998
15547 8934
31117 4089
61222 9979
50905 7986
92462 8441
85235 9441
74369 3278
92764 5689
99218 4603
23294 2493
82027 8926
67755 4549
89383 3066
72563 4379
51452 6348
88474 7967
13086 3638
70105 6314
9764 7548
17587 1244
12016 5851
2900 4082
49141 2704
78080 4576
88463 4912
89413 7812
76508 3082
49731 567
69219 1376
66684 2893
98264 3097
65970 3243
65359 1680
67130 8946
16951 4557
3845 7947
28346 6128
68277 2143
34085 5019
17112 4428
51180 1150
32273 9601
52220 7944
75257 8562
32412 4802
66529 7036
37434 9513
73855 5512
30214 6892
25287 5584
95948 4868
56445 5611
21645 6852
48754 2341
78165 8228
22198 9784
57459 1375
68426 6379
77330 9255
27465 9489
79624 5442
43448 6359
46479 7844
13860 3036
70037 5621
75593 7850
56693 1696
72186 7082
76182 4789
43251 4318
48425 1794
19891 2455
17487 2519
96970 284
12252 4202
96457 1620
42518 1495
40725 9921
71216 953
6197 603
60694 8921
97657 6595
78283 2784
70206 2329
46409 7685
15919 699
24619 3793
76290 9328
85457 6772
95955 9986
7066 3909
22393 8968
53206 7320
21177 1696
12905 9872
70626 4662
90659 6249
35854 3613
97205 4248
3969 619
26721 2003
56148 1961
67292 8696
56193 2032
26897 8843
46177 7592
48660 3425
80223 4987
82539 6985
7668 6737
53756 6677
42311 7899
84117 90
2381 1369
32934 9312
52892 7940
88555 45
7080 6700
28434 7383
82800 3117
88522 4527
83108 1714
44051 9627
90122 9326
12659 5547
73140 6102
62657 8171
75729 372
48429 2525
16808 9882
26278 5827
10475 7170
62026 332
52254 7100
60730 3483
22160 9409
49946 6007
10131 6250
81058 8537
48472 2805
25547 2935
33429 4576
70534 8630
63056 7702
40987 7035
23007 3479
41143 7321
17101 3173
9650 5589
90684 9339
6259 9062
72508 6718
98476 9916
95645 3349
58869 4381
59637 2715
57204 8763
56839 1154
95989 2627
15667 2182
92390 9700
89424 2068
24580 4795
61513 5057
71982 9495
81827 6329
99846 7049
89055 6036
9901 8220
64040 3772
8058 9218
35518 2123
92700 6008
17512 5568
44200 2298
42849 4376
26119 7996
42415 9852
52263 4863
32324 820
5532 4037
67799 6845
30842 261
59612 566
46092 2017
89526 4514
97359 3004
50467 4773
2906 1210
87193 4774
31790 7436
89647 2915
69907 3356
7764 5048
24107 1052
7299 7403
79460 5354
68572 5783
62267 9512
79121 2631
43713 9493
7435 4534
61402 1310
76319 7562
17968 6767
66010 7547
98251 8071
61746 7649
31269 3735
65185 7417
89666 7698
83966 7471
4474 7081
63129 9254
79485 9783
32705 2349
35686 9527
86143 2391
54709 9845
41031 8243
78594 7151
77327 5590
93230 7484
13942 6972
7862 3085
71510 4132
37459 517
92017 5712
41799 3096
29548 495
70842 3223
74398 9874
38149 9699
19938 9512
64486 6929
73407 3516
20991 9099
10163 6406
87061 5986
51923 5803
92883 3616
63939 752
90523 7509
62189 5227
38208 9199
90214 9106
10246 3280
1862 5873
3430 4975
18804 2586
67309 3930
4948 8546
99295 2769
12461 7246
40162 4492
32511 2948
73962 7641
98083 8639
9397 3402
78932 2904
77871 1834
88277 6215
93112 4651
73358 425
6428 8150
52244 2961
33884 8812
64054 6095
23682 6557
42066 9016
11900 5516
15539 6713
93897 6210
21548 8922
13602 1781
85035 3586
50207 9555
33161 8201
19170 5831
15839 5884
26815 4883
79371 292
5471 2031
63107 9055
26251 4930
90372 30
75118 2866
99331 3244
65579 691
41863 7183
17657 1613
24911 4917
92395 2395
58698 7592
2551 5868
58042 2375
24256 546
98880 8877
83036 5946
96304 9039
28274 9500
46077 4740
54655 2790
9702 3736
33092 9959
51420 4201
99475 1933
60383 5061
60146 921
68514 3979
68779 466
24309 8985
86800 7166
72038 5562
23398 1023
71262 112
48756 434
10381 9544
50146 8518
29740 9702
31723 1361
60072 3216
99360 2300
64083 4974
50515 5307
93585 7705
45878 2826
4655 1717
90210 3143
59219 2430
28166 3909
79016 9635
90595 9185
83515 5391
21313 5616
40543 8392
1826 1237
4525 3172
29906 3092
37130 7010
91008 2345
42834 8822
14307 9723
75287 8166
87430 8904
72681 743
77808 4649
75981 5193
1000 4475
76516 6227
95851 2899
3080 7651
90262 8461
3256 6587
83524 7980
70336 5380
21530 2555
61445 1598
86050 7611
43893 4262
71264 8180
97484 1680
87707 1931
72471 1897
80436 1316
2315 1338
61644 7397
97493 5192
51550 822
62194 1960
49328 3142
90785 5732
40890 386
82160 2371
27048 3275
26272 6627
62029 2560
31442 4455
50358 8363
44700 5753
52983 5125
20384 5764
64482 6742
40235 5055
51235 1520
14244 1435
52278 7443
15435 165
69703 3490
10422 5781
97104 8580
40164 6411
84789 3936
5434 2016
67728 5207
70968 2815
81857 593
87738 4834
36511 7019
75550 9432
30710 6663
67502 7131
95543 9899
23410 6039
77889 271
94129 8486
28105 1503
98642 2871
79209 2464
14389 5794
10822 2233
41588 1463
45240 1702
79133 6658
30145 6153
79034 3870
57973 1893
54597 6270
56530 7565
59166 1751
88263 1698
37821 193
47967 9029
80622 2634
4112 6990
17919 7715
53471 3335
10384 7793
90914 177
56254 583
32866 4899
1926 981
97285 8813
81887 433
53726 610
90484 855
81261 1544
6589 3667
42188 1928
91595 6108
37551 2702
31633 3862
62835 3136
54008 4973
41274 7833
74805 2257
50345 5969
76659 8426
31152 4945
20419 7353
19507 108
60714 6734
74511 3004
39140 1922
23675 4439
34707 8135
85178 2426
73948 2675
36102 4514
29403 7224
33397 3375
26905 6896
44252 1835
75019 6979
75590 2838
36324 6959
2736 3733
26413 386
54792 9515
92245 4506
78300 5627
74958 2787
16559 8889
44475 3694
38028 4329
66679 4985
42126 3523
31312 7008
39167 4403
71463 5739
63293 3285
60266 2161
13556 4639
72412 9928
68728 8873
6675 4361
66486 6609
57948 5408
41223 2539
14658 5899
27124 5001
29810 7779
40608 2198
59658 3784
18283 2651
67831 6999
88021 4972
27612 6778
25077 57
2909 4738
72079 6705
88967 5359
77609 7112
87251 4943
43493 5876
64740 5999
86368 9602
62828 5052
16972 603
68723 5142
28968 1641
21821 7281
30054 8269
62851 9646
64299 2363
19896 3718
50704 3212
19475 6789
54191 5165
43020 9529
21143 8769
61631 6724
53727 8740
1676 518
91039 8974
77268 7346
24838 7903
47635 8764
9977 9181
79023 5741
50823 2553
96327 7697
18237 3168
11849 9344
30455 61
75581 4775
34096 3793
57212 8105
10427 419
32290 6139
55340 9267
61189 7825
52808 5038
57392 2870
93582 8470
62061 9575
37063 9918
92828 7618
26833 6557
14919 8376
52799 6976
91456 9109
96040 3171
15128 3488
78962 6306
56553 131
26471 8662
82687 6506
35108 6144
54423 1739
45410 6261
76636 3560
87791 813
81974 6147
60145 2792
20134 1151
56230 8702
13256 2555
50855 6186
1037 1997
47229 4363
49963 3904
18161 3064
30600 4241
67572 7209
76119 9787
31435 6142
21557 4926
14876 7748
72532 8279
5581 4908
45639 8748
53801 9242
37503 7811
65948 6552
64290 587
76950 2038
99535 7562
23412 9969
74847 5643
51202 3152
25306 3716
12348 9292
52886 9283
20080 9120
25791 6182
25267 3719
18085 3760
41387 1249
97852 359
96315 7338
13037 1638
15870 1199
20208 6381
25912 514
86718 6289
66346 2502
10905 2059
62628 7918
47329 4236
43551 2561
85179 5436
20864 2733
40529 7495
64867 2550
91004 769
5694 7728
9009 3304
18092 5415
44041 2852
45447 7050
5736 4082
59276 4850
69141 959
18042 1579
52445 6318
11829 818
44831 93
32766 1652
85297 6356
6563 3331
46824 6395
82404 1647
88525 3572
16561 7415
94309 8535
46866 741
96264 970
1661 2970
23540 7471
43851 7601
89374 7037
27156 882
31635 7799
65907 5096
37683 9715
95697 5389
75518 1440
84612 3955
36860 5239
17452 4420
31316 3298
84817 8075
28553 7624
41409 2693
52075 2423
25854 3973
57696 949
18628 1467
10221 3544
24768 7982
62510 4907
18109 859
48579 9941
74748 7844
73905 9771
80904 7833
16477 1926
50505 8217
62123 6947
82176 8946
71817 8661
45888 6058
99786 2382
58554 114
51891 2154
26222 5516
71661 606
73194 6232
53287 1643
12627 6158
25104 1847
84763 4869
53935 9385
45830 9733
10719 94
30065 8412
3213 7679
55730 1374
25876 6812
62785 3910
82754 9634
60726 5896
55525 8265
44517 5020
20096 2115
78839 5004
8846 7980
64142 8311
18434 9510
99041 1516
96143 7123
82245 8237
60887 6058
42172 8645
43015 4989
72974 5845
34469 3251
76796 4959
49448 7814
24237 1655
29416 5587
41035 5902
92162 9890
10849 5531
13566 9888
63912 9114
79097 7726
96039 129
40582 6898
8211 8706
53635 170
66740 7282
35127 3101
99058 5678
59932 2586
82012 2077
10862 6809
54546 5262
65318 6095
76261 3664
44202 888
1397 8980
54398 7860
96920 3216
90616 5821
85588 8602
64664 5744
71422 9920
57251 1892
35272 1313
51993 4108
46190 8686
36696 9732
75055 6739
49380 6116
38910 8287
26526 237
12510 3980
85506 1341
46902 7621
39469 3198
98654 6031
52823 8742
3433 7693
94454 1567
57347 5676
78028 9303
16545 7890
69239 8540
59701 9810
47342 6660
36904 9717
90289 2017
62870 4306
45559 5317
71250 2679
30101 1977
40148 7425
29484 6135
33106 4715
83152 4350
43440 8530
28927 884
37621 4476
14022 600
83933 3339
34623 9531
37318 8859
58915 9542
80130 4178
49205 7324
21317 1474
66754 1404
97456 8225
14692 2465
61598 605
17578 3259
92740 4298
47189 3638
64190 2528
85687 9286
92672 8418
88100 7377
63052 1414
32945 8248
2990 7006
88504 341
51209 4887
37050 8512
52200 8797
84931 7478
21736 3745
12173 1503
74179 3649
68745 1805
64951 5986
56643 1036
88455 6511
41031 6100
22586 1919
8418 7822
53499 8924
93785 2873
52893 8070
17746 618
3760 4998
74156 9726
31174 4623
52929 3252
88338 6206
50202 8440
98122 415
9592 2551
46008 9335
53228 709
79868 6232
7915 6877
40714 6624
13490 8768
54424 3492
64630 3542
92422 9111
11274 3926
64086 658
44492 1808
87213 9854
30815 503
71837 6226
87448 6682
60909 1960
31286 3460
48412 4600
44263 8158
7726 4027
13398 7451
44783 9721
4698 8648
24182 3913
64902 2459
98469 1162
4338 353
25086 5666
99154 4495
68563 2935
11420 1740
19984 7989
34115 3133
3839 8546
87047 3124
73414 788
3295 583
5778 9863
11105 950
82127 7091
82468 4688
88500 8210
92157 5222
47817 1580
40685 1107
94268 9333
99140 9031
37516 7263
75926 20
8283 2560
5236 4033
76807 8167
85357 3934
67375 4357
29497 8952
28454 1520
48706 5529
95882 5379
43589 2576
29413 3522
60235 3355
30277 7918
11456 7952
57439 5710
23409 83
14240 6578
16212 6090
7142 8226
10954 8048
5636 2339
63092 2031
42690 1156
31584 1628
94006 5512
74245 1066
57183 5956
68767 926
28776 5817
32203 2244
88467 8421
45527 8963
71496 116
15213 945
17164 9799
81523 7778
63951 2771
20984 3495
80717 3607
26219 7577
67584 595
88761 6538
85395 4310
64300 6304
