3772
39383 6579
60626 5103
94783 6793
10498 4960
75356 8554
41522 809
62232 5224
12879 437
18496 9424
94021 4764
79101 6949
69281 5771
49500 1986
22020 3562
70306 8559
25883 9661
10953 8877
4419 9271
16601 140
67185 6854
29747 1885
98003 6197
55973 7838
15841 4403
35171 9852
78646 2589
63490 3618
40578 3094
36949 1021
44439 494
8216 1912
21264 4084
18575 1441
2027 3995
53415 973
29006 9784
34373 9220
98740 5604
98978 274
92258 6552
29446 5337
93239 9442
29131 3677
38925 779
65885 477
66959 5560
71477 3354
47595 9962
8876 1714
2687 5903
39564 6683
23771 2818
29056 6471
58502 7254
32375 926
10220 1029
54663 7676
48320 3196
49343 7727
65394 7833
80940 1570
32796 3060
31583 746
9875 8431
10973 4761
72611 3598
66154 9934
15967 4780
26536 373
28752 5320
61665 8100
65599 352
35650 8480
61142 979
21552 4141
47096 3258
60595 8477
46803 6783
72941 2438
82372 1448
47961 2877
31321 333
57047 4321
43587 7546
56868 6565
4263 6570
75205 8534
77393 2952
36695 5571
90747 6951
72235 7882
62724 9433
5823 4046
19657 6601
98796 38
62024 9834
83237 8763
55018 7010
75892 7046
43280 9012
78362 9064
74595 8537
66339 2447
27635 8607
11058 3299
66918 4403
93820 2070
87600 7480
56691 736
30971 8631
3986 7984
79607 1807
17813 4868
1821 7459
7673 3243
5894 1364
93985 6289
80484 5236
28020 5531
22152 5944
98997 387
42296 2407
10457 7177
75220 6679
91295 5123
79219 4995
88819 1665
20571 5864
76441 2397
3111 4176
52339 5684
67140 251
99141 672
8160 5040
37732 4996
29122 9074
50727 4624
51655 8729
78849 370
96094 6021
69709 714
72922 7868
56311 5347
55875 8838
8488 6772
6410 6571
40058 2270
69617 9836
58722 2695
73580 1266
46584 8890
57902 2244
44243 7831
42321 5783
71597 6746
88402 3090
83257 9149
77247 8563
67459 5289
74636 2173
35226 7500
45697 560
11921 976
65106 9691
20144 7798
53506 6525
93130 2295
58571 2816
13883 3534
60023 5258
29338 838
45628 5279
58222 4236
52077 6416
13620 5383
22588 210
64594 2309
8061 1615
67676 3026
54189 388
95364 892
86055 9724
92285 4694
55891 5078
81467 6580
44362 2498
20977 337
95565 9945
8063 3185
67012 4799
77322 7031
2730 4774
10209 706
23437 4805
27151 8554
65978 1013
7658 8406
15583 1576
81075 4429
11696 5786
15908 8102
1203 8635
79764 1750
56585 7935
1528 1384
85858 9549
8779 7747
20191 7653
2925 8025
66079 2187
52817 4486
19523 6726
38283 32
64513 5708
10982 1546
25283 9259
15532 9999
77515 2814
69391 3424
84829 669
72405 5345
22984 591
58619 1500
12865 2456
70858 4071
65998 879
5317 2325
6170 1252
40196 8749
62519 5884
88941 5229
58615 5300
41054 9185
51437 9222
59327 2186
42955 6115
74229 8585
4791 6586
35539 769
16689 2048
77549 3086
39079 8287
45952 688
13911 952
55924 9882
30623 6935
12802 8246
23318 7322
69981 6768
26208 159
92322 1361
64589 7366
61943 5710
58745 4690
39202 2714
46648 6027
61449 3664
52774 4521
65806 5253
85709 3170
18676 3406
25903 4849
39813 46
88178 512
51678 3188
47306 5765
79509 5600
12013 2040
42272 46
80281 816
9051 261
38502 6748
1633 8600
67115 9737
89540 5611
40700 39
64528 8763
92716 260
78217 8744
42676 6644
43225 1343
70664 6367
55540 6356
10951 2982
56910 4307
27174 7163
26327 8767
15902 8736
4941 6583
93103 3704
82691 606
27042 4811
87545 9081
82000 3422
9464 4820
51267 6767
2079 4886
98362 5343
34379 185
41472 2753
49731 9173
54844 1847
72849 1811
69696 9974
72687 9232
46926 4810
1054 1690
95714 3612
46870 6798
5203 9271
61852 1129
88476 9347
73498 704
91728 1484
85546 5946
25069 3534
18689 8388
1300 8552
31315 9588
26740 7448
60902 9638
66229 9935
10211 4983
95035 3867
48398 6613
18604 2604
6249 8788
48117 8378
72825 2162
7886 5699
99476 1791
73699 1934
81819 2922
50715 1529
90473 5429
65472 8232
55935 3986
96593 4458
88364 7837
10219 6663
42144 5208
76617 7192
14499 1377
80598 3254
24064 7326
88035 6961
77365 6642
69043 9123
78684 108
87512 2656
61097 9311
25375 404
17954 3655
5345 4279
71560 905
43182 9233
3986 4327
34297 4880
44319 3940
57732 7672
72697 418
79738 9016
17759 9998
15263 5607
59401 5148
72637 1659
61625 9890
25886 1022
33387 7612
50155 3402
63160 3359
30791 2924
41084 4679
91981 9499
66321 1527
65711 6675
2031 1574
38252 5881
54779 3041
2845 2700
51531 1893
73745 1689
66762 7328
59877 9119
70352 9254
47006 8780
38126 187
73529 3491
60264 6493
54281 7331
45580 7373
36242 2669
33416 9663
49853 2342
4594 6453
3897 7180
31198 1315
74754 8580
91845 1529
83571 4831
57059 2103
56546 2478
77965 9481
23546 1066
78612 790
73322 4943
54633 6303
94603 4413
55740 2117
15755 4012
19879 2415
66277 6242
55480 3886
28837 830
37247 6689
24645 2045
53036 5309
99661 4355
9807 4138
37118 4334
20145 1175
75765 3215
78042 7983
86511 9077
52511 3750
21804 7099
8563 750
77791 8687
17798 5506
11482 1598
14730 441
57213 7091
91383 9063
61287 3580
33703 8082
33617 7262
94049 9533
89002 9489
74714 7332
17560 2321
34601 9648
82759 8427
18306 6002
81851 7552
81576 6475
5773 2932
21226 483
85446 1999
51185 671
69377 7128
22039 3163
18019 6763
30621 6245
35099 4684
22095 1422
43885 8253
91834 2881
15040 1212
9473 1009
91285 6422
4678 7628
43258 7936
1204 6175
28843 5371
13300 1922
75169 5440
72971 6856
93899 4231
99839 9129
54027 147
58625 5801
62684 3186
32611 9537
93014 2604
40424 4895
28455 6752
22398 211
76300 5343
2256 9684
85384 5577
17500 2065
96573 9616
42499 8579
36442 5888
76434 8777
86267 2554
36739 4093
34916 7765
15349 7097
76700 7430
49259 2638
49595 6190
70714 6275
48928 4300
78651 4541
97792 4681
79147 9717
39852 2517
46996 5687
62126 2840
1190 1438
50232 9263
90538 2116
26832 9745
80676 1665
27028 4883
41584 329
14900 9296
71939 670
44834 2191
64861 4855
55166 4366
12128 6051
99049 3665
9525 4435
78550 9239
31083 2462
71825 8342
77045 5856
7254 561
75810 4235
39910 2561
30080 3347
2739 5276
76701 7219
36318 6329
63670 1890
17967 1872
57021 6493
19986 9289
25481 8068
49044 5310
74044 8184
82147 8
34674 8714
39650 1680
67942 1280
26063 171
97187 2334
73189 1088
78642 7461
79454 3270
72044 9168
22979 2372
37877 7131
71535 7953
94211 1284
60123 398
80892 7960
93622 3290
40219 1271
18185 9706
23309 7143
35266 5588
42435 8377
56140 3787
82453 1940
88697 9586
77747 7861
59793 1394
78885 8155
74160 8694
11167 4825
54832 5431
31739 8441
57026 2392
10738 5286
50940 1849
18283 1412
78209 309
15260 6772
53353 2608
30864 177
2311 5660
44281 7591
76510 4563
63062 2936
86408 9721
62140 763
94411 9232
58815 7930
92878 8224
78409 9374
57137 3666
57490 7101
34056 3659
77302 7410
82301 1289
29733 6908
58293 4006
44499 9345
92986 6182
11535 5984
80892 7961
18041 7581
24755 4042
14692 4690
84435 9981
36651 5621
82108 3542
78017 8302
90790 7339
80103 2146
69682 3570
5376 9058
50897 3387
84067 5490
96033 7194
6032 1418
83522 4103
72204 574
75722 7312
70527 1770
54576 2339
71120 2743
66184 6979
87749 2939
65248 6345
50553 3296
73427 9703
71441 4247
75179 8202
27496 5037
63743 4016
24464 1668
43165 5517
42456 4917
40108 8970
18842 8607
11605 1231
25886 2839
33912 622
4299 7677
80740 9821
93675 1973
32360 8477
48098 2464
15376 2561
55205 8612
1792 9500
13498 6700
79218 7856
90772 9699
63682 9533
77015 2372
7867 4816
24312 6512
46697 9974
2263 8741
51284 2922
98049 9214
49409 7319
14849 1733
49246 5519
89341 9300
90156 186
82009 5754
26648 2684
45457 7451
55561 8275
37552 7338
28241 3579
78855 3999
97358 6624
63961 5549
57711 5331
27197 3882
47319 8730
47870 7356
19512 1006
2321 8234
92785 5576
71030 6565
1306 9850
84087 5740
20805 2699
37228 303
10527 8650
62679 7191
57792 1697
54470 7931
58008 8090
15783 1007
99980 152
95365 9614
91857 8211
6505 2107
95489 3244
22072 5900
78959 7132
7333 9566
91893 6552
26064 6618
49854 3074
85506 6604
41786 6129
6538 6286
77319 414
23788 4059
70594 9958
40052 3836
74073 3913
12253 2569
2557 3553
83372 5331
1063 7049
58345 3493
99572 905
35222 7802
46649 8570
16729 7147
74995 1717
84548 3849
32239 1796
3607 1278
2034 6159
38838 9449
95119 3821
63247 2961
82397 7833
82492 190
18619 3755
61815 2765
69660 2463
84692 7771
24055 2831
74360 7527
34946 9462
46303 7638
66927 3926
32471 6585
10811 3045
87387 6423
83790 7446
24765 5926
60216 8003
39052 9196
65295 8801
28980 3658
41993 6802
51980 3759
64178 8749
49876 1305
53456 6181
82655 8069
72271 4600
68661 704
40254 5665
98364 6703
34236 8379
84006 4324
27794 1807
65618 2681
10881 6708
42126 6005
78714 8675
95024 6669
26431 5714
25852 6987
67712 8976
50781 1108
98723 9572
83189 6602
59374 6681
25096 3189
77058 9348
77828 4233
9369 6432
80293 6813
16353 6625
94832 5055
51420 4423
36369 8222
60675 3292
11175 1853
77073 1499
78197 8431
67531 120
25232 1369
15661 1004
50730 5565
35621 2001
79237 5577
62971 7144
10914 6341
84639 5309
7814 2231
4080 302
60549 2786
33762 5418
41355 3673
66147 439
54540 8092
63850 7737
69743 300
55348 2648
24059 4785
18618 9020
89018 1987
24087 1269
78241 8070
44962 1031
6800 8332
15935 2116
69060 1095
64203 5675
17729 4003
18560 6958
40436 5134
72295 7811
44973 4073
71860 2405
64260 2518
28674 361
64227 2538
85593 2888
51528 6233
10398 8242
26697 8158
87390 115
89121 7011
57487 1067
15128 6910
6740 4391
99162 3681
98435 1378
64216 4862
47817 2520
63932 523
49592 3579
87511 4081
68473 1667
72849 9217
73038 5388
19813 9868
28317 9194
86202 2766
57050 9045
32242 2652
21590 7435
83070 1295
30651 2365
59164 5803
83390 9676
22822 2
88192 7123
29686 1937
54379 1708
28514 5917
22341 9540
14477 7486
8722 9924
76263 3381
99277 8987
10298 9895
11257 3210
77247 9431
44839 8775
65245 3650
36983 188
14386 6299
1805 886
64574 6595
48120 3876
82027 3615
29057 1916
9413 4218
95469 3394
55849 3549
66916 6035
47227 3968
86584 480
50381 9527
49300 5867
55391 2154
85381 6247
1591 6794
91875 3791
44254 3264
30156 6545
9682 2684
72594 7118
93397 4415
48498 8988
59117 4929
37816 6109
46237 5573
62652 4156
59958 9103
37277 7512
28370 6382
99077 4280
37298 9275
8660 8983
68745 1563
62524 1205
3681 3293
22943 3598
23159 1185
71383 8490
7776 9918
90942 6084
82695 9437
51324 3907
34540 8524
91278 5614
33495 4008
97937 1725
69435 7426
19344 1582
42023 3305
83017 3979
79677 9018
73296 338
64930 1300
49239 1174
45030 3074
58597 4736
79464 3952
84359 7601
43574 2797
61816 6668
17911 5416
75764 5288
94206 4087
13506 791
35840 4498
22464 9226
3661 2612
22641 9632
10572 9679
20569 646
12391 2360
52974 994
68118 6290
12125 5613
24036 1993
70079 2371
11650 4627
48236 589
75708 419
77004 9343
30435 76
97781 2466
69384 5601
62993 4878
11436 470
50341 2996
83140 6144
99099 5332
43125 5282
72499 9163
77997 3711
5327 4879
81214 7411
5969 8340
15873 202
83543 9533
98419 2770
97015 7101
92071 4837
94949 9184
29718 1567
46633 5687
91383 6874
42908 9368
99605 9982
19053 1521
91486 7704
57118 7603
53988 1987
62976 6901
65114 6448
93188 4376
60085 9990
27083 5065
67232 2335
62572 3001
39542 3623
11165 492
33438 8501
64979 9632
56051 3185
28150 6045
23121 2922
67706 5471
78266 5072
85138 3340
4631 3715
52654 540
66351 3063
74467 6155
14031 734
45996 3352
1574 2689
78789 7521
50597 8530
35453 1883
40380 5338
34725 7651
44130 4483
92277 17
54810 998
82644 2306
32099 9702
96335 5467
1338 229
26765 8186
64403 1848
15302 8722
84219 3469
50365 4211
36720 6093
32272 927
80959 7364
97002 5074
26971 7790
35038 8585
67985 5572
48828 6594
55900 6298
1913 3369
17343 7522
82589 6338
45127 6374
17076 8663
7842 4724
26355 7877
91914 6462
60589 4743
60448 6833
6111 5144
97046 7785
79345 763
86568 4681
64115 5557
31591 1426
78169 7704
91746 1655
7498 256
42591 7128
71884 3787
53194 5994
10660 7547
30479 8779
5985 1306
55101 941
13436 7550
51619 6500
54646 6235
80715 936
24818 4513
37927 4266
74902 2746
41575 4608
73366 355
14986 1586
84759 7577
62386 7599
36800 2226
54064 4087
48053 8236
46919 1333
57331 6284
34451 8798
54472 9369
4496 8807
12044 3987
16452 4390
70992 4083
23390 4881
87425 9787
73825 332
33597 3771
75783 6769
48271 2042
57317 8900
12714 8834
89532 9449
10552 472
36215 5941
47556 5401
24806 4
13191 6343
89430 6717
81119 2151
43191 9406
40783 7295
55158 321
97102 7040
63713 6296
45826 7478
87146 3394
60543 5810
39376 9691
62661 3304
91704 2246
12563 7099
72572 39
40873 8158
52265 5304
48591 3050
57921 2876
96222 206
48897 6567
20574 7685
78963 7280
63756 2127
7977 7904
37449 1723
28151 8844
35134 4512
64675 5871
46178 6859
33923 6154
13142 7852
84107 9503
89084 3012
74967 718
82924 5230
74658 6619
59635 1982
30005 7496
43797 2410
75365 5065
7928 6984
26475 2152
13996 938
78076 1373
41951 4911
97799 5592
35497 2021
39709 646
65765 6938
82338 6311
49602 8013
78096 4519
29078 1094
93541 9064
94608 7924
60420 8251
18360 4277
80936 1573
39401 6279
84771 7174
21877 272
4430 7423
35318 4139
9103 2622
53416 7165
94330 9789
73699 3381
1078 6459
44484 3081
20914 4731
81450 5860
89450 6223
59073 4881
56559 3019
66733 2705
80414 3368
32377 9957
25218 5325
75635 897
50633 8471
47771 4110
27407 9154
25168 761
62791 4722
53776 4017
64626 3964
97297 6218
94416 1000
50392 6733
76901 9268
30139 3200
46913 500
15715 9133
35526 2798
50662 9715
77774 1062
67306 1795
61840 3694
18352 1063
67717 6765
45177 1869
13373 1647
74638 3488
83055 8042
97915 4231
51761 8256
72828 4539
50235 2250
15574 737
26305 6281
69683 2635
86157 6683
50924 8656
10528 9360
40072 9724
14394 3412
24166 6875
45833 8178
25686 625
88746 675
66796 7982
73333 6631
20299 6664
31189 1382
62530 6633
85345 1441
60493 4780
96069 6999
20257 7072
1969 851
95515 7144
98738 8735
13691 5195
82805 1186
62169 5869
97059 6845
52063 876
9226 512
48184 6474
65651 9673
8934 9975
5680 7730
20684 3356
26837 5282
47052 2683
68054 6417
5883 5733
19171 7114
49338 9709
14603 9058
86132 9839
74188 6536
73007 2546
68574 2803
30924 7083
90056 170
81888 5301
77385 2664
28492 2127
64115 2616
28265 5435
9662 4573
91967 7907
83455 2306
3095 5261
10784 4820
52796 8
44232 7032
45312 5024
23831 5666
31098 696
95268 8203
87607 4778
17634 7008
99445 3907
55526 7868
60951 301
81243 6231
69254 1204
64379 7426
98285 3258
87381 5298
46359 5254
41404 59
16032 2554
47248 1227
24578 5165
31151 3091
37956 6772
83951 105
83408 4480
87042 776
98830 9723
70618 5253
9766 4847
66639 9662
69856 8952
35008 1374
77437 1618
22195 5054
59330 7682
84498 6792
92045 4716
29994 5018
45544 4612
13653 9052
14707 770
69420 1500
8614 2472
20390 5536
10672 1050
89315 8651
70692 5212
96357 5435
87521 5641
13221 4622
38869 6791
43646 9677
67771 6467
65067 4741
89829 6506
58674 8388
33869 1128
8825 7649
91692 7794
46572 6829
69758 4648
94024 8215
96716 8736
38800 6377
73263 5032
38899 9108
28251 4557
31672 793
53212 9961
87030 8421
37262 9234
23364 8758
49437 1277
40974 9855
72927 5703
27406 1713
56492 8364
24122 5348
15326 7525
67529 9948
38527 1445
99766 4613
20546 1296
40702 637
89456 3112
71664 5621
41979 7391
37257 6699
86537 1837
51471 7732
84203 3362
3908 8421
50626 1920
92725 7682
61842 8414
76722 7162
48679 9079
96939 56
97826 9415
46471 6837
54363 1634
82928 2712
62310 7776
78251 3218
64445 3283
32652 3778
73228 8602
79127 1886
79203 6795
39403 1163
78403 4350
34542 1573
69207 8155
75414 4088
6613 3221
18939 9090
24210 1898
29612 1897
67573 8340
65249 1644
56278 4249
7097 705
67920 5026
4161 6482
51583 3239
90533 5009
54096 2354
89208 6538
24792 3270
75312 4475
36155 156
40227 2383
35434 992
84117 1560
14062 4465
65837 5688
90955 5414
52165 6249
20476 1987
6978 3868
97660 9066
68082 6410
8440 8897
84636 9693
84276 475
87000 9698
6534 1069
37098 9484
99148 3713
40850 3016
4334 3368
70794 8065
83095 2736
40070 8111
67775 883
26439 6567
95221 8198
78741 9649
6529 425
55901 5465
95341 8024
62891 4813
12437 4013
46377 7769
74615 345
75427 5195
30932 3282
36473 3681
46451 5995
71777 6116
90252 2353
25480 3529
15823 906
6442 9984
53541 3829
33754 7168
97419 1511
75120 7592
93130 7201
79431 4318
52917 1532
52528 8513
62512 2091
38280 4551
91689 1769
9774 6582
91782 6508
41904 4544
21325 1876
18354 3549
58742 1462
59351 3969
88863 3497
98589 1118
24046 487
11226 6078
81348 489
71497 4149
55153 2511
6388 1740
38442 4802
99864 8211
13429 1929
79424 1810
34864 7348
25082 329
47297 779
3463 2300
2299 7371
36642 7089
78120 2337
70634 5297
60467 9319
43822 1176
85494 7490
13894 3350
45464 5313
66800 1568
15024 870
8190 7343
14505 4222
12843 8318
40352 2551
98969 8698
42274 7145
47439 1473
19708 7523
10042 5372
43530 2881
77474 1003
95914 8373
47680 3226
23839 9498
99245 4987
28269 7612
63867 5132
85838 7768
38737 2169
3880 1282
43475 708
28511 6661
67576 2903
12445 2250
7333 1073
74960 115
89131 7961
14020 2477
32660 1562
82780 9623
51616 6617
77408 8074
28076 7845
1757 5754
43375 2276
6084 3584
96167 5021
66979 3739
73532 1639
66592 5149
59946 947
12715 5969
92950 9718
81060 9043
13184 3656
74694 9414
3629 5436
75279 6285
55292 3032
5822 2485
24019 6601
71343 6163
32578 3838
41222 2782
35940 7112
73163 2360
91671 358
59417 4081
75604 3457
82656 9396
6930 4587
10774 6602
17585 9073
58936 7757
49728 8821
41673 8040
58731 9205
60492 3458
53258 5271
88852 8689
21210 2570
10918 609
7177 101
49179 4602
64242 4463
95992 5337
61558 6493
50251 420
83398 6105
82476 9861
75985 2364
69587 6666
84577 8541
26507 770
54566 6360
69842 1803
72826 7335
85541 3465
4348 4301
55453 9263
86325 4611
31240 2248
30975 8777
63536 2133
24767 2808
45393 9908
30174 2693
60499 2124
41649 5716
39476 8909
32580 8781
63519 3026
97528 3017
27670 7190
47140 5222
8815 1366
84343 862
63031 8704
63919 6392
95904 6067
81203 548
29745 9470
94652 4721
28676 9733
6640 2174
4339 8354
89464 3673
79650 9273
5185 9770
14862 2343
24853 4383
94543 908
48615 6092
73911 3548
91279 6196
77813 5883
72951 3692
25429 6054
30709 8733
1507 5305
10193 1039
37837 2448
57716 1861
31503 7734
9568 9816
95923 1343
55764 8616
26521 2769
51677 1188
14522 9358
98739 2878
28299 7812
5404 5084
47303 2280
85795 7766
60430 1446
88855 8032
54704 271
62472 4079
77943 1522
78352 7334
25103 3146
94035 7908
42848 1892
53805 1256
77015 3121
95500 561
1630 273
37010 9866
88108 5710
73497 2254
40560 197
66678 5658
6052 3275
67331 9398
31989 7109
9761 9437
63560 6478
25297 9402
62061 3874
73813 5090
75551 1736
92937 3048
54065 9386
89143 1714
70921 584
74603 1132
11031 5756
76983 5671
19924 1735
14365 3279
91922 7068
62259 9
82603 5887
53005 7593
83810 9004
6048 253
50587 1706
7216 472
81153 9076
77183 2337
89707 1330
26275 7205
71229 324
30871 9303
72520 3097
76871 6619
54223 180
48929 9579
11633 6019
20059 9177
51033 3949
71247 2033
75662 3815
30176 2358
15757 7175
66786 4079
6600 75
54976 608
23524 2142
56787 6777
27299 822
4280 7608
60401 949
28443 7591
61333 3807
33128 3907
6919 5989
12341 9807
26579 3593
29457 7607
65265 2401
94315 4756
10093 3750
75501 479
91007 2387
40590 80
23111 3298
55013 5177
2787 7510
41996 7088
45054 1239
98385 2215
23068 8447
10135 9583
13782 6524
39199 1957
34838 2855
9636 1676
36601 1346
26402 6982
36309 408
77477 3992
19153 2832
40523 6406
83661 9215
92966 7966
23010 9188
75411 3603
18963 2890
67134 8642
37591 5515
3717 2620
76247 1310
83900 5331
77595 4893
87819 8221
54638 5623
51604 2005
41515 7250
14489 4889
81690 9902
3337 8821
54295 7058
36945 1985
29343 5294
67124 3979
69849 7150
31338 5510
85721 4984
30617 84
86661 7146
79813 8014
18612 4102
99244 9973
57316 2874
77324 4991
57774 7362
47502 2370
94650 315
71339 1267
35627 3230
44324 1570
46940 956
88593 1663
5081 6075
84265 5497
89154 878
49599 6385
41976 7993
77683 2691
72454 5480
11477 3783
93963 682
87240 4673
63841 1127
28111 4068
42868 1345
28887 367
17087 3396
19039 2005
62915 4372
19510 1626
29683 6012
85951 866
75537 2964
6645 8641
41066 5314
67073 2481
17627 217
87829 7811
10028 5738
22751 3128
44431 6248
11020 243
47320 6128
93983 724
49213 9925
86658 7782
6565 7217
7264 9667
96276 664
65906 1275
66746 1210
72759 4551
2901 1787
28923 6213
95340 8270
69012 511
54400 9379
42631 6642
16232 1745
32417 8617
38937 2819
67839 2903
70430 7459
82954 2875
55899 5619
41843 5462
75589 2760
38799 3838
30547 2705
7975 359
41147 6982
19566 4424
73857 8371
97283 3702
27479 3983
76324 6365
95516 6112
25980 9588
62650 8721
7726 9272
60750 3150
54393 1620
72412 6294
98286 1953
49261 3391
86710 7939
36212 6601
51012 5615
56518 9542
30628 7365
32090 9367
22342 4310
13893 4255
40849 6644
84754 6458
22337 7411
10549 8530
38642 2868
27702 4655
95591 1156
89604 4292
31604 8022
61773 8824
6360 4102
72189 8310
78053 4934
94833 2348
58673 5483
16844 9952
52504 6180
91395 4273
89578 8553
94944 2929
33635 7670
84164 1858
78764 8356
52851 7436
59349 586
70810 1020
69528 4755
55844 8475
16821 3079
58730 6381
41318 6186
78568 3462
69154 4117
86798 3767
30957 5699
84372 3395
17130 6300
66305 48
37758 3193
76645 3266
40311 6446
52824 703
44305 9099
77287 8093
39821 3782
82039 9424
9183 5711
7358 4045
72375 3814
68994 5949
49020 1892
58000 354
21238 3177
72704 8425
61186 5590
71735 771
19915 783
87491 4645
37746 4693
49387 2636
53131 9226
8178 4672
80856 691
17914 9191
12376 6160
40788 6028
31305 9869
94928 6906
2680 8748
44356 1742
20396 8869
92213 4983
69400 1322
46767 9178
68718 430
88067 3187
7995 6751
29640 8065
53785 350
38346 9468
97767 6595
56439 3752
83078 6361
58861 4630
26783 6391
14729 4216
4156 4966
30162 9593
56667 8904
38463 7193
74416 7292
49368 1906
23408 6734
91945 5999
38299 5843
18809 4554
51274 3773
79946 7719
56926 1946
72746 2293
26760 8483
10835 7648
57894 5966
74443 4464
56033 9050
43382 5519
23097 4066
54488 8409
23394 3639
28831 7703
28887 1656
37781 2986
34904 9210
34333 8398
83345 9850
77641 7204
2812 9346
7409 1475
5556 8356
46982 7075
42610 4644
69008 2980
5648 8476
39846 7860
97299 5977
27719 6974
26517 9731
19078 9238
54244 5230
68281 4734
77014 4350
59131 8882
34556 764
90179 9009
43225 7906
29647 4991
16570 378
19589 6199
75003 9847
48313 4467
98472 5075
18067 2391
97059 2960
37907 2585
86061 8071
46735 6948
20453 378
47386 8949
95363 4744
60959 8500
87303 3413
50249 5266
95761 3053
89165 2955
34769 6413
74492 3893
7104 8689
52050 1922
30965 4727
59368 2860
93533 6298
84336 2989
31710 869
14899 197
25034 1765
58335 2932
68128 2
47882 2535
9308 9854
80959 7036
97780 1863
98973 5374
45902 6981
39066 1172
39937 1916
52192 9469
51777 9130
6537 4739
34448 5687
12238 7061
99120 3810
3281 8565
77703 6408
25586 6734
36821 6215
40022 9113
53554 6154
79940 324
41492 9729
57441 8097
67996 3763
47646 9909
57885 1218
82608 1659
22312 1321
94581 8227
29989 9915
57610 7589
45748 5060
96014 1452
19966 3298
28812 3487
99974 9875
69546 4237
78208 1854
55973 833
69408 6890
6297 4589
19625 6877
81886 3299
24568 8986
42367 5776
1526 8763
70215 8074
73889 9489
70988 8163
41670 5774
82450 3129
25090 4937
48396 4883
21531 9400
3555 6141
67496 377
43152 4840
90583 2506
73530 5682
78025 2052
37268 2627
85633 1033
16226 9479
11682 8948
71175 583
49377 4165
55694 5639
44458 6964
11398 2198
88158 10
32163 8664
88550 3956
95472 2088
22174 9586
97462 1610
91138 2091
1420 6319
48060 3957
57243 7788
2041 8759
21756 7942
71131 4462
62207 3310
71459 2251
75883 3037
85226 3892
97522 1398
95290 4609
43763 6517
57584 381
26773 8280
92394 9680
30708 8468
89507 9825
29271 1663
66629 1637
15990 6009
20664 6278
12363 7197
36476 6828
87953 3698
62429 3012
7152 2866
27864 6472
14525 2798
87395 5308
93170 9221
64983 2807
98397 4402
10319 6613
15857 9384
50951 3357
92965 8914
48056 7243
40953 5982
66932 9227
51148 7744
14620 8010
13698 7521
77625 7092
12205 4362
45026 5111
37485 4582
47511 1395
14771 9454
92853 5364
26564 7815
61177 7438
89375 6769
58706 4779
21579 5806
79338 5941
16619 9831
72760 2993
47821 500
54114 239
19864 5121
65686 4450
21753 3254
61778 1169
72277 6427
89751 22
95159 903
83023 6090
4666 1912
41830 3071
99358 5163
3996 9884
94621 296
37046 7262
15185 9644
68402 920
79994 3680
29194 3967
7795 2589
49638 2336
67536 8302
98853 2068
78458 1569
83047 4970
99362 8255
96563 3004
17414 2551
62773 6363
36329 1589
15476 8462
71138 2027
90593 1955
41603 3429
9095 5852
78705 9156
12994 2519
97897 975
54245 9674
44871 386
9486 7067
97803 793
88675 2581
62337 2210
92097 2711
79510 3686
84106 9323
26397 4379
82221 812
50247 8698
2795 3596
4356 7472
13362 6670
65144 9428
26783 3223
90369 2867
5853 4003
52386 7513
95686 9187
11114 164
8185 9620
38012 9492
18442 922
60478 7398
69886 1393
32661 2293
88504 2426
93975 3044
36553 8844
13481 8971
19748 7275
18900 498
68813 5756
2529 3684
41801 2667
7545 6546
9650 5020
85285 7448
11570 5025
5787 2982
70106 6973
69135 1330
54400 7707
84010 702
29827 3733
39304 6777
77001 1719
40891 6485
82883 4699
52297 2502
26379 1014
59356 396
56178 9338
89335 9702
58277 5782
83360 3153
35770 2561
8643 220
28285 6670
46956 157
19371 5714
91040 4500
57720 6669
35561 4113
5725 8840
53160 9028
25673 6378
73820 6676
29784 7005
43502 2028
87772 3707
46539 1884
77774 2256
66631 9832
90928 5173
62252 6557
86350 3669
79361 834
94751 9878
41668 6225
65487 5743
76496 674
8219 1709
11742 1692
18251 4965
27701 1058
75059 7208
18643 5065
98712 4402
73321 6667
67376 1133
73351 853
26671 8734
89829 9002
54471 724
74842 7880
73040 3064
36508 9491
32379 6889
75175 6244
90344 9540
48369 1340
93004 3166
56051 6590
24951 4353
72687 9299
46657 4625
72573 4585
86583 9585
8249 1838
64783 8430
43050 6562
4545 13
50024 2793
69115 6593
18557 4369
35577 5579
62752 180
25813 9356
86561 6555
59914 9206
9929 8013
93046 3914
72402 6504
13961 7081
25886 1939
70684 6373
95650 574
71207 5793
72371 290
83091 3506
16596 9686
28929 8462
62726 4210
58853 9894
54789 4044
50281 5341
75883 574
1224 4344
53214 9583
37404 4045
99324 5481
93522 2259
66780 1292
10430 8844
71918 7842
9690 4085
66579 6544
76732 5794
44231 2387
71560 569
74506 1461
4351 2889
16819 212
54151 5712
42343 9530
50068 9818
75670 4336
56458 742
8616 1301
58746 548
77199 9482
33615 9295
79124 3814
52618 4321
96711 4194
78749 8884
84504 5263
89373 6857
69540 9481
73166 9173
40051 5651
54237 7837
80984 317
68576 6433
17757 8217
31313 6691
17405 6330
70113 1581
89293 104
69692 786
24089 3443
52449 2934
60929 8368
26872 6812
41149 294
22436 9016
23061 4126
89747 7445
76159 9425
52986 1178
21996 4357
71385 9294
32806 7657
69018 806
65742 7658
2300 3108
4446 6463
69137 8903
80089 529
71754 8952
9988 8412
75885 7294
97386 4070
43640 3644
97969 9119
29768 4627
3291 6392
9153 4669
6186 7516
72647 2891
69986 9503
74786 7301
74476 2466
17692 5814
1886 5924
71333 5624
22890 5864
41323 2849
2073 3878
16039 160
56876 5437
27706 4753
59799 796
77239 1542
27118 558
52252 213
15381 6012
15133 2377
18863 4432
37660 7393
80783 6833
82820 8798
12500 1192
67577 6193
33950 774
86077 1073
90704 8808
5853 7990
18986 5792
34130 3435
75471 6879
71260 7686
1015 2170
59444 5054
95222 2364
87922 1835
17251 3933
5152 3140
23043 9310
4622 9487
27999 4703
2126 8158
95309 3108
50875 1978
58361 9513
67754 6145
76602 8231
88032 6533
53452 3572
1352 5558
8913 1224
5283 3539
52922 5181
97204 3698
77467 3237
5485 4060
12024 1114
57647 3102
54914 2137
71979 65
90219 9774
82872 5288
81799 8207
96823 4300
64887 8844
93380 8247
39716 1531
28697 4384
62953 4075
77891 1780
84726 8155
19254 5983
14359 5330
55235 476
41322 5739
59611 6306
74908 9141
19932 3966
37739 2164
25564 5302
48916 3427
65975 8142
91605 7399
52360 7921
23931 903
74538 1620
24406 5705
53452 3022
15430 6149
79847 5527
11874 8587
52250 1036
27883 4662
56227 9212
65683 4
74265 4884
4004 5956
95344 222
29079 4780
31286 1055
3494 2489
3860 4006
12355 414
87193 133
52646 8987
35802 104
72502 5400
27159 5679
12699 642
67719 4026
5035 8450
55465 940
55570 4532
93963 3199
10704 8594
39327 4604
80037 6572
86199 4984
51675 6307
5887 895
91217 3080
56152 972
60923 2145
4162 9811
62126 8907
17075 5558
39870 1685
31435 3865
93234 6373
70404 3470
8033 6153
32931 7489
14393 805
99095 3425
7126 9420
32411 9504
88361 9265
68100 2006
33137 9665
44513 3019
2661 2604
28037 1248
18808 5864
15477 6696
64722 6204
94289 5893
26617 8048
35108 6457
24676 6667
69936 2541
88514 1827
92838 8327
98869 2468
44675 5044
56157 3561
25072 9191
1232 6826
84259 9910
69977 3456
92926 8556
37893 6339
49031 1042
88247 8980
9817 359
97733 9251
6321 1265
45344 4187
74302 9542
23690 154
93791 2095
1177 533
57242 6867
78012 9926
84567 7011
24784 1717
69606 8802
60258 2954
22275 7510
98611 3314
99456 963
83859 9761
97808 6604
58371 3210
60918 9857
39944 363
98581 1456
82323 2259
92590 1200
44791 6546
4967 73
71672 7541
54760 6630
97515 3194
27149 6420
90709 5628
95192 8425
1792 575
82612 1268
63255 2288
22063 694
50236 8147
75800 4286
60819 5508
52073 115
13638 4411
29335 9500
89859 6782
72207 6469
94795 6345
18608 48
96846 7775
27119 1684
32273 4360
30550 4374
93053 7834
66645 3362
64664 6730
18568 9049
13897 3256
93721 6133
35921 4081
95204 4042
19137 8512
22665 5700
94545 2824
94891 6476
41609 7028
28748 4204
45211 6512
97145 1355
54421 4683
94820 3578
4205 4560
70582 6043
24865 9746
35983 7160
2037 8051
13287 7262
38607 9714
9795 5356
63527 9620
80203 3911
64777 9658
14385 8509
36764 6941
14142 9981
77470 1183
2710 4624
16132 897
39175 4218
75896 3870
13662 8297
66163 5531
98468 8937
66230 9200
7570 368
29746 7653
10163 3559
40613 3426
17800 928
9441 6108
14444 8223
76144 623
68199 8374
58205 8298
44882 328
30944 4294
20960 4703
41154 2750
16884 7980
2555 6159
7911 7771
30962 9167
86541 5484
37488 2617
63765 3889
22330 2524
82116 9553
42594 1509
53465 8266
69785 9957
82978 7489
51184 1313
66069 9803
87788 5329
95454 9189
83615 6990
66691 3010
35715 8805
62293 9435
60135 1938
83792 5726
85809 539
75765 5869
90053 5574
22921 1797
41369 7378
53474 3905
64279 6706
52171 3253
40563 6868
47532 365
85089 1048
20115 8299
24889 5098
70290 3247
22312 5136
6422 9889
53517 5361
37669 929
63010 9158
69386 8335
24242 3308
7070 6685
25890 7282
39143 1864
63731 3281
9146 2663
91037 2963
57469 5574
57761 3468
43223 9535
43103 3092
41720 4195
70389 8648
47427 6520
15401 9315
5333 6463
77189 2279
99461 2236
49908 4124
82365 9854
98266 6889
49366 628
68457 2682
52752 547
92208 3053
53265 8980
51425 7432
62434 2918
41670 3791
72384 2107
53356 7046
26683 6932
22604 6507
34237 3570
28195 4881
68091 6077
81682 2093
20045 3138
67895 5359
65885 4118
47150 1154
9961 9093
67353 2097
19760 8112
59204 1539
86363 3364
99657 1430
53656 5881
95695 405
53872 9532
81986 3850
64029 4859
93097 7426
98998 3850
12684 5591
25026 2265
21465 9797
53769 2843
69115 5996
73374 2511
66200 6441
77694 848
15055 3797
30781 2717
61170 2737
70655 5896
55435 1238
35178 2837
75419 7702
53668 424
43534 8279
66201 3543
83646 730
82246 6125
43841 8199
36628 6279
78171 6201
25112 4838
91623 5602
40260 6641
21114 1814
66818 9123
1560 2709
95070 7893
11628 9766
49103 9182
86931 6237
65712 9682
10374 3615
48453 5189
13533 4171
67988 948
24687 9878
46521 3880
35184 5037
16363 7995
83194 9914
45996 8424
38789 4953
44834 8889
76161 6970
52804 9127
71096 6788
60711 7924
58734 6958
46851 6745
22058 7413
84147 3829
85349 2132
79077 8487
43297 2603
83765 2002
61323 6527
38140 8098
73769 7028
76004 929
16353 5722
29030 3149
51547 6196
78501 4339
2254 6165
20104 4789
77370 8867
68296 813
8455 6458
91822 3533
3064 5634
43623 5663
59222 4365
15053 4054
9130 4031
77310 886
60724 7932
21301 3326
51230 8223
31944 9126
44983 9293
76399 9744
13835 2176
65863 1520
90962 4793
80169 9280
36880 3977
57233 6507
60217 6734
51788 1744
83819 2954
27985 48
31058 705
3222 3736
82727 2993
8982 7660
57349 1992
88454 3343
80177 8552
93750 4680
43668 6970
74574 7669
14706 1033
34919 9574
11304 4739
36289 4537
92707 8590
77341 7104
95843 5612
31382 5238
98816 1396
2858 4670
81379 171
31808 9282
78187 7465
74459 2756
60919 864
30940 8154
83114 1231
70521 8325
34437 7667
10594 3503
71260 2293
38930 1416
5070 5739
90486 1771
72270 6124
9620 8291
90507 7920
15134 7703
85854 755
49473 7889
70358 9313
37396 1266
6118 4183
86682 2521
91498 9553
39927 9422
31111 4209
63247 3654
53943 4623
67452 4027
55080 1002
44809 511
48051 2357
7088 5532
41923 3227
19007 6153
5616 4618
49717 1720
46606 6164
22476 2161
2573 109
29531 5134
80052 428
15950 499
15460 9998
22909 6856
44273 1446
52946 9134
24167 4942
31737 4505
37187 4085
2607 8935
84936 5744
97196 7845
50629 7201
18879 4257
21214 151
87160 9938
60044 1611
58984 5044
68066 6449
47648 4611
46323 9662
86036 1554
6634 2351
6741 3451
51428 8235
36932 4845
43800 7048
18533 1747
28246 5930
33031 6969
26559 4421
38673 9819
95892 7732
72270 8893
28490 4049
28146 9516
83177 4239
59464 2313
77415 463
91979 4181
30573 9317
61083 7234
7084 8889
42119 5240
62537 6282
75148 2481
35239 7700
52299 328
44251 8352
81549 6551
26817 6426
4312 6494
61176 4588
43333 7739
6748 7040
50351 6729
74182 5291
29850 3837
97355 6787
84734 2362
79041 1560
46735 277
42185 6418
16027 3212
32469 8910
80108 8404
72352 2488
32911 6737
98241 8282
98828 7457
84116 6628
98573 4962
17340 4778
4722 5782
30061 9377
3380 2713
32054 9335
39922 8768
16591 4235
56890 2339
91897 7496
88874 9846
76527 3447
13972 2226
49174 7152
45086 4263
39772 4672
52673 194
11360 6023
21136 8260
62493 6676
89192 2768
64472 4066
44433 6697
87321 5552
46725 7378
12319 5150
24328 5962
81545 8231
54686 4785
17701 3605
75536 9179
40968 8227
76223 2518
84111 6514
22570 9463
34825 9627
57669 9513
43582 4854
25129 4817
92737 5863
21076 303
71205 5006
40449 5653
94342 8807
84947 6197
46064 1089
8222 9906
18199 7737
29713 9425
99151 7522
13781 84
21554 4401
56050 3201
44037 6147
52246 65
27378 3893
99056 422
83527 9858
97656 3055
97524 9346
89114 2374
71735 5153
65534 9053
71888 930
79030 6839
47211 4792
10027 9034
59729 4704
85380 229
39860 5587
2067 6690
78311 9702
57973 1509
60991 8919
68685 3968
81637 6639
60691 3109
26576 1257
50034 218
24665 2998
12927 143
16940 24
93066 3140
35526 3124
64097 9562
87694 663
92275 3202
48558 8906
70695 1784
94950 2755
69450 1948
61506 168
81124 8248
76143 5905
71946 1893
12430 7928
77035 5151
27654 3238
60058 3165
46317 8839
88655 7445
16663 1793
97713 5857
98038 7962
30349 9207
42474 7550
86158 2423
60041 8502
90718 3235
15272 5683
79633 7355
94106 8733
29379 9618
24166 2896
23614 2096
17549 8363
26734 6716
9843 127
10240 5433
91640 9347
53629 1957
53611 7780
38773 2991
32725 2175
75021 6308
50068 1859
94709 8919
97612 6352
26739 584
30412 469
78514 5478
79619 8595
71637 421
60208 843
25880 9891
6670 7402
96721 8425
17193 1859
15272 4397
88586 6035
29373 965
20527 4799
14753 8617
5184 3538
70116 940
84010 2707
87185 7309
13678 3247
58989 7991
39092 301
51026 3368
85956 1921
30940 7077
78823 6951
20577 4085
7092 2458
5273 9135
50472 2166
56517 2445
78918 6741
96304 5324
29689 6529
72035 2343
8346 9989
20104 8697
50327 5365
1308 4193
96978 5276
76752 8396
47016 3378
65570 3780
76490 6712
29899 4656
86889 5978
28367 6110
32804 6004
67578 4965
93179 7845
28946 534
89283 5226
39707 3141
9982 8445
14265 2651
9520 4919
22944 7996
77980 7170
42837 9576
51779 6833
93039 6928
12867 7396
78825 7539
17103 4742
8739 7576
79163 4566
88945 9636
63272 682
30469 3589
91763 5610
53287 4951
81718 3129
2313 243
19883 5318
91154 2637
43654 9935
98844 2546
58989 4817
86182 2333
20934 5103
38556 933
1838 6385
77832 6018
74833 848
44718 3200
87884 7286
33330 8545
80553 7341
42066 7519
43713 2468
10612 9596
33618 9484
56156 8627
38892 5629
84142 5568
62865 3999
98392 3080
24329 9032
45969 9362
22024 2276
54390 3658
40638 2849
70281 7112
26010 7762
45545 4275
33220 9297
52416 4246
97592 6688
7389 833
92873 7466
69337 6093
60067 9473
43949 4310
2544 7922
17824 4621
95501 4796
48483 8840
39356 9003
96671 2671
70715 3850
74823 5854
38922 4217
84249 8252
32191 2516
37202 381
81296 7910
40625 8222
21127 3111
89174 4524
32063 1557
58065 8187
48139 1120
69172 9800
26742 66
86578 8866
1312 8156
57658 8359
71374 8915
10099 2782
63837 4308
38450 231
54394 2343
41705 913
35730 2678
62495 2778
45433 7441
10047 7996
93947 5368
53847 8136
64709 5174
13249 6156
14034 6856
79228 6196
43009 9754
25491 6965
78485 3216
77483 4676
38992 302
54494 3892
94944 1914
85549 7534
15974 6856
44895 9998
64150 8587
36734 8307
13930 2209
34442 4599
78305 4716
79674 9521
28029 7949
40827 6249
28771 5441
46233 1390
91037 6987
60398 549
35998 8887
21204 2910
96283 1139
19286 3417
61110 5364
98361 12
8964 4240
14517 2051
48921 1275
15860 8642
49470 7840
43662 6263
35007 162
71631 2932
71614 4669
55492 7025
34220 2300
67925 6300
11870 75
27609 5393
79757 2948
64358 22
58347 7190
76838 5855
60539 8259
41035 2355
27761 9095
35816 6357
60129 7908
63845 2383
62112 1674
59583 8441
6452 6
89388 925
62857 1235
58142 218
46464 1513
92370 3276
87488 5441
90032 6890
78136 8189
64901 2528
9733 2653
62872 8087
65136 670
88178 3553
24853 7565
18816 2271
11360 9006
10862 2182
54691 1738
40768 238
27028 2908
59436 5152
61481 6963
76548 6845
80929 1261
8487 5651
79381 8301
93186 891
96191 6831
30626 4904
71269 2493
33830 4970
59771 5780
54467 4909
29747 1527
45200 705
39541 8142
80509 3503
30661 9584
9510 5654
96219 2564
69252 9821
62730 2607
88782 9591
47059 4133
22129 536
73385 3806
53419 9570
20276 6379
67074 7979
66723 2720
48919 3592
92266 9141
99911 3248
29442 1956
67129 7975
47982 1026
38084 5821
81614 6973
80111 4701
92371 6426
2643 9412
41161 9044
13795 9026
73197 3625
25959 9959
24855 1469
37188 6708
15627 4804
52070 5253
74800 7455
74016 3416
14829 6871
40308 2223
27163 9172
51075 7777
27637 4582
45868 78
45523 7535
62225 5329
68524 2375
29158 4425
70679 5621
55222 9849
20886 8339
90580 3553
85025 2840
30229 7621
52562 6396
94766 6388
76039 6628
38697 9552
4872 5440
56555 6899
24012 7782
17643 9971
1296 2872
8438 4664
23047 1927
62471 418
42446 8691
66065 5627
20673 6716
7744 2606
21873 132
25798 145
49157 4122
59534 7500
77131 2419
24138 2551
67810 1216
17648 2211
55664 979
46917 56
29322 7123
46592 7420
10539 1374
61684 6253
69252 2267
7815 3378
59167 9177
10219 3446
72447 6375
96249 4705
70551 5706
3051 2390
59107 118
87375 5741
7314 4313
93630 2025
1310 3960
25376 4091
60169 4026
75917 379
23997 1195
63700 8835
22012 5312
71873 6952
96019 2161
21128 2842
9323 8681
74237 1827
30417 3896
25843 3523
13689 3634
33024 243
21531 7164
5960 7779
62859 9084
9948 1568
66765 9118
7337 6481
54126 359
62183 406
27678 196
32200 7923
86889 4318
54815 8227
64031 5818
14106 9762
76252 6548
42826 5988
78161 1628
98632 553
2277 1053
29856 5995
92402 9254
52059 1729
52145 8246
4039 6596
69091 3129
57204 901
42897 2844
54775 3713
96834 2445
78565 1596
6817 9505
75708 2093
77609 5060
12700 8798
31059 527
91763 5242
71832 5496
7662 8445
59571 8117
3572 7138
67380 7076
30786 1208
75839 7146
92998 1881
83210 9717
94795 9988
39047 4890
75485 5246
11624 1073
94711 4507
96175 326
89613 6448
35866 5977
28917 3260
43465 3477
54427 6179
19085 5777
22563 7008
67242 2507
31529 2410
34246 1638
92911 782
43241 4017
23271 6039
22431 318
79899 4449
49345 6762
63135 7425
91831 318
92071 1541
96546 8504
27638 6893
54606 3077
29874 8306
19417 2282
77585 409
87505 4513
49029 4733
73119 6711
15629 387
17799 1518
62126 597
89835 3985
59118 8463
47716 9887
41942 5067
88793 1566
2740 4598
26627 6631
34369 1241
22908 5070
96385 5867
1199 1505
69346 6119
49543 4894
17009 249
66967 6332
55938 5017
87226 9063
87771 9162
84176 9414
6714 902
30832 7675
50072 8251
5316 7455
21081 9915
49013 8384
74721 3835
92034 9368
1713 726
71782 1741
62830 5051
70989 7369
48133 5142
6343 9002
69485 4580
96665 5572
87690 9755
66856 7274
79122 1607
64377 8907
48250 5641
69794 9930
98045 6054
97311 4984
46114 5848
47652 260
46661 1547
36596 5707
45804 6377
98947 5790
65603 9737
76507 1887
73421 7982
32953 3009
72512 3427
19401 6579
69876 7405
85296 3866
77947 1200
59068 6176
66739 502
51933 8674
76133 3325
24805 3719
90836 5925
81625 9404
66620 1946
45127 2863
87504 6722
25254 9484
51837 7870
95694 9861
87625 7012
3983 2505
52928 3438
67935 5445
11967 4951
89374 5666
18568 4178
98657 1873
58417 6866
7932 6856
20654 8067
42757 8475
53846 9520
29337 1798
86578 3136
58177 3962
6629 2269
9153 6757
90308 9325
11418 5174
62501 3603
15307 6859
79606 9289
15051 2457
54238 5965
61886 1492
25473 3422
38994 9575
48238 3334
75179 8349
93332 6244
11929 2335
29250 4603
47109 8965
92646 1826
18723 4454
89809 1507
33346 5508
21071 2812
41360 5398
17717 9017
48281 3823
89790 9883
95170 2394
77770 7992
63664 6653
9927 5035
4499 8946
18238 7625
31029 3177
61326 1386
51154 4660
93451 8594
75706 2321
34918 6850
3182 5829
9033 1073
20361 9247
32389 4446
60435 5743
73251 6723
54774 9826
55570 697
28751 7548
53463 3163
36527 8557
94465 6590
13563 1262
12641 3777
13335 5292
7495 52
74949 3530
96723 6704
62060 9288
6250 6268
67068 337
7829 7566
94908 2604
42845 1735
34723 1210
5599 9637
89089 5185
79677 8639
94804 8421
98008 8998
50427 7796
96362 2687
96934 9901
91422 8107
11254 9430
91355 1874
90526 1340
34976 7905
80301 4325
64785 2456
87133 1280
16091 3852
74278 4067
86613 5768
68051 467
66351 244
18726 8519
91084 5716
29360 5318
53013 4036
4269 5685
69783 4799
32558 3343
38935 2401
88960 2475
4140 4632
81088 1188
29084 1770
80118 2011
8835 9977
89072 5054
36257 177
57326 5323
67337 9918
33126 1525
40521 1740
14074 5873
72202 6025
91448 7460
24043 696
87026 5473
61727 7061
61869 6326
65137 3271
86932 4611
4522 6496
95988 7590
83871 7486
23778 9933
51798 4841
8381 4213
19766 1024
38240 3867
91829 604
88291 3891
51233 8096
84387 4913
38443 9300
91884 5937
41568 8368
80420 3083
7376 4907
45536 1342
54926 4398
33763 9354
47644 1506
8099 4102
43659 7902
39340 4327
19221 6061
20589 366
