6201
87698 510
14834 2038
87276 7911
21148 7925
64347 8316
41977 4056
42690 3241
53113 2847
73353 6029
32925 1748
17701 1574
50555 4838
73217 4915
91889 3855
19199 9695
24538 4549
55967 2733
27857 5579
33313 3376
43246 1228
40028 6721
71550 6432
54989 8858
72073 8670
6186 1429
6291 7291
66437 5658
38856 9857
69528 7321
70895 7116
14795 3791
2445 7890
22263 302
93287 278
23426 773
56646 8688
84502 5591
74677 8730
56681 9653
93824 7657
24231 8516
55589 5143
24317 233
50737 6485
14587 883
63957 5607
32545 5338
3837 4270
7753 697
35265 5012
36408 8479
54208 3579
69127 16
49462 9489
9195 6023
82065 2449
29654 5777
46851 86
83133 4049
21592 3331
89419 7938
40178 8336
62841 7417
71755 1073
70349 244
49452 5100
82468 1390
41791 2322
97573 5058
83408 5116
45403 4264
86321 3608
43176 1658
5700 78
19581 3863
84042 5986
22097 9583
26822 586
18512 896
80785 637
22613 8702
73331 9346
28152 1461
68602 3862
61893 4084
31626 1372
18626 1038
67054 6348
5854 336
86536 8319
99710 3945
38726 7595
73049 4070
68695 4343
82135 9643
83536 1477
42287 9388
54408 6093
26735 1321
65892 8436
3882 5625
23014 5484
71633 4252
62922 6584
65012 6332
6580 6154
3396 6587
54619 3276
54536 4160
90914 1494
31394 7804
43442 6107
13099 7213
96030 2682
40490 9509
41909 9238
88786 5574
52658 7691
99592 159
38555 7943
69030 9665
92549 8817
92775 4300
49344 3397
21205 498
79810 8746
36708 5907
70152 1225
24923 3328
5147 412
46249 8530
83345 68
57237 985
64063 8734
21214 9270
78181 4011
41603 4187
52439 463
26604 9429
74310 3919
63543 5496
62164 1467
52180 2688
9231 2211
30993 2397
36680 8546
27841 3036
36016 5664
94732 4838
8892 5865
96344 4706
26331 3686
66141 9015
77484 3211
48576 2765
62132 6635
45414 7245
63831 2263
5495 4670
81287 9937
2994 5531
41596 8097
81205 4035
98751 6094
58631 5224
78273 6178
86680 8030
8671 9225
7861 7056
54639 9784
96511 4976
8386 1640
32434 5450
2051 2203
21198 263
17392 7099
33400 3104
68493 8263
91527 2761
24517 4981
43379 1953
57022 4334
5483 7371
66762 7087
29582 7428
99525 3904
93190 2691
4721 8110
70749 262
27350 5004
25290 4984
54964 4481
95681 1309
12161 4063
24089 4187
79388 7548
5560 1533
65702 6069
78240 8734
62905 1858
19199 4316
83267 8339
52713 4087
60075 1457
25912 1408
66075 6326
83872 3003
85683 8567
4618 4086
11356 9847
84939 6759
85606 571
36317 7631
25755 5745
78535 9322
82621 2812
48210 1722
98900 9258
70367 4274
95080 2867
98795 3062
84129 7535
45107 2668
80363 9561
69075 1224
8890 486
38812 5634
55029 7863
82688 459
27419 7041
43230 7310
49163 3102
98464 864
77599 6343
62838 7442
43264 4101
50283 5267
1264 6046
7346 4418
60970 4576
12027 1180
62348 1951
55760 2473
62885 577
42340 1284
36981 1751
67309 1942
84561 3003
92362 9781
25599 4491
2672 8992
80910 3781
35021 6509
82094 1658
27467 8971
80868 2104
52514 842
30553 6571
23395 4968
30643 5687
52725 8285
3872 4471
36965 4875
56751 2244
86398 4323
93996 8900
97112 8352
80422 3177
23232 7514
97007 9762
66766 6678
56352 599
73910 3295
84518 6059
18647 2501
10761 1159
64631 5164
56416 1026
10018 6480
2042 9244
36433 3823
63716 6873
29480 1851
47123 4894
1695 5729
84980 9284
9982 2025
93091 9311
58219 3641
47042 4474
38855 3816
57850 3571
86888 5296
46149 172
81373 601
78393 3915
95652 5698
4263 8944
26153 6538
81836 5453
91172 3781
98839 1744
54112 8673
27053 2738
25767 5276
14974 2300
22356 3320
32380 3801
51389 8453
60078 667
27203 6652
71081 2152
38957 9501
14914 7674
96179 3693
21788 8496
21768 6889
31270 1144
68878 8126
18070 3908
50729 8587
24419 9046
27291 4375
96607 1771
81016 5835
91043 8699
61270 9107
23422 1623
21452 6170
15382 8050
48513 8813
15095 3890
53456 3300
85624 8860
38696 6783
3094 6673
28862 8471
83877 2031
84442 6271
3572 2739
45976 1093
14337 4961
76021 4725
52686 9772
82081 2021
57714 6394
61504 115
24198 2995
85022 5501
24614 8800
3967 899
13926 8090
37126 571
86110 756
78484 7086
54908 2017
32899 1735
62759 3332
23039 3212
56083 8554
38066 5053
99388 8320
14136 3054
98436 7680
56712 1645
74249 2331
38127 9170
18896 3738
51180 671
77639 7765
10743 2843
3289 1647
92572 7257
97072 3444
85338 1951
54549 7387
10082 5204
47184 917
6074 9830
75681 425
76543 8104
14279 1959
39267 8575
72104 2014
69737 8467
57858 7318
28153 808
15695 8670
6648 1378
42036 4492
73575 4201
18646 6821
50842 7738
44835 2483
90728 7023
39104 2905
64101 9895
82648 1210
69867 6142
58650 127
46558 9149
85542 1099
24470 7849
76306 6064
80195 8154
28746 1351
41870 194
78020 468
23547 8165
40484 3796
15407 4558
72431 1638
58744 8761
87303 6185
69974 123
40849 7283
37429 8943
13120 868
13566 8765
33881 13
37131 2684
14390 6300
97528 3665
16595 8052
8111 4936
76194 2145
7828 688
4631 1165
15094 7109
70152 3660
72901 6758
43523 5439
89635 1469
37124 7114
31353 2116
24376 8676
55844 476
18259 8339
34881 5781
5134 4846
93043 4246
26523 1222
37380 1894
19983 9402
73694 6822
61513 8390
31188 9851
47960 1605
83029 8135
62491 7262
21897 7120
32136 7473
21327 4823
75922 5263
93181 7361
94912 7999
95394 5775
32382 1216
78927 6830
59759 2406
78804 4962
83267 9297
4696 3485
94600 3513
99925 9852
32436 1887
46865 3356
82643 2830
86523 6999
50601 7994
37121 4722
2004 9194
36382 7955
57851 9706
50895 7032
73227 4598
93370 1482
27589 2267
54822 8913
11803 1524
86014 9297
78178 4333
93790 5946
50383 7381
32723 3168
46549 9545
69861 9521
22734 8829
63706 2507
76122 3273
27719 7942
54736 5154
26380 154
46437 4292
25183 5170
6492 13
52859 5479
38243 9455
82751 4413
6023 7676
21262 8431
61621 1706
98658 5922
84758 4480
30838 6707
95055 7731
65030 2484
10344 4891
36783 6734
35731 8043
40458 1035
5466 1409
10615 4576
67000 7543
3377 8078
12668 5074
29478 4251
91723 4144
87300 9572
49186 9247
33745 5999
57581 1292
58829 8295
87280 6731
97457 6826
84391 3208
13341 5834
5821 7106
9782 7725
98145 6691
63633 1425
14761 587
14346 9878
27160 51
6325 6728
96109 6268
74597 2296
13105 8344
40605 3719
2137 2725
1758 7026
87604 6798
74421 5991
13653 2814
30190 4902
83436 4824
22733 8512
48843 2508
16500 6623
41639 6756
48076 7766
60308 5272
33250 5579
21278 8295
20283 4412
41910 5025
57614 4776
62781 5523
68920 8
18949 2682
71909 3134
89081 1985
55064 3453
59826 7329
77415 8186
85711 890
68124 8480
50804 9289
11875 9544
60668 749
83600 5903
31922 7675
70501 8160
38411 7788
26320 3049
28789 5019
11593 3321
70222 44
54334 4108
21604 2953
36269 81
73289 3061
97049 6612
75268 6927
20512 4815
31610 6613
76045 7018
7596 5430
98810 6502
17385 1393
35976 1396
5612 5473
64498 2779
21617 1720
62797 2442
19325 7182
41273 3129
51443 835
13521 5377
60902 7407
45544 2570
66113 3498
26770 1237
17507 1262
57903 4842
86358 6477
84016 5971
17805 9556
94266 3829
46275 3871
42728 6497
58865 4220
39765 8180
47158 67
78908 8403
57857 6711
83869 3414
67956 6066
56953 5938
3113 4756
66005 3136
2687 8918
25019 5776
74231 5489
2223 8541
93353 5117
38424 2510
99463 3606
73954 8913
27015 5482
68865 4982
9911 4849
95799 1963
18564 8037
47179 989
64777 2721
15774 8965
50751 2386
47500 5333
62053 876
69687 268
50731 9538
5423 4360
4048 7883
64915 3455
15389 1817
96238 5839
33663 2937
22955 2465
63308 9551
64816 4735
22844 6488
42655 7901
44225 5075
13986 2937
41350 7326
67574 5410
67162 3342
26400 5827
9581 7519
76067 1456
81086 8990
16271 3974
39810 6055
15889 4033
65614 5373
64258 8171
34618 9508
79180 7139
98730 6231
17497 3017
76833 1680
10298 8446
25418 7925
34603 6329
95253 8494
35156 2614
19904 8662
64044 6642
98853 1469
73965 1319
37639 6909
14538 6647
1115 7890
81591 548
71224 7367
35956 1219
45848 9510
77524 8093
27201 3438
64068 1356
12544 7840
64940 9011
21195 5283
14447 2592
72756 8437
74214 9661
34706 7678
23546 9663
49368 9715
61299 832
78060 5426
70923 5228
41653 3902
44386 6301
90558 3647
65604 7708
90750 6229
67083 6013
24600 9209
92746 4785
52885 6265
19455 8658
46924 1388
59803 995
34317 5688
66182 8403
20501 8471
46382 7459
60727 1169
14556 1883
89516 8227
80925 6606
75755 8196
72456 3270
21145 116
62381 28
88301 4195
16335 5006
23615 2675
65097 9858
70008 4130
86391 6654
54129 9386
95766 5054
64277 312
4741 8302
1760 975
60777 1716
8407 1413
35668 2072
22497 6870
48637 1890
71408 4203
30070 9588
85989 3817
32740 9455
13833 5775
6565 6736
65557 3364
27195 5357
1166 6137
17316 4365
30237 1315
86720 6645
40560 1485
5190 7832
36985 5779
62501 9015
71949 5057
85521 5008
79033 4903
18969 6464
30173 2855
42310 9338
96132 9567
17647 5531
74506 6467
68292 8541
47900 7471
31619 6160
73179 5141
99181 1809
15876 7150
23695 365
31494 9737
53466 296
26192 5821
94278 5796
93243 7724
24400 7415
92963 5723
73352 4825
44541 6637
41991 3127
32399 490
72191 7655
21069 6057
99599 3952
84511 1288
90571 3852
99138 7226
65231 1987
58235 6911
89910 6597
74515 445
97441 340
91317 8348
8989 4519
4930 7743
75341 5613
87632 5569
61794 3098
71646 9945
58822 4659
21404 8906
79841 5594
75744 1069
12552 6420
29910 3616
35540 4689
35207 2396
21613 3802
89056 1660
29879 22
97974 3015
46305 9137
36687 7935
31571 3395
51513 3124
40383 2313
39649 9668
4519 1233
80810 4004
77249 8097
78381 9977
91148 4851
61489 2370
6697 8244
84311 8494
23623 3482
54895 8502
78832 1877
62251 9456
24634 3589
17906 3317
75256 8612
36206 5706
82113 3100
11852 6909
11790 1639
36223 5467
63954 7843
49877 5365
96503 406
85328 6013
39261 9876
9108 3121
95693 5621
57445 9238
79865 2196
63986 7159
13816 6567
79760 5154
11323 5775
6645 9962
97616 1093
69121 6331
10024 8924
48421 8518
30125 8435
53986 8107
34034 2045
96191 2289
81415 9923
9744 8514
60388 5894
92477 1904
76633 7829
88377 2859
63222 2025
39984 1000
11964 6852
52251 9859
61799 2398
20970 8615
21017 4762
58902 7067
58282 9991
79221 2198
52380 7849
55283 117
84362 8276
57643 8927
85824 2292
16592 8227
65761 8399
25616 6066
38287 786
37099 6732
84360 1626
18636 4469
37975 3909
82045 6742
68996 8445
52898 902
29666 4585
10334 9787
26986 3935
50938 5838
29377 1083
81725 5009
87444 7280
84394 7530
94159 2745
76195 8905
88368 4240
55146 1414
40890 6550
73524 5692
89434 8250
86245 7040
37452 1405
54874 6240
58154 1788
5751 362
53716 6291
58069 3837
38695 9457
14877 4528
30467 2237
56289 5480
97406 5528
39896 5495
4960 5939
94782 8344
41947 1237
68809 3090
22803 9616
40681 3109
92300 9775
53464 459
38516 1710
88188 9753
41848 8210
82605 5488
27643 2090
90461 3129
2587 1753
6668 8688
1228 8926
37225 9472
2514 3758
89529 6911
64308 2135
88544 4151
8140 5851
20528 671
90309 3580
65503 3184
92945 4975
79905 678
2929 7941
85803 2291
92799 2859
92360 2618
71352 535
60559 7024
52033 6247
32135 487
34763 9390
32749 2
91317 3099
6699 6691
14261 9502
24518 9119
62104 6580
56960 8049
46172 5500
30013 3118
8979 470
27287 7247
73303 3463
57885 3957
89484 9477
24323 166
58492 5327
30519 4470
51126 4764
83146 6475
94138 122
90326 1523
81040 2254
7535 8319
24781 6389
81796 8909
47513 6410
38595 8998
64228 7454
4166 1908
8321 7888
5080 8553
69961 5022
10154 3436
21970 7699
62341 9991
64360 2571
40167 6089
61290 9001
73009 1030
66369 9765
34716 5539
89327 2023
73292 7772
16015 7813
32367 6432
38140 1374
80415 2224
72563 7105
14453 893
83967 1546
62296 622
62982 5897
84803 4492
27236 4506
35482 9947
6007 7848
37172 5170
36717 8331
67873 1173
98843 4871
29316 3668
27470 9358
24386 5448
70946 8790
51346 425
92400 303
19583 823
33570 9414
36234 8651
56797 35
94571 8352
16090 208
51469 9887
81111 3716
49771 5515
91294 1293
94555 9371
37352 2807
62780 6321
71599 2046
57662 9194
80904 1824
89843 7254
89329 1607
20774 1239
76390 3067
77074 3508
34614 2903
58948 8154
76169 7942
72640 2845
65730 7764
77620 4272
68990 541
47169 8159
3017 8171
92801 8777
25452 2610
47629 763
50081 8036
82819 5509
54891 254
12077 2036
60419 2145
98445 1985
65139 6854
5669 4139
87000 729
63417 74
39067 851
58104 9331
64440 7694
94357 6434
41629 9795
90769 5065
82383 4298
60503 1070
49070 5944
74505 2629
90718 1393
15351 1294
54829 8324
27552 9871
31321 2314
18480 2109
71686 6450
20318 1625
59159 2873
13709 1926
49376 8434
56564 3092
86709 2454
28815 996
35831 1001
11382 1342
16894 6252
4357 558
92194 8058
2513 9341
40545 4526
68400 8136
17304 7967
69396 9854
9998 3582
32780 2954
86570 7345
24733 5663
97353 4434
27270 9781
5249 3044
44601 7624
65322 4901
84490 703
6716 8741
50358 4062
82860 821
7561 8324
33001 3849
94692 8427
93591 5935
22211 6131
83056 2135
38799 3305
13324 3521
85835 7930
83407 1933
46930 6302
67526 3860
6277 4435
90953 4241
75999 2747
6503 8423
78753 8366
12182 521
45015 5224
45017 4606
35485 1062
78977 4989
51907 7627
54327 4542
50885 7211
44326 1387
3108 4997
65785 4533
22738 5344
42968 9620
94257 3594
40847 9149
68669 5492
95735 859
67374 314
34972 799
12868 3064
72931 7302
55451 1201
38967 5719
65956 4843
29391 9949
62249 9614
98718 1209
70505 6957
33800 7072
24260 81
59852 7594
82471 8095
55492 8168
86235 1933
43630 4102
82164 472
43647 4943
45197 1787
72665 7985
7411 3734
29944 3219
94949 3069
12951 1974
37656 9372
30305 2277
68458 5736
41140 3603
5765 186
37879 389
62341 4068
47716 2482
12341 3826
85901 8221
12303 8781
76549 2975
18090 3675
43744 357
15471 9987
7168 5564
97498 844
31544 8092
19361 1876
85256 7239
9748 733
94677 9791
47550 1223
23095 4918
68153 9948
18695 6310
44327 4446
77428 7676
86167 9269
11878 5395
8532 2162
71818 9072
46056 7680
71765 8927
79995 1844
66252 7968
17128 3927
43133 9043
30762 772
4087 989
9765 9364
59608 9447
19626 4566
81313 5087
4841 6656
1971 6741
82412 6633
41167 6323
44672 9140
86437 7595
1331 5148
61897 2524
54937 9846
77689 5273
83525 4
17222 161
68105 4095
78771 3196
61272 9573
98228 3429
64036 856
9935 1706
84209 1638
45785 5424
29294 5589
2409 9194
23152 857
9639 8732
38576 1968
31421 8672
47926 4123
98594 4146
98086 7592
1605 1705
46964 5738
95608 7852
24067 1857
27380 6438
76810 9858
66382 4695
77405 728
17956 7186
19042 9151
33188 8168
97857 7800
26725 1496
83242 4907
77869 2843
41214 1828
24750 6196
15729 1944
79651 5407
91682 1864
4272 9515
59384 5838
88550 3598
32210 9826
23373 9527
76275 6025
4768 1566
54614 8104
54807 6994
33398 2087
12746 4072
63952 3969
13083 6041
61158 9211
51116 1728
53914 4542
46201 1918
58462 3296
21668 1575
38797 7395
67133 962
1448 5958
45551 3716
10858 3962
50782 5200
44244 4332
18509 1714
20182 8063
2113 8817
85726 818
15727 1324
49773 4062
49760 2776
6676 5050
33109 6488
97545 6817
49486 9363
50569 9299
17001 7567
70734 3090
2138 8842
29133 2568
1632 4092
43547 1237
9845 2818
90805 3666
3993 802
25065 468
54953 7915
39755 4423
73794 2857
2607 9515
51990 8947
63169 3327
88285 7292
31035 3471
67719 1894
87287 8604
86193 7538
22275 1988
9315 1129
95492 229
77487 8192
86136 8461
95505 4537
34680 5415
99080 3416
95961 3549
93318 1808
49813 7058
11591 1603
41528 1532
28155 3913
63337 3998
26274 8263
74439 7995
58922 7924
5707 2749
58671 420
96836 751
22329 2565
4621 9701
90598 4879
36408 171
34110 5728
85176 3225
84871 2762
49231 1520
63745 8035
25667 4625
6589 4501
91077 9701
66596 3719
72319 8882
98252 8932
40489 1456
67226 7303
21668 8193
22345 4684
5675 2813
12263 4068
38453 2086
82810 7298
95736 1164
87418 6859
82434 9589
78977 4803
9599 2687
31047 133
88869 9246
20164 4988
38124 1113
61630 798
67564 8752
26532 774
20012 7298
37483 6087
43921 5732
95461 1934
76934 5684
6777 8409
2117 1785
19324 1323
7787 2518
85622 9300
98542 7933
32211 9555
73710 622
4591 5625
57161 1621
5576 5972
41740 7538
6892 5065
38867 7607
95862 704
93346 3905
83586 5563
39043 3038
62215 5059
24122 3651
71001 4701
72225 6132
15695 135
56572 1988
68632 5949
25071 8202
28617 9168
63963 5765
14953 4685
16234 1092
79720 5333
40265 4616
97630 5381
84917 2579
87050 8269
75235 2779
71992 2732
16929 1292
65527 4868
25971 4625
1795 1365
43421 994
28756 3203
52383 4416
71632 6964
49912 7341
35792 9596
87687 6835
47993 3769
51838 2173
75038 8576
61055 7731
52705 7704
77360 1216
17446 4075
93044 9775
31499 2623
3935 8626
98426 9302
4807 8112
48160 6590
82408 152
14294 4447
32532 7996
65033 8930
6921 2539
21844 8890
52074 1596
64784 342
19544 3073
80046 7141
3057 9638
21623 8002
50963 6648
45425 7063
95236 898
49130 224
51149 6866
62368 3953
29344 8408
20136 964
79219 4951
2410 7143
58616 4038
41381 9837
53164 5819
46396 1098
65213 955
44354 9173
65219 888
95875 3762
93495 1038
84040 6867
56931 3764
90839 9048
44887 9641
96900 9159
83076 4005
3434 4750
57919 7032
32183 2184
75580 2655
46036 9817
21189 2809
33223 6689
37726 697
84999 1113
95900 8563
69605 9063
3104 7107
21091 156
52866 6845
59049 6438
32908 6014
64500 7163
80054 1915
31624 5991
15978 9185
44628 6900
62665 9888
78400 3141
34131 587
33669 1690
54761 5460
80867 3880
89364 92
43889 8926
85082 2282
68073 8030
54401 2063
89786 1333
35507 842
25442 4086
82882 3365
60418 1869
19272 8336
20961 5024
21752 9276
38634 3923
17861 1330
98928 5490
62358 8881
4879 2104
74665 4993
32828 5089
1388 407
5954 2417
7042 1641
72611 3467
22199 3566
27246 5497
85000 1319
80760 4403
83355 9417
19344 7439
26288 5190
89017 6852
15345 9792
14731 2861
97741 9214
99714 8031
40121 7441
48487 7519
51525 5603
82581 5907
23639 3224
89337 7728
51091 3295
49854 739
41936 9523
47647 3278
2835 7851
76691 8302
31603 4564
87239 192
80349 6995
15588 3334
7533 7726
32742 5446
32109 1409
34022 3761
75397 3196
64069 1156
4813 2562
15614 5051
7263 2346
14681 4811
15314 6794
3621 2221
96547 4564
91732 8563
25322 5151
72912 2860
51891 7866
78509 1731
5683 1019
11535 7756
22686 7392
56360 7195
33008 2091
57725 2509
53672 6563
87053 1123
85778 6188
5734 7798
75959 1776
2538 695
81226 5885
88490 7390
44366 1416
32480 2626
22653 8635
41405 5485
91661 4162
37034 9005
94548 2266
12594 1973
10374 5342
83192 8334
72652 4652
14072 3744
71891 5491
9196 2900
46366 3886
70458 1408
93093 3728
94172 3323
75364 2859
33261 6038
51160 465
66977 9134
14615 2701
75335 7886
23935 1020
20964 4042
38245 6197
83616 4587
25845 6797
83155 7309
54095 2933
43302 6910
98023 1601
66283 8448
36059 1726
41992 4468
18727 1608
16465 118
4386 2685
84210 2227
33129 1294
87300 3499
95061 8242
42733 5319
84286 6619
70300 7273
83194 8746
34705 3165
36190 1558
45230 8130
33531 2783
27670 440
13815 9975
64039 9827
10016 8823
73961 1149
46864 8043
45631 3803
3035 5367
7659 4505
97787 6651
45594 7006
23029 4391
94383 9804
60975 6680
53232 5061
90216 8418
85426 705
72370 6813
83477 3981
65181 7817
47328 1526
69055 8979
44462 1626
27842 7663
60931 544
19389 6764
66221 2712
87536 3769
53739 2924
38465 301
41131 459
36765 5959
79694 8671
99810 5941
25114 5276
18273 7279
69148 6158
39568 1794
87031 4884
81815 2537
87837 7724
75875 5939
56587 9147
42992 3350
91821 4762
6883 2938
51113 5918
26940 7045
13179 3985
87225 9813
31567 3200
74311 5417
7614 1726
88666 3858
70885 9696
12909 9663
30822 681
44571 3261
35118 8396
96416 5629
33478 6743
88135 6734
71798 1062
45253 6908
52676 2825
55851 3990
7603 8587
71057 6445
14373 9067
16061 973
77847 9652
21426 2773
23596 2161
76822 6119
86704 6206
40106 5740
86541 7742
25233 6172
1298 7488
37661 9019
77448 1017
87241 4927
48100 7094
87688 9850
88273 5106
97124 9428
28471 5773
70331 8501
7744 3470
95452 1713
3888 9109
44935 3774
13082 3272
79445 7929
69106 382
71298 458
83097 9474
80952 5335
8603 6506
6746 3029
1690 7094
63035 658
83505 24
55349 7728
88648 4377
88057 4143
91808 9126
78728 9914
33688 3707
47237 7377
78312 3812
14378 3647
78978 4597
78749 292
60579 9263
7307 6550
32997 8610
18263 462
81931 2677
93114 5920
35304 8339
51066 9154
45303 1062
76711 5069
17095 5018
63675 7839
15916 7843
81699 8464
61817 1812
87293 1178
52158 1776
70632 9187
5374 7643
22437 6106
22607 1197
4510 4651
11158 2691
89898 8370
89840 3641
40136 2904
38761 6455
33847 4063
67142 2179
98189 2217
61320 9233
93826 3370
23546 3804
92124 7313
22166 8712
16633 616
85898 7552
75546 3255
39217 5463
64508 7989
97422 9161
70097 9829
85693 2214
75779 7937
62780 5633
19993 2415
75838 8965
65899 1376
21487 8372
53976 4139
90619 1215
57079 2184
29686 5706
67195 1011
96202 4245
82316 6869
86992 4242
56484 8150
19567 6742
40136 9314
36844 4920
47593 1771
76515 7112
31134 7449
91070 2288
78283 2603
86545 6763
84343 4405
17078 5747
33829 244
41652 1336
72785 3817
75878 8646
16091 2791
71270 247
32760 2830
95273 57
48823 9610
37734 5511
28679 8527
69718 7773
79285 5867
57725 9579
81476 6276
61720 4612
34296 516
55593 9571
1664 5432
79304 5719
43542 3019
96580 2695
49956 6889
37913 7843
85788 1458
38774 4332
33003 1047
71813 2676
60111 5753
43989 1649
73159 4870
58402 8008
81637 329
54660 9884
89193 4334
39186 2122
48981 4554
36586 7842
29114 5618
36281 9080
38723 8305
36418 7601
4779 8744
79150 7016
63988 4816
62151 9969
26438 2576
21380 5512
86643 9596
68020 8323
51900 8772
64779 6161
71284 3183
44871 1655
54323 2703
12506 4183
29480 6737
19665 8005
52616 6405
54541 8489
20889 3704
5985 7614
11920 5973
53410 293
14885 350
17031 4207
33508 6733
35059 2874
33315 4784
92954 5388
69893 7292
65854 7584
3314 2416
58772 6692
64231 4851
50695 7994
77590 4114
90810 3579
53982 6861
34267 3264
17150 2502
55426 6001
94361 2175
74249 536
96762 1102
28382 3066
68405 4168
74160 1298
65280 1865
92352 7831
41409 4737
70644 6917
63330 8816
42031 3683
23496 5748
62167 1919
97198 7927
10900 6614
70274 8325
3266 3997
34456 9343
28263 3514
66297 7483
3490 4921
55932 4997
73793 2022
60304 6717
34168 6332
80550 4739
31558 7531
51966 3983
70944 4291
26916 1696
66529 2669
17265 7183
99231 3174
62970 3858
51165 225
62670 1666
50722 2736
93934 4314
20760 218
77656 7938
42675 303
75533 4402
95685 4148
79355 1278
13400 3698
4913 711
99229 2029
94824 9212
26969 6981
66160 1170
60463 380
52758 5246
30991 4895
34602 2831
65210 8880
78353 1104
28188 8134
77867 1652
70225 5878
16356 1204
57893 953
41108 4404
35291 6038
44991 465
21132 9815
45995 5961
65961 4082
51507 104
10056 3738
19852 5158
52312 6123
89236 1067
57946 4599
12804 5735
88028 2357
95840 398
45659 2089
92763 8401
44742 5993
97575 5977
61092 2870
52127 529
63803 149
21865 8177
93012 4739
66786 1755
55265 5424
29584 2592
39965 9528
50096 6486
89541 3796
54557 8168
87030 7505
51432 9427
20111 509
87024 4598
8375 7800
21297 58
40154 9007
98678 9121
14165 6503
24519 7482
54853 9039
33142 5465
92038 1104
36219 3675
59564 3271
17774 2106
49458 9427
44677 9061
25040 1265
57509 725
20347 6428
35127 1620
3565 8082
95574 4300
64141 7024
30021 9806
27737 7460
63590 9417
61790 3329
36720 3348
8791 2587
90777 1720
99092 9269
93397 9827
92176 6676
44811 7697
12512 8680
35243 6039
3642 1397
41229 5725
72672 2422
70320 8492
82224 1745
53185 5554
71646 6485
75545 5701
81804 4419
4014 5661
1826 4328
43797 2172
74423 2234
78061 1388
61371 7631
84544 1831
91768 5704
56349 7518
6719 6008
35466 2197
69748 7235
16979 1219
2007 4058
65384 3707
59327 3045
74906 1801
62593 513
55173 5437
6252 423
47278 7438
49709 2972
42552 8548
59859 873
83771 2564
50319 1096
5443 8223
4720 7632
2690 1748
92877 4957
34327 4449
22175 1586
11795 5142
5672 2580
55288 3686
98495 6342
50827 3392
62442 6803
2566 7759
95685 3299
99383 7793
39805 9932
73449 6237
7453 7687
90843 4138
10492 4994
73840 5682
9865 9928
90511 5648
61469 6459
25415 8226
90584 4624
41724 3158
91722 7310
48382 243
52904 867
45228 4236
47889 2691
21067 127
97863 6048
87988 2670
63903 4572
37667 1824
68313 7869
12469 5322
49294 2851
57720 6374
44443 3767
77077 741
54396 3288
90444 8754
33655 3690
10555 1137
10605 1203
2269 5007
74356 6642
31651 8175
20396 5718
74029 1928
42820 7621
13663 4575
50848 4717
83493 6539
78098 2707
15755 7740
24534 2785
52199 7411
4781 9504
2589 8838
53750 2743
54249 281
28637 9135
53476 8363
25585 1644
9961 2034
25352 2974
63886 2643
38405 1867
51170 6389
77521 5851
58589 7502
77560 1516
22646 8126
46598 9329
24006 3481
86694 4427
22049 8406
43465 8486
64143 3742
8936 796
38477 1960
41641 5261
44414 6329
75033 5706
80191 3447
71447 8392
27301 121
4326 4810
90758 9428
71458 4112
75842 4823
88717 4232
66492 2062
33727 322
71034 3394
45815 8553
61499 9789
18092 3458
9562 5156
48802 205
59174 2861
47630 9281
2390 4194
46605 6389
63857 6408
71873 1049
24344 5174
43047 8809
48301 4424
81768 5651
7095 3853
63849 6829
90047 4149
93040 6465
75406 94
85800 1398
69250 9812
85867 7403
88832 7504
19231 5527
81828 5880
32967 4356
61176 299
28055 7443
10397 1271
1810 4231
21787 4706
81275 9832
34917 8182
47602 278
61298 6210
57096 8860
45435 9329
69615 7892
70738 7092
75143 2451
5094 9345
19566 8466
34057 3265
32528 1352
51241 7068
92246 9841
34215 9929
55189 9604
52230 535
73849 8173
7122 81
41409 2990
69321 4842
2105 4612
91418 6799
46946 4876
81242 3670
62673 9002
44227 1733
64476 6713
84589 8791
46507 8371
95165 8265
19907 2228
8918 2013
4979 2584
73287 8089
65096 3364
71411 4068
89814 9583
74691 3802
69357 3817
35356 4491
23951 2360
44943 8567
46660 5465
51843 4274
41217 5183
22173 3195
53369 137
34932 9016
7103 1448
76926 8575
82397 2195
61683 5572
46325 8930
66183 2070
94676 3278
98977 4723
18739 8672
39779 2351
39220 9492
7735 1028
37117 3556
47052 6160
97588 6672
48122 4914
39728 3471
70738 856
71771 2828
31006 5132
33481 9191
39641 3792
31153 8512
28420 5251
77562 6285
57563 2058
56087 3239
52500 3161
98625 8672
90215 3296
44779 3564
62457 8445
95491 8651
99243 7472
50726 5148
48106 4882
55367 4529
22029 3906
45085 8806
33659 2368
66127 2420
79178 4802
35545 9052
93993 485
4060 2997
37400 4697
79350 8803
11490 2291
11683 4298
52857 8750
42692 8573
98355 7931
85502 5795
48975 7565
54151 1457
47380 3566
18948 4085
56666 2052
53545 9675
23364 804
34923 5383
41147 143
1141 7257
39768 4846
22307 4777
98615 3547
15874 3982
38549 7429
94786 9323
23402 4711
15652 5579
56231 9542
42552 2637
65273 6959
39779 2130
1470 8543
69074 642
2013 9670
41160 8584
72735 2812
77587 714
14569 1572
7367 6091
52799 221
74763 7991
13389 1591
56881 5882
21769 8232
25259 3775
29175 1748
36045 9634
6422 3093
43935 4072
82929 1662
23635 8819
49337 1322
17785 391
8114 8010
69840 5451
84098 451
60790 655
26784 6122
35888 3569
76625 5700
15412 1549
52938 829
81789 6494
42439 7805
29093 9046
23049 5243
33823 8732
75211 3042
31107 2528
51570 6604
72951 402
47612 2436
22213 2962
97734 6520
11290 4855
23970 1510
41202 9794
62710 1518
72471 9586
52329 6929
36422 4145
26819 9646
66948 9568
40594 7524
68707 4917
30109 8061
15173 8848
78439 1355
13706 1066
33137 4526
66674 1175
93930 756
1638 3806
26529 1448
40477 5403
70399 9810
39494 6035
80628 2309
22228 3220
10255 43
42974 7622
12709 1556
74117 3222
75331 9329
69259 4932
36489 9790
94815 8530
96989 4072
85030 8752
66491 2808
72092 4766
6700 47
1979 7018
82287 2676
9836 6032
45537 3398
45666 7875
49578 2977
23078 4779
12643 1927
45752 8575
11880 5426
95651 2013
58600 7318
41376 1116
88013 2026
36159 9138
28440 3723
35036 1495
32252 9269
71441 5979
35304 4991
97690 9454
52658 3134
37981 5310
47564 7944
84488 9501
56973 1035
22410 2172
20643 854
90422 1522
97464 2254
34269 7476
37619 3013
55475 2497
73945 6353
17777 1873
61256 9320
50373 2363
77664 3957
90733 9188
81023 5101
31992 1694
7632 3434
24697 3175
67792 1602
56659 9517
80078 4074
58005 9899
10422 2033
71481 4497
22445 6195
43443 4477
12016 2867
52028 4027
59965 8085
94126 3561
85693 4177
94417 2637
94839 9197
57739 4963
74451 850
18375 8120
11013 2153
25468 7420
71684 2711
1745 7240
37219 6290
41611 4857
44303 8493
16902 9129
22191 3951
30131 709
54861 8032
43672 9677
65399 7241
27482 2820
99665 856
77826 8380
35343 694
19754 259
87527 2628
46923 7698
45951 7264
9545 6560
91596 88
28249 6351
28316 9838
40997 7841
39410 6192
67873 7043
53803 3192
40016 3141
14074 8059
29498 4622
2249 318
69366 587
84553 879
5589 8376
85464 4083
80472 3633
49082 4227
68214 40
66133 8754
28231 2066
57862 1892
8438 2590
48208 6433
33170 1558
56175 1301
4290 1058
85184 4350
41938 954
50998 4023
23182 9049
80826 7226
28228 5048
60900 1363
2317 4765
41286 4178
13153 835
45633 1109
11141 6934
92350 9203
9928 824
6747 456
40458 2251
46737 190
30577 2360
18899 5421
35737 5186
13135 9316
54690 1002
58752 944
4062 6254
95782 8131
48291 8291
33547 4143
79780 8724
91996 784
25509 9686
73982 3639
36519 5382
33604 5503
41853 4454
66859 7519
32850 5348
72676 4252
20663 9035
49722 8422
41297 5235
55858 2011
24114 450
4827 8549
46368 3464
51822 6658
82971 1294
56177 3857
70861 3192
77465 9254
50957 8444
37085 2366
73567 1422
34210 1676
31720 5190
35394 7331
28648 5755
71644 8448
53471 4648
44765 1016
88660 6950
14371 6066
70556 6569
48777 949
21114 2726
74924 7526
17410 5825
82988 7220
10864 2653
17039 5302
61167 4957
79459 445
62148 173
70938 7718
73039 9360
50267 4012
57677 9273
53841 3145
92038 1674
5916 7675
87455 5152
75350 8574
19922 5025
80470 2200
16197 6579
84729 4454
20471 4829
33316 7585
10524 2317
69519 7244
30868 6213
47198 8281
51402 6216
35299 450
74591 8181
63489 3708
51327 4699
74549 6548
95568 3087
51683 6365
3937 2056
82992 1311
53444 953
18663 5138
61408 8867
24880 2903
52811 5483
49678 3621
51911 1859
57822 8314
3665 9969
3803 7813
31426 7020
61017 641
42516 3466
24509 8608
27466 8437
54515 5550
78085 9824
77981 9115
87712 757
14041 9904
20243 9851
5291 9387
40880 6336
5998 2636
89796 1094
29539 4081
25033 974
82799 5092
97945 935
48097 1871
17690 186
47860 1828
75746 7580
81685 1663
79118 8826
56959 412
3794 3514
62720 5983
86342 4826
27464 8803
30561 4643
6241 5102
39677 2307
32746 8734
27111 7549
24181 8571
32133 9791
65670 2596
86455 8232
72967 9253
99553 4357
17726 7931
88599 9854
44588 5222
29006 7865
7839 657
29818 2840
86256 6532
46094 5314
72956 6142
10673 5814
34180 6507
18674 5453
93034 7867
21237 1856
38315 5880
9617 3985
32133 5985
54904 2938
64240 6580
51530 5081
69733 5530
71714 1666
62760 9651
36373 6141
98395 9684
27496 7153
54289 3270
58471 7927
41371 365
57453 602
72472 163
32451 2772
75607 2113
48806 2376
38448 3410
67253 4696
37925 8095
39134 2408
9670 797
88081 6372
73188 5792
47748 2729
18029 1268
3126 8953
22532 4952
50012 1205
15768 6595
46044 4166
84598 9745
8953 5052
89999 3598
81697 9442
46460 6946
97620 5235
29271 8198
80880 2687
27023 6556
51383 4014
81618 8799
32025 2166
71742 5092
67898 5333
56636 5183
71409 610
39050 1734
7292 8622
34312 8233
27945 2081
87787 1171
2612 1772
77887 8253
57690 3812
37538 9370
59080 2214
81119 8609
86912 2982
86879 2198
88947 7716
21374 5547
31979 1954
10791 3345
4711 2292
54352 5785
48583 9248
91011 9118
60097 3496
67184 2341
25698 7208
85445 5264
63598 4835
46098 4942
35309 10000
48627 3123
60113 1826
9697 8455
10507 7891
6253 355
20682 5484
42368 8042
40969 1563
56608 2801
87145 5961
81844 9967
6566 1598
45310 3127
34070 5355
33870 9269
28540 3708
80840 1629
11415 4041
43362 4155
52552 2055
69308 4176
56741 1376
17031 3629
43598 4568
80531 1310
71210 475
42740 2289
2612 7862
40989 5318
41070 4723
11499 9412
39139 5477
79479 1119
16471 7534
50075 9739
47796 1492
64212 5564
94357 8755
26496 1475
17835 3795
53985 1537
64990 5162
64573 2977
71212 1954
56709 5642
15480 758
94479 166
74186 8185
76704 1647
85104 5336
60420 4214
51118 9538
73854 2900
72052 5722
5845 4743
82951 4814
91748 6618
97665 8931
4756 2946
9117 265
97859 5185
8408 490
84997 5688
74178 5534
34501 1213
58846 2277
8619 2219
4519 7064
86157 9721
23185 6955
67563 6711
52948 6109
59170 1061
73044 5562
7148 5344
33347 3667
91953 4786
54438 883
38802 8156
81968 8580
87712 4057
94697 8167
12430 1448
60656 7503
13577 1357
17874 5906
81712 2059
26591 423
12742 2905
48232 8842
54489 3184
78072 2908
80517 8267
19096 9506
91936 2383
17204 2714
3764 9546
39667 2909
41251 8564
83899 4020
41001 7782
21221 1525
99599 4749
71513 7618
58535 2475
18712 870
30004 9289
55584 5350
79707 7971
26437 4908
18275 6397
90283 6978
5079 8994
36189 4861
67022 2308
49346 7975
88317 6033
32357 8046
29059 8453
43448 6809
73552 7889
43584 2681
40491 7557
48781 1666
75564 7447
4517 5064
92366 5801
7498 6656
56205 2860
35468 8727
93101 5436
97019 5148
43759 4417
36197 2290
41303 9634
99646 1140
62543 5095
36402 9661
17850 3906
67145 3969
29228 4874
54090 1389
34481 7543
40434 3461
12537 4301
54102 7631
5700 7776
50834 3770
12113 9224
32648 657
66622 6817
36907 1857
23405 784
78938 2250
84100 373
94254 817
19659 1472
47894 9912
81971 9964
81041 1876
43917 7624
49558 3583
42971 2726
59557 2766
34202 5905
57432 565
84062 1459
64308 5986
81235 6330
76706 1138
46891 9210
48931 3346
84959 5924
46809 61
72689 4045
44828 4555
54534 9205
8698 5784
35577 4482
34339 4402
10154 2976
99608 7487
81232 7945
38823 2046
64412 5007
56272 2567
25216 5147
80149 5937
51609 6937
93818 8536
37362 7691
13906 5732
48949 6812
37276 5912
96766 8041
61579 4250
91874 2787
44402 4463
39195 6914
5887 8762
39777 8128
34328 9874
30417 1199
26220 3924
89786 8555
8124 9993
85310 3330
8030 1811
74091 7587
61764 8641
41817 4188
61464 2482
75795 7916
67570 9226
91845 283
76153 2003
51044 7268
50250 6897
83880 2988
29261 7518
30814 7901
28530 2829
30446 6522
77731 7317
27109 7906
19478 2120
53768 2401
5908 3797
93465 9860
20715 7742
55961 502
64398 1711
74469 6729
97366 9315
8911 585
69325 8202
43902 3524
77636 8888
76048 8360
6274 1166
19647 7500
74177 3162
41259 2271
19485 730
43354 2941
26139 6227
42841 5267
18822 8169
22848 4212
73287 129
6758 7363
51914 2694
62701 9300
56252 4751
96558 8136
95372 8588
63564 6404
42402 8352
7584 8896
6664 2405
75996 3381
98348 9641
22209 2722
13672 1444
67659 3297
72861 8936
88623 8027
70290 9672
45728 6680
15952 3478
53643 1202
50552 7353
2524 4892
40434 6105
85493 504
7423 2503
13874 1859
28820 8064
53688 3063
14685 1915
93198 5552
26484 80
57398 791
59637 5561
60768 5562
92313 8105
29657 9871
4738 5161
72171 2436
69364 4247
23626 4139
69421 2998
96306 3352
17178 3315
75546 5526
11367 7372
90034 7938
47657 4485
48245 5063
98012 9313
77979 6939
89455 136
26710 2549
91675 1295
98292 1235
31478 6560
22777 9548
32977 3407
65285 8102
52594 6975
26696 4361
13530 1108
25097 9125
27424 6497
7050 4217
57836 8751
46497 8652
39811 756
66571 9440
49682 6006
40042 2244
73889 3246
91666 2289
60613 4232
18857 897
14043 8343
9409 3151
12623 355
13537 2898
65553 2732
86890 4562
27042 9783
86501 9045
39618 4502
24363 3722
10766 613
39969 9529
3766 6718
95673 5650
8357 3217
50845 4882
75097 2214
93075 52
3537 6986
4853 3220
22707 689
2335 7293
91560 2998
9521 1029
47930 4876
34665 7609
90287 5082
15892 3729
90571 5944
70497 4525
3784 8376
64478 6091
99322 9002
45848 7247
20121 5050
63638 3224
30312 699
12414 9468
93154 9297
62972 1298
27599 5466
27025 5787
44703 3551
67748 1540
23828 9937
74301 5335
20455 3369
90427 2323
88998 1178
24916 2269
71269 21
13265 3291
66832 8909
93171 9639
39602 5451
30064 9111
52288 4380
53147 1495
4250 9988
20408 7161
96918 3858
75189 3316
51242 8364
77069 6672
95860 7509
48769 9640
86748 7677
89794 2722
46783 6281
91312 221
45924 8288
35143 5172
72813 1267
91745 3387
30480 3852
39951 7423
53377 1349
49911 8054
83814 5792
48968 8239
92579 5284
36981 6671
88888 4518
32435 1193
10077 8005
99058 7499
33050 8194
4647 4043
11858 9403
37370 6420
27754 8902
73838 9356
50525 6063
48768 3898
52560 4039
61291 3579
22374 5995
34325 3843
8710 9819
8194 3787
4035 571
15940 960
7729 8514
34680 4831
96394 6158
40386 91
59047 7025
60869 2170
27752 7492
70114 5728
41181 3412
71514 7463
7033 143
92783 8330
88445 4170
82414 5888
16821 1443
56354 1924
30495 2634
5729 8128
3016 1755
68445 5464
56970 4035
35843 8914
89548 1981
92073 5512
16516 2121
31600 9715
89761 6047
34660 8616
15960 4229
35175 3904
9605 388
90364 380
37930 4688
20530 7793
32321 9605
47882 8988
27104 528
66400 7887
33020 6488
63717 354
85146 1959
67521 5402
10743 5992
17559 5503
72579 4425
13366 3069
29332 9695
73216 8407
79157 8295
41202 7372
16650 2680
52505 6427
24734 5430
13436 6542
60152 8963
12877 9919
91759 4329
65369 6408
12776 6271
11242 5780
70553 7552
37483 7263
4967 742
41472 4286
62543 4547
37083 7349
93550 7057
74832 7455
19130 6528
18601 1190
64484 3831
1372 5796
52871 3518
58607 6571
53064 5685
39450 3541
50970 4448
75425 1751
49518 8816
19674 9210
33067 9017
74545 8555
8366 662
35780 8762
14731 5918
94455 7633
96291 9335
79487 9039
24561 5958
26111 2013
12555 5983
96385 801
50675 6614
66536 3843
92424 8634
96100 9449
79791 5006
57428 1406
9215 3540
20815 1843
15163 2383
16523 8416
92199 4481
44788 8772
46001 2737
34781 6348
11020 4366
73008 4509
57928 2490
33555 5966
71002 6950
36748 7478
7148 6860
94176 5517
20407 1343
50178 8791
89726 2437
86403 5596
84870 1469
5100 5477
48896 1425
96463 2387
12848 2293
8064 7919
51934 1270
27747 1317
80916 4599
4302 7181
49019 7247
55005 228
99843 364
49931 3313
21310 66
44409 1133
57592 7256
47434 31
21526 5954
89989 4954
41566 8124
32478 4693
49096 2504
21844 899
43186 3698
28050 9029
49281 2939
69153 3712
54338 7298
97844 5533
43715 2598
59272 5875
67167 2721
43089 2716
75321 5311
45436 1884
39860 426
50840 1398
31807 670
81509 6292
51565 1206
91611 3012
86124 4440
15636 2146
94266 2108
95779 7324
27399 2354
26748 9891
85435 3474
77352 8241
12343 4968
93169 6717
24986 2028
71258 8423
82795 1702
6562 3717
52855 2090
68440 874
82010 637
31950 3286
68097 1953
70424 5761
93332 9115
53581 2370
30059 2318
26594 8201
2138 337
93223 5948
63510 9646
9582 8920
5437 7865
71254 9190
98372 9758
80414 5769
57339 5589
33042 1145
39302 792
23119 5009
62342 4052
58222 1359
62600 2546
45591 9079
13562 1210
5716 69
97591 8823
14901 8979
73326 6947
6170 2650
11299 1296
99711 3064
55331 6542
84519 3305
97196 2147
14017 8453
53941 1303
5191 9089
49044 3577
35729 9826
57049 8700
69311 8589
30719 4756
47281 3836
83861 1589
23790 8
93452 2391
98302 1092
82110 9214
27573 4084
78605 5931
74384 956
19225 8916
27224 457
33077 3202
38456 6835
89214 8531
34162 1862
24904 6511
76872 9619
56019 3108
53746 9758
38524 2254
30151 8804
60319 619
76556 1194
14162 5847
38830 5545
18789 1253
75747 9895
75730 6711
18434 3864
5363 6251
75777 8698
68575 8121
81738 8105
84125 3915
23541 7939
40075 3792
89037 4823
18072 8073
27737 9730
91523 426
60330 9126
81755 951
35265 5500
20721 7197
37867 4326
91465 7162
42238 8976
44072 6496
40040 6756
55411 8560
34022 6576
49615 3597
31934 8806
89879 6978
27663 9154
53898 466
95943 2044
14479 3578
17121 1950
95756 4310
48295 7912
69366 4012
59176 6196
49010 1569
51549 4931
92621 8762
57649 1312
67012 1861
81783 399
65398 8123
8413 3518
1932 8820
56501 6331
80754 6654
19527 1478
10835 8035
14971 1978
7633 7142
93732 7032
6538 2540
45196 9243
94823 4337
70622 1881
44053 3465
79573 1314
39864 4141
8400 3545
74186 1253
8181 3700
57957 3613
78524 4401
29021 2441
17403 6826
81093 1088
53385 5663
42908 2431
65021 9580
49568 2660
76312 7933
22555 5997
79909 3170
2317 1067
69562 1702
56310 4840
51598 1329
44424 4640
84156 7439
65818 979
95065 1736
40950 7140
5242 5909
32202 3833
10207 7565
20166 7719
86727 2890
89514 6547
76294 6648
38553 7752
40724 3182
47075 4507
18662 5795
90922 9087
94772 2617
23016 7035
60014 6301
93913 5849
19331 4920
55225 3755
23607 1736
84463 9362
90079 593
25255 4552
3611 2345
19761 3420
59391 3716
17604 7737
90418 1659
24087 7663
51924 982
72983 4878
10522 8417
13810 7686
32786 3595
28989 9009
18395 4065
66154 6671
26879 2633
96771 6794
84007 8334
20033 2944
92218 4769
52309 2000
66829 2343
23237 5261
71044 7129
43165 7495
60274 3943
17736 7162
16786 3243
21636 1973
40948 239
83199 6265
97370 7580
55873 4329
47818 2370
72084 4825
4451 1719
71085 6892
53909 253
62526 6010
26391 5078
73050 4653
18266 4623
3614 6283
53716 114
3337 720
14857 3347
8889 668
81762 4943
89165 4493
13778 6478
35840 541
13110 9034
77367 5503
29400 9130
51270 1301
8204 7450
43313 8653
70649 9957
63440 9460
73232 1606
57556 7158
61333 3241
36326 2762
86204 4957
72169 1197
60621 8502
73588 1384
54714 3116
59683 4245
27844 7531
2599 8536
2169 9552
70790 9727
75255 7217
82783 2420
59265 4011
32305 9032
68446 8544
33138 3334
93595 1410
80130 5634
1927 4449
62170 581
43282 6128
87370 1745
20950 3704
57603 4141
32831 6913
2827 9166
20622 5853
45313 9927
66376 6724
24462 4367
9330 6466
87670 9894
66066 9537
88905 6433
56168 2365
9461 4295
52202 106
40801 3673
62600 6831
78691 7816
74516 7616
5693 9878
27478 8423
45180 4756
48899 7622
67773 5345
58065 9829
30125 3181
64631 6193
54592 2155
78689 9712
84891 4057
27017 2914
78743 1959
37980 4882
96152 6292
90743 407
49252 3490
68334 3584
27416 5118
46358 984
18787 2989
80074 85
87995 1257
77844 4558
63109 3062
77054 2843
3457 4901
42457 5082
62671 8363
31894 2688
52577 3667
6298 8228
1117 3325
87380 6214
50743 601
57294 8671
54212 5747
61655 7520
25030 99
6017 6345
66076 8474
14026 6055
87514 7659
83778 8258
57472 4206
20577 8185
79243 5770
50345 2760
37116 8975
8393 4274
88390 5929
93172 9891
74513 6639
58725 431
21820 5187
74261 4326
13813 3689
19831 6301
26344 867
68940 7322
98276 6485
36491 2448
33051 6035
73118 87
25068 6989
26217 1578
55432 9136
86789 1576
35336 3961
45398 5652
14441 3501
84017 2115
99528 6552
22189 7552
17038 5058
34055 6174
15131 5551
62617 2511
89727 7577
60155 8816
34885 4749
19438 7263
86174 8949
42684 5777
19388 4198
76513 9341
98283 8397
22823 771
30097 9774
28350 4684
62870 6942
47526 3625
99234 4266
84195 8617
84108 1739
96241 649
91264 7815
17927 3911
44612 3932
39006 3087
90042 6828
64801 6096
70053 6978
54390 1695
48887 465
89961 863
9940 5323
68348 3893
33854 3206
44174 6106
64969 6244
89199 9919
85485 8715
62382 8763
20146 455
85697 4521
1291 828
92603 9325
47222 4953
61612 4722
71518 9786
6102 8547
79665 8330
66060 4461
70885 8991
89211 3252
77015 1567
91403 533
81570 4355
96372 7805
94576 222
80102 3867
15222 888
47202 8007
27638 9595
20246 92
22391 5656
81407 3141
36548 1838
73198 3018
71022 7203
95585 9100
54974 6273
34534 937
18563 3619
58375 6678
4765 4378
78843 7484
49665 5998
21904 8001
70511 7676
9400 2862
19699 354
58260 1432
35815 8052
46436 9593
44544 8792
99866 6891
73231 892
81002 2393
46237 9003
62946 6818
30036 7589
10758 7980
90835 1451
53488 1999
22001 8795
72006 7242
3201 3575
41678 9032
54163 5271
14271 8762
69581 9384
23549 6520
37494 2591
43295 9441
8337 7765
47347 8864
58132 1866
70329 6403
37551 5071
8861 5696
29206 1598
89701 4557
14760 271
10986 5559
57680 6179
34116 7154
38373 3547
30792 318
49431 9759
88592 8721
57534 5199
55825 5774
69954 7657
38617 851
27126 7382
85682 205
87220 2486
78063 3263
13949 9190
49256 9310
64052 9889
56811 5723
21178 83
18677 5302
3965 9026
56210 786
53070 851
88047 4812
90890 6925
72760 7826
79137 7996
71973 4711
95917 2938
92670 9106
6969 8316
19924 4947
89222 8691
46494 8854
66420 7520
37290 981
74459 972
2322 4977
35250 4628
25097 6720
86382 8258
6284 6414
21813 8107
45755 5031
4795 716
16179 4171
86786 1402
71362 7406
13919 9214
76969 8669
19414 7986
40285 834
97939 2148
12818 8185
61653 6017
78148 2675
75528 3719
46595 4106
53076 5515
86515 2575
64337 6648
73395 686
11859 5490
67788 3596
6035 230
44759 826
12183 3495
72579 4287
23257 4713
28042 8167
49889 4320
15127 6475
8621 17
68770 3497
5677 4723
11259 7079
25334 9475
6117 3949
44604 7026
85425 2277
89567 6123
93979 500
69981 7553
37471 8900
49461 1935
73856 4377
34617 9609
23203 748
37639 9178
3850 5709
63973 3173
38464 2937
10590 9261
30604 5676
92777 2867
85884 8059
2808 9378
66477 5574
32817 6580
85076 4265
91157 8660
99774 1856
33992 9399
97233 4765
37688 39
60939 9910
72531 5090
97734 7117
87079 5225
35986 9181
8984 4351
19210 9454
36385 7003
3338 6413
8657 1293
64074 870
30630 3395
76569 5388
22588 4610
70483 2568
20369 2828
4629 6422
29416 6529
11639 8232
30606 5823
97823 4640
28350 2831
79855 1940
75491 2811
15968 4536
17721 9692
88966 6883
77040 9281
29052 9650
19791 9691
95981 5382
88743 1474
95337 5927
95324 6627
45294 9120
93760 1092
50905 59
45320 3100
76311 7271
91877 2668
40408 2622
39231 2660
61997 5274
31117 3768
94738 4507
6110 2386
50584 3423
79572 9491
14421 300
14417 2268
58349 4320
70273 4533
97045 4142
23266 2851
57572 8317
56543 9595
27609 8093
44377 7580
65873 9393
10222 5793
8679 5093
51854 1333
29478 8968
99370 6814
17715 3705
45490 5742
42316 4348
83022 2071
54403 3655
49342 4261
19286 856
28593 6528
1548 4661
16620 1145
56440 8122
88861 2918
77978 8648
58017 6767
87504 8601
64887 8730
60551 8450
37125 6260
87867 5485
87386 6709
12535 4291
59471 4129
15026 6215
43312 766
66969 1662
65467 195
70496 6877
89744 2379
89558 5539
52684 1554
45006 158
29267 4484
76455 2712
17818 3581
11969 5462
10875 1698
99215 9372
10272 883
82635 101
82773 3797
62460 4609
42294 5885
79371 1586
98915 8713
28016 1003
16304 3515
94234 1334
96771 5687
35405 8622
59189 821
77868 4675
41958 9117
30664 3638
69222 5001
32375 6734
75959 914
76039 4043
69598 3283
35444 9265
16134 8192
88581 2155
20202 9165
16861 8884
41066 6654
21706 2209
53205 2184
87684 8429
45057 9705
32780 4976
46849 6338
76512 5212
4236 8207
93875 3337
64467 6057
57456 7118
70104 4047
18089 5575
13204 952
1705 1656
80695 9045
52313 4375
82763 4040
2737 5783
7631 3284
57751 4171
43642 3356
82881 5203
20217 6776
30764 8851
50749 4493
72583 7060
46511 2520
30696 4137
70971 2409
61986 6456
95987 6430
70801 7667
50561 863
52122 6427
88924 7791
39289 6806
19831 2518
82243 688
89206 5759
43071 904
78747 5198
93436 8065
64628 1265
88312 7715
51774 7417
45892 4973
82513 721
97926 9359
51909 2678
72754 9938
4286 2868
64761 8835
57063 3437
88520 3696
23245 8580
11182 2208
46035 2900
77516 8731
16922 3134
39719 1998
60926 6634
89193 8154
26449 693
39788 6056
83060 1548
63203 3964
43201 674
52945 3510
94292 4922
87745 3915
68995 9160
50309 9580
71143 1122
71997 4677
67104 3365
27813 3646
5688 9407
4255 4337
14558 4834
85207 4999
98153 7170
20901 8384
67083 9724
92269 6327
18591 6622
52691 3872
32341 6807
63005 3523
15805 1917
94279 5857
43828 7723
45087 2412
96108 6598
89628 9183
44457 2904
19742 4802
57291 4174
82048 3181
67083 4513
80390 7907
27830 5735
55740 9479
84960 5354
99314 1658
5497 2676
96028 5090
32290 6859
26047 4455
80894 1732
67716 6010
33519 2068
20876 7519
80032 3952
65735 1488
36384 6967
38404 1497
63987 5815
53744 4635
51774 1262
87973 7557
6795 4965
30061 9572
41477 9676
95154 7966
31496 834
39769 4598
26328 8196
62618 2747
2893 9107
49893 6420
33537 7898
14884 4257
71764 7452
45118 8023
69377 434
96548 8839
18407 4020
89527 4104
66759 7214
47486 7833
14720 546
12734 8039
4200 6595
33294 2433
83860 1792
61879 9267
96497 4535
1411 3687
14375 4635
72817 891
9788 4382
64287 1835
36196 6763
70109 722
86508 2065
53385 2653
18954 7416
70285 9289
8923 428
62222 2090
83257 4541
26746 8038
77216 4453
92309 1054
61851 8411
35673 2601
47402 9738
93145 7221
83027 830
78680 9639
70752 2426
41443 187
49240 5452
93307 6583
3583 7673
67506 3432
17342 1664
36701 6390
65896 3784
54986 4162
45403 1220
5513 6875
62024 849
21152 6429
73738 5750
86146 4257
81368 7226
52740 6569
35181 5374
1227 9702
9083 9288
5002 9157
38349 4222
4480 2011
10626 2054
83220 5402
39489 2868
68953 8922
75767 5865
46717 3681
47253 4419
81910 9455
87292 292
81712 2593
20415 6919
90570 6389
46286 4731
91886 4191
36599 6638
14430 7127
98041 5241
47113 7775
14080 4331
77011 8356
61375 291
82808 4123
67008 4966
33520 9231
59370 5826
30202 6031
92118 5220
41091 3681
52852 8390
52597 1941
40825 6175
47294 6076
13154 3365
60329 8308
75032 8615
42526 9539
59814 6270
88962 3395
15062 2880
42434 200
41915 3302
69014 8515
31991 5519
91796 2959
26994 1488
94190 7467
55581 7195
15946 9002
11813 9262
28884 7918
97255 3572
73582 9278
99611 3692
63211 8019
19325 654
49681 6998
88890 5570
39873 4968
45889 2146
94431 4723
6657 1888
83774 8697
5317 350
45797 8165
88106 8550
53633 9990
94771 5577
95607 9209
2123 7777
55990 5468
83054 2565
73695 1748
88290 7692
66316 3582
5884 1324
67302 1347
32101 4515
51981 7605
40852 6575
86252 4116
9158 6785
26497 1366
93552 9962
30943 8395
81523 564
88211 2415
16632 2425
60577 9205
73971 3571
59529 9037
11931 47
16892 8828
8730 1260
76096 8462
54278 3608
69923 5913
1400 1826
36199 8460
61915 736
75818 7242
70350 7120
6001 462
91500 7603
82109 5881
37342 9209
25863 2424
82350 8562
19640 1845
96843 708
15796 2073
28563 6911
94310 5035
3606 8993
23741 8655
33276 7575
77309 2610
48883 2975
46419 6739
1279 1353
6838 1657
82410 8572
82278 4656
18717 6856
20605 7371
16401 7370
13764 5879
39653 1081
45694 8292
9987 3911
85635 5460
66361 9933
56746 1694
54070 1521
54105 3392
37635 4419
20690 3976
91269 8333
89542 8025
71476 9810
12128 5946
15493 7214
5112 3897
21775 2366
43463 4392
93893 2730
51614 9089
55966 1585
28658 6669
95008 369
54960 2064
97262 2619
79202 2233
15058 593
43862 8103
95230 5292
56934 1126
14518 3715
52228 4291
61667 3758
16214 7216
21440 9568
73459 8327
25857 9210
98807 6191
54873 1359
19039 2093
86662 4356
14035 7554
55465 9038
43617 3691
83253 8930
16997 6420
98351 491
34505 9103
66209 2318
51490 4075
20751 7850
39183 3535
77688 7681
90768 8658
32689 9054
70842 8217
11449 7380
16095 2515
43763 3480
48901 3375
3303 9191
64078 5568
86944 1398
83293 3814
69414 2590
91883 6880
59098 3521
92923 6308
35237 4533
76212 1996
68385 5039
48517 4938
19966 3387
40362 980
81127 2617
65263 5455
92120 5863
18028 1925
89805 4342
38194 1452
43124 9554
85266 4730
30835 1990
36430 8578
3805 3447
74533 2025
18979 6814
82375 2598
41758 1729
29723 3174
26694 6176
83780 3736
30880 5255
35999 5333
99650 5988
17750 5509
74781 8998
77369 7578
17454 7765
46428 5662
48460 2700
21934 7943
46444 1305
38755 9844
11606 3622
74006 9356
71159 1785
2526 712
60122 1040
32547 8180
47743 6087
54400 1428
18443 7802
44096 4702
55222 9630
21811 5856
72108 4798
12087 7876
25208 2046
64302 8874
52233 8041
56749 6216
23573 915
63598 9900
24853 5805
46570 792
14344 4869
63184 3221
10931 5576
11424 90
27834 2861
28800 3654
8907 2080
27666 9841
67952 4573
33473 2250
2098 3228
54813 2014
82679 1392
86695 553
64405 1594
77833 9464
89591 4738
7574 4930
56320 9052
42017 9676
62048 5583
34599 9155
62923 7511
43382 6881
32865 6766
11719 5932
69766 4085
22057 2226
16398 8303
81387 4406
42418 783
36530 8769
53539 3153
58682 1827
91714 602
2871 6909
5282 3006
7886 5629
49327 8053
51865 3766
32447 7114
17969 5817
37732 5005
52702 4692
77926 3444
52400 5145
78194 1384
64534 8127
70850 8467
47842 9082
57085 2527
38172 6336
28130 8496
67368 1966
44897 4932
85609 628
93763 2482
63235 3091
35181 4495
16816 6221
39251 3186
86857 1386
3619 537
95135 7909
32694 521
67798 6535
89524 6635
45714 301
64810 2218
12966 2263
6702 2464
64214 2186
25062 2329
9447 1998
92885 4064
80849 8369
21037 2963
27258 3632
38223 3915
51630 9043
2627 3216
91562 5279
87756 7657
1540 5455
77812 1885
63810 1066
39338 3337
56481 5246
59152 592
63675 5791
95689 8336
35268 933
27180 4195
21574 5448
42923 3462
29729 8500
61348 2105
9555 4861
83951 735
94703 9975
91353 434
26689 8597
57409 5739
88379 5893
87108 9716
42462 8603
40144 4277
88281 7965
89872 4959
70723 4984
66027 3445
9012 8703
41190 4049
97370 9036
20701 1108
13033 8802
24082 7749
16741 2820
98506 1910
82091 5154
42277 1999
82451 8136
57686 9715
22086 6333
54549 2482
66352 2002
80202 835
24266 7045
98190 1244
72171 7505
78170 2512
88236 1953
34308 3428
19454 6318
12493 2511
45773 3380
66052 9472
52401 426
64658 9329
1757 2562
67068 9910
40316 5533
31698 31
35061 3275
6754 6099
23331 2580
28775 4264
47120 7541
30439 9150
93738 8965
99274 817
65640 762
59442 577
46313 1034
72805 2439
35634 6924
68123 4806
31867 5914
2521 418
98621 4612
15246 5503
91420 8116
7431 5853
33368 9938
74158 9054
34419 7295
28646 6274
78761 2194
89150 3733
54456 1007
18536 1632
58961 6510
12129 594
96674 2240
26801 6316
70654 6934
44524 287
91652 429
12823 4824
97926 1257
77000 4938
74989 7352
72146 1615
64793 6845
67260 852
52370 3593
60850 8543
48189 2845
7070 994
7818 3970
88802 7127
47095 8634
50640 6991
94674 5293
58538 4116
13093 5641
63627 4214
38395 2091
59056 2140
50748 3271
16085 9635
74646 7552
70382 6641
93045 1696
40313 838
58872 4804
50504 9364
82758 1107
30614 8153
83929 3020
39066 4381
87821 2882
16343 5630
6264 268
48985 6845
44833 624
17924 1368
55219 522
34227 2388
60948 2175
89922 8441
72082 7901
43949 8566
44254 6851
61276 2494
1077 1845
38590 9325
91589 654
50573 9340
36941 6940
3358 3377
8062 4428
40386 4686
47109 468
24031 7634
79170 3937
6065 1805
64470 7000
77252 6724
64565 9627
35724 1226
45745 3553
41127 4229
55626 2342
36595 7364
65083 8386
31547 694
22639 385
87753 8770
63533 3098
22354 1362
96835 4847
45808 4515
73428 9136
65920 2235
49614 6266
63798 6456
83203 7760
6492 6631
98823 1704
61315 8582
87331 1328
39315 3824
84664 7913
25212 6248
60488 3374
18623 3742
72196 5815
98612 3306
39504 10
43072 3932
26720 7976
29368 6209
60524 1991
43994 2248
13211 6252
20084 4481
59111 2837
86908 8628
25944 4166
30739 5145
30722 4030
85368 2949
67345 2514
67977 3852
4063 2779
37306 3410
32848 3159
67171 9001
72796 4470
99000 8584
47754 9301
90166 3257
92704 1748
23830 3284
22414 305
99902 7417
20877 7612
78748 2682
43469 2096
19290 8455
71127 5041
64100 174
59103 7141
68079 3776
8045 1634
34424 5309
81940 5823
52857 8922
8973 6118
81674 9047
46942 3203
63557 2413
19348 1510
26006 7430
49107 1770
32245 5834
38031 7821
4373 2114
53481 5857
41542 998
86711 725
32727 9619
33757 7015
2367 2752
20239 5160
18327 5515
65245 5568
61899 3292
59534 9583
8482 8210
73458 6198
41879 902
14830 9631
1069 9856
40689 4491
96227 5651
46364 7824
75002 7275
26566 631
51220 3313
43842 7508
9545 3820
36815 1260
83617 1437
72352 409
15520 2525
91333 2323
88215 6446
51171 201
41422 1614
34924 558
27166 368
51353 1410
71106 677
47504 6688
37473 7739
43723 5031
78600 2028
56837 5818
15733 578
8833 488
90868 9472
24679 7494
79609 6331
62621 4288
19758 9723
43322 7380
51883 5467
48659 1580
77788 5981
42815 2135
90672 471
92014 8583
62642 8224
7959 885
82201 3651
84018 4002
59506 7791
51093 2409
22330 9484
10664 4167
50228 921
60378 1003
19416 8092
27564 6205
42065 2167
57032 578
63972 8403
37902 1778
67183 5767
28451 2908
6742 3658
76380 6824
58611 4850
77699 5088
37487 3909
10622 1193
1412 2713
76490 7965
64365 4204
59519 5915
34042 7226
29109 3747
98661 6303
74090 1212
11114 9026
25169 1887
48086 3038
41010 7529
41600 1068
75856 772
46665 4946
43605 2278
74595 5783
40429 3895
7284 833
12775 6126
71301 4934
87093 9657
31904 513
28131 8573
25116 9624
30212 9529
98627 9635
77700 852
77231 4083
3305 8016
59494 2656
12026 8625
48369 2295
40700 9246
41550 8195
22871 939
62059 3633
62540 1445
79696 9228
83535 5787
19203 2375
11018 5840
33179 5002
13493 4746
73380 6632
35041 9889
35478 3653
17357 772
14067 1384
18609 3646
28581 8886
1020 5707
75871 2048
68984 9419
51056 3655
83364 6719
55538 2625
79919 3983
57449 9501
72767 532
7001 7108
3222 6477
75031 879
86471 1488
6539 1230
76890 6166
76226 1824
40149 3118
36857 9164
60978 1859
82144 8105
84560 8217
14509 9811
82291 7011
50151 8286
96655 3759
29954 6431
9769 9537
37744 3506
55642 7049
49315 7796
8273 9347
44464 4025
21843 9783
64635 9779
15796 8874
11845 4709
65549 191
17623 9563
73685 5327
54900 6433
87443 7777
67342 8247
14308 5671
25933 2946
11852 3179
68582 8955
4190 6722
87191 4457
41621 9843
4837 4846
89871 568
42494 925
30603 2074
40128 2742
4506 134
51386 5778
26383 9478
9709 1454
15932 8642
31549 8959
81648 1838
13470 6936
59759 3184
27870 3440
50436 7958
85346 3274
1540 3914
39367 8833
78722 4994
77058 4913
41740 9916
48227 4385
33952 944
87498 5010
1203 5537
64389 7103
86974 3509
66793 4951
10604 5598
53147 8094
42036 7952
80999 7114
11085 1733
32008 9336
25134 305
81546 1552
92008 5361
46801 3084
83806 5818
93843 3016
17811 27
23734 7009
65728 8572
13436 8356
52437 6396
43199 5945
48658 7750
4427 9180
16322 8893
97778 4658
64974 5794
31037 4584
21073 2672
36216 900
39365 9693
86276 3133
15430 682
73940 2071
76749 8364
98402 8681
28250 9407
54768 5746
95673 8894
18187 8333
51150 5960
81448 582
87110 77
23616 524
34136 9557
47412 1647
87573 9495
15114 1732
22523 3965
11465 5152
25688 6239
56877 7914
82651 1199
60222 7783
25847 4695
36274 9637
16109 7115
56547 1769
40765 5350
16915 6860
98213 6138
58493 1792
86493 8375
83725 7610
25446 9938
28900 5503
3125 9462
15919 2330
28683 4621
83194 6437
85126 2634
99626 8505
97702 3958
64687 8381
88555 1116
16176 5015
43111 7455
14197 3137
73396 2166
83962 3468
45754 3663
65995 8948
8790 8042
96191 2685
57313 2112
23840 5769
46772 7946
7058 9040
20318 1889
11707 277
57262 5248
41347 687
24060 9617
23078 7406
2105 274
39783 8496
39111 6750
47413 5156
37211 3081
45339 5192
71504 9157
38309 5643
88273 6724
37693 1183
3375 1053
22334 7802
47001 6536
33265 9489
12375 3922
48286 1173
45485 6254
60458 3557
66642 7699
96900 4276
72715 5886
84256 5081
23564 6733
18451 8620
53029 3572
90279 2162
15534 2073
61654 7939
46619 1398
81530 9115
4757 9563
32281 4730
40203 5679
96535 2057
80586 4985
29600 4526
53359 8620
71349 1318
99317 3702
99860 9537
82313 8554
27667 3875
16532 2714
61958 3008
13725 4289
87793 5644
35469 559
22738 5061
47880 1728
72981 8993
36208 8933
2266 4868
2112 1420
65931 4082
64886 8183
50155 6625
2874 3780
88594 1819
59484 2010
70433 5666
75786 2034
6567 6561
86141 2926
65396 3996
42313 8454
50044 80
30860 9633
50853 4956
6360 962
81351 1257
16910 6154
25766 176
69951 3566
11729 1246
11221 2474
72090 1118
23112 9436
55808 7601
88063 4243
68518 5578
56403 8549
84613 6808
93275 3355
6981 1584
96222 8131
30697 723
98868 9498
52142 8050
36995 9717
10080 211
57771 3896
63441 5014
95810 627
93524 7263
13634 3630
39689 2872
11545 2964
4477 7589
26576 3641
53218 8153
51807 8123
46201 7546
20712 2626
26588 9231
29976 1087
3793 8734
99438 1291
90681 8118
36258 8304
32003 5951
27417 3111
60067 8161
53811 7432
75206 9164
80610 879
38559 2637
73959 5347
57663 2391
55308 3088
84923 9558
70328 2081
9251 8643
57960 2325
25034 5015
48053 4647
77507 5833
43813 7549
90723 2529
28144 3719
71917 3950
3271 2128
93230 8326
69454 550
98121 8147
85179 1004
37988 2378
15434 2741
41500 6619
90935 9510
48910 6946
37402 9417
43968 241
59142 1109
69792 821
72505 8516
62079 7281
45899 9952
60865 1348
66725 7066
43664 2558
78534 6861
72863 5097
33931 3854
7577 9739
37301 6061
27574 6495
85753 5104
11960 9185
3230 8768
62547 9467
4951 7179
55583 7128
32864 487
39335 9722
22844 1577
75475 4525
44705 2767
44733 7271
79524 3271
75237 9571
89184 6682
29202 2361
83141 6669
36155 9705
26332 7183
64310 1396
16078 969
38876 4397
29187 9874
19212 847
9144 5739
57658 9771
83632 2329
62758 7298
71669 7639
94535 8318
68938 1572
70638 3256
58880 7703
22950 4327
21106 9698
25108 7379
4216 7636
30120 6749
83314 5310
17081 9523
86023 5009
73436 1891
70951 683
25352 2017
18736 5194
83313 7413
32025 9065
88615 6452
95778 2888
61268 8325
53808 4188
16471 9923
5599 1329
96131 2104
47181 2355
44244 6554
48390 7258
91264 9499
13242 3101
12652 4787
14422 7654
60225 3541
83611 7743
98848 978
46551 6679
33613 6768
41618 5165
39762 5951
97241 3855
98877 7409
85064 9778
84726 1711
18744 2616
19944 7738
37003 8299
87659 2594
11259 2328
40130 3348
89022 6864
80740 3023
29233 114
98497 6458
50351 1035
9317 9794
13588 5255
94633 6502
25831 671
19515 2864
32124 3246
52666 6222
55859 5432
87074 9287
45908 9655
75688 6601
58289 7532
94065 5531
94383 3137
83779 8187
60369 2924
72004 7503
50169 8377
65284 4949
42588 9398
42249 693
66397 1199
15307 8564
11470 2428
54362 1072
67962 7111
21072 3152
89003 5335
65321 9750
30477 1160
50908 4081
89369 923
47790 6636
61392 5694
45166 758
76445 9475
32076 3242
67739 8981
63705 1147
29739 5928
98352 4757
47463 3746
43726 4129
71798 6630
97275 9055
89493 8462
33815 4777
37775 502
72632 9188
46876 3259
46246 6439
39257 1869
26870 9119
69536 5069
88950 5550
4388 8968
28734 4964
33016 6602
15145 3103
48809 4949
99741 734
35829 7903
89432 8549
50005 5087
10430 2223
84670 8908
74689 9001
27204 2135
69541 8285
43582 275
64315 9812
44400 6853
60525 2548
50623 9826
69881 2699
2951 7635
98729 6874
66962 1344
13927 5483
4947 1328
46349 1937
87540 8096
28523 4076
62704 3596
16335 9644
92772 5011
32402 7867
44930 2378
26191 6999
14756 4665
77661 3419
6040 5547
71363 2168
78665 2248
33304 6339
64165 8276
5667 9999
10893 3338
94522 5656
97615 6155
34958 1595
70356 6592
86062 4006
69911 2871
76759 7059
65211 3107
5669 8380
52559 8921
94157 1927
45580 9242
7463 9941
13774 3466
22174 9460
44872 5142
87292 3606
87482 8974
10842 2281
61277 6095
42344 9173
61985 4319
8504 2055
14078 1505
35271 84
50625 9676
56485 2148
58895 1779
83354 8079
58177 9547
63325 1399
83101 1661
42031 3774
35434 3038
10979 6443
98710 128
55671 9200
69274 9224
66112 82
9006 4773
16873 1310
70316 6309
80434 7234
1470 745
98433 6667
64877 9987
5203 7544
7650 3746
41739 8173
53766 6589
90682 3351
5467 5914
22075 6770
67141 51
45041 7578
46120 2453
95667 3198
79545 9789
55168 6041
92670 2256
86941 5253
40425 5491
96902 7809
37858 6952
80038 30
72462 2438
9177 6314
29302 5719
33642 1892
90004 196
56462 7013
35061 75
42491 6346
27283 6915
65306 868
74599 8328
68128 2345
16633 8375
14247 1358
97349 7524
72953 1735
81924 2772
3682 7225
4857 1272
15966 9873
96728 158
59644 4665
84738 5553
44802 6109
94728 469
31983 8152
48687 6639
41305 4858
47802 7870
35851 3579
28287 7224
83522 7783
92685 912
65205 8097
64707 4146
8689 1093
57053 3148
49997 9521
17414 6272
92322 2456
80270 4543
25114 9132
59930 4285
82211 5877
48271 8743
21406 4580
42745 7437
85765 4605
30908 5584
73942 3568
27021 5800
99479 2210
11752 2008
99115 9344
46092 4873
54205 6977
46905 5882
46204 2646
90277 2668
25473 8015
14565 2371
54935 5500
3821 3734
97857 1169
83598 2200
4925 8807
23568 7391
85723 4292
6658 1396
12834 1788
13207 5414
62630 6956
20121 1415
66499 5260
22773 5671
10691 2060
14308 1981
23509 2802
23476 685
58480 9678
25730 5490
68087 4961
24260 9171
89690 1274
65493 5985
25751 9647
41640 7749
20228 1664
11351 2161
59410 6947
82326 163
69129 8430
65121 8451
69719 5918
43367 4002
35617 2732
81914 1544
21069 8849
58909 1397
24445 925
40180 2151
91918 7286
52181 9512
91844 3466
47028 5274
40662 8365
85265 4792
79723 7788
5831 7975
34576 6729
27849 8304
97890 4943
47107 4856
49739 7045
94162 8862
13157 9377
67662 9263
17551 8835
45545 3321
73570 7694
62768 2436
25166 6805
96019 4162
65163 725
34632 9451
9784 9079
72495 5713
97205 7175
84036 9317
79767 2432
89569 4969
75157 3245
14148 5266
16654 8137
49176 7108
23474 3573
38189 8650
58550 2774
85183 6088
30728 3247
38641 2350
86781 7868
96287 8084
32944 6589
4622 6199
41591 2639
49034 3752
17071 380
35646 7295
33242 910
60532 514
49832 4558
6550 3771
5244 2123
14175 6679
77761 2130
39625 193
66970 1432
95309 3565
50574 5558
89153 7453
83237 9430
23088 3944
67535 4946
10848 2098
99345 8086
11319 7234
15764 4583
7042 9992
16048 1779
92358 4446
79692 3798
76776 8245
74049 2986
8834 1205
63197 5030
34573 2011
7769 6702
69139 2124
81330 7468
80854 2300
80555 2495
47224 3306
53110 9185
99113 5285
3046 818
94882 9951
55917 4545
58882 2822
14080 1987
21276 3796
10205 183
62969 7385
78505 3026
45465 4621
20156 6018
70524 9424
26406 3429
62843 4101
12629 3121
44272 1600
81268 9603
30597 8359
27885 1497
1617 8197
87493 3000
41637 5072
18781 4147
5898 7513
3483 9414
56295 3783
64205 4319
16256 2889
50438 4849
19751 1845
35577 496
73500 1447
55813 6392
26988 2581
25932 9320
27033 5285
38038 3698
57832 6652
88327 1479
29169 6244
56383 8218
71754 6762
9214 890
6729 8947
82820 6702
8702 2496
19291 9101
15904 312
62693 5273
30428 8742
81464 1500
54454 3867
5827 8168
4695 6178
99083 666
56721 4549
9127 942
36177 8252
77712 7361
14736 321
13408 8350
10019 6113
34825 9926
49527 4910
20988 6541
99007 6538
72694 1579
10003 5111
70759 2495
11185 3220
82374 6656
84656 4115
51071 342
64755 6106
18995 7664
22770 3287
99809 6469
27515 7460
42755 7282
34228 3859
1743 9261
3690 9301
63778 4614
49659 8333
77315 7850
10669 8109
56106 8972
89433 582
93364 4309
47578 6151
72718 1808
51433 7689
22354 4087
55641 2659
92611 3656
80945 3491
54990 2423
18993 8002
15580 1281
15989 7380
82783 5169
81218 8668
63861 8681
72840 8778
56882 6334
3384 9264
49481 6497
38336 9788
25828 8848
7669 6127
14484 8735
74658 1531
19630 4394
66961 6159
65872 3421
10405 378
36897 3156
69509 8814
55160 9838
19352 1831
71884 5953
2131 6871
59814 2691
1021 863
92431 7940
97651 1316
42592 9106
43249 2265
73182 6132
75732 8866
29843 6202
53358 4673
15089 8606
89138 7879
92888 6822
57308 6736
36364 2760
42651 686
79317 2476
82646 7558
40626 7363
44400 9522
25871 1225
76220 4817
8356 8968
67367 9650
97743 6446
24590 3445
25507 4506
14013 1576
48402 6453
84460 2953
6501 10000
63567 7066
46190 1562
97565 9349
10932 2319
49481 424
27256 2370
93509 5995
93166 6096
27902 6924
52192 5908
77773 2274
95166 3783
41430 878
41819 1599
65553 5273
31042 5876
24587 6939
5654 7826
89252 2185
72380 8826
59637 9857
89342 6841
71523 5037
98247 5888
57034 5808
79267 5165
70631 1138
31464 3303
22892 6984
35128 3113
83493 761
30810 7216
18627 4685
91108 2244
67463 701
92626 91
98233 36
92991 1083
24926 3487
26376 2506
37856 7459
8369 7364
62808 243
51659 7703
44519 9222
61542 3729
94642 3948
21143 5210
4415 7327
76654 2248
12923 1902
44964 7770
46676 9339
65705 9692
58325 8217
69487 9810
35021 1942
53980 7609
94149 2457
83588 5521
12279 447
65475 120
14342 551
25770 6743
77315 8201
98655 9323
17225 9041
28896 576
55291 9406
38488 5056
66559 7685
70479 4812
50071 6755
6111 3631
56532 9743
21618 7955
42245 4003
65575 977
41933 4879
36940 2060
3061 3891
71176 463
46456 3588
52505 1165
34965 3281
55688 5344
16887 4866
91544 1811
53278 6637
40178 222
90851 5055
2869 1820
75200 9547
11432 1487
24112 483
36024 2912
16010 6827
37557 424
88032 8008
74504 1343
54640 5299
8843 9130
95723 7597
8395 8555
35682 2583
97366 8834
50083 4004
96290 1137
1653 882
66840 6032
8165 4121
10628 7795
33753 6672
24987 8712
1961 2272
27492 1784
97741 5783
1327 4496
72710 163
93558 5890
99504 3449
47123 8177
4864 5861
50655 5291
24603 5151
97366 8688
29977 7300
10907 8278
19011 6825
12839 2403
12219 3831
21033 861
2391 1205
97542 8238
37456 5795
25158 1590
18981 7707
22379 2099
5472 2696
57789 4177
46088 5185
28883 3340
25071 970
59796 5140
93267 8196
53907 6928
32151 5604
85152 4303
1831 1163
4526 5317
48899 3938
31989 5985
58046 3481
26246 1756
37494 1527
78592 1404
6670 7892
87912 3885
42609 365
37907 3874
45028 2528
97004 9703
84613 2201
51140 1384
2631 612
85615 838
69470 4440
26742 4631
61064 3272
68515 5300
98333 9483
94875 2340
30375 1797
37306 9076
48938 3653
83863 7303
35090 3781
33107 3899
16620 6634
23843 2605
61343 2513
72376 6305
96729 3376
78631 4638
79504 5090
60230 3395
18944 8651
29004 4496
30418 7707
75345 8546
52423 5965
47019 9149
50118 2374
41450 4127
3899 2651
16022 7152
97914 1853
56081 9065
11267 3244
97069 1424
16787 8858
61246 4458
97303 7635
1992 4524
57190 4918
10756 8740
96710 9281
6644 43
60992 7154
57139 7835
45631 110
2075 7735
3734 7298
13035 9767
98858 754
56087 8172
64559 3585
26100 1479
55677 7505
40225 5301
34697 4840
43896 3223
64185 3905
54015 2302
66546 3082
3073 8265
74232 1743
10769 2952
12217 1796
64464 8313
11251 379
66817 9983
40621 4920
84618 1032
75655 7233
96125 6576
56405 7014
26816 4454
4252 5426
27551 1897
95369 9360
43563 6360
30490 2071
88401 9108
79285 4843
78098 4624
97613 8824
16333 1339
58199 3545
83343 2662
79716 2082
82484 3423
83736 5257
20242 3418
55074 1440
8234 4825
23421 8363
71166 6179
81104 444
99212 2711
51323 8410
24356 2517
59047 4720
52964 1415
44613 5898
2954 1275
63783 1429
85982 4966
99177 3316
31192 6875
15630 2861
61132 6418
55693 834
79017 3971
32868 2057
94316 3470
28324 4858
77655 1138
13879 7946
94957 8540
61428 9112
38032 5751
83235 4195
82157 1713
75276 9405
11595 3953
64481 758
71869 9653
44397 2048
32052 6092
15413 28
54724 8748
99146 9606
46852 2260
50037 5650
18239 7756
8933 3610
14694 1404
38213 1615
89712 1375
47755 1092
81776 3605
27640 7362
35064 724
90961 9049
32240 3307
44983 3709
80480 1802
42136 5766
43606 5793
73014 7293
55591 8399
14704 1176
45069 4496
7252 4332
46421 5956
90726 1751
61806 276
8002 2569
18985 748
46127 744
98117 2070
49019 3424
61853 9209
1735 3196
33426 4258
