4781
73349 7552
3856 3446
38556 9594
55752 5154
46780 2802
82119 6634
15175 6949
54313 3142
62072 1709
82868 8285
35355 6484
38105 8049
44539 4572
37552 478
57471 2067
79276 2228
9328 4282
22793 4999
91639 4570
68067 5466
49654 5545
1601 6907
1375 9973
97521 8764
28814 9407
19673 3059
66914 537
1247 6862
50508 9174
66975 1693
8053 1819
72782 6807
46961 3716
48475 4049
86089 1631
35035 5008
3900 4535
38057 1936
12857 402
86652 9669
50322 6894
56444 4456
73426 2751
46889 7442
70181 6936
60325 4092
23208 3400
75525 9944
66699 2527
49458 8861
46607 6513
71766 180
50615 6298
59109 7544
67764 3857
86052 7722
29707 437
78907 3652
29401 7362
56262 7489
33670 958
92390 4501
72396 7029
34033 703
94944 8775
55285 9466
87166 5505
4355 4576
41186 9942
46553 8687
34684 2262
80242 5580
29809 5165
10433 4395
29714 9499
37834 3790
19093 2468
33883 1479
56239 3394
59564 8132
72035 2817
8246 6615
83765 9206
16441 9849
45810 1839
87073 8252
56768 3562
68121 5996
54005 4755
66316 6166
64391 2595
3933 7660
20637 4937
75665 9384
87454 2047
63696 1360
46949 2370
71768 9257
26783 392
11750 4698
5758 6670
24524 1922
96745 5653
5659 3923
97002 4407
10531 8684
73743 396
83337 1540
17664 2014
97043 2449
30103 653
28425 3455
66018 9570
29855 4576
86943 7562
68809 2516
84101 833
54941 6
71511 2203
70403 8310
82862 3666
51579 7913
19904 7362
63934 3659
53415 6395
67583 5169
56598 9532
28426 7929
21707 6736
55808 1291
90051 1914
59156 7278
44329 3758
22048 5767
16355 1403
15099 3563
36636 3122
24665 2748
5269 7703
47947 1379
61440 4599
5481 6033
89478 8858
41964 1790
60270 6947
21984 2429
74644 5173
4299 5350
23146 864
51633 6332
76071 9191
64588 3075
31130 86
58740 5696
24286 6039
59423 1420
50631 4595
55082 1404
28406 9695
99207 7155
14068 981
43119 3192
87050 7536
45771 211
90410 9978
82716 4895
22102 7073
61875 7889
93978 3153
42564 8846
60606 1399
1091 8550
37387 5957
59905 2706
10907 8728
57011 4146
3840 5425
2345 7733
40456 8387
10110 9337
40263 5006
51810 1169
81726 7730
19555 4515
74138 232
45568 307
8749 5885
96719 6755
81002 5149
63369 9719
72726 1577
35208 6821
35076 1712
48144 681
2930 7341
46176 1747
38271 7468
44936 4779
63359 9666
64413 1246
69278 6863
36947 8375
13819 4674
37169 7469
62316 5332
86317 4404
97001 1072
29721 4648
18296 6275
71494 2039
94154 7522
61708 1860
69251 686
18934 1991
88778 8709
25901 2953
95793 8754
40890 4752
72521 3726
91779 1815
33001 2496
44517 9592
66793 2099
64453 6605
54101 8420
19447 6677
11322 5448
35700 8118
71028 9316
75634 7293
75426 1190
63278 2093
30142 7312
18133 2025
55813 863
80079 417
97156 7077
79870 8367
6071 3586
13869 2364
97405 2160
61626 4532
15206 8183
37223 3453
80617 3793
58250 2195
78881 6451
9028 8613
47674 3209
4225 976
56373 2397
48007 9724
84270 6650
15645 4446
37511 373
27690 313
26970 2610
70362 1846
36790 9309
50362 1777
10160 3482
15607 3180
5488 7021
3493 2787
92615 3337
77311 6921
94686 7637
45389 3788
29242 7180
31675 1875
84182 3992
74389 2564
89380 7145
37889 7655
99135 2479
51216 2220
84131 5517
44778 3549
31845 6853
59364 5712
73002 6624
46675 8541
63090 9699
28180 5198
40338 4876
36210 5214
7703 7652
45474 1813
73286 7529
99429 1007
58850 2453
20906 4330
13911 6972
58402 809
51777 3421
26764 3088
22868 9370
63035 460
84301 7319
21421 8246
77868 8710
8978 8539
7541 4991
55710 63
55297 5688
13766 8873
70711 5379
67714 2446
96595 3068
43755 7066
84631 98
15636 3644
11997 5459
57357 460
98304 1173
51497 5100
45937 6993
69986 9297
65382 8804
46288 6872
20783 1987
90693 8513
15309 2986
87006 6317
33710 5604
20453 6388
45862 5926
81446 9775
21824 8077
32179 1360
49148 1901
67376 6783
73806 1865
85500 2691
21600 1881
2673 4487
8125 3177
7256 6902
87115 5501
5929 1864
98611 4366
28664 7873
92037 5527
15613 1494
60116 1816
43517 3628
37271 9088
80148 5276
34822 367
79316 7259
68045 8234
49366 5163
76242 3780
92626 4995
10238 2273
2469 8355
28371 1051
90281 3066
69374 7262
33750 9998
71174 9660
78391 7295
97522 2999
66876 2219
44750 7464
79854 7838
10718 9174
50986 5218
36875 9431
91938 4558
29077 8595
18974 9556
9512 8606
13396 1196
93219 9100
22147 8168
46615 7554
56711 8576
3865 807
14495 5155
59768 8400
73619 5911
16711 2137
3083 7713
18466 5242
1875 4600
19928 3763
65690 1352
20270 831
30927 8638
80181 6650
40867 4069
39711 9766
61430 7538
72465 1444
47056 26
22026 7773
78911 9379
31548 2567
75138 1498
23928 7474
76035 8161
10380 1487
48204 1799
88845 1265
48564 7023
56403 1600
15205 341
93795 5572
97340 7468
21364 5586
16185 1737
25674 6300
32167 8721
78510 7063
41628 6156
61078 5091
99777 3102
71030 3947
41462 2815
10929 2512
25054 3255
71264 8316
49447 435
33679 375
90015 1939
42568 9797
72655 70
32381 32
74615 739
97457 4433
87561 6370
97373 704
31945 8301
91355 4742
51298 1615
93914 1197
66817 7889
83982 731
58788 6971
70404 9366
35165 4478
65580 2294
40989 8919
66844 2502
20389 7362
88960 3544
34410 4762
85644 204
66355 7071
38801 3991
47578 1382
73749 7516
3425 4008
36903 7723
47222 2879
31309 2343
70356 8464
52248 5580
72935 2446
47376 3704
91604 8670
4913 9436
59803 3260
2114 955
10633 3840
84200 3456
60621 2450
1519 104
78316 1425
82100 9482
77043 1247
98440 9351
17319 2630
52751 206
49850 3386
65016 6284
58858 7152
18606 4174
60954 9157
75559 6975
54514 5845
95898 1465
26208 3858
56980 3290
84732 4786
18663 7706
66320 1686
3133 7780
57995 1692
5693 6902
3963 3946
59692 6071
77747 8206
7062 473
74436 8013
29747 6680
6600 4258
30071 593
81030 518
67675 5211
36214 6036
63906 7642
15347 4020
7051 4231
40612 2018
2249 4721
93474 3424
78894 1409
16442 8547
34254 3269
11508 5245
62607 4398
44041 5980
34067 4470
82212 4486
66735 870
87737 4169
60030 80
80167 8912
19246 5128
59531 3189
42350 125
31065 2005
35479 9011
9802 4005
24406 7900
89921 9451
55162 8868
93845 4152
46696 3756
15886 9202
86541 3654
16177 3425
33053 9136
66006 3573
69521 5410
18888 3991
29175 5220
24188 4827
49594 5625
48994 7474
87707 6310
97786 1516
53685 4270
70615 7379
41498 5454
9533 3506
26374 5382
59152 5506
11684 1181
90175 1077
97784 166
9434 4873
26882 1209
9833 8858
88480 414
48914 9336
68457 3795
48259 6005
49544 9483
56996 237
59917 2273
27302 254
97480 6157
61332 9871
53364 953
4272 391
48816 9918
98883 7000
59336 9183
93801 2712
5147 6502
78519 3242
45761 6242
23467 378
73621 7677
2058 7213
1859 552
30433 3103
97850 7358
40953 7983
33896 4994
6278 6665
57225 4599
83397 620
84348 3270
34699 288
93169 3271
10598 7745
80867 4076
6576 4554
16231 5895
5478 7284
51669 4085
44058 5172
81643 7793
56366 8665
24899 3739
63505 232
33872 9567
14577 3988
74511 5664
35833 1308
55229 5818
3947 7612
28054 8455
79297 9525
51501 6790
93437 1743
18330 4244
64258 6547
97849 6547
51478 5068
35595 2284
41309 9148
50718 614
92110 7351
52005 1821
8148 3205
76436 930
37629 5709
24577 9913
17559 8676
44405 8998
66187 6657
45706 6055
82129 8618
36156 329
98432 5714
42120 8214
66261 3673
31553 3266
17277 7396
32717 5854
9322 9458
77310 4974
95687 6824
89383 4646
13425 8161
26018 8484
64818 3800
15895 6410
64797 2278
53687 8894
66220 5334
24359 487
95240 2473
77723 5540
59994 1512
99930 6879
53925 9743
87762 8278
19782 9665
57712 9539
64478 8357
32914 8042
14004 790
9460 5375
39726 8187
90095 5041
34080 2141
24913 9849
69215 9927
45300 3756
99755 1763
37271 4796
63068 482
39428 1415
33208 1908
50581 5476
23350 8434
80436 2717
80455 9697
38903 8116
92225 755
5964 2534
62946 2885
32292 8922
65216 8356
8473 4009
62551 4047
9527 8726
32990 5231
27798 3017
27358 2285
87109 9818
56144 6070
1211 3854
50732 5962
70611 5629
89159 1726
35846 2051
14980 2235
14031 6778
96461 4731
83187 6995
8406 7163
61254 2057
65433 7044
32492 3475
53465 172
21899 3810
25919 6685
24232 9403
48560 5957
28306 3778
16009 8676
70814 3710
57725 3087
34982 2061
53538 765
70075 955
73689 5416
6978 1432
95258 6888
76261 5501
38878 1171
25530 9919
16908 4692
28990 1050
82199 7361
72292 244
72604 1425
68759 4349
7787 3180
39729 2822
67395 2513
34373 5085
9081 3438
12349 6958
15306 2829
34145 736
50573 7205
90617 5757
85077 1565
90312 9131
78990 2582
5277 8039
85930 8050
17932 8348
13255 3741
57779 7915
51173 7341
15038 3710
39933 8627
18895 5223
16959 2676
20055 818
92754 5676
54130 457
96649 6095
87885 1923
93475 1548
14139 5376
20886 4896
17868 697
93931 4841
69807 2283
64406 8297
33345 531
51004 9489
59649 1508
89359 6310
22141 4045
4495 6341
43784 3093
3044 9825
3312 3345
68996 1183
65542 7520
7241 2488
5827 9103
33705 6474
83854 7066
67495 7141
56225 3130
59917 1678
30349 7263
26458 1376
94718 5682
64537 1184
47627 7925
53379 547
30660 4827
15851 7586
87481 9790
41335 1324
43573 8378
55869 9592
66632 716
79787 7283
21349 5792
17123 2329
34772 86
26962 8271
65162 1421
21397 5872
69446 8840
82612 485
61056 3319
13340 6578
50682 4185
32070 8432
18139 6165
33477 7552
51288 9665
42618 5020
57537 1209
45196 1039
51799 5963
71849 9405
60676 613
37566 3460
91397 9183
4905 8492
99694 8557
91053 3237
70470 6820
74340 2604
43393 4200
85446 626
22499 8943
44652 7879
69663 6940
96929 1631
97578 6204
38331 2399
53840 9056
70974 231
48471 2334
89913 3442
33371 906
15417 605
10036 5528
8178 8915
21159 9061
31472 4458
39745 6934
61726 7411
90018 2871
50830 2320
48383 8671
63694 2359
12927 7438
28857 4162
42933 9423
83002 1663
62687 5001
38911 2612
98246 832
45701 197
7305 7183
19122 4466
48530 9290
27998 9579
9547 4107
59004 1979
32477 5133
9072 5312
1318 2113
18258 4905
9163 8706
31311 3252
62576 3991
51905 6707
96912 7108
61353 6251
82710 9237
95570 5316
7549 3695
22255 8856
2643 8535
77226 6085
26995 2388
51696 3099
77624 4450
13572 5781
8624 4779
42648 6190
91232 5953
17856 6394
96361 9274
24669 276
69905 9455
89096 9355
54528 4960
35969 1281
31626 5904
34021 3780
97184 1505
32855 1028
64358 6910
83439 338
19878 8425
85917 5629
6155 3814
20025 9673
5670 600
91554 3824
60128 1709
77453 1353
82399 6314
62363 24
63931 8875
93726 4578
49247 8253
19176 5790
11502 8472
76425 7796
62544 1674
50358 151
1848 8578
42082 4997
78311 2525
92347 723
74321 5973
83740 3787
18342 2707
27676 612
3057 352
58366 5243
40066 1288
64319 7712
81583 8701
33935 6944
26626 4492
53914 969
82740 9464
71859 2359
22689 7106
62284 267
77045 865
83629 2670
77650 3417
82284 9917
42962 6920
49758 3071
50272 9233
85438 3181
45479 4521
69017 9271
90163 3947
51251 1295
67103 7980
73552 5577
85503 6051
11947 4966
29060 2227
85091 1901
93993 6014
53155 6556
19051 8032
46024 820
78001 7840
35156 461
31616 4263
28982 6421
98512 7907
10871 7683
2495 1427
54341 8190
58097 2723
51802 5600
78276 721
41077 9388
37569 6191
98077 5438
26405 4808
78176 2419
78072 1731
37057 4824
6889 6547
57503 8235
11893 9263
94303 9345
83003 6440
87254 9603
34605 5930
79847 8926
2948 1539
55421 3053
84701 7405
61302 8922
51005 2732
87636 2394
63350 237
58801 4229
2237 6045
24994 1690
49939 1012
78963 2313
25391 584
17140 3045
74196 3280
71823 7419
77394 1417
67094 204
9390 1930
89354 7100
71299 2306
89728 1475
59717 1921
21366 4606
79751 3181
22185 4635
27900 4417
66570 1781
32033 1392
57904 1187
15697 8240
15952 450
69262 6072
6254 1745
3626 4330
43885 5010
28435 1301
6462 3802
71797 8808
88356 9248
17578 2696
43293 8892
19357 8938
45530 2494
78922 1573
87046 5284
43043 8437
75128 4536
6863 302
62045 7289
1919 3998
59736 466
40248 9110
14816 2999
84004 6025
5958 2622
22404 3134
40616 7957
40529 9366
76836 2881
65609 8066
26185 2761
69954 6822
62337 3042
88542 4401
18766 805
5768 6494
28119 4666
37104 9735
56437 1616
88444 8541
48265 7654
71734 8036
86630 3303
31690 7548
63449 1365
75699 1377
89451 1056
29042 7753
90740 3613
32842 9810
81423 2257
70001 8238
96775 1065
44368 6871
92571 2696
93374 9175
41697 5305
25846 5155
64147 9213
71899 946
95556 3326
22213 3950
16303 5921
65325 9829
27332 207
68901 3172
36453 2163
68775 7194
61012 1406
19088 1516
33858 7973
46927 3001
14018 7238
6041 317
20155 3049
20310 335
16219 6644
10390 4800
65026 3521
84889 1909
21805 8484
21733 8047
52712 1056
99224 4945
98778 7102
10661 5008
57257 8623
61713 3687
20723 7275
25757 8699
16558 1045
92313 4917
94977 6182
61523 5515
81250 370
27216 9695
99461 8952
42717 9335
99996 8089
96023 154
92652 236
6736 1259
95291 5719
77894 7519
66715 4355
6121 3328
89961 6606
87046 9425
92278 2183
83416 9815
13740 5582
31445 9651
68255 7392
87809 9889
58897 9658
78077 7354
80308 6717
31458 5819
50682 5037
35684 5655
9316 8697
14104 9598
75549 3965
24046 3274
78313 8212
55945 2502
20966 8542
31453 9994
91289 5527
91563 1063
11905 5972
51040 1256
86756 1822
89460 9503
25731 9187
7903 3463
88910 5623
20762 9578
56074 9191
52621 7038
7349 6260
21938 2759
19571 8738
42689 9256
10182 6825
73603 4322
79467 5628
21356 9701
82580 1800
5237 1821
91335 5066
66485 1473
34476 3557
24631 932
7332 1851
75033 1463
18348 9836
31047 5475
90327 3918
39054 7868
98095 551
5026 6000
90767 5618
65435 879
76935 6053
20620 8800
28425 6976
25212 1284
4062 3112
99322 3380
72112 9053
27966 6604
91372 7175
86375 3501
91108 1639
2706 1684
50171 7881
36068 8213
76590 5001
16936 4844
11256 109
3584 7338
30241 1225
25639 8359
51124 3597
35348 8798
76941 9975
40678 1863
5511 4757
96639 2946
45585 166
72207 3438
27045 6072
2027 5309
73109 2465
70243 6579
14835 8540
51617 6482
58688 3339
11890 6652
5624 9871
4537 4228
50914 8871
57887 9989
56726 3759
31933 789
81109 1050
82807 5993
83150 1273
87629 5375
60121 227
29243 2574
36869 8908
46044 9922
50858 1186
33628 7909
44964 1036
84324 6665
84344 3597
25803 4218
32795 4242
34165 4262
4002 3714
79390 8598
79917 4738
25384 3908
61025 464
23928 6957
62705 4629
23344 4962
37342 8840
24507 4186
62488 7945
73400 5907
34314 3100
76551 4554
43062 2373
26931 5021
85378 1116
40283 4951
68664 8246
73132 9999
25092 3069
82222 749
25951 1788
63253 1101
62382 5109
86915 4278
91137 3568
38939 2850
40752 2932
3560 2763
24494 8651
94047 9365
33087 9139
15261 7944
10326 6060
64201 8654
17466 718
66423 8001
38748 768
53774 7954
78182 7728
47729 6812
25038 2299
63065 9808
53623 3010
89792 4462
92109 8853
26587 4492
84400 749
11334 3950
37863 1524
81515 5543
75637 4889
46542 7153
18252 1434
85226 6753
53763 5461
75515 7836
36331 8202
49039 5442
73926 3570
10572 2925
93241 6305
83382 9032
20841 363
24126 3176
32222 3471
39832 3675
75280 6241
66356 6718
80924 2106
2769 7303
27145 8470
94487 3526
40763 9661
10471 6095
90031 2335
89329 6019
36585 7750
26540 5252
12763 7318
29448 7354
58124 9802
34731 5007
43028 6094
93056 2681
87007 5503
64267 1965
20332 1370
26391 9853
10527 2052
79219 7881
64715 3648
19096 8045
34151 9540
72871 7479
83731 9389
51205 9966
12531 4920
99103 749
59169 1437
5110 4208
75403 8019
94151 199
96477 2375
75626 5735
94657 3302
74011 7714
5083 4791
9291 5204
3294 1209
5514 913
7720 1386
16305 434
62148 4256
19955 6060
78008 1725
93608 5366
19090 2859
7297 2242
90420 9503
15507 2642
68804 7709
48789 4003
65391 5891
9345 8457
27767 3298
58295 4440
55611 3748
8420 7824
54085 7096
26354 2756
64563 9427
74442 2925
9190 3178
81844 9071
52828 6168
60191 9481
10592 6369
6140 2753
64301 2775
56007 2214
62276 8729
23084 9926
41375 5613
79162 4304
47330 3687
74135 6151
47250 7248
55577 7800
18864 5157
16114 8034
37210 5165
10798 4493
11536 7824
93075 4791
29525 9731
51953 4906
31012 3332
7764 8867
81019 1177
10858 2663
40509 51
9804 5619
49505 4924
39768 7670
2550 2104
5520 7747
26139 320
24177 7033
31356 7439
60846 345
33146 3607
22082 932
21986 6161
28449 213
40983 7702
48349 5542
95619 3514
74317 971
38037 4080
65568 2426
66724 517
40003 2808
50977 6322
30377 6490
82777 7266
44704 3843
48249 4198
43134 4483
11715 6871
81668 1584
81687 7279
16293 8512
74598 8674
39149 7962
78381 2653
34162 9028
98850 3765
19318 9829
41679 9762
72120 3407
34298 4495
30867 5122
34439 1014
17018 5333
48677 4802
7475 6634
80235 5286
52106 111
29080 4023
18438 8495
8943 2422
68402 6705
39437 1654
17261 971
42920 5087
77912 1509
53325 5064
47709 3531
87547 4468
97665 6182
10806 5415
92565 9714
99529 5499
39859 4316
23000 2757
93769 4431
34982 3126
37940 9540
80115 3641
22398 3779
5743 213
7742 6735
44043 3714
20415 231
6358 9531
82958 7131
28170 2245
45451 8026
91468 5340
76080 1879
97606 8543
20087 6254
82121 6315
15962 1094
70226 9351
76316 1821
54127 8171
49842 9428
66065 583
78530 3373
96221 3012
49267 7201
65794 4375
78750 9158
6400 7044
83697 6605
69273 8567
49092 9036
78697 737
38979 8644
25947 6904
51258 8648
65668 2022
78256 7437
61657 4262
74335 7204
95725 964
5579 8554
99321 6000
47201 781
77415 4374
31741 2965
32570 5554
66224 3004
59986 3554
48154 3248
21569 4849
40716 3109
16247 5583
39120 5796
42137 3163
50998 7068
9318 3521
66965 7029
31944 8325
5534 9220
27050 319
28227 731
15560 5283
42840 9412
78983 5677
39094 8412
33751 1571
42659 6528
63945 9286
65452 311
92333 1061
18050 9720
7684 6039
25711 1587
95850 6562
7557 5240
80711 6998
45899 3663
8034 9007
35776 9386
38052 5760
80109 7368
56270 4909
41371 8897
90075 6870
93136 4616
31677 6983
48748 5931
91176 7283
23322 9182
25394 5299
46206 3382
76173 819
14935 6506
86646 7015
77007 7096
51986 1856
84554 8225
65424 9300
23544 9269
69315 8526
97795 4504
96194 5515
45332 3267
62994 8035
50726 8631
69834 4565
28268 8683
25219 8340
3343 743
23465 8222
5749 660
20572 5903
2907 4186
82130 1498
90314 6111
6539 8258
57335 497
33625 1350
2203 2951
63857 4664
73801 2798
63796 1092
63896 3055
27843 5598
68838 5652
37339 9870
19826 2177
54995 5875
59835 5653
51745 1052
61832 9383
78952 4953
83475 495
98304 4075
85632 9818
86284 652
89896 4050
54902 7355
59824 8255
49039 2309
95773 3706
38233 10000
24661 5603
73246 2094
98994 6669
13497 5708
85390 6160
27375 2762
98330 925
95385 5972
60419 2430
70087 3522
96847 5942
65226 1412
20751 9515
35943 7349
42572 5133
28763 222
43241 8666
20292 302
35815 5890
2005 2044
86430 4493
27700 3604
2509 7827
39645 2545
33074 4824
66186 5766
31681 8103
44619 1670
3511 2532
11912 5734
89027 1211
36281 1241
61524 1158
21751 5167
50431 1232
12157 9639
28188 7695
58939 554
80317 9856
85939 9582
58593 1880
20417 3629
62759 345
20852 9378
97436 4683
69346 1506
23872 3462
38866 6754
94451 9037
4645 5535
71708 3823
3374 4550
89930 8866
41645 6473
59873 3157
2266 7169
25709 4707
2918 5953
53258 6683
18047 5529
73603 1106
2721 7951
81707 2064
56257 8828
24496 5832
2620 5010
78996 5281
93517 2213
69769 328
35688 938
33847 7894
41231 5565
17069 5802
41790 6086
99286 1121
88965 3994
87336 2590
29941 7672
78150 7472
17367 4230
72670 308
95738 8271
53276 7996
69768 1643
65733 2422
33599 4297
51201 229
3669 9420
51661 9961
28549 1268
38863 2865
65248 2391
54997 5048
90337 448
93751 3930
51160 7216
86163 348
51445 6571
92247 3383
64282 8017
95802 5340
54925 7467
68193 8484
19904 6885
91879 6737
40088 8568
92903 597
98070 2610
8378 6753
57546 1506
42197 9588
31966 1739
47788 204
10556 1121
71469 3737
13874 9882
27905 1570
3992 47
68519 6309
17488 7080
55621 8029
40212 9563
56301 7070
69782 4506
83461 5600
65343 8696
66370 8478
59764 9011
99431 721
17067 5532
83823 9681
79901 1856
91385 3187
42323 4633
32048 5974
83122 1941
7129 3496
25980 7438
31021 7754
65842 5938
25838 6574
49583 6984
75955 6692
30123 4775
41658 5722
13708 6392
83226 9767
58083 7273
61463 781
52581 5233
8372 8867
5714 7283
52478 8964
1298 3620
7362 7929
36402 2084
82014 203
27583 9197
39146 5648
35452 5606
99523 3765
1792 2771
5444 1328
78907 7412
78933 5462
83626 6232
80746 6406
25565 6582
36117 7956
42304 5695
60874 8355
98601 7329
9805 4915
46587 3629
49831 2184
52223 4197
90655 6300
17613 6066
63027 383
85472 1278
35729 5895
90261 4563
63653 6199
97240 2984
99651 2099
12842 5006
68831 4580
84483 2700
88940 7873
48817 8861
40436 2950
47601 1495
87815 905
42956 8928
49274 6876
61698 2039
15637 1440
9695 4598
2457 1601
65301 1893
2857 2762
80072 6756
30973 4216
46372 5241
13615 8010
62647 5226
13901 8187
16023 6443
68903 7054
31970 8217
23052 4659
92661 193
91721 5139
96624 891
4099 8736
22417 6219
79801 4826
27690 9387
59738 9273
62643 3070
97257 3514
69758 768
75330 494
40769 1007
82497 9687
43448 1531
74418 9586
98394 676
31753 4089
66051 3406
19051 88
64012 5738
40528 4851
95089 3861
92929 7423
20216 6620
84581 7460
76299 9661
60080 2883
45300 4425
10447 5592
77382 4087
59166 3400
99256 4112
4680 3246
88905 5183
96385 3098
82596 2747
9458 733
18754 8312
60414 460
5747 3863
26941 6116
75795 8291
72497 6974
57442 4939
49839 3355
96670 6512
30770 2909
99784 1556
56528 8145
22856 3248
57435 1835
49911 6242
10265 8057
38530 2474
36781 963
27884 2279
95970 949
71839 3148
93679 1837
16621 131
75434 3645
43100 5363
2016 9494
26677 3376
67291 7900
75121 7698
56142 5135
78020 7349
98624 1274
55936 353
13458 4347
26918 5992
3267 8533
29892 2455
76325 1866
59390 9277
22007 5724
30145 3417
62972 3098
61492 7299
92902 6308
65002 4983
78656 460
18595 6472
98141 1504
61973 2785
48813 7239
1029 1256
66869 1786
54628 8256
61737 3359
89270 8724
31842 4626
86703 4329
22677 6816
42820 2856
51146 3914
17379 6499
20617 2768
16884 732
16729 4648
9481 9952
81640 7661
14758 6639
78147 3004
31336 8750
69611 8447
65948 7504
7316 5855
61325 5144
48219 1073
35796 4814
4813 5109
65059 4
51923 2199
52766 3297
36293 9389
27920 7948
22706 1369
37196 7701
62838 179
64173 9414
53077 3828
36104 7481
91470 9192
81374 8671
81921 5745
17685 6803
29394 6981
10117 8663
56135 580
53718 8855
72258 1403
53988 4402
13381 8768
80120 6273
71393 6313
6062 4313
55541 274
80791 5915
61709 2093
7116 3575
1262 2618
46571 8973
91097 2409
15355 7837
23438 7715
95163 5577
64595 6284
71632 4976
37336 7555
76762 6392
19732 6434
60556 4612
22928 4098
26639 8329
95392 9810
35706 4839
71468 8461
23088 4973
96814 1050
4351 3888
65996 1144
26551 4836
8288 93
35663 5722
20388 9387
78124 2859
63247 892
41232 4411
43762 2694
36553 8254
3621 3105
95193 216
41145 3943
91622 4710
6639 9804
53956 2242
11452 8139
41761 814
81839 6681
89947 928
90011 597
93099 2325
92982 6276
44730 5663
86815 5025
49305 5277
84489 8329
33231 3264
77603 1649
10651 6041
35436 6291
17462 5526
1941 10
37337 1111
57921 156
27553 1234
42923 1654
72604 1490
59548 1082
65794 3562
69257 2076
91161 2854
11055 6291
11927 5074
95586 7027
85492 332
92525 1864
3313 1992
99720 762
96799 8812
15851 6743
99088 1188
78646 9939
90495 8578
90615 2230
47878 2608
96163 8945
67158 3041
66236 838
34607 5020
95551 2226
70501 651
37581 9822
52082 4349
56405 4085
21921 2385
72039 5365
71780 9187
87607 970
11116 5071
89785 3218
61464 8508
95937 7172
50686 3761
47692 2765
90451 5867
63956 2760
88384 9007
63774 2307
95325 3892
19408 9404
24615 8572
20103 7689
6801 5376
64728 3531
51490 7329
34469 3601
62155 4603
34338 5044
79916 261
10286 8692
12298 149
12343 6894
49795 3126
86011 2179
87535 3158
10811 5920
28578 7130
41490 5298
49085 7661
70506 7799
28082 8590
9582 5490
19634 3112
22974 9912
92017 3888
85876 3714
3017 3935
46607 1097
21595 9333
89776 3528
26646 2813
60041 9045
20115 8495
44446 4555
3594 960
61520 4544
78721 1302
65833 72
2249 9700
4384 7344
55677 7502
71556 4202
61958 1415
58076 614
14840 9335
25247 8509
40635 2318
87686 8272
46746 1363
68924 4984
40558 3643
94610 367
35567 5168
73155 4521
36612 630
6613 5460
31765 1274
20103 9670
62859 1703
97314 2305
85699 3556
2508 2453
62003 1663
69245 1107
61266 4835
42749 7368
25359 8740
17272 4027
16064 2533
54932 6484
79922 3402
85313 1047
43523 1797
67443 9812
1151 1473
78298 1038
18451 1687
13152 5654
92890 6447
17451 3421
22005 468
8320 5074
88984 9797
38093 8680
44495 4513
30733 2643
15833 2702
89056 5143
42972 8766
90955 3196
47173 6327
55240 4873
76120 1131
19927 4739
8360 2163
30372 8918
36415 8961
61280 6178
12420 4236
48562 4754
87301 4924
66379 6031
41035 8063
7020 6983
98892 8266
82085 3729
78220 6882
28898 753
1282 4779
66845 7395
34521 8972
58427 6513
19029 7452
34609 6797
12554 6238
94483 4834
64609 8420
52730 320
27455 5708
30022 562
53480 5643
30462 6025
33318 3014
49074 989
43287 5380
60924 4128
3821 4256
51463 1411
84088 6667
81768 6281
71919 9336
38438 3186
24258 1299
50806 672
3428 1291
81066 1036
60422 512
64440 9351
22493 8739
87937 2388
73287 8937
19429 2393
59289 2674
32541 8481
44119 3736
48687 9178
70754 4117
94252 6969
53476 8880
51089 3433
60431 6063
80572 4116
97375 8003
43863 9877
73583 6972
56044 9436
72383 8523
85891 694
35120 4648
21153 2758
50315 6079
3028 6101
60893 2662
65877 3242
85342 1356
18957 4141
22245 2246
80822 9554
50971 4837
53558 2056
4650 4209
76505 6313
95630 7117
90336 4945
12485 2852
26104 6830
91746 5458
58004 6018
87737 9673
41459 6667
38796 4221
68235 4451
20414 1188
57167 7190
45305 4214
1492 8539
71049 784
16733 8480
51070 2045
54715 6873
92249 5748
30311 2323
43250 4833
76155 9309
29168 5859
17891 9310
10244 5254
94726 4202
60129 1473
49286 3741
68494 3937
61373 2170
58557 2205
30856 8390
94827 392
65764 6113
46737 8216
95086 9918
2169 6163
78835 6380
60884 7059
18349 4121
64233 6926
80184 4952
87922 9237
78845 6772
38468 3036
32733 2463
62107 7835
7115 7680
16123 6820
19973 7011
8277 6945
15164 5730
58092 5808
47142 5506
93478 1562
41451 3691
26282 2145
64834 570
85167 3906
2680 3162
63587 8728
17586 9503
14706 3099
3498 2813
90587 1334
89788 9164
62053 6151
90336 2148
95057 3112
95074 4765
60160 3199
14309 8433
67187 168
70927 3353
2863 3782
36097 8689
68598 344
76678 4456
13851 7723
79372 5934
31225 2330
88996 8232
85396 6617
18272 602
35949 5376
57625 6352
57343 7581
8806 6554
76980 1273
6517 2452
27950 5686
8368 1228
37096 2556
81553 4128
99318 3034
48988 2340
53534 3661
53572 8846
40583 1978
70860 9662
29901 4987
98606 6274
57475 4353
64655 1665
91566 472
73019 8967
93397 6085
15315 4071
29795 7934
10330 5222
98390 2330
32714 3829
77468 4848
59041 231
10091 9948
47609 9718
84686 2172
85707 839
86083 5751
55115 6017
62980 6178
43438 9470
51689 1907
47940 6697
65281 306
24020 1907
66653 4884
37047 943
11594 95
67485 5646
55830 2547
20481 9845
69768 6030
43064 6694
44833 8131
76530 6998
39048 3559
86256 9514
70071 5084
45139 9300
23250 6279
60093 3035
35038 8659
28506 2182
98284 7642
10937 7458
75741 8537
68198 8837
49126 3875
86302 8146
62138 6348
46075 8151
18497 3679
84931 6549
92018 3145
3546 1066
84913 4240
40663 7409
18290 7270
82878 350
82598 8398
91670 9511
43753 283
65770 2960
69797 5675
48199 2501
63914 1143
80362 8414
96491 6811
64453 8842
23467 4507
92509 7383
81348 9583
89877 1014
29718 1577
17221 1493
34532 5732
57392 2715
86074 1423
34877 5682
88267 1742
29346 1567
55889 5797
86560 36
99691 621
85778 2071
26601 3329
22610 9992
83976 721
76944 9803
58934 4650
31750 1128
89914 6165
26903 9902
35352 8570
11438 6562
78257 4569
2827 1984
48619 2635
43095 4911
87605 9832
43112 8344
97768 2633
34180 6102
4398 5061
60752 3567
90611 8368
22437 7688
53920 9175
2876 7055
48270 6490
82617 9412
56453 527
56914 9447
58350 3326
59534 5834
30272 4965
95766 2496
36752 2960
74737 5865
63915 8248
52721 7314
57795 6426
20678 6021
75545 6916
58888 1495
97474 9067
77885 3258
39908 2992
78431 8165
36361 4952
11370 865
44610 7467
45264 6307
66087 4446
82599 7433
86142 4417
55367 378
55311 9869
56847 3652
20829 626
30566 4460
52888 8936
89984 5323
25825 1529
60066 392
4840 5649
18481 2300
55489 7217
24648 4244
21455 6587
49770 5652
82762 9095
96290 1784
54757 434
62444 8070
14925 9009
75489 4695
51715 7123
29099 5407
65518 768
2074 7106
79682 7465
19668 7074
13851 399
75325 7192
90290 6560
10289 572
54919 3542
27959 1884
42339 1536
24008 5974
49016 5825
36987 427
82069 5954
30233 8181
74535 1653
39668 6646
75383 6643
93699 6086
74165 9541
11095 5759
92692 1206
74710 185
32597 9671
27628 8930
97789 9247
54928 2182
62949 4537
12653 1831
39240 9587
57288 9224
37845 3238
31462 266
79142 2679
60955 1613
29442 8763
95109 9183
27188 3758
90685 4398
91540 9443
93559 7198
98393 1457
68322 1094
59439 1213
71588 8549
15041 8743
30920 3470
64317 2110
45168 3887
27133 3172
10973 4689
57894 5034
44301 1295
70958 1989
2865 3132
13243 2204
48150 4794
43921 3573
3065 164
26892 7076
79573 8174
96025 4174
83420 9473
30022 3775
70271 5927
38070 832
22993 8439
28673 1302
50048 9950
41569 3787
36393 636
79087 4282
12319 3878
44400 2154
16528 5908
36297 2898
38654 3205
27220 5990
60141 24
27168 3907
16686 297
95925 7983
10529 1542
40731 8422
88893 593
90175 1536
70054 7312
49011 8935
12872 1184
39443 2835
22485 9117
73642 8623
79725 9032
83790 4116
20433 4842
8133 1789
9971 3794
77131 6824
39074 4201
93246 7033
89063 548
32746 1763
34161 5684
24072 8925
87413 9865
39487 3376
34925 4145
63155 9834
72755 7338
45462 7814
24812 9165
56821 4966
39040 6674
43372 4034
16788 3696
33395 1449
72164 260
69888 9348
40214 783
34601 5712
69994 1490
66395 379
93981 9691
91833 1931
90011 863
70923 8268
47459 343
57744 7606
74847 6478
75627 999
53161 5799
74865 3275
29998 3893
84188 7819
93388 9800
23728 6791
26993 7228
36713 4947
25989 3205
98512 4141
27848 910
18457 1549
26141 773
8418 4672
5561 3136
58629 9883
88070 6436
11710 2424
5350 5439
12802 2743
55429 507
57882 9100
64276 9709
82684 1931
3506 9557
32931 8858
67913 8458
99816 1115
82072 4090
31020 8163
58438 536
5844 9259
35753 1973
4633 5614
23605 9031
1153 6803
59945 2305
1987 2145
14394 5994
63911 1195
72385 2217
20361 68
21725 2937
67413 4522
9802 2731
30087 4041
85169 1972
72921 1193
1668 5802
25640 7950
61608 4477
40016 315
37924 1726
6608 7219
10853 8542
52374 4292
94204 3720
89838 4733
50728 6944
68189 4136
66688 3438
97940 3784
88136 4335
84683 5440
73616 1202
7459 7768
34294 1091
20177 8261
74076 3477
75110 2314
65543 1802
38398 8761
20192 9659
18518 6671
18643 31
40711 3880
59020 2023
20336 480
29022 2778
41616 9666
57452 6784
1452 3061
93139 3200
40726 8131
44097 6362
34831 6964
50528 6040
8411 4119
98221 3486
92439 4890
29788 3142
68317 7194
24127 985
4488 7938
17295 7734
40992 9928
37259 7609
41660 1271
66857 4855
51094 6639
73484 6473
75718 8320
18090 9833
45120 9356
75479 6069
14682 9125
19553 1080
85583 6317
51403 3838
65192 2787
88124 1231
56111 2766
4352 8176
31614 8474
76038 1757
94435 3925
9244 6617
38260 7774
63613 3194
55018 591
36949 1695
12263 5849
84102 4887
2330 8204
48541 7671
14630 3942
38224 9151
32603 9494
92433 2545
43271 4367
82331 110
49762 2906
3570 2301
54175 8474
96113 8329
38383 4106
74995 7713
22124 5660
17223 9995
37118 7430
46224 4628
89774 618
49673 5251
37621 7982
57030 9928
69144 8699
68798 2959
10812 6044
63815 9432
79967 3685
90893 2147
44586 7950
82811 8805
74947 2201
60889 3798
60946 3172
91520 7579
1125 6251
42106 1009
1091 1510
80898 3139
28066 8107
19741 2878
64342 6445
11033 9018
36501 1240
71822 8783
13293 7515
46517 2152
79157 8477
11479 3401
24874 6404
83432 5045
17008 1418
56622 8473
31031 1516
58507 216
26077 6819
15734 4724
41189 2110
37461 2490
18481 1677
78094 2841
8633 2689
38876 1755
25180 5203
38227 7053
68055 1164
48789 8058
40577 4343
16704 4681
98817 9984
69064 3111
21637 2546
13905 191
70174 9263
26708 6675
13531 9661
71035 222
89608 6214
49454 4352
60458 3843
13956 6287
27703 9792
64569 3033
25101 6905
90200 7533
14056 907
56265 6621
2144 566
46174 5857
6562 7669
86731 3344
18677 3601
3528 7971
78061 1495
56518 4355
83312 3537
33506 239
17877 7799
72773 3654
69204 374
92475 9637
32719 5550
50667 6502
34860 8237
78727 336
56135 9368
92763 3712
58326 1916
29592 8470
15398 1420
67136 7267
28875 357
11172 1165
53949 1076
29351 3958
35598 1505
73723 981
11173 3587
86654 888
50161 5255
86371 1982
51881 269
79731 2532
31858 3638
34065 6601
92990 2502
82661 8643
76049 1815
73564 1892
95927 7806
54670 954
63390 2081
3762 6126
19002 248
10707 1102
80625 6582
89289 3608
69164 9600
93406 714
88732 2625
45026 2477
96565 3499
56178 7758
17120 6568
71467 6912
18831 7994
24818 341
26364 7497
25876 2545
27295 4999
96323 5556
58999 3032
53675 5234
29280 2026
64079 4307
84540 7117
27940 8092
27718 3831
9232 1911
42444 5654
53321 5885
75100 7265
93600 3393
51361 7534
8983 8919
62718 9519
96168 7349
51051 7482
94361 7878
13407 2577
59113 4901
51029 9305
1366 1825
69473 7546
95873 6136
66788 5424
85018 2415
63875 8351
74468 76
80127 9897
41128 4813
1539 2908
3322 5877
1254 6144
39270 7306
92312 4106
25590 2649
59034 6922
62057 2639
25984 788
47451 8587
97201 444
4900 7850
53769 6119
28193 9772
83774 5691
27712 9174
64225 4210
64111 5845
99888 5597
43001 4815
26608 4063
72200 5742
90992 7105
74472 4926
60185 8073
65441 4337
53227 7770
74204 3494
55467 6913
8670 578
12670 7519
71579 4127
69176 8780
48521 822
28950 6963
86155 6934
47046 729
38019 9237
49727 5606
21554 6702
55804 529
3068 155
67688 9430
13096 9601
87916 7164
14892 4574
23588 3269
1047 8902
80259 7422
50054 6808
65893 9695
65759 1682
7377 4279
84391 6703
77206 9355
11989 2010
33771 5280
5816 2709
62017 9010
67776 7719
71888 3724
33848 3527
59745 3741
34722 6711
93711 9971
63978 8152
19446 5282
24500 381
68071 3785
7693 5962
29708 5334
5685 7183
71585 5183
40903 7941
97821 6545
37113 3626
51462 2029
22417 7045
78642 7017
29119 199
5910 3888
75256 1174
38133 7031
62602 1199
15277 1495
55259 8600
78351 19
4943 9902
60106 7457
53763 247
62434 5850
97648 5620
73334 7244
60456 32
67426 4241
14232 501
24575 4627
6727 5192
47739 1842
50461 7214
41616 5664
60930 2943
13496 2209
78958 5049
64888 9611
52867 7062
51332 1588
62623 2518
30740 3997
23206 1836
40301 472
85598 8134
31311 6141
14758 1804
95135 3776
96055 5518
33762 2691
64053 5118
35749 9345
97023 4285
99549 284
29632 4477
75973 335
59601 3798
94019 4042
21644 6012
88316 1121
34870 155
71987 3633
5113 954
77613 7780
9649 8561
2381 4434
4660 3460
11589 8865
93932 6632
97214 8513
25957 3920
99636 8912
73975 1318
3599 239
77936 2694
22109 5028
71035 8971
55853 2089
30520 9679
42896 7459
98676 6690
36633 8393
80152 7107
7903 7034
61090 4240
97439 595
60288 6465
39048 5105
48970 8557
91949 3555
9517 5671
96760 5963
25065 7892
21946 1034
61066 5125
25301 2227
33410 5086
28772 5084
54896 7599
33171 702
55990 8275
41101 7865
23983 7025
70810 9895
94096 172
10017 1899
91546 907
89313 425
81117 3081
47613 8641
38098 4694
76223 1872
64761 2497
91071 6399
84344 8715
42952 6488
65302 1660
44689 8301
80645 4891
15003 107
45180 1012
23080 4217
63881 6036
4799 3621
95782 3666
90759 3983
68300 9283
34933 385
93984 9626
2198 3559
89496 5173
23024 914
50703 2196
25364 6804
89093 2905
13956 3759
66307 2714
10398 5217
74764 1316
53709 9582
82642 1276
3005 2222
51635 7095
25343 3763
51372 4133
3159 2558
11760 4927
98846 7057
84381 3207
47314 4106
53409 2395
66824 237
99945 2969
88634 9614
14312 1509
72608 3837
11061 5415
62431 2066
13463 8597
83990 8752
71530 4540
16222 1784
41252 6626
41594 7308
10996 7015
45701 3306
32606 8332
8864 5924
64212 3390
53449 2262
29201 9582
4510 7568
74777 3817
37710 8995
29949 8739
47030 5633
82519 8059
33893 698
50610 5557
81619 8209
19063 9556
94242 3276
79914 1355
5406 3029
74271 725
42545 7199
55691 6185
8798 3067
5569 3077
20454 8291
60919 6679
21225 7767
51132 1934
17505 9881
21487 1068
21463 4545
83636 5243
20116 22
23394 5468
4185 2810
52522 8575
62725 8331
97790 7800
7702 8550
21302 8849
1178 4473
53339 5453
33322 2349
49610 2620
35089 3329
97558 5428
74721 6777
22354 6479
18398 4228
58109 1456
27555 1159
95633 672
5997 472
50313 2313
23504 6911
55571 2071
79194 7456
53479 797
39270 2012
93288 4677
68203 5526
29207 6667
54362 3416
24380 2952
90945 4257
36720 2277
18785 3049
71776 932
24813 186
88418 2377
12142 8718
65446 8043
44073 8277
99736 7327
29993 4617
66128 4238
29194 3276
23291 8154
45395 9652
59378 7589
28897 1200
26590 1404
44637 2412
35485 9473
44001 7014
60924 1868
53543 7419
80790 3605
63002 410
58423 5863
11520 6589
91788 4846
23071 1927
69719 3963
97658 1891
72126 3560
1091 1924
11684 7338
90925 8290
9585 3352
88283 380
23525 5048
88274 9436
20541 1499
13015 2015
93332 8500
45749 6222
98469 3723
77115 7547
8364 9672
8290 2323
83225 419
56382 812
98317 6719
13123 8641
12451 3988
88103 4490
32056 4783
74700 5317
4662 7762
63364 9828
7117 123
18977 8708
29823 5170
27671 4322
64096 8650
48525 846
88513 1752
44765 4186
91714 24
20509 5234
50355 9322
15483 2161
61625 8275
42218 7386
87784 834
70753 9275
12231 7940
92404 9143
85041 7659
49718 6064
7686 8461
45849 2169
76572 718
32889 4086
20192 3250
29145 8585
59823 9636
63392 6898
17169 2698
61244 475
69286 4507
77943 2201
43733 7001
10000 6922
83928 5978
57118 7891
27267 7657
56183 8403
41698 3575
99405 1427
83113 8857
76798 2599
74821 3523
59657 1585
3530 433
33317 373
84510 8178
81216 1125
51544 2463
84630 5362
36559 334
81457 5370
95304 9264
78801 4693
40088 9702
50581 8369
73072 1421
39337 1367
54888 3265
9932 4603
33814 4377
1767 214
87675 6805
7873 1221
81039 5038
8336 8191
39516 215
31164 45
84201 2639
16222 4021
18422 8185
8786 7182
6297 8715
45821 2446
39182 946
23317 6311
98653 498
12239 6058
60414 3622
21206 2981
91593 2630
43959 6853
26830 9139
72965 2272
44014 3777
5061 8364
80943 5856
17354 1022
32190 5771
64455 6138
41860 7862
2165 5654
71190 7143
74338 3454
58812 5561
39264 5807
44891 3664
77559 8335
37999 2084
98123 3105
33054 7733
19866 5490
89250 6994
89640 1167
81379 9812
77762 6273
26677 9105
8261 927
57141 3877
47063 8849
1148 3236
87482 4906
59964 7760
93084 6389
50544 7238
71179 3700
47403 5772
17389 9426
20814 7896
68917 6429
85867 3394
6061 703
46009 7314
23911 4584
9035 2830
13082 827
49041 1215
58217 3164
98906 8620
79549 3190
4117 2051
95690 1200
95181 512
24309 4522
92571 4092
75473 2950
17072 9445
7211 7925
1057 9109
13590 3340
34023 9360
29159 799
45212 4145
7834 6522
53485 9242
10227 4199
50834 974
58893 2572
99775 624
82228 2702
37928 7507
97368 2815
81739 1438
36514 2617
4439 4827
8579 5096
23398 2626
82377 1624
95668 317
49262 5108
73103 5949
94932 1360
13636 9948
90896 4598
84712 3176
22422 5388
60277 6875
3762 5396
82515 2307
6905 2404
60471 6800
89605 4631
39328 3419
89914 2439
94295 8531
4205 1595
46026 7732
80681 9316
15033 4505
12292 979
13368 1666
70192 6166
68994 4062
4067 1299
93023 490
29046 3813
98690 1970
49260 1807
70252 2177
15401 7692
92588 6064
33587 110
85594 3403
80362 686
35076 3029
60116 5926
83591 7671
47724 3570
60696 3506
47754 3801
44440 3678
24908 481
79324 135
16744 117
62905 1341
59164 6944
96846 4591
97637 1354
22650 3572
22514 5108
49826 84
39377 8863
48658 4938
47631 8919
32570 3312
28217 4680
75008 9343
12881 3134
99462 400
64708 245
63202 4601
73383 6870
78985 4395
12362 5237
25029 1422
96193 2074
54779 9738
52357 4012
18811 4282
2907 8501
57849 7536
80434 7425
85943 6411
14093 3735
18008 2008
93490 5728
44080 1014
82229 4293
74909 6743
78596 5048
13674 7807
35772 1719
71541 3582
41738 5628
41667 1670
30176 9122
97062 3720
53907 7827
77022 874
64809 3769
34863 7991
60363 8607
26281 6148
11359 6197
70481 8841
37108 4349
60582 7298
33839 6459
37277 3667
70289 5307
26762 1238
61181 7203
96522 7993
9212 873
52601 2665
18374 7831
91915 2148
3738 8186
15203 1203
20112 8463
4986 2567
96260 5934
42712 4532
3939 1241
75653 8734
83839 3266
40322 1468
27148 4778
25058 9591
67014 992
86063 2850
20386 3541
84384 1934
28946 3054
97973 5786
32697 3543
54291 1639
68840 8228
89900 4604
5206 9132
12239 3851
89954 9554
37435 5424
60125 2188
96184 8636
54279 1242
57171 6585
55245 1955
48053 4190
25824 7648
11906 4775
88154 725
8436 7622
9500 24
3759 9079
32667 4330
89699 510
7786 7424
92401 1841
29029 1891
39135 9086
74288 2918
54011 5914
78981 3263
88048 5621
20467 6256
42217 8711
76930 4393
94423 3736
98710 5226
87654 667
10657 3221
4687 8359
59317 9594
79474 179
74509 2066
72921 3216
99337 3766
1387 1138
28455 4853
22688 635
75147 9299
53709 2660
6394 4221
11205 7717
35439 4523
45862 2806
30212 7773
93742 594
77290 5121
28398 8643
85191 3308
43808 9768
64258 8486
40644 2098
32272 8971
54643 3823
62187 3613
91833 6685
46582 384
89233 2935
72507 6951
14872 872
31152 6132
33961 4479
80188 7436
25471 2610
4674 254
28833 8969
14731 6014
54179 4564
26903 9362
75073 8338
21913 5879
73267 5800
72376 1330
80210 9287
56427 4567
46777 7333
31934 728
61545 7153
56114 6238
72931 4915
4709 4881
75505 9687
1474 9055
2507 8619
47640 5148
18296 7083
21602 8722
31637 8960
79791 2074
52121 8611
31845 5900
48428 5224
42599 9227
12908 3963
22685 4854
35771 9579
58786 9093
77787 7616
5661 6762
1386 5725
61007 990
50987 3929
70126 9999
28780 2372
4625 8527
77167 7732
27824 987
44644 9706
80374 8217
94091 5722
15963 14
33600 4126
47467 4396
73090 9820
84353 9131
4583 4453
31996 4515
27599 3933
40038 6473
37739 3261
8704 7422
84373 4065
66642 1507
74714 5
15264 9989
54088 1722
59358 2214
51321 9160
38002 1177
76224 1797
1821 8969
37339 5122
95935 7003
66224 6512
68104 2127
50942 8193
76827 2685
90345 6262
4989 303
47821 1861
87524 8493
24845 579
37934 7660
3457 258
7393 737
77940 304
82603 3753
33638 1718
53270 3918
42682 9574
14089 8905
16123 7245
27217 3056
41183 3095
62949 8099
85405 4415
96422 921
80163 1203
84148 3857
33693 7201
93806 7858
30371 4716
5860 6665
41801 2488
2413 8115
54892 4337
9027 6547
64748 446
29748 4999
52173 7494
59269 396
77413 6524
75143 7212
23589 6832
47595 9237
48486 3279
5251 3838
30956 1456
46518 7564
35902 7917
23877 327
62695 9073
37507 9939
50419 3009
18232 3880
31602 7196
67278 1882
2303 5171
60158 5094
53145 1522
73295 7700
46496 833
11556 7292
40040 3729
38202 8054
50967 6841
15975 9980
35064 1768
40027 2432
59514 2206
28556 795
78972 5303
84493 8389
4544 8722
43219 6934
80540 689
18733 4421
97073 9402
10545 4268
23007 9296
97101 2757
11101 9604
22887 2955
69396 722
89498 6424
65977 9113
3104 5016
60689 4775
34565 3414
46986 3197
78421 8076
89319 9399
96906 4700
29663 9995
60453 7805
46077 8765
75351 9517
22039 6081
81055 1827
69280 8183
62884 1446
94141 2609
34070 6613
18038 7957
48820 1045
15069 642
19715 6225
1797 1479
43498 2353
11168 4666
19441 1915
39179 5867
35337 2233
19993 5031
1682 6829
9558 3306
36747 2011
63198 2948
30880 8102
82150 4472
88027 2005
44215 824
90099 7897
58881 506
23553 2166
36657 3452
82377 1797
46147 8643
48088 6945
68983 4793
18303 6326
46870 9064
75998 9171
94319 5963
40206 4673
31407 1229
1414 6348
19301 829
39777 5861
4713 4603
33018 9088
38263 2470
98265 3900
72262 5897
59217 4052
92142 6868
95140 7700
60523 814
93807 1645
35747 3179
86553 1482
94452 5929
8026 2417
23838 5682
66562 9186
84237 5135
97293 1181
91152 163
74238 2721
42826 9752
13491 425
47979 6873
52821 9951
87157 9843
10568 2525
94255 455
1608 2559
13432 5492
79453 9287
39304 5004
91243 1411
8610 9967
69612 9151
60375 4026
93938 4445
52019 46
90796 3380
48849 1674
58769 9338
1342 207
36188 2187
46666 1399
79565 4085
17948 522
35305 8116
54356 3206
26710 7818
39399 8874
88105 4434
66175 4864
29388 8810
82013 9392
5008 6409
90646 9073
71536 56
44149 726
76714 7920
50955 4746
2276 9968
51049 231
73000 5377
34415 7296
53482 5130
60479 8856
93975 4527
70289 7728
7780 3952
42173 5471
54439 1675
2648 8364
50293 4108
51565 3003
32950 2957
2215 2980
75447 4055
40649 520
43412 5460
30692 586
42285 3984
63093 6
90097 2815
79238 2311
31307 5545
37266 4516
68672 6045
36294 5074
11290 1001
71764 9605
78307 8155
59859 2794
12349 5915
59641 2585
43352 4132
40146 3156
58282 6106
95176 8868
2359 1836
18333 9391
26710 3611
12869 9946
25307 6016
67251 7840
48047 4255
14567 4010
7178 7381
14428 9762
13101 550
49977 8241
25786 8159
1457 4076
43849 2991
7440 946
34411 3850
1145 2732
9655 7947
11418 8188
23201 3707
66445 8131
58136 5035
58067 3364
80724 9910
72428 3264
28656 7082
45102 3782
48355 2790
69994 663
40067 6420
89936 3618
16929 9450
16670 6589
14390 6771
43982 9894
33018 161
15037 6972
30682 9734
76664 7449
82805 825
73508 309
93213 7360
18214 1391
34255 1386
52468 5391
73716 1643
37930 8098
64944 4499
23695 9316
57175 4132
82214 3494
48052 7741
88205 2123
18089 2229
28733 5944
51256 1039
59913 5624
42578 4682
37006 398
64203 1031
84814 2729
52190 7812
67615 4746
10731 9806
85904 5617
76337 6927
98625 1340
65539 5573
8941 6295
9216 2579
55020 2834
43357 5279
41629 6216
99954 5911
9024 6359
66027 6464
69921 2283
27447 4261
84285 9863
17588 9192
80217 5102
20884 7085
64292 5702
89042 6827
95315 1611
88350 4579
46508 9885
17590 9609
37879 9501
76582 9937
43252 7313
89129 7889
97913 3916
67758 2597
68049 9383
95964 4484
2313 4641
90915 7685
19496 2900
42307 3822
62642 9787
57524 6141
76308 5522
91648 7867
93194 8952
2322 1622
55393 7974
75487 6298
5386 3244
71571 5338
10707 3923
70953 6940
96627 3598
98013 9107
24257 7135
89083 8062
40191 6283
1639 3527
27994 6020
69291 4876
87710 950
11284 2531
30610 7123
66549 7820
38246 4746
41039 1707
72434 1336
2991 223
74930 2494
13322 2792
50503 745
42826 7551
83437 2096
47687 5885
68142 7274
56977 7168
59921 1702
36124 5992
62586 510
70500 4588
3648 9241
6872 8689
18908 6880
97624 8333
76875 2641
40804 2049
79929 321
98049 9578
93486 190
49748 7090
73259 8523
36973 7920
25616 7023
89214 3101
32941 5132
28576 4897
56824 4969
34735 8279
33871 8702
34107 1631
21283 9031
97356 7450
17082 8483
79192 143
21157 5676
10041 4339
99783 5934
64176 219
43288 8225
89463 3192
99771 2253
25686 9520
50438 9810
45792 9083
59619 2556
18253 8199
77852 8515
5527 1383
71252 1468
27361 4146
19460 5995
82184 5311
85889 6631
7436 1040
29082 255
66545 6679
52448 7926
34842 7378
36029 4714
8712 1880
37374 8826
76143 6225
86890 2537
62075 1497
68041 5071
12864 8064
53297 212
88836 7884
24748 1810
82217 7946
23463 2210
73650 8499
85290 2246
40250 1061
18290 3236
36403 9184
77049 3826
17689 456
5132 6321
43456 838
16629 9879
52257 3698
35480 462
80799 8571
8900 8634
58677 5199
1695 4614
94197 6139
58803 8634
67425 5115
84888 5142
29815 818
74845 6705
39832 658
9119 8296
15371 3326
52286 7579
62689 2164
90574 3933
63495 4080
43767 119
87529 2659
90273 5462
12677 3503
83887 8532
89981 6424
8749 1705
57446 6622
88468 1031
94907 6169
66661 3030
63635 6091
48067 5860
4234 7636
25482 6618
36857 123
4737 3472
8737 9138
13002 6073
92943 6356
64199 1914
2078 7103
67226 1554
92859 2446
69212 7391
66502 8621
95407 6442
33983 3345
89098 2209
24500 3571
91481 7873
95996 6023
96536 4558
81560 1560
89192 9155
37012 4330
1279 3543
78244 4537
18426 4417
66123 8961
3083 4312
54500 8795
81690 5090
19065 5398
65341 4225
55891 9307
32629 2202
88717 2630
33521 3488
87053 7487
34355 9300
53571 7693
72072 7430
56178 256
41154 3774
38402 2582
11064 8774
24592 4097
76399 7870
37163 7473
58842 5504
43358 9854
2953 4156
67493 2458
70170 9113
17596 7982
79285 5744
78085 7152
18437 36
4142 7868
92470 3058
75049 5195
33057 6292
2476 5266
32497 5655
20644 2628
84804 9496
24239 5932
43400 7433
77635 3904
79366 271
99639 2305
40641 593
22617 5386
91458 1693
82001 8288
35172 5944
99938 8875
48043 858
32733 8811
59022 8467
51588 6231
61043 3116
27020 8702
37655 3690
37178 7740
70542 5426
6408 5590
21289 7585
28100 5231
22278 3075
60857 1263
8355 6885
96218 3523
79672 7643
5164 1598
60658 8189
35523 1453
64681 4923
76531 1990
19480 8968
98285 9897
43894 2487
82979 8078
24663 7053
69525 5028
23547 6291
72448 298
53427 5492
35087 2187
7473 1336
94096 4528
86101 5879
52130 2152
28953 5257
77923 6081
64389 8772
2880 9435
56033 7505
66037 3048
52903 6208
92152 5931
95243 2664
89388 41
64288 5395
3069 6082
50018 4366
33739 7186
18927 9160
19236 4109
89302 9124
79768 930
37638 3192
22928 7554
19137 5051
72593 8982
64031 2082
12268 9403
22740 5429
48293 9995
17043 6332
48808 4392
27449 8783
68471 6367
82361 8779
58239 3265
24828 4717
8899 266
25206 2714
23810 6289
76013 8294
34334 4166
22329 9448
72569 8259
67459 665
68469 5409
22699 5396
92089 626
45107 5048
60496 6666
4689 7797
45161 8416
48507 7106
22027 4328
73316 8221
42857 8979
48595 8254
24526 3170
23363 4678
2974 5105
68365 3163
18963 6219
97113 1324
99100 3094
5304 5855
15950 6624
96287 6026
68677 398
78710 9166
30208 6225
37963 4612
60367 7767
4809 2536
49642 2466
48208 2669
81051 2026
58839 1898
62041 4799
23057 3426
87768 1447
18483 2435
9225 2637
41658 1055
13071 454
61134 1371
29406 9290
52075 9573
62496 5876
70071 901
82474 4300
18091 1973
99318 3676
77234 1455
8305 6412
68783 6124
97579 1319
1442 469
94030 8019
27405 1100
88683 1190
76367 4158
4450 1640
61698 8737
83606 4796
34505 389
47216 3901
2096 942
7092 4322
73460 676
36722 2560
70750 2968
62836 258
92112 3631
90968 5294
68427 787
64639 2669
58524 1802
65771 935
1202 2691
39167 9335
30527 3045
98160 2090
3709 1470
70544 8239
61053 864
21682 5866
70872 7226
58151 9087
85040 1195
58249 7708
38631 5315
14180 7155
47871 8937
48661 4725
84529 2664
95218 5157
62462 5523
48445 2673
79852 845
85386 8842
18077 4249
55670 4018
70992 5823
69044 9623
2465 6747
36499 2421
91385 999
97198 1737
70631 5767
64122 986
29294 9029
47626 1332
12404 3965
97670 565
28529 6046
39454 4590
86970 7771
10703 1894
61467 1554
94102 2605
58726 1449
25904 2881
66305 6897
81508 6591
45670 7869
20042 8780
50422 9332
75939 5031
49830 6592
82015 8641
8167 594
95536 593
86775 3282
58411 1926
99290 8814
83416 6460
74921 2114
67272 2363
2180 783
37837 1642
92775 249
94645 8040
99501 7097
98952 6011
83540 7853
27326 6232
78169 9283
95480 2372
20264 1588
42633 8501
31932 8467
75946 509
17806 1487
89348 5496
37519 9166
67135 1438
74826 1053
29190 9310
70381 4294
49676 8070
76781 3505
68592 6658
76349 1328
82330 6735
84268 2407
76684 7209
56041 8323
31308 7858
39605 5004
77739 7778
19013 7307
17137 6387
22464 9217
20396 6724
94098 4077
27853 5163
97147 9926
52521 6351
34402 646
18778 3300
26763 383
45365 4834
56359 6730
63938 6424
57947 1459
91563 5615
40652 7078
68151 9403
81243 5875
70370 8983
59851 5472
7928 8473
61807 3158
11362 2554
68514 9027
23603 156
80512 9721
35413 4809
21871 4805
27830 2444
80366 191
56012 6281
43430 1250
69287 170
47245 5306
91655 6092
53968 2758
85114 1526
94410 9364
35421 8783
67607 6443
76071 2724
31581 9892
45922 1181
99094 3887
86538 1027
78412 1018
47739 7617
36536 7605
37528 6616
75722 3633
13027 9049
16432 7075
2103 5183
44808 8873
73291 9956
94052 6391
94028 769
58058 8276
55464 7282
77247 183
88443 5362
42962 1019
72562 3706
24530 4917
71585 4683
23831 937
20646 8631
72736 6647
58762 5113
7136 4879
92424 8220
70704 1440
63131 2432
63819 4874
92337 9041
11195 7276
9683 4687
3489 493
10118 293
18684 7662
94599 4766
52546 3605
23091 8220
75263 5595
42387 6091
11643 8450
54586 618
8506 1928
81313 2910
93545 2180
9452 8581
35414 6860
24523 9095
25242 7546
5326 9694
80062 7420
3928 7253
43761 2355
10011 1806
2017 6976
45599 1211
73799 1980
23350 7113
12389 698
50229 5185
40327 2784
35075 5673
27722 2041
18479 6072
84579 7685
25409 675
25900 8582
4410 2579
44688 3085
46313 9962
60687 9494
47202 5992
29985 1127
69086 2242
3770 9342
88865 6464
45492 838
78555 9969
5902 3565
57669 607
90689 793
6507 4916
70711 2366
20744 7803
45867 8701
12766 6868
29763 1734
67560 8652
66554 4710
44493 4823
27328 1127
33427 2037
17466 3624
55624 7762
67137 2359
69184 8043
28002 879
6752 3845
46878 6811
92397 3075
31060 7783
62431 200
58177 1936
69960 7367
3254 9804
35341 2505
89205 2809
54216 3206
13033 1612
32459 2218
39866 6969
57157 7975
11278 3128
50287 9508
17937 6022
89543 859
44881 8696
87254 3704
58395 6868
84060 3325
31552 7372
82557 8390
36115 8575
2802 6630
57761 6760
84484 9814
17793 3122
1708 7012
45630 5862
57942 6429
17008 8804
88246 7348
55241 5739
13131 4150
28266 6166
67894 6464
5355 3167
67101 3519
53587 743
12253 4639
97010 2069
79351 9210
48350 5614
70491 4253
16483 4706
75533 5937
49902 9187
71112 7378
63991 3433
33311 7263
5552 2632
5687 2191
93329 9597
20195 8854
93200 6701
29415 54
32530 8345
36758 2013
48613 9740
81066 6509
24331 8108
15912 519
80360 8560
29653 8766
29269 6162
9188 482
52742 9675
72153 6948
73036 8126
72886 8779
65336 8249
65675 1454
2552 1747
83931 5358
87380 7091
8266 7331
20727 4249
89711 8264
53502 5535
46696 1693
51919 7229
35163 5420
55015 2831
69835 7291
2870 4963
25567 7340
33881 8193
33584 5946
65417 6116
85509 2287
17401 1314
48373 3259
18370 6988
30207 1295
40724 2512
46151 128
6918 186
69319 1245
29762 7085
96548 1566
18593 2828
5958 1336
82868 3319
65807 6818
53953 7081
91196 7903
43039 6460
48295 4036
78892 3969
83366 8379
63948 8332
42799 9561
5326 6356
21096 9485
25852 7169
37895 2073
66658 3180
72899 929
45886 2966
4823 2618
49175 176
28772 8871
26450 3941
24825 5740
2892 5373
48514 3876
57928 3040
86711 4885
73942 5689
32926 376
68368 3492
28316 2205
47749 1703
90550 783
66955 7157
62020 6727
94633 2974
