5426
14076 4149
70156 568
83458 9550
52839 9851
41952 7704
10555 3994
37156 2106
72456 791
90424 1334
36878 7146
62399 3893
35711 6266
21967 5438
42753 5
41255 9579
26984 2028
19879 7587
58368 5658
70886 8421
92061 4028
78094 2625
11340 6708
13148 3228
24578 9758
3857 6104
84059 3488
16197 3926
67936 8928
53796 9412
36799 4897
53543 7345
66380 4496
16041 2307
11749 1525
77359 1368
56475 7192
82531 9948
16779 7607
55935 4236
34945 1622
68736 1925
95283 4742
56438 3412
15928 8565
92941 6936
87865 5124
85844 7186
43895 8337
39187 3859
98730 2114
90365 9231
9365 6350
13553 2443
74076 2339
56185 2358
14431 7076
91330 3987
59591 9602
39856 2575
85681 161
89789 2807
32263 9593
3495 3024
47181 7288
78176 1224
49109 9656
73801 1455
57745 8492
35424 3912
38163 5385
11324 2742
26263 8301
38846 6803
69701 92
94679 9090
16430 6923
88063 8132
14766 1989
91308 5759
85064 592
93092 6405
17566 137
5835 577
42217 1891
80535 3788
38866 7896
16452 8920
15829 61
10625 7934
90191 6553
98123 7369
8568 3023
49370 4876
71820 2485
30501 2166
46846 5669
22081 6665
12586 5011
19408 1382
9768 3629
28105 5180
38742 1483
9102 4495
2910 9756
5604 3578
39346 5659
68520 9154
48374 8119
22529 498
98311 4686
92970 4580
22588 6016
87351 4138
32766 9712
20557 6749
1477 5134
17693 5959
61100 5727
8939 1373
96240 9235
26419 7075
34074 7421
11565 8462
43829 7875
68148 3461
82794 2156
63281 1783
33772 3175
7715 401
53960 8277
19466 4557
94506 1774
14504 3704
19577 8591
30171 2482
72621 2074
80357 9295
66261 8772
26211 9075
50691 6028
8311 4125
46459 5912
55015 3857
81109 4278
46346 8255
7348 90
16326 4896
63819 2480
52801 8210
3635 9045
79877 9284
13810 3384
85140 9202
17630 7500
42763 3478
48581 6249
36781 1807
99176 2512
79107 3366
11068 5892
21439 7196
17554 9996
9457 5461
13888 199
18359 4266
2173 6457
8322 1657
28361 3762
23794 400
8496 6126
57947 7332
71130 7544
28939 6084
12208 6086
39738 3887
53986 4250
20976 8663
90144 8876
81542 9605
31910 9401
90474 5146
90024 1471
29735 4068
65121 8300
47823 7238
19595 9145
96861 4247
42241 9128
60178 9795
99968 941
49592 473
23661 9115
13937 5516
36330 3084
71651 8948
23745 2576
83516 7986
41167 8329
22651 3002
70612 6776
18232 9735
89065 2149
98276 4432
7173 6809
50530 5110
82534 9388
12970 537
70238 7634
97467 5723
31730 3456
69398 7762
5627 4297
7416 4145
23507 8046
83333 4098
19634 9317
60129 6267
83889 1328
2634 8152
38750 1611
11244 7192
97936 65
23998 4216
83962 5302
33232 7182
40774 4271
99465 2769
61621 2267
65632 2136
12258 8926
48857 4534
79955 5749
87308 7327
68488 5849
35311 8286
47433 7513
18641 7255
75919 6618
57077 6754
25031 8093
9434 1163
18509 1755
83847 9264
80434 8179
32005 4979
77674 2820
24042 2604
27108 8078
25155 7524
59183 2707
68536 3360
95510 1812
86992 8670
93539 5769
3645 5897
73862 8081
7122 5526
67985 6695
89582 9128
48670 3370
39175 9283
85873 2048
99912 841
76794 7775
27716 6422
4592 1299
8946 5568
24216 2190
65313 5142
21412 6957
7732 3370
20920 1589
24529 3168
30998 2192
33098 6125
81169 1105
53988 3925
11402 2844
25438 4261
39651 2250
90663 2903
89265 3636
43019 3955
98691 5206
41349 7822
61704 9127
13579 2931
72599 8270
74215 2217
70774 3932
92025 9738
12436 1815
82212 5768
46442 752
10338 5962
8874 4438
17763 3388
15900 8271
70989 1302
13804 2487
16231 1435
27616 328
41069 3047
80908 1416
52784 2785
85016 6413
86168 9224
31414 8362
96537 4679
8475 374
24729 4820
3597 1242
75409 7216
85756 3256
51221 7711
83589 1143
62029 2759
42050 5294
11033 9636
63054 7622
35090 7679
3707 6767
87322 6692
12807 3752
33917 9629
69894 9316
77175 1330
48718 1157
65971 9565
72748 2193
51622 4437
21055 1347
14522 2157
87524 1240
24282 7657
79009 4193
32506 4953
80785 5330
25610 3074
82102 5451
85290 5271
97019 5249
89986 8914
16568 1974
55245 1433
34795 758
98391 5328
25916 2790
12377 9766
16711 8319
31861 2900
80571 9631
58316 4526
25299 2529
27981 8731
41540 4022
94280 8790
82532 1387
23338 6592
44461 4824
64991 4568
2945 9342
34198 6665
93665 994
61627 1246
88952 2345
28150 9193
84714 9179
74267 8978
96978 1801
69108 6205
84070 1496
77520 1917
29747 7455
28051 1895
17309 6965
66886 384
36714 4991
41036 6320
94755 4680
93079 3481
55410 3253
23469 9457
41271 3625
37826 560
70519 3255
86155 8463
2195 3613
47924 5534
97553 1179
40168 196
82079 6089
84279 9770
69614 978
33906 3287
82798 9190
61569 2372
10730 9033
87590 5165
56599 3286
72984 7480
89695 8326
6320 206
4876 2862
68743 1925
63217 4771
52132 984
51064 7506
96235 3861
7886 9103
38381 1862
35012 3506
39461 4768
17789 5496
6750 7670
35176 5105
7001 3405
33602 714
58143 9987
61956 5933
56992 7640
48066 5798
81244 1284
32325 8321
11715 1032
78744 9864
59418 6549
62110 7926
73921 7148
96904 9387
62349 5262
19548 9089
58010 9189
70828 5925
56558 3357
51745 6580
91316 7411
66689 5974
3800 6909
44147 5831
34865 1750
22008 577
39520 9069
10489 8404
82606 8113
23347 3754
84707 7693
9410 1956
22174 1961
95567 242
22342 2091
4715 933
29946 8438
26712 6146
59220 9845
78310 9352
76980 4288
16673 1984
61770 10000
86428 6142
15093 4062
90679 3559
71241 9794
99415 6533
5256 9853
33562 2416
31065 8128
41935 7961
54300 3057
81501 5382
53025 7682
62482 2775
34646 9381
23826 269
79599 5922
96310 3292
9234 3626
78602 4325
78339 8543
29363 3713
46395 378
25640 9959
28104 8145
2282 1810
50877 3746
82407 4060
99605 9120
96121 6019
9200 4613
90262 671
15287 4585
58672 432
8683 3745
6407 3965
29759 6161
12453 751
92897 8167
20842 6588
67557 7009
35813 394
95757 5038
88229 6006
29193 7906
86661 3033
21983 8775
49568 5530
3451 4735
67687 3009
51938 8705
64777 2665
56278 3036
70652 3952
27173 9266
4503 286
90941 4909
26511 6206
35563 9507
70089 5067
78766 358
81261 6455
37028 5457
67370 2247
85065 6154
52167 117
98122 4212
17470 1218
86767 7564
6519 9564
58393 9127
25043 7587
16014 8903
21456 2576
40813 7349
88785 3237
41872 4539
27778 2826
11013 558
64208 5993
34072 7392
61414 618
99736 3464
99812 1139
77171 4717
53721 2210
40469 2425
16964 978
42316 7252
34452 366
67179 5674
32227 1561
68789 3765
55891 2703
73047 3923
94851 8172
13139 9234
74309 5109
61260 6162
13893 7671
37768 7926
90544 7039
4518 1048
23518 5748
75211 8039
47917 2293
10253 8552
13545 4568
43717 1960
95685 3181
39252 9844
72646 2513
26552 9532
32753 2713
34897 3354
90535 6172
54019 2537
76386 4818
9006 6917
90512 6637
88751 5777
35623 3758
23955 4209
21302 4000
41704 6700
65056 9644
94354 4911
56668 4521
35732 6426
76710 7510
72087 1406
75624 1846
3355 8453
74633 5451
50744 2381
26885 7153
67319 9788
55680 3387
96972 3230
49656 3178
77330 2004
76060 9043
20226 403
26084 2694
59783 6003
72577 6151
45269 4010
39545 8681
30330 2189
80817 6120
97356 1968
5802 9581
71223 6689
84882 6196
57323 7734
30024 215
73027 4685
1448 2670
97632 2220
1104 6272
54537 5246
51808 7339
91071 1220
12188 6007
96993 8579
59245 5784
87697 4993
28097 6251
13029 3645
61164 8255
9101 3925
3523 1384
61459 8907
72466 2924
78743 5560
29795 8203
99383 8231
36399 6251
18615 2234
7124 2022
45098 9453
88349 9241
93740 9088
70535 5052
59546 8400
53067 724
68994 6644
49604 5365
45995 3999
72527 3331
1705 7253
44409 1507
42727 8484
59034 2956
67089 522
95824 3122
36428 1165
85737 2005
73493 3657
22221 1754
7101 4381
82514 6244
46414 7113
59967 8612
10050 9127
80899 3641
65970 4358
61549 8025
38491 1783
93350 8130
16932 2593
59018 7974
72844 1892
77605 4931
94616 7687
27091 2972
36253 2371
59877 5889
32210 457
16735 1225
25904 6327
53387 9586
54478 431
24697 4887
88871 6123
19419 8075
63351 4001
19106 1425
79834 1990
30206 9324
54180 6806
80317 1097
96389 317
45479 3348
80697 6948
98959 9973
84169 8940
54121 6816
83432 5335
64613 706
72255 7913
25490 8002
65844 1278
32558 9029
69965 9825
51256 1829
77775 8835
26922 3560
15792 7556
14080 8111
23642 1546
11761 7696
53669 6104
66472 6956
12338 4761
51536 7131
55537 5497
47756 7129
50689 2465
49241 5439
95896 6904
29837 4189
98895 1188
75822 1598
43561 5770
41439 2159
52539 5043
78385 5216
98807 2167
73216 951
39163 9644
30566 1904
42437 479
39731 5213
22731 9968
1784 1988
68624 8124
72605 7204
86756 3770
3994 7397
43165 8139
19230 3523
99464 3361
60769 5257
39745 2189
43297 1719
97987 7366
92866 4802
91778 1186
16921 2989
81109 6189
20199 243
64345 6187
79908 6175
19754 6459
83089 8653
9865 9325
86453 1394
92258 778
84819 2600
62618 3591
42873 5762
43188 139
72597 7891
70210 2208
48030 4382
46972 5047
30137 5050
23346 5487
15102 4154
53956 4795
95266 2831
15062 3253
77257 6504
38886 3775
84914 8708
54144 3913
85657 8407
23642 7029
53599 8934
71001 9874
17466 9687
51967 5864
7450 8789
10232 8335
87043 4785
90459 3505
77230 7077
75723 5586
86558 3920
34594 3706
64880 146
5651 1824
58254 5362
32188 5166
99906 9663
97316 1496
54920 4596
5623 363
29122 776
70081 8440
87942 3936
80290 6795
80341 5175
27218 9789
44825 8835
36563 5066
83316 2511
61483 228
68637 3579
36080 6299
50845 6488
45151 7166
60579 7172
14202 9833
78465 9351
72600 5319
54819 2182
6645 4727
23616 3138
58675 590
93332 2909
72274 4960
5436 6930
14715 8648
4004 8438
14030 4760
80641 535
66962 7352
52020 8504
60453 9530
20165 3224
20114 4042
14828 5634
94803 580
68055 3249
15598 2695
18303 3077
61880 2076
58174 3737
66630 8848
52251 4280
63488 3446
7184 6595
53020 2502
76786 6067
38321 6711
87765 2347
98828 2172
71428 7740
80279 9985
54218 8038
5503 9243
15679 3051
23873 3751
26196 11
67374 8557
5946 7842
27293 1422
95497 7935
34554 2762
3283 1410
38999 3254
25951 4244
3575 856
64106 3825
52955 6264
12491 5352
66020 7114
68664 4328
46957 6993
63142 3898
91115 9300
31674 4751
6783 9345
35481 5648
65114 3705
4261 7150
21150 1588
75242 79
83174 527
36153 5565
10586 9856
46132 9081
49529 6751
97889 6226
83047 9093
66741 6518
79029 6894
67560 4607
69716 9046
74677 4764
49468 6201
30175 5573
22489 9634
86382 8306
66979 1762
48560 7475
48449 6752
76413 2621
36342 4906
6814 7128
67239 223
38958 6596
89163 3125
34837 336
28247 8865
27278 3459
34833 8952
86272 6181
52128 2713
12119 1462
27904 7480
9610 3446
53636 48
46538 9684
17408 8547
87700 5876
12727 9147
75132 9021
84726 9118
57059 4799
87893 8377
49054 1290
23013 3039
60413 3335
36128 7576
34499 9560
6087 9035
7198 7352
62008 7500
10434 1697
11974 7498
34266 4357
7868 5274
49501 2225
46691 2865
70145 579
14506 8936
18377 5135
82652 9765
53640 3286
81453 6531
48623 877
4918 5414
40626 7054
19064 1040
15212 2468
69954 7344
29811 5701
98045 5387
61017 6440
56453 1341
91471 2283
67349 8010
58521 1990
45935 8316
4008 4740
98518 9091
52432 8271
37344 1909
18565 646
65996 6337
54471 4749
59766 1241
34947 7093
74858 1605
38357 3042
45637 1169
65696 4259
63537 3310
8250 512
96197 5733
55673 152
41571 5468
30743 4003
12333 7816
46371 4220
96860 3278
27165 8290
35208 654
1368 3420
45629 6857
40934 5793
66102 8134
34422 216
50166 8893
64284 2711
53469 5315
93178 198
48237 9518
72587 5319
1426 7088
98739 6420
24782 7300
26320 1613
4576 9628
82305 3534
43597 9682
22381 3543
59225 1622
79180 7500
23773 7390
55165 8089
78055 6300
81721 7911
89984 3705
43326 5315
70427 5733
45670 3621
66348 303
57274 9137
81152 8174
14163 1620
11414 4837
96673 1534
7121 9710
77518 4475
79074 8844
56441 8355
46763 8323
57898 7175
66570 3103
92070 2438
82065 9503
24725 8251
11698 5653
10958 6164
56354 945
67717 1053
10933 668
33030 1490
17226 355
99205 4794
52742 3514
5502 4378
92892 7643
78256 4213
68438 7203
87284 1729
5052 8970
21200 1152
95950 5315
83380 3097
15408 3237
26505 4937
58601 597
5119 9685
87433 6515
20778 2370
15354 5010
37720 5546
3190 5545
82235 5504
89132 250
61272 492
78159 5798
57231 8139
85337 4773
68763 8541
27023 6714
26277 5332
52945 4023
64278 9297
82070 6267
76534 3965
82239 133
97272 6006
42471 2972
84708 254
14444 4661
66011 4873
14284 1846
53355 6183
50172 1510
64770 4709
8942 793
28212 2007
97634 4428
80399 6004
62228 6208
45032 7413
74205 5332
24459 3753
89345 9826
98280 4201
94795 6711
47193 8574
87356 9569
28783 7680
22495 4372
64007 4632
32775 8563
14931 9448
70528 1523
95985 8362
23229 8513
70433 9332
37788 6128
50871 329
78392 3683
79306 4670
52618 3778
69291 2250
92276 9261
8463 2689
57983 8704
20262 4022
80609 8343
8431 797
38521 5689
41493 3996
39154 4338
60337 5352
17771 7732
62565 4753
84717 9630
77931 6575
38202 3479
63054 891
51696 4407
17457 387
51744 396
77429 788
2961 6854
2514 4466
67454 7379
80048 7809
82173 3402
44456 9033
41571 5910
15844 8318
84239 4438
69352 2900
86642 1960
67668 1319
31673 6682
1832 7231
52484 7634
4773 6466
54131 7082
27756 5936
68456 6886
42643 3206
41752 3863
92251 793
35884 8964
28226 1686
85846 8079
91155 5093
72875 5501
30849 692
1648 7464
16581 6405
78368 3193
22779 2097
65386 8249
53985 3072
65622 1504
65586 1389
70149 12
12882 257
82634 6017
28021 8422
98396 2712
67501 1992
40346 8588
81089 2978
99133 9817
51146 1328
12577 2824
29329 9177
35897 392
15266 4848
25901 5390
50095 1553
43161 2717
26320 6888
77519 7175
50605 6021
59845 7132
53125 1067
95030 589
8766 4621
96658 9300
32195 1368
88864 5356
8215 9048
21812 2400
4694 8023
68617 8962
47495 7492
82794 4768
36014 5715
2515 5350
90375 3765
37632 2791
91991 3031
16532 5045
46551 4100
4009 7393
67333 5676
97268 885
6745 1737
46701 7057
4332 6598
27210 3317
38067 5262
22182 4946
29908 5894
87158 6496
22413 2333
99843 8245
1330 9903
92919 4067
36202 8083
55594 4278
6138 4917
84039 3224
77644 5504
73363 730
47917 1721
81340 7997
1842 943
96982 253
37935 9964
14530 3244
58702 7064
60739 2329
25107 8535
86522 2439
22739 2063
82155 876
34570 7276
26039 1897
78093 7388
32389 6715
57182 1366
54206 9741
47646 8501
35414 104
73582 6261
70213 3365
53974 4313
51599 4139
6748 3577
96716 3438
84039 7391
42541 5343
28299 5265
49397 5908
4638 9884
37356 2902
79698 3350
20326 5543
76548 3377
15784 5437
85312 9446
50929 2467
47138 8047
49478 5727
32175 4237
49617 3915
21754 71
91429 2441
37913 8609
99305 2566
99728 4689
26653 9056
57797 6111
13958 6327
28630 8019
74895 8865
11714 4708
77176 7212
3309 1024
70805 4828
54632 2930
80177 8147
75152 6338
53838 5713
35714 931
17887 5227
10580 8476
75010 168
37260 2520
40485 8119
44786 3364
1569 2527
60830 3386
55690 3096
89695 2286
62101 5255
53175 6489
44089 2919
80355 5116
53187 4578
30258 6810
30777 8799
33535 7218
95581 7528
7056 2623
41415 9779
16733 9525
27738 782
28815 2870
83061 1022
40313 3662
33127 3049
12045 702
53766 8443
40070 7016
22936 8998
63450 2959
3897 7231
66088 6457
54211 6066
90189 1609
75488 2190
76048 1230
61432 1071
28032 596
11553 6455
14780 9678
19861 5231
86937 666
70546 6629
61041 7608
56073 4909
39326 5439
26417 7100
15580 1500
92958 7759
69489 803
7654 9669
90517 2724
12813 4814
40152 5907
20105 5448
6179 642
42392 7905
11552 3241
12602 335
46862 8763
19874 3568
19633 3852
14039 4454
61738 448
52768 8055
17408 4904
35756 7526
76996 7226
74979 6833
19823 2259
33572 9822
46050 2743
92211 4664
33224 8679
23116 355
73915 3601
32932 3758
95116 9171
85015 2924
51399 3040
94133 573
53670 4347
54055 4834
58870 1237
5948 837
81861 2574
53182 4534
68424 2904
87824 6996
13513 1540
39727 2782
55387 2058
73475 3700
71969 4024
19214 35
33750 6199
51292 6369
95809 6163
95744 4365
8099 1989
77497 9360
46242 3151
16244 1557
80981 7996
62293 3629
26315 6537
90769 6336
26408 5697
46648 6774
45864 8202
72397 9677
12012 2142
36660 6823
10597 5179
37711 3197
58497 4241
5917 6575
37793 6837
8152 8975
6031 1577
16189 3710
28022 1728
35196 497
84978 1225
34776 970
88449 1924
36343 8318
55531 8993
69026 6637
58283 1347
73244 5502
60297 4709
38404 4967
99348 2718
12649 4195
7940 6537
3394 8836
55117 2111
71814 9051
83204 5381
86097 4524
25228 3320
4419 4258
99667 6165
69983 9921
41972 8870
1635 317
9670 5527
28728 2381
17700 3752
81938 8930
62922 531
59818 8719
46552 3342
94512 8236
78963 4200
84976 787
18446 7366
20856 4986
96124 4808
17237 6987
47671 6223
35936 691
34703 8243
29158 952
42049 773
32471 2382
78648 8591
87405 5954
61996 3844
60108 3923
9326 7552
40515 5421
23277 3823
27446 3828
72969 8247
88243 705
32175 1355
83054 8781
41005 4426
58103 6098
50665 8026
38152 4659
69540 8241
96120 3630
92940 9172
53476 3079
20032 9664
13836 5668
97159 7200
5220 7329
95281 5014
74690 7846
65079 6834
38817 465
65246 5239
55051 7784
30672 4014
71984 4250
39884 794
84251 8994
92330 5712
66323 5954
81433 8073
62685 892
43480 3190
13153 5505
33195 8899
61540 4850
88542 3838
62461 9676
75386 3039
73629 8924
55595 3222
67625 2208
40965 5052
97532 2599
90667 121
3650 74
19699 9824
45273 3486
60043 5086
80870 6109
31816 8586
36538 1137
59361 4782
18755 417
91946 3351
9091 7990
9997 4203
98239 2221
80646 8986
50318 5612
9448 5164
37381 9334
22107 3293
95886 158
20013 588
56570 4076
75340 5002
26929 9286
1156 8437
45417 4936
62983 6139
72442 5506
70754 3112
80099 5725
95600 5268
30046 3038
55363 3447
2248 7261
35910 2263
30241 5990
16070 5789
74458 5618
24319 8712
94850 1638
31141 6167
70823 3652
57866 2312
17155 6460
85914 1375
80965 1006
31109 514
97799 7618
39509 4600
57007 819
55541 4442
59821 7220
53847 8383
27415 476
82453 3638
49812 9777
37752 7443
76773 1729
45034 5179
77917 2561
73961 3073
53246 7935
67244 7077
38175 5918
95053 2811
46117 6925
37195 6041
24173 939
59309 4870
2424 4498
68716 872
70139 6148
82158 8928
83858 3934
80777 188
84242 4914
55269 3290
85202 169
95534 6835
39399 9722
59152 7969
16499 4497
86225 3213
22781 9851
58633 7204
12777 9783
65226 8220
3479 4424
82356 2240
25799 9562
60443 932
45024 7485
74390 6418
38173 7973
58721 8319
75258 6771
71125 3918
50812 6303
16532 3328
83218 1851
40122 5080
93093 7126
26861 5983
88834 2218
11643 5572
73820 5342
40553 4750
11064 9667
32992 3556
42480 9499
52330 9653
12801 1468
94062 4230
21683 8727
9742 7378
34580 6592
71888 3660
1529 9536
33782 9149
70952 3148
60239 3402
28869 3686
44923 9086
70682 7101
12633 4965
61918 2653
16044 856
40714 1068
19470 2945
7816 9172
91426 1494
6261 7545
96249 4450
69181 8918
43740 3782
8733 1629
59145 3014
95922 2330
3732 8832
39146 6135
26169 4522
20757 9524
78740 9550
71118 5077
29919 5114
10384 1023
55722 481
77102 8451
78263 9169
6283 6578
22056 5283
54614 3231
2420 8384
59970 2071
6958 9145
75083 166
3216 960
88890 4524
80444 4189
46662 960
70166 1118
21968 2445
13799 2432
11657 9505
88841 336
23770 446
10542 6640
74349 5357
89860 2015
75922 2765
19059 4229
60976 2785
87101 280
38431 4095
53333 8554
49127 4497
29761 9688
24382 6098
11164 19
46357 6095
47596 1960
3510 8200
33314 4117
81076 6248
84676 5417
23999 7848
72333 1006
25850 681
51287 6416
16061 7141
74046 7844
34957 3793
63118 2794
92499 8067
71414 6657
54264 8037
76780 8156
75912 8012
63544 2549
54743 5879
31147 1610
13481 6532
88035 2673
57615 1866
99636 8901
71116 1798
74359 686
38107 7078
40462 7085
73638 3282
34925 1922
77276 164
80802 5011
57718 7134
30702 4627
65352 5934
4304 6444
22918 5677
81845 6212
36245 9550
72533 6292
70813 6804
19981 9883
32387 7087
91651 1857
24773 5377
96213 7006
42091 1420
57437 3133
16671 1224
15295 4486
11043 4659
60866 7035
95634 343
1552 2911
37055 8960
69301 8747
31500 694
25386 953
17145 1977
22194 6060
11426 4371
86970 3730
14922 8929
81265 7131
27224 5802
8685 3097
91631 2365
50657 5962
72326 828
26330 1138
22053 5269
25037 4532
56156 6710
45237 6126
26976 8397
19492 5211
24749 9199
26676 3544
10773 9260
46170 3665
55042 2020
1547 9854
84930 3947
48130 126
51072 4201
2697 7238
86922 7860
17563 7228
10585 6727
29204 8188
10312 4661
10376 9748
43784 1787
16971 6919
76098 9542
16523 661
61219 6305
57627 5538
61514 4237
77784 1503
80531 5676
8953 15
51346 2696
9000 5205
14488 282
77372 5131
30022 2033
47009 8961
51406 6316
89502 8343
7881 3718
32817 4794
87565 224
32294 8467
85003 1496
36386 5507
8932 4139
40205 5821
63054 818
8603 9861
87853 3259
62688 8710
33078 2375
25575 7734
15127 5636
81198 6712
83909 9142
92484 244
67258 2272
65367 425
10544 1215
62664 1864
78180 6426
16722 7696
32739 2688
86336 662
93039 5598
46564 3292
69886 2471
79044 4815
5399 7128
3006 8880
78758 2965
73727 4413
93778 3056
40412 6845
79886 7951
47804 4355
64547 8700
47664 7080
33447 2164
72791 149
36959 7766
27378 3793
2925 159
77471 2684
37416 8564
58505 224
63537 6739
89529 2036
61077 6903
49501 3606
63489 2505
71350 4427
84630 6048
78182 5095
17428 1752
85696 4077
12787 839
86572 1580
99921 7399
53957 3001
77453 1962
16113 2693
9605 8576
64476 7946
10168 2698
51479 6433
6689 8586
37206 2457
76720 8356
97770 6657
42344 5409
51306 6297
32307 1550
27469 8720
32660 5676
24086 568
17602 7886
33053 5104
65553 7205
98382 5687
90819 2566
58187 7480
5158 1111
62277 8007
95508 8846
45295 6624
57901 1266
57220 5881
61713 482
25434 2326
52052 3623
95771 2433
17435 2439
5962 5655
19246 5360
42373 6235
37243 4920
84052 6307
40375 6174
45859 3047
38949 4871
39670 2167
60965 5291
9671 2801
81071 6927
29789 4143
64890 9195
12455 9361
6262 3573
72558 6482
69872 6312
66836 239
66533 4774
23410 2727
47234 6995
77683 9067
77387 6094
96048 3787
63042 8110
50406 8599
32736 6854
34871 7533
40226 9880
90546 6378
34561 1098
7282 2357
2542 7692
69553 943
27414 6306
83450 9605
10900 6267
3574 9016
25422 8010
96495 294
35777 8739
42685 7895
66374 2394
60685 4309
11344 8092
47032 6835
89720 4412
35999 8402
3297 3107
37017 5648
91272 4381
77819 3458
78106 8704
5759 5232
55992 623
50858 1565
59599 2502
43365 7437
78539 893
5304 3956
30925 6188
76462 527
14044 2625
47023 7440
33581 6806
25458 6496
82235 8093
97412 6493
63580 4183
36679 7193
39412 9780
80555 7494
43989 4716
11816 1152
52989 2191
92091 9176
96985 777
68914 8228
98472 3267
62639 5016
96429 1486
19619 8459
43495 1193
45447 8930
39265 3021
26870 8644
87882 7714
32481 7925
48174 5344
39399 3401
95381 7449
13361 4548
48156 5334
76974 1428
24484 8282
21696 5220
49162 7465
30278 1514
51773 3293
10920 2237
41164 833
95526 5494
39556 7806
92252 2872
96081 3844
97606 7498
83764 7699
27546 516
38557 3987
16721 2363
63070 6994
30719 2181
33888 4035
68156 1380
41159 5811
40775 31
73824 1143
85865 3978
47209 766
46402 4074
29528 6977
55254 2648
24735 6343
22474 7140
62283 9099
79103 5172
50078 6317
62828 453
42377 4418
85374 8333
37695 2016
21289 3884
88242 1927
53429 5530
85694 2993
27380 6780
97646 1800
7397 3098
57517 660
26048 7286
7286 2876
4625 7240
8097 1738
93267 7141
90732 216
55579 6517
53943 8057
49193 1320
78628 8609
9297 3772
1940 4085
55843 2547
16797 2621
49728 1122
45738 3712
48104 6296
41204 1021
24366 8045
1926 363
17906 7655
81960 2496
97616 1729
83389 4780
75261 8212
11679 1301
55478 2112
37328 7394
64436 3632
69599 6612
70641 637
56526 4244
17726 7964
6362 4182
82022 9023
78641 7976
83125 1675
85853 5014
77274 7786
18411 8916
60908 1171
77753 4293
90065 6150
46891 3944
78706 9279
24490 8271
87982 4558
59354 2033
26918 9888
59011 4137
10659 4548
35579 2163
20592 8119
28673 6887
63705 3991
91773 1001
28471 8225
5927 2370
75801 9187
36059 7124
35971 7006
21400 5859
47090 7298
53176 3723
71518 6590
56449 3131
9168 8882
28232 4685
62557 6859
77469 9556
95622 22
58000 6590
13645 8875
17585 5696
14888 7750
4545 3956
2153 2415
8964 771
18053 9889
36816 7079
41894 9639
10914 847
38158 2290
85178 5164
73227 9447
83708 4238
56144 1729
16234 6564
80786 2204
2820 8301
27924 3118
45043 8183
51148 3460
96548 8045
8704 4320
4195 4813
32764 7637
81597 8496
21594 5772
95265 5958
30666 4897
87358 6537
2563 3273
90002 5757
99770 2874
94482 465
35606 6787
7719 118
68369 2904
21105 9507
24936 3575
91733 9821
91562 3323
65787 6912
41034 3760
89355 3793
3029 6676
59993 3442
44636 8411
12658 6037
75609 2774
50485 9766
23404 4792
6909 4503
30758 888
71734 7604
80278 8759
20883 6327
95890 2855
21080 6093
53902 337
64364 435
6886 5870
4875 7059
51232 4778
87006 602
26270 1222
77580 3745
2237 502
75926 5217
86198 6565
43895 3215
60485 6687
2078 6505
69112 4997
85278 3541
74370 8395
9266 9922
43457 8948
69681 5157
79654 7198
27056 5010
27707 5988
40645 9855
6195 9712
35389 1356
61624 1250
52905 3829
23903 2149
83855 2776
76665 459
47241 3621
91111 4749
64408 4753
67239 2920
47310 2344
87271 4362
27065 1262
42639 1359
71481 800
88592 4288
66543 7368
30161 8435
20759 8916
94733 330
10148 3170
54955 8799
11936 7246
75527 9048
7151 4362
46815 5126
36752 8647
97677 9737
82799 6956
14023 4725
25538 9456
54026 3602
86443 6276
17045 124
35437 6737
20907 2349
1953 3388
4673 485
53313 3928
32137 6777
12650 1661
61391 4417
78370 7369
44437 9428
14076 5061
72136 9785
28899 2540
5545 3735
83023 3906
46989 5128
86124 8942
41606 2526
60746 7613
38688 7774
96937 6570
82114 9381
35186 8268
54511 441
78826 5176
4730 8915
72779 2176
9624 3011
28599 9959
81260 9874
42065 6944
75590 5419
54165 8005
77052 2902
47618 948
53300 2165
22785 8384
10487 3051
52665 2582
87099 6484
73428 1498
31461 337
44491 4396
62650 1724
57530 8785
46558 9917
6591 8681
82218 9707
78190 4680
17335 7632
53840 8902
55881 6532
95654 2464
89160 4577
16970 5269
60359 9013
35625 7734
20691 5710
40553 770
21269 3560
31614 6671
49241 9703
95392 4753
37800 4589
14959 5556
56160 8722
19569 4726
32122 2433
52232 2452
63880 1809
21451 6747
66877 9446
35781 8601
27604 5534
76599 5762
17076 8995
49766 3940
28004 6058
84410 5702
60410 3550
23287 8518
20849 3684
31570 4295
7213 6909
25126 4229
51068 8622
4299 1653
27242 8357
74509 5131
57089 9422
53414 941
32587 2371
89288 7896
47526 3800
72379 8019
29523 9178
88173 4303
32420 562
30909 8050
29327 9973
96700 5741
76457 3896
91764 9581
98733 1293
43112 9958
74283 6204
8351 2618
74952 6280
20777 3261
34546 3264
23006 3535
59049 1256
11609 4347
55325 3622
22579 5620
50567 6057
46702 9790
28997 2111
33050 2061
95124 1949
60794 4946
2863 9868
56409 9199
14609 2631
43036 2489
43270 9333
48364 1446
72380 5797
72841 7152
30205 7345
67441 4254
63411 7921
84647 6298
54971 1770
51108 4240
62107 8867
19430 9560
68329 3896
71830 1319
43606 9542
74220 1216
74852 6439
19626 9712
32276 9658
27614 425
66472 3257
74052 5423
15103 2047
94847 7741
14096 2324
76762 945
10817 137
34524 2908
38535 8785
57022 8519
6202 4932
60179 1747
41313 2279
24067 3279
58564 4529
90627 220
90790 933
46370 4045
3062 2082
51713 4749
82592 1893
82636 8160
40423 2443
95369 2173
9401 7432
23834 9294
95541 6094
25102 2668
12620 5046
69294 3675
38049 6271
23539 2387
60360 4972
87194 6436
53760 1639
82603 7362
27866 2581
14651 9299
25989 9081
52345 7266
15959 6571
30988 9834
40342 4767
87351 4211
55259 6167
81542 8841
89287 4437
70591 9108
9118 4526
13892 3381
58005 290
3211 5886
28291 3612
31488 1317
97707 1442
96299 4697
21466 8967
18410 2953
81173 9674
67219 8064
17191 7520
47112 3767
99740 8319
69711 160
35911 4311
28127 8982
99520 3590
52277 9811
23811 4273
1882 723
73603 6042
39632 8177
90044 5536
44316 5642
21550 1322
96026 5225
15380 8781
90248 566
39393 9260
24186 4557
31744 2939
22704 9594
17322 817
52408 9448
31067 4523
6093 3130
42993 2042
72954 8813
76337 8520
39654 3711
13322 3954
40372 1519
94565 4535
16803 2769
5793 2418
80178 7532
28921 7210
15710 7401
99133 8294
93639 9557
49968 7365
58593 1275
6727 5564
45275 67
24694 2931
95728 9912
88301 5725
5842 662
25314 5833
2906 7489
84815 5965
36522 5640
16729 4250
88721 2244
90716 6921
1609 4971
64283 61
26525 5758
14667 1433
56499 7185
30632 3570
2921 1926
68961 4144
62295 5070
67597 6419
62293 2357
63709 8316
49036 544
37894 4000
63150 4121
70563 8407
53044 6828
55318 280
27964 2558
52209 879
73353 5963
81243 6005
75494 6219
70450 4291
20839 873
9989 8093
66068 6733
99261 6849
23772 5803
46124 5803
56960 8021
20034 702
65416 1956
9234 598
26587 9184
41058 7231
1421 3967
48525 71
12364 1272
57703 8137
38790 5990
24631 5001
70032 972
47059 2101
86257 7746
9612 9665
58389 1834
13005 8373
81069 7445
89766 7433
88932 2166
3579 2078
90127 5097
95739 6102
44120 7665
38859 7651
27675 1516
49289 1038
71440 8345
74409 2109
73272 8088
37830 2558
48304 8147
4637 8487
30213 10
70491 6895
10745 7309
79539 2599
34184 2600
91611 8994
13055 4865
60172 8428
98613 6098
50107 1244
36078 1336
62726 3806
71023 3952
7517 3423
96846 9517
89184 9251
58150 8602
4835 9217
48613 7597
84858 2058
58716 1830
7154 5049
91468 886
18905 7549
31997 9452
46716 531
14464 9994
85562 8631
24144 1376
43044 1675
14808 3820
63467 3053
44004 2213
48689 7547
43221 8553
37618 7450
13749 2134
71885 3215
27732 7884
36002 7115
18225 1077
42340 4553
40759 5712
59514 9886
88581 4851
52155 4305
47440 6808
9327 3899
20811 5641
73121 3019
34107 9330
44856 8816
2971 1489
91652 610
2483 1563
72614 642
42868 4743
24388 6789
35960 2117
13383 845
76396 520
91975 8199
1197 30
32439 6175
22801 7774
90128 458
24500 3669
79541 1754
12727 2621
73062 2152
18031 1212
22261 2055
68577 5980
62250 174
29626 6356
16134 1853
40678 8486
15575 226
75615 8943
91274 3372
45510 9402
98258 5953
52233 1997
12679 8853
26765 4749
23381 6569
53132 5760
70148 351
18705 9876
41351 3464
58966 6761
86135 5198
29663 1002
7810 8961
42727 7412
2344 9346
17619 6214
2730 8822
62264 3478
87221 5055
8038 5308
27197 1370
39310 7174
81818 4605
52064 248
94419 9957
8873 2396
12871 5162
60405 3428
96127 1226
65381 4674
76828 289
92578 9984
4157 3170
1680 1975
85537 2511
77268 1671
48182 2100
95420 2568
4440 1491
80759 3557
29815 1728
59284 2544
27100 1376
40776 8459
71240 717
88086 958
24331 1023
72874 2117
83843 9686
46206 945
43461 6328
75080 9655
88685 4565
70762 1479
75402 3390
52439 8056
74423 2363
15997 6544
79232 5329
93409 2995
22194 1161
50515 9584
33845 6586
2577 6904
89318 9461
28329 6711
97218 7286
27622 1510
56907 4889
6889 5312
94439 3926
61213 6454
33513 4783
31546 4051
89905 9694
65691 5230
33860 9373
24454 4720
60939 9513
2963 9786
13794 6848
35510 5967
50033 3944
30388 1371
8645 5931
74444 5021
19583 6906
35999 4350
11833 1072
96700 4742
10807 193
19739 6274
60934 1898
37507 7189
91631 7015
69178 3073
74281 1052
74538 2191
12324 7447
73012 406
4014 2122
72729 1609
50579 9506
44053 3736
93261 2712
40422 6356
27994 7751
30005 2912
92668 7594
9385 7291
40125 2000
1108 1867
74695 6776
51322 6973
64845 7748
62456 4529
40385 9476
95000 3509
23153 8795
45088 7262
21937 2166
57352 6451
13441 8350
39041 8471
72693 8978
43091 6085
89311 6279
6302 6220
45469 4018
54054 3915
21519 7982
46872 5046
1247 3591
21158 2184
8559 7849
55615 8510
37336 8255
69734 854
42412 5958
41578 6456
48387 3445
74952 4202
55085 61
27969 6626
98248 537
1314 1053
68845 693
28302 2884
27221 7309
14823 7502
28356 5914
44314 9870
1232 4250
93114 1766
70783 8947
64059 8510
80924 6948
72690 4806
52253 4616
85194 429
62401 7404
53377 916
40538 3898
24334 7318
52314 7062
29980 1610
5549 8748
12122 6281
16081 2602
83447 5113
53867 4009
13030 4773
92831 3278
34456 8936
39436 5853
85448 5350
27093 9226
45475 5179
12401 8315
18947 1985
59933 873
90249 9535
4928 8197
78632 7162
71321 955
85328 4722
10871 5242
24950 4705
77061 4860
21600 625
75434 5455
58712 9503
23167 399
35322 2062
85683 9400
33919 3919
15812 7479
49082 6624
73836 3406
90248 1659
1873 8364
59953 2634
17607 6498
33653 8703
7349 4119
26636 6651
7099 7506
88592 121
33859 771
42712 8886
13739 2055
89633 2215
42797 3350
41602 5182
9672 4343
76391 2901
89727 1357
65947 4518
37045 43
4049 4272
4259 5003
13491 2933
3331 5989
28088 5263
74316 2969
35590 5727
50051 3693
31944 6869
43467 7448
45419 2750
29945 7183
58461 6878
93407 1065
99240 5294
19962 7349
98209 358
53209 5825
99182 3000
66560 4679
68610 7709
79080 5475
23624 5000
29488 4368
5678 5753
21307 5263
38968 4676
15827 7775
73681 7150
61532 192
20313 3009
62827 9716
3566 319
59848 4884
67242 6370
71173 9606
32353 8920
55832 9976
90017 263
92877 6685
37046 9041
83883 718
66385 4337
92130 8793
60110 55
1331 2947
96786 5571
15937 8519
22597 5831
69940 1377
22652 3500
77822 6569
83218 5069
82382 9635
79729 7618
18137 4238
70929 147
44659 9375
26503 2018
3867 6288
73569 3455
78166 2346
38530 1658
29827 9704
25796 8331
10481 4326
58001 2196
9539 6311
43168 3066
96317 7677
4558 495
73714 8271
86636 3388
26390 4349
31464 5131
29727 8405
25459 8860
55987 7706
73794 9697
18176 8969
80616 4063
74317 1925
61591 446
90633 4955
77332 8867
44416 5596
57143 7878
80694 4031
44201 1370
31079 9230
75780 1930
64991 9429
63013 6826
38867 4996
19998 4335
11676 8480
40279 3510
29758 932
81507 3061
82790 3601
2130 9049
24648 2562
5205 3717
27087 1333
32523 3456
47771 3553
38947 4030
28513 4223
21117 5877
69611 8720
95805 1870
93532 7548
12942 9615
83591 5660
42030 9841
91143 3281
16840 2839
20829 3735
7565 1164
88194 8554
72622 5472
97159 8311
81208 1648
57611 5070
15622 2817
71871 416
97923 1688
3827 2087
45362 3085
33970 5119
44468 3976
56262 3212
81696 2116
86419 3612
74720 2936
12964 5878
15620 3158
57252 9007
25818 8321
42360 1693
64788 3080
5551 8206
50548 7989
6753 1121
65829 6462
79882 3276
66969 1174
55251 8006
13171 6401
71419 6413
43648 8924
70248 4720
61055 9912
68591 2763
5580 3902
27098 8286
66690 1390
53220 5932
38889 9196
22502 4555
95232 3895
85634 4863
35270 6926
41121 8203
92393 9810
59245 7473
85043 2030
77500 4670
81331 1078
24962 4690
11011 9213
97646 9399
16583 8511
9884 1709
83035 4190
54169 2659
64851 8913
40863 1293
92306 1230
47989 1431
81083 5390
70939 8036
83218 542
59492 5255
78516 2314
46626 7261
53070 6885
66062 7468
84535 3008
34346 5371
37589 3664
81391 555
32370 4861
10038 6569
24633 9941
78325 881
15565 6100
7919 3634
32406 4639
79320 1383
70502 5156
68709 7266
25889 9477
10348 3797
12372 9577
19852 9467
48125 2773
64961 1155
31754 3924
57786 5056
79000 522
40988 3314
12076 3082
9994 2133
4044 8209
15769 511
78456 4921
67108 2905
25692 9062
33359 7287
89405 9744
47064 9220
36004 1095
95255 443
42937 4753
35604 7895
19892 4518
93182 753
37011 9413
80157 6246
11642 5414
53031 1428
10934 6892
41478 2256
33168 1868
53045 8493
93636 7865
40209 4938
60453 1006
75085 7961
72986 5977
71819 9149
45884 7503
85101 3702
5966 8245
12324 5951
27339 948
33034 8113
87729 9963
2394 9117
5793 4771
82365 351
7409 140
13152 2408
30623 9419
40422 5555
39210 7787
81748 2640
97891 104
62711 9972
20630 9399
59975 9924
56989 4012
66900 3364
89591 3580
95096 6283
77475 4942
16272 6521
28637 5150
79804 7956
43921 574
36937 7164
19744 8198
96620 3866
97090 9220
58756 9039
90046 9127
32594 8951
63204 1231
50798 4720
80704 2875
40757 7558
26351 2177
36468 1228
66131 6500
91954 3183
50722 8547
19708 1078
95016 7572
94127 8227
85272 3857
57974 947
61883 6032
76901 6228
99904 8565
24353 3461
32475 7605
16830 5796
57930 671
34900 9511
87162 383
5914 4781
77773 9633
90160 7063
54205 7030
64790 4418
47841 827
3522 843
12926 3838
27503 6832
90559 3631
90798 8170
10940 8162
41020 2122
95634 8991
44366 3525
25608 4189
9153 7557
28426 5924
5437 9898
65297 6387
32632 5135
92121 4081
98036 2743
68083 9848
80209 3240
11402 4460
29481 6891
31376 77
45055 8856
95044 8235
65331 9162
50842 1400
32112 8739
55200 606
40591 1569
85633 4740
3743 6590
42422 3175
92158 8685
73697 9066
78218 4888
28399 9324
86881 7635
78552 1934
35277 3000
20904 831
71558 2254
14918 5838
74571 8855
35068 2379
29526 8910
47788 902
26167 307
3106 4776
64170 9683
44968 4273
73619 9454
88865 5442
86663 9766
68858 5689
68943 9878
36966 6396
89995 8900
14194 1274
10179 5702
46341 1809
88169 8351
74739 7135
61191 8944
81426 6866
67882 2969
9754 9588
93780 1299
16615 3596
3806 9731
85448 2446
96599 6677
67312 9343
47232 2982
56294 8790
40208 3577
28050 9180
82211 3962
54232 7472
66564 2417
17196 4841
41461 3866
76968 9363
67875 1472
69649 2143
61147 8180
61418 756
50247 9194
18030 8314
43688 7762
32315 475
27683 3994
1555 1393
6729 7423
99221 3463
61781 9558
49615 3490
70159 8672
13760 7741
76617 5153
90499 8355
27169 285
90125 3074
31904 2044
30569 1453
97137 9698
13458 2083
61628 2137
73393 3643
26664 8025
80465 3267
82672 2791
82293 7970
8003 6643
1414 3260
24071 2606
57335 6088
58246 9396
95139 6748
51609 9390
24360 5645
98737 5717
81047 5549
76025 9393
86935 750
15233 3439
6364 9328
73770 7728
8430 9701
30560 5154
6586 7418
56069 4631
68630 7259
71144 2140
9544 6567
23043 1892
48018 736
5813 7011
19166 8999
13481 6737
78943 5085
88792 2692
26188 6884
1639 5845
31700 3326
37124 6772
50056 1847
66069 180
33905 7349
17812 3024
57863 6296
36116 3443
22874 7618
92573 1048
96580 782
57789 6741
93507 2894
41131 4675
16866 316
39946 6178
9128 7860
58131 9284
19603 3462
57700 9389
17679 5274
64393 9337
21326 2757
41484 1159
76978 4477
35247 6690
49760 5689
41934 4130
3412 8708
53407 7918
47124 5758
19130 2361
62723 1786
66095 8076
26193 4312
71220 756
13148 2762
58846 1332
34404 7999
70197 9619
86824 8119
25158 4539
47749 4756
90139 9327
34365 6083
82763 7475
38757 9870
24805 6802
42565 2077
68490 7741
42311 87
82558 6719
88361 4548
87022 8249
80637 9629
14555 3900
99470 8007
87796 3125
36827 646
16694 7552
39652 9869
95935 6276
92713 8308
2936 8892
47896 1497
90466 7471
2223 1517
69472 9629
66532 2833
15643 7540
29760 8332
44711 4193
80594 8257
6876 6328
32348 9572
48647 2939
85560 9039
82738 7943
46688 5167
50619 1475
75990 977
63353 6384
40241 181
78921 6794
5222 668
61066 2950
87461 4339
65030 5105
89845 292
13942 2949
62273 6911
77525 2034
69378 6057
14021 8927
22922 8580
15752 8138
70378 4802
55456 3273
28564 4834
40858 603
71618 9311
97030 9501
88007 6558
5790 8509
83128 9188
48206 6113
61573 2227
70187 274
32566 3522
20731 3024
90299 8720
12406 274
17769 8681
69841 6988
2464 1741
21047 505
52173 6401
60944 104
53622 2187
27474 7062
10072 1442
54107 3519
11390 9978
29776 764
19556 1155
78842 5847
26722 3019
8768 8730
3791 1806
76498 3356
12453 1761
20041 5117
43586 8744
41554 7290
60182 9297
6760 9209
30375 2490
91437 9122
99710 8019
32788 1475
13712 199
65796 1250
36104 5332
56475 8911
60284 3877
28769 8350
57081 6675
24197 2094
37240 8007
96582 476
84528 7546
49188 1421
6825 2256
3939 8757
19891 6631
53602 3706
27645 2628
35414 9862
94950 2299
2944 1247
43612 7087
17111 7464
37789 3998
15224 820
35378 673
39818 2764
98331 204
49581 1890
67608 9007
24418 7966
64054 4942
91863 7539
35116 7439
3039 6488
59577 7627
68987 343
82502 3600
68162 2258
80688 3178
77561 3229
69546 9377
36351 4211
15173 1794
79598 6602
91663 1847
16125 9979
75838 8214
47946 5240
17680 4469
25800 7185
52701 3281
41888 5314
1640 5638
60613 2885
43651 8117
77604 6126
42356 5748
40801 657
21014 8785
46034 1765
25396 4484
78472 4473
14602 3935
71622 6173
40951 1111
43492 5590
23068 8404
24031 5686
72320 3289
59641 7119
46151 2839
54576 7345
24011 4165
98935 3827
13657 4626
29117 6730
52411 9499
11860 6257
79756 3425
63859 5811
95425 4301
97649 5654
89325 947
96448 4870
16066 8953
10659 237
3781 1177
14502 626
11150 2845
43177 9955
8557 4618
74960 5740
77466 5275
59785 5384
58918 6804
24286 379
11498 6997
42182 7388
84739 262
75691 6229
90272 9963
43040 2797
14602 4737
41449 2448
82639 8324
40068 1737
95908 4357
65295 8797
49546 4943
1344 9208
58622 7565
3963 8779
60231 6012
49702 1570
77897 7525
55709 2589
39509 5770
86491 5321
46255 2854
18812 8263
24148 2674
31932 6208
35095 7495
77930 8378
46129 6149
21643 1017
2889 7817
2984 351
50846 2225
99737 2465
85701 9096
65075 1914
93608 9547
40703 6168
34414 7846
87079 2954
29467 5754
34861 4984
27144 4383
97997 5361
4355 1490
95010 3547
60636 9655
60603 7138
9398 507
69321 6079
76977 4301
26138 3773
92273 8049
31044 9312
27202 4670
31428 3798
97164 8172
88179 8083
43244 440
57336 1333
50971 487
31501 2571
43407 7847
44862 6108
14901 9401
98586 5214
34471 9083
52573 4181
79657 9274
27932 2297
3357 1071
8344 8316
75010 9426
4344 2407
68938 5931
78808 7784
56446 872
16834 8003
62556 912
4905 8646
47599 6946
89281 7040
50812 4208
14594 7223
99947 2604
78275 2141
49187 6692
85528 5825
29615 9144
11762 417
69522 6584
69664 636
41397 3611
85454 6342
92595 3767
77132 5996
4039 9705
84429 7834
13319 5730
48933 5282
62117 7577
52089 6723
7811 5629
88786 6887
59400 2716
51477 9586
24377 571
90723 7723
16444 1234
84350 1844
2073 9254
98904 8368
8880 2952
40867 6330
25080 2517
36823 2033
14270 4031
22791 4157
93443 8112
63325 207
32854 4252
24667 1642
51161 3475
9640 5766
22484 9132
35800 7568
40741 3757
5243 8745
28030 1085
31811 9682
25023 8722
94791 4743
26678 4825
73217 8773
3070 4988
42589 1466
82626 8283
46800 2814
14715 4124
66854 1560
60885 7832
35363 1478
61657 4802
28473 5383
10102 5618
76669 1061
28669 4353
20421 2176
62562 6350
56536 8433
65520 4412
67769 3654
84932 8212
42729 6711
12475 1796
60967 4399
25519 3970
12877 7125
80561 1696
45971 8701
39295 1781
94089 6151
58958 7109
41816 5679
90277 5245
93530 3878
60197 5363
62028 8489
33955 9060
68952 6697
76413 9612
95167 2009
14853 4515
58580 6529
10608 5236
16821 2690
48937 9823
79026 4978
19191 5324
62633 2866
83040 8412
61633 5108
41502 6573
90960 37
24994 3845
69225 8114
38338 4112
84549 6740
54923 505
34082 245
57933 2924
48320 4806
57761 6414
51726 8424
48398 4026
70901 9574
40371 2871
71813 6728
25083 188
19419 3182
70949 3776
35336 7032
48186 2064
44812 5487
34584 132
44131 12
73751 5124
41920 6657
22099 8795
74347 2725
89088 4563
73465 6784
75927 1633
87439 6009
10813 8152
75422 2712
90076 8600
22890 3336
24061 4773
57223 6492
41738 572
58683 185
80952 2404
83037 2525
92084 4349
23202 5371
46316 1766
38576 1161
95223 5714
32209 4498
59075 2870
32700 2265
75622 3502
57074 5513
22586 2311
63857 6007
79692 6587
33208 1074
87195 7956
46527 1131
1621 2440
22648 7981
87355 1141
9249 1581
17475 9269
40991 4290
14320 5526
26095 6165
96034 3912
5369 4344
97621 271
60225 7853
80257 1320
61069 2862
58938 546
36121 5348
7145 6593
34370 3829
57951 4196
38172 6422
91602 6813
46269 5667
71834 8514
85550 2294
24579 5343
42132 9864
1205 6984
60819 8716
73524 8165
38948 7322
33146 3425
79631 2840
73958 9913
27447 9768
19985 2174
25129 170
10749 9193
64729 969
46706 5465
48258 5947
56015 6302
51237 1802
75751 9888
98651 3187
45788 5856
71730 5712
43448 6318
43959 4779
63800 486
62164 853
37391 5350
10182 1118
32978 5905
13845 186
43287 6849
51009 4501
76877 6851
8076 9670
17712 1304
58517 1116
26621 2455
53129 2758
82244 423
13499 5436
56423 8943
16902 6744
19853 5870
89043 9501
73012 5541
2371 8669
78702 4998
34306 3865
48745 727
48874 9818
53209 7106
44711 1336
38904 9210
68386 2965
8859 9201
16979 9342
4105 4868
27237 2148
18420 2940
70855 8683
42940 3068
16267 5513
41401 5321
42866 5554
25894 8910
7100 472
13300 7548
57531 2566
95017 1064
86040 3107
64441 875
74922 1782
85393 9068
25786 9538
7052 659
85592 4040
8942 330
38288 2792
99230 649
16902 9474
23803 249
40188 4981
43111 6446
8730 7067
8730 7789
80316 4131
78169 2726
53204 3952
32872 1334
95936 1491
9057 417
70133 8595
64040 51
19727 6202
92204 1021
41511 3466
19711 2401
43956 7195
19154 3457
94067 983
98530 8738
82728 5558
70019 4239
47365 33
49620 6537
44001 2648
27324 8500
37929 3424
59230 224
94144 9380
39816 5806
45088 5697
4168 1924
6525 3342
9865 823
16485 366
36441 8832
13262 5082
56865 6973
82633 3194
47614 2721
52744 6501
94841 4980
17657 3744
92620 2251
11706 1853
73568 4908
50278 9636
71722 2068
22952 2786
28712 3671
82723 4862
95273 9957
63920 485
48828 6589
23620 4775
68511 2499
5546 8061
69009 7810
44923 4385
51525 394
7843 9068
63667 6601
33665 4666
74186 4698
67541 4736
56408 7712
78401 2117
35195 9513
98439 2702
35552 9614
44867 1103
25865 7056
66751 6124
80954 2172
89112 9131
15133 7679
72797 4291
55867 326
12613 427
54652 4515
25620 3247
72221 485
96344 7121
40286 3465
90572 7924
38769 2755
8355 4886
85538 1506
20924 8742
38721 1404
93703 3634
9621 9327
95822 3558
58514 8529
25584 4583
65412 4013
71951 9639
49702 9276
67860 9892
30541 5188
75813 991
32771 9379
11989 7261
65486 4295
39911 9913
42300 3614
6638 3689
82624 9417
24242 5065
19044 5191
53523 3485
3213 5350
26642 5506
13751 7678
4117 251
60543 2315
68654 4456
10485 6040
5161 318
71106 1636
61574 5338
64823 4700
65084 3685
40844 3032
65623 2131
96726 614
36682 8752
40136 1992
13369 841
45907 2843
95319 7953
9967 5234
14722 8469
23876 9200
93737 3161
29660 9893
32439 7592
65605 173
89137 8766
89925 6395
73964 9077
18752 470
45274 858
81022 7319
52310 1147
83145 8356
1211 2108
46693 7255
76418 1376
59074 2892
35001 6162
99427 6246
6095 4062
77162 4748
10080 2780
83750 7657
94006 7404
75146 3765
20971 5934
54377 7909
5294 4994
12846 750
94721 7339
93903 7380
97686 1716
29039 7460
42878 5851
67378 3940
68753 9584
8585 5066
73239 3323
49357 3839
55114 7920
30271 1241
86666 5329
52685 5158
28616 2625
65307 6080
70162 9536
6327 8864
56804 5933
68680 2588
59083 739
43222 8519
52421 7710
25339 3159
14277 4477
81188 1473
5236 7428
34440 885
45912 8564
79408 1502
75190 8757
60513 5585
31880 3833
23466 9253
6616 6369
84112 2129
29270 1502
98719 2771
28014 6859
16985 8095
2019 6772
10139 8208
63055 5333
27795 3729
41463 3324
40682 1010
78538 3372
84193 9619
65780 769
47306 3872
60650 1306
52058 7439
58738 6005
20947 891
29983 8209
77712 5725
85157 1168
30658 9459
29492 5910
72206 5255
66617 936
96377 1759
6689 6792
81452 2708
60066 25
73189 5256
47976 7116
16769 2503
69063 4177
90076 9214
42614 1353
65539 8433
13126 6266
56048 9455
19714 3863
98627 9460
13638 2377
63589 5725
91466 8591
59742 4612
28293 2742
10047 284
88749 4801
38564 9459
79040 6686
8198 1689
33535 7534
88799 3985
38632 1721
77546 8449
60910 9810
57266 7786
35408 4670
46050 676
56793 2496
59661 956
90443 5789
98087 4976
96028 9559
37885 9867
89044 9783
21555 834
75903 1946
48334 3129
18236 335
69688 761
97241 7594
59803 9201
63198 9237
91731 9867
25047 9861
14910 4794
40427 913
66172 5138
40085 2325
36424 601
35561 6247
25103 9449
73422 525
58274 5988
75218 4275
68447 3437
86632 471
70531 4488
41369 4383
87042 3091
62621 8234
92379 5832
19339 1838
82195 9510
43254 8883
66990 773
39380 1335
54864 7176
3722 1551
56679 2766
47587 9488
27920 7882
74029 5386
28059 4360
7521 894
50731 4936
1980 7430
27740 2010
75862 6506
36791 8648
70065 4328
77841 3819
75076 9369
38494 9261
59397 1123
25734 252
8917 8831
73841 4383
78674 291
98213 674
52412 3986
1820 7473
29222 4225
38325 655
32713 126
64791 8961
36808 9931
64353 5269
65689 9512
7316 6312
44619 1121
25489 9378
50601 9665
56731 5093
9758 2393
91734 5756
50007 4144
65967 7676
95959 5428
58039 8419
75907 9182
94579 844
11530 1296
37607 66
55512 6507
63667 3075
1497 8215
91929 408
63106 9389
61282 2434
50281 8093
75409 5745
95775 4493
82243 3326
85556 6010
8412 4640
42642 9680
62380 186
75068 7387
21504 8259
30395 8931
87528 101
64271 9659
45995 7853
98356 5028
5333 7068
52187 9179
4526 5260
53216 1375
10180 8902
34169 8438
57619 2802
2022 1905
41581 1929
69368 6213
56808 9977
3726 1528
1553 2655
8326 3027
6627 9970
26799 4607
26256 6988
5415 468
11696 4135
10586 3796
63875 6468
83203 6374
11068 8510
56760 8856
38809 3601
7428 9825
45490 7903
18732 8266
28426 6976
46521 6883
52884 337
27586 2638
9302 4432
59909 9958
93810 9452
55221 1292
93603 5742
95456 3271
56086 8097
64433 2221
44731 5076
1920 4196
99002 582
20107 4625
99707 3926
88732 1518
86417 4098
92049 6058
22599 6647
66850 5066
96736 5784
50281 4034
94514 6841
53411 7755
73299 7233
94632 5607
70904 6556
95262 1070
81688 4555
90477 4073
60816 3254
46197 2611
45294 6860
6259 4235
47311 2278
14358 4237
53334 9849
51721 9407
33818 5856
51127 4102
17503 5137
87348 5061
74085 4347
32582 9962
72159 2218
47847 9840
54691 5436
22904 4771
65122 1160
1463 1870
75760 4645
68843 5499
80626 2224
89248 9470
34938 1211
79433 3703
99556 3212
2096 3727
28884 107
16895 5502
55448 4183
80714 2412
38980 2023
93712 5344
20892 5331
43970 1817
92283 9159
45105 1814
82837 410
80459 6725
74432 9745
26015 5464
81189 3975
45343 2386
82102 9375
78101 3988
47415 6724
47136 9967
98788 7462
9507 8850
57675 8825
91623 6110
45000 8219
35907 7800
68509 8480
5099 5552
53546 3354
62258 6280
28197 9326
20582 9225
54315 3390
37950 7228
14348 1029
34676 3943
70202 6687
43607 4170
48669 1440
48062 2480
39022 6782
69637 3801
48542 5985
31444 8073
42185 9229
36706 8184
63185 2874
8710 9131
29531 2851
95599 5328
8335 2374
4654 812
88938 4010
83372 9866
56415 5175
66267 7245
33639 4402
92915 4876
37825 4467
25382 3097
5566 7544
39504 6546
7124 4114
74372 972
85968 3917
57801 1439
19396 3591
25896 5737
80552 3144
10193 3743
97226 5971
13504 1314
88724 6142
77252 9103
88436 5376
82084 4721
32700 356
67172 1503
72697 7420
52950 3299
76625 1964
27352 379
70704 7978
96032 8177
93223 6626
69993 1541
42427 3756
70386 8266
60465 8378
97407 2453
64058 8661
56723 3032
90531 125
11924 2496
71772 8188
65867 6911
81129 7149
35591 5789
68687 2477
38561 2783
33890 2823
62457 1584
25357 3180
78486 4747
24850 5549
2811 1114
27206 3063
34220 4788
37676 5786
6918 3027
44627 8937
4914 2431
27803 6958
40079 7682
89340 5393
67097 4912
8830 9156
17298 6893
17422 7585
32303 5889
95481 2582
8679 8902
80183 6252
96379 3745
44763 7036
84087 3111
89778 3672
6098 6163
84304 3038
64580 7360
55109 3363
54574 3477
10835 5277
60630 9150
55077 5193
49664 6982
70948 5572
89120 2051
12700 5154
31772 8040
18166 1848
35775 6564
91369 2522
32252 2490
37249 1048
95080 4326
37992 8410
74499 817
18621 3457
86291 2808
86013 7831
60345 6675
58756 1313
87619 9687
98903 3616
70829 5339
31861 7937
5594 6204
81933 3815
63415 4646
97284 850
72007 7684
42706 1620
76608 891
86284 4912
11616 477
64016 9024
11304 7543
5075 1646
60957 5233
53346 7827
33478 6737
94431 3059
7974 5482
68048 4962
68809 8213
61498 8606
57917 1450
41389 1101
61128 1299
43909 25
37739 5819
16007 9744
41691 756
14316 6984
49080 7398
20233 7240
29593 23
50894 6514
71642 8376
34607 4665
71674 9147
85421 9880
16708 4747
42611 4120
55415 1274
22490 122
86288 2875
54515 2532
69350 4932
94446 810
47865 2619
89694 384
43265 4215
31682 2394
69489 2008
95262 3855
19047 7265
20177 4150
73301 6345
56831 9429
81553 7980
24482 8636
11726 4775
23621 850
39753 1594
28960 3059
39417 5236
56073 2401
2851 7081
23698 6768
73976 9953
18381 4695
77661 6745
52311 3364
13620 140
33216 8710
31549 2323
85755 1857
88484 431
84795 7729
24376 6894
93017 1620
79635 7692
65388 5440
70342 5825
10899 3581
78685 9287
77399 6607
81952 9438
8257 6299
6549 899
4046 7576
38905 8715
27941 4619
77210 1871
37816 2538
19780 604
64522 9347
60628 8063
78443 8059
5016 1099
81538 5164
40778 3563
30798 9909
57188 9186
99889 5818
84166 1249
69340 465
62014 4547
49626 1656
46446 7935
40552 3200
36034 6801
97667 1454
40167 9912
21477 8593
30221 4358
1292 6223
34881 9877
14357 4537
72160 2765
37156 4830
77859 8824
30081 5313
90107 4740
45525 7312
82786 6471
7936 3699
52328 8367
19985 7654
97143 7026
40050 5541
50986 7172
74717 9675
63894 4604
35064 1480
76110 6502
52592 8702
94210 1994
10806 9640
84222 3731
20368 2134
72074 2234
81771 9217
56935 3178
60039 4894
75626 3622
29963 706
19235 557
50611 4706
76872 3898
28727 4545
48370 4764
94926 8809
59114 8392
18498 3269
50250 5759
55235 5195
71515 8954
8076 9525
24488 6826
2043 6739
37530 4888
15323 7974
39110 5594
10710 1859
73059 585
39635 6447
43707 5582
78746 8914
97292 4017
79625 649
66406 2221
48066 7354
84274 5495
22371 7307
22353 4599
1568 2521
14705 7583
99747 1331
93058 6984
99569 1121
39264 5975
71595 9563
72408 8197
22027 8739
2675 2981
89120 4756
88210 5884
76181 2125
78694 5200
3290 9651
60142 9711
2301 81
46110 4241
43144 8535
69217 843
67104 6958
44237 8426
94903 8898
18167 2720
41859 505
27887 9825
40938 4798
1890 7949
96301 7123
39478 8599
56422 771
52795 780
2006 2707
11274 7978
60738 3677
17464 7128
91856 5823
44716 8209
12495 1797
76251 6023
27415 4548
82206 5263
58827 8908
91888 8902
54210 7677
47223 5551
84951 3362
24068 7983
10756 4793
30352 62
88617 7414
60588 6247
76463 1345
90216 9366
45199 333
80070 2286
96742 4201
4782 6029
54963 831
99511 1370
61178 4796
62085 3580
84787 7836
12924 8436
55568 9530
75342 3771
64519 3844
11230 2515
64078 9225
96506 5804
45795 9042
1293 4044
28165 9932
21331 9649
61033 5144
62045 7981
43637 2887
15548 8117
73117 2239
70282 3232
99228 8853
96431 3451
49369 8729
3839 4765
89016 1408
81009 8725
59345 2281
34274 2064
80870 5562
55591 4023
15451 8861
91941 7294
99512 4930
71738 4858
17756 9035
15595 9267
72220 9926
87066 5697
18562 9180
8443 5890
55063 288
60415 6057
6279 950
29461 6684
22032 2767
14578 9150
49927 6668
67259 2742
86492 1200
18491 7364
50461 5668
9742 9511
34468 4801
77909 4608
78680 8690
6441 5462
2565 2205
35909 5322
23495 7286
18577 6542
93854 7284
25926 5083
56793 2488
65486 7389
46870 323
4187 5842
59863 2191
3297 5591
85792 745
62303 5091
98792 3410
95639 9405
27781 1009
13249 4383
87299 6659
91500 8743
42258 7456
84019 2992
94383 2455
73184 3448
64447 9445
42286 1323
12738 784
29223 5548
11563 1272
31455 2989
80003 7673
73596 5950
39581 3018
77406 9503
78406 1996
45852 6292
72387 5881
57624 5379
19175 2626
92821 8563
61899 3946
1025 455
99368 8982
34952 8290
30416 5700
68837 5953
15552 1344
5303 7808
14893 8000
77409 6564
73299 9280
13460 4054
99236 1310
91463 1403
39416 4530
81207 6890
30611 2045
22786 8184
83867 3035
24678 2954
57655 396
19387 5208
8953 4468
15922 1288
32661 447
13895 6422
37468 9320
50570 395
29570 2476
68845 2958
63139 6542
4065 7426
82562 2527
62242 1611
60555 3350
78531 2466
96194 7524
27903 3586
78717 884
9208 3872
91410 3127
3828 2892
47590 2921
33724 4921
29934 3487
30251 7527
51000 5152
16353 5090
52346 579
4927 9758
25370 6778
45665 3612
57598 1076
15848 3122
35605 2837
75439 8412
88871 2171
95716 9916
88640 409
21713 9663
60873 3109
36727 7633
79771 8617
96997 2413
81024 2676
19068 567
48193 3477
12912 1760
28193 8297
65728 4751
39066 3422
54793 4703
36922 1474
29145 9646
4629 3102
58084 3607
71006 9338
96996 9226
95162 7151
45329 5349
89910 7360
62298 4914
31151 1294
17321 9621
75377 6458
28638 5790
72189 9254
62758 9973
85876 4654
44958 3871
14364 4355
65710 8218
51549 1157
93587 7870
74944 6892
28396 1668
1771 4730
89780 2988
48982 3700
58164 187
46385 4895
20747 2291
65168 3499
85868 23
38033 2135
16584 1071
71580 5309
76230 269
24473 8368
33150 4756
16069 9065
74773 2350
53741 6825
34907 9260
75224 6132
31848 9816
25891 4927
41007 6461
16878 4637
56118 130
24736 6915
36937 44
65644 8850
28851 8035
40382 6124
70539 2675
22780 6754
76780 7219
77827 9023
28110 1979
26798 5372
35061 2066
5976 4391
71972 6604
36273 6475
11517 5585
41853 4681
91104 8849
42699 9005
83053 8339
89030 6039
30651 1358
99691 7152
4730 7303
44719 7780
66755 1132
63549 4967
78992 624
79098 1975
18841 7095
48423 6767
44792 1635
81701 8918
55309 7788
92140 2693
57266 8077
90391 9553
79317 8525
12301 978
16142 6122
46067 6651
50678 4422
89744 2437
72948 8733
1331 1887
23485 784
3910 3764
14636 9009
11687 5093
79496 9820
60840 401
3239 4795
18560 2171
45232 7907
26121 3970
48905 726
9581 8819
43093 4335
19531 5988
7798 3561
86337 2961
71840 5214
35996 5723
56617 4387
84565 806
48960 3189
81807 194
93255 2707
61555 3390
20050 8214
84990 8535
71486 7498
25774 7071
68543 6659
34094 2887
46430 8282
86657 6818
31513 1188
30306 7472
95606 7107
67036 5393
53671 8605
61748 9304
33273 1638
18636 3314
74553 2337
38197 668
87782 2840
32279 4496
93602 7876
97510 1316
16324 4023
20541 1486
22262 626
28350 8537
23427 9871
28792 1199
27003 9337
63792 6290
67658 5441
26783 6357
73596 3671
6816 3217
54894 9557
43491 5280
7822 2046
66249 1273
97391 9402
16135 928
49009 9500
60517 3555
78852 8725
71542 5119
43983 4047
99426 81
51001 7615
62551 68
10111 8217
28552 3523
85271 9930
81191 2785
66002 6883
31061 8189
59488 7170
45470 6605
63415 6081
23475 9614
27027 9666
7753 6049
72334 681
48064 2870
35753 8662
87490 7920
77474 5809
62992 5574
58195 3478
89109 942
88254 6568
15430 7253
82155 739
37202 344
88378 4953
16174 8964
57063 1130
25035 8132
66595 9078
73454 7309
58883 5679
91630 6558
98042 4013
66713 7405
43513 3369
25255 7918
86771 5487
16259 4219
91059 9053
45407 1002
99757 7291
36599 3120
18102 3411
44786 2091
74683 7081
17409 6836
1217 6399
75772 5268
11361 3125
14247 9195
42254 942
29960 5218
46831 9710
69562 4791
2182 7082
32082 5280
66665 4945
69130 5796
14398 1115
24832 7821
31568 3713
72706 8169
52947 6307
34405 7669
62751 1750
16593 5072
90430 6486
85555 2904
86539 1809
74573 5075
22222 8548
84596 7639
85014 4387
87948 5428
12342 5195
76465 2967
36442 4922
57390 5053
97177 3130
2881 5795
96470 6886
9323 327
41549 6854
49153 2837
86404 5539
52184 2333
14946 9003
24568 1783
56093 9894
5935 4935
4280 2834
76612 9190
66906 2873
15700 7643
52112 4790
98053 9686
53926 6176
29061 2191
65220 9424
84170 967
56279 8861
98663 6214
31815 7787
5749 4529
82103 2119
15438 7373
77815 8244
64128 9747
4549 533
79455 3278
71131 9031
85445 1427
89007 2629
55833 5443
35549 6855
54888 8401
76569 4463
68869 9649
75017 5852
74000 5019
92216 2247
42453 8194
44971 4461
55320 37
96275 3471
23687 3961
57084 6440
73714 898
92773 8496
10529 9279
47307 9691
37069 1090
40541 2552
16735 8907
78557 972
63358 7110
89112 8009
12818 9754
63801 5908
30455 1475
73120 9366
45187 7376
59912 4562
67101 6324
33057 9856
11858 7372
60053 8477
74017 5228
99336 6845
71642 9083
91317 3898
98422 151
11766 9550
64231 8048
38409 271
18622 9778
12601 7961
40108 7455
17245 8420
13623 6657
11389 5869
1123 137
14298 2692
11371 9989
25389 5206
71103 4273
91304 4125
20262 2503
21226 9839
85967 8669
69209 6174
5378 4742
12168 4045
67797 8071
73558 2475
54756 6458
44812 4923
51403 1796
36570 832
8119 8523
67307 7438
32954 2074
91443 7728
53996 6451
41427 912
27552 9954
43196 4948
74053 4885
26767 3156
19810 2333
46397 4119
92253 1965
74544 3239
77337 6104
1610 6909
99366 4619
35402 6885
60634 7984
72497 2068
20550 3411
81433 9648
75664 490
94447 5331
85246 3928
94040 8376
48865 8885
4470 4812
36624 8771
29194 7222
27063 7836
51817 6856
30061 527
97277 4427
87535 4249
35110 7531
16866 5898
23701 3066
25371 3463
93216 3160
41088 662
33820 9020
2013 9553
37922 8213
58660 1404
40400 9689
87780 2315
66996 2669
76725 5283
23743 4557
19984 3216
73561 733
44655 2977
17854 8112
48891 9365
85498 2052
25871 4319
10944 4407
26629 9259
87217 7284
59899 6167
79484 289
53705 7310
93244 7106
92327 1814
24614 2478
48453 5588
5665 5809
11174 9952
12567 4879
17756 182
73768 356
71823 750
23545 4369
24958 692
96016 3761
84963 8719
67759 8019
75406 4484
19320 6069
58045 695
46071 9123
87985 7085
82958 150
31565 4532
4532 3384
95752 2299
17145 4719
62251 7028
69835 2561
66150 3471
78998 335
15871 3198
2411 4137
93503 875
92278 1647
77732 5821
51016 7895
43511 6481
88438 7782
70371 1707
56428 7119
42258 2990
29945 7816
99648 1874
52039 2634
20102 2826
5592 2820
45295 997
1651 6350
60173 999
89993 7443
62481 6719
17011 1957
61249 5030
75822 3433
30201 8725
63130 2121
61571 1812
29057 534
69852 3628
98189 1842
13696 7252
39940 3995
86671 5466
95751 7028
51344 9518
14157 5238
35254 4969
25046 1630
7839 52
87356 6552
66827 5328
36480 8263
51682 3583
1941 7498
17629 8949
5195 6795
29847 4905
48700 795
38666 7957
7740 2021
84542 2928
21827 3665
53820 3858
89116 6105
90241 5017
97531 1053
67798 7671
30860 8946
28097 8497
30238 424
86560 6535
26302 6674
80416 5571
98970 8074
81752 898
56943 376
91381 4622
90913 8250
35050 8329
75208 4013
52473 1422
84913 6196
89285 6696
58705 2702
50625 5761
21817 1459
88347 2748
35688 573
77146 7121
39489 9058
98797 3157
4181 320
57809 7579
12167 3968
36634 1247
93424 2142
78985 269
63574 5227
21400 6315
8548 3907
97761 6808
80994 4454
67221 1217
76303 6821
70262 1503
36197 3016
20170 2163
85878 702
92965 2858
60210 9827
50297 2492
33376 638
11137 4101
46898 3387
10630 1744
39765 8971
59499 8920
76609 6053
29069 8362
82142 7493
97667 8283
47261 6613
24253 6284
76105 2111
