1000
9985
1812
246
2454
4232
190
1742
9215
2432
6117
1129
9911
861
7749
951
7472
5585
5554
8184
5961
8013
9792
3849
7893
5015
9866
9640
8549
1524
9444
1165
1508
7607
1410
313
8190
1599
2054
3756
383
4522
1236
293
1735
8984
1243
5558
920
3149
3741
6880
1161
3532
7080
5405
4899
6945
5045
3447
8468
840
963
6327
4798
2372
6639
2987
323
5044
6742
705
9566
7977
7349
7652
6960
8591
3209
7880
8091
6949
1111
5603
6833
8191
1008
1731
5135
2404
5177
9955
9595
6140
6281
4392
4863
2920
7378
1537
4315
4119
2241
232
2095
9589
7883
5406
4532
1091
9637
2622
4392
7100
8225
1224
5290
5584
9306
6776
7987
4482
6730
3933
6973
3011
8324
8188
2282
5701
9724
6596
6171
8317
3180
4617
4257
1062
22
5140
8505
6011
4114
9248
3110
8690
6823
8399
4273
6128
5174
8611
6961
8256
2543
3934
7618
866
8473
9899
2918
8196
2846
9088
2864
6025
3704
7121
3439
77
2260
8295
6087
6373
7542
5548
5062
4364
298
5686
491
1824
4296
7451
79
3190
7736
7696
407
2560
3946
3324
7108
6791
8763
9971
9168
2466
3443
8958
8895
5703
7252
1333
8427
1145
6881
9841
5508
7178
1878
2350
9001
6174
6152
9079
5715
240
3126
6122
2799
7071
9445
9906
214
8208
9877
9381
7025
3319
4690
5919
5373
8293
7252
152
9437
484
6344
1296
7661
8221
3645
3014
4394
9796
2092
6461
35
5218
2582
9186
8640
8378
9091
8853
2937
5319
4585
9962
4990
9274
2232
362
7566
5835
6865
3354
6318
3208
4649
331
1429
8293
3344
2174
4441
1787
8634
4475
3356
1215
12
1996
5945
9103
848
8881
4421
5433
8842
5762
1058
7426
6124
8624
3260
9340
1977
5930
2548
6626
6260
3976
1270
9603
2501
5710
1389
1135
6537
4745
8701
6548
6740
4645
2002
3939
3526
6423
5723
8719
8536
6781
6144
4659
5404
9404
351
3732
5333
2898
6709
7944
3225
7979
7546
5725
40
5286
3211
6576
6382
8264
9476
3121
9260
1477
3412
2785
4251
9134
7856
2787
5914
3999
3797
7669
9754
4147
7753
5086
7044
4461
3029
6620
8791
6926
8697
8831
2212
8259
1758
8593
6522
1233
8066
5782
2710
7829
4918
6960
6962
2773
9746
9228
6772
3543
6896
6525
4041
4648
7963
1085
5461
7343
4056
4251
621
2752
3081
9184
7363
4839
7776
3884
2423
2193
6017
5132
21
7287
8444
3335
59
8189
2562
3182
8083
5809
6059
2124
6809
373
9560
2269
7715
9967
6519
8335
9071
5952
7518
6433
7142
1646
6668
5916
190
2685
1048
6563
9971
9491
9897
6381
4031
8810
9563
8466
970
5621
589
7778
5993
6500
6398
59
6466
2917
4746
5536
5220
8615
8320
8713
6612
4988
4628
6802
7672
2027
3364
3994
1517
9612
374
1900
4773
6288
365
5742
8260
7305
9872
604
156
6269
663
6621
5537
1760
8509
7108
374
6828
2172
6986
1815
6800
3787
5838
5178
3502
6183
3047
9465
2909
4946
589
9196
1662
2682
7456
8966
2553
4411
9121
8822
5073
2093
710
6832
601
7818
3558
3781
9989
543
1947
3140
681
4137
8318
534
319
1364
9998
3227
2661
6938
2423
4322
9619
6230
3287
2172
640
8759
7345
2065
851
4406
5248
7804
2223
8805
1584
8564
5699
9882
1703
6379
4018
20
3264
4337
7735
9613
3915
395
6550
2689
4716
6169
5270
4354
4692
5910
3112
8388
4326
3963
2793
9573
8118
5016
4730
9701
3579
428
5934
1633
3159
9952
8005
6422
640
5739
2387
4554
2486
8936
3595
3553
1456
8864
4259
6147
4773
7370
4534
5450
7684
3679
5023
5801
8694
6104
1853
8624
2883
7787
6608
6041
4090
4612
8815
4729
6703
1201
5634
5540
6488
9228
9092
7944
8092
3350
4090
9216
7072
4976
4666
1107
8654
6040
6908
3699
2143
8760
8674
5025
2898
5281
7418
6987
9893
6232
8067
6595
3784
3701
8486
271
2928
7577
8214
7371
7279
8656
6587
702
9983
1252
1808
8636
7291
5067
8686
5785
179
7359
7161
3076
2639
4578
6415
2531
7161
4481
5477
944
8181
3962
7567
7461
7891
2132
4831
1521
7139
1417
2222
7121
9020
381
5756
6310
5448
4441
8446
5626
1799
5607
5053
790
184
1467
3320
3697
5948
5149
992
4128
5462
8558
1588
3352
7042
6419
1224
4180
4187
3445
1301
3207
178
3408
5868
5625
4201
4314
7602
2351
6272
2654
3140
6455
4121
2812
6503
6420
7960
7495
547
3421
2404
8487
3125
9445
1257
4348
9977
5443
4145
1277
8649
4322
1036
4517
6298
5236
8830
251
7587
5101
2904
7078
7907
3376
9889
762
9795
7848
8256
6694
7621
7011
1532
7097
2808
2788
1444
2784
8230
1940
412
6879
2613
1447
7747
5262
3035
2928
5512
6973
4380
4768
4050
8638
4495
3939
9399
4290
8138
4006
7335
2110
1017
8866
9206
3824
1653
650
2959
6234
8941
3370
9464
1554
1168
7210
6815
4202
137
8679
7526
4516
3446
1576
9506
7940
1866
8904
8581
6355
2910
2267
8465
278
1132
4022
4101
9136
1023
3411
1722
9964
6780
1185
7869
7947
8395
4683
8501
4883
9713
6026
5751
3158
3953
5256
1098
2170
4159
6030
8525
3420
8297
3341
3697
5780
7362
4149
4916
8385
7559
6637
4700
690
7821
2568
8637
2567
3602
3489
7450
3315
5866
9552
6472
9819
4807
3921
1988
8965
6303
6864
2385
4599
6556
2433
378
270
6582
1645
8654
492
4633
9705
1182
8806
2272
6170
1372
5873
9658
5173
5539
5523
4724
2011
1693
9530
2283
33
4847
8585
3248
3583
3183
9804
2367
9913
73
8948
1557
5078
5792
2542
4782
6973
1347
3405
9494
9070
5629
9151
4243
1168
1025
5318
3178
9070
1200
1812
9102
6046
397
2349
5980
9931
8504
8346
6195
8576
3646
4104
5
9437
6645
1138
2761
7991
4542
2254
7060
171
7756
7654
1338
8780
9324
867
7849
523
2678
3302
2920
9426
