194
30 4
90 2
240 3
310 5
50 3
370 4
10 3
250 3
280 2
90 2
70 6
40 3
200 2
160 5
250 2
0 4
60 4
20 2
190 3
200 4
90 4
320 3
240 1
350 5
120 6
360 5
10 6
210 6
260 5
190 2
110 3
310 3
370 5
170 5
390 6
130 3
210 5
190 6
260 6
120 5
150 5
160 5
390 4
370 1
330 5
360 3
30 2
300 2
0 3
40 2
350 6
340 5
10 2
90 6
10 1
330 2
210 3
220 3
390 4
240 2
270 5
350 5
380 2
400 4
220 3
80 5
160 1
290 2
80 4
330 2
380 6
390 4
140 6
130 3
260 1
250 3
40 6
330 6
170 4
30 3
230 3
200 2
230 3
320 3
140 6
280 6
100 3
200 2
150 5
280 4
190 3
260 3
150 6
320 6
390 2
270 1
250 6
50 3
10 3
200 5
250 3
280 6
340 3
110 6
40 5
40 6
160 6
380 2
40 4
230 3
240 1
330 5
300 1
100 4
20 3
130 5
90 2
280 5
70 6
20 2
400 4
200 4
330 1
230 4
50 2
330 3
190 4
100 5
60 4
270 2
40 2
100 6
380 1
300 6
80 6
330 4
30 4
60 4
100 4
220 2
250 3
400 4
50 3
80 2
180 4
200 2
200 1
130 2
240 6
360 3
30 1
270 4
90 2
60 2
0 5
120 4
280 3
210 6
210 5
150 1
160 1
200 6
110 1
330 5
180 3
320 5
100 6
20 5
190 5
0 4
10 5
140 5
100 5
10 4
380 6
300 3
120 6
190 6
390 3
250 3
100 1
360 2
140 5
340 6
290 6
400 5
130 1
340 2
80 6
200 4
160 6
90 2
180 4
220 5
