161
380 5
70 4
140 2
110 1
150 2
200 1
290 3
310 5
300 2
240 1
220 1
90 6
10 1
350 6
340 6
0 1
240 1
270 2
130 5
50 1
70 6
20 1
120 6
40 2
400 3
400 1
290 3
210 3
210 1
130 6
150 5
340 6
390 4
20 3
390 5
350 1
220 3
110 1
80 5
330 3
230 5
170 1
150 6
220 3
130 3
100 3
50 1
170 2
380 6
210 6
70 2
170 5
200 3
260 1
310 2
10 1
300 2
50 6
220 4
70 6
170 4
100 2
110 2
400 6
80 5
200 5
210 4
300 3
240 6
190 6
240 4
120 3
170 6
330 2
210 5
150 6
90 5
40 6
280 5
310 2
380 4
390 2
210 1
390 3
80 5
120 4
280 4
290 3
130 2
390 4
10 4
130 2
120 4
160 3
220 4
400 5
250 1
180 1
240 3
70 4
300 1
350 2
160 2
110 5
40 2
10 6
300 1
40 6
350 1
120 1
160 3
220 1
70 3
50 3
70 2
250 4
400 6
220 3
110 2
170 4
310 6
110 5
120 2
60 1
310 6
90 3
260 3
100 4
90 6
130 3
50 2
190 1
390 2
130 6
200 1
200 5
120 5
0 6
140 3
320 3
300 5
270 6
210 2
140 4
340 2
390 3
350 4
200 5
290 1
70 4
230 3
210 3
280 3
90 4
110 1
320 6
90 2
100 3
360 6
310 5
270 1
