10 16
961795032 959990764 638305377 135410104 523580818 743373025 372976462 976215050 363165413 397373938 
269338739 10 66330524 496873873
362281784 10 553095206 35331208
966039974 2 795392141 981494654
13024070 5 283642812 690664072
588927623 3 961570237 534213440
348888197 2 17617717 834618455
374211327 9 975057704 917225930
648335812 9 68162373 347073790
159228498 8 608945029 221096524
370511961 9 864326452 666394580
620609539 10 814002429 769571172
627683926 3 700134947 317801814
97422530 7 384319836 520015146
618425360 10 445892406 256192806
737345440 7 783846253 99178333
874513985 10 635902772 949916403
