60
1 5 31
2 52 49
1 29 45
1 2 11
2 15 51
1 25 56
0 24 56
3 48 15
0 16 15
3 46 17
3 13 39
0 3 49
2 37 21
1 35 13
3 43 11
3 9 42
1 38 5
2 59 19
2 19 9
0 45 4
1 25 32
0 11 42
1 8 55
2 32 19
1 6 40
3 0 1
3 32 31
2 3 18
0 55 11
2 53 33
3 4 19
3 35 12
1 55 42
2 14 15
1 20 50
1 33 50
2 9 19
3 58 6
3 55 51
3 43 27
2 43 45
1 35 3
2 20 8
0 56 10
0 36 46
0 19 52
2 9 1
0 44 3
3 10 45
3 17 3
3 39 49
2 31 37
3 30 50
1 53 16
0 11 8
1 38 55
0 50 56
1 20 40
2 52 46
0 18 4
