400
1000000
999931
999895
999873
999870
999863
999849
999846
999837
999816
999813
999791
999784
999783
999755
999746
999741
999714
999693
999687
999674
999671
999659
999633
999610
999605
999588
999572
999562
999551
999523
999515
999456
999454
999430
999381
999367
999366
999348
999328
999303
999303
999264
999232
999227
999210
999203
999203
999192
999188
999177
999168
999145
999140
999089
999089
999089
999085
999081
999056
999051
999040
999040
999032
999025
999003
998997
998976
998969
998962
998942
998915
998912
998909
998905
998899
998879
998874
998867
998866
998864
998864
998858
998850
998808
998779
998770
998767
998760
998751
998750
998749
998744
998734
998720
998713
998709
998690
998685
998674
998666
998665
998627
998596
998541
998540
998531
998525
998517
998479
998472
998472
998464
998435
998429
998416
998398
998390
998386
998385
998379
998341
998324
998310
998306
998266
998232
998211
998205
998193
998160
998135
998127
998113
998108
998081
998071
998068
998058
998045
998037
998032
998012
997995
997990
997975
997957
997944
997890
997874
997861
997841
997832
997831
997821
997818
997800
997800
997777
997762
997752
997740
997675
997664
997656
997656
997646
997627
997609
997601
997595
997581
997555
997552
997546
997539
997513
997508
997491
997466
997461
997461
997459
997438
997424
997411
997406
997395
997384
997383
997379
997363
997362
997357
997339
997335
997333
997331
997278
997236
997223
997197
997195
997191
997134
997131
997102
997095
997093
997037
997035
997032
996985
996982
996981
996966
996952
996951
996931
996926
996922
996901
996886
996862
996838
996837
996821
996809
996799
996790
996780
996707
996704
996693
996675
996662
996651
996640
996638
996618
996602
996601
996593
996575
996567
996523
996509
996487
996454
996448
996442
996433
996421
996419
996373
996369
996351
996335
996315
996310
996283
996270
996269
996253
996247
996218
996193
996172
996148
996144
996141
996129
996122
996114
996110
996101
996094
996093
996089
996088
996013
995998
995952
995952
995947
995930
995926
995910
995875
995867
995862
995850
995836
995831
995828
995814
995792
995781
995768
995747
995742
995714
995706
995693
995667
995661
995660
995653
995645
995635
995620
995596
995568
995558
995514
995500
995489
995457
995437
995418
995406
995404
995342
995330
995324
995318
995316
995315
995310
995306
995296
995287
995285
995265
995257
995239
995198
995184
995176
995161
995130
995125
995119
995108
995085
995083
995064
995042
995031
995023
995013
995008
994991
994987
994968
994930
994925
994908
994897
994897
994885
994875
994873
994834
994833
994818
994801
994788
994778
994754
994753
994753
994725
994695
994680
994677
994649
994611
994607
994604
994597
994586
994574
994572
994553
994540
994520
994498
994497
994479
994466
994433
994397
994395
994381
994369
994355
994342
994312
994298
