200
999972
999940
999938
999933
999916
999908
999897
999843
999823
999822
999784
999747
999738
999736
999714
999699
999687
999646
999637
999617
999579
999560
999560
999553
999521
999513
999503
999455
999418
999417
999398
999391
999362
999353
999338
999326
999317
999273
999267
999196
999174
999129
999115
999111
999103
999097
999096
999095
999095
999059
999054
999049
999028
999022
998982
998980
998971
998966
998943
998939
998938
998910
998909
998907
998901
998871
998868
998858
998840
998825
998806
998804
998776
998767
998744
998609
998601
998589
998535
998534
998507
998504
998449
998437
998397
998395
998395
998376
998359
998334
998304
998278
998275
998198
998160
998123
998100
998097
998093
998086
998077
998004
997948
997861
997854
997827
997824
997823
997815
997797
997788
997756
997747
997730
997706
997675
997671
997635
997612
997610
997604
997602
997564
997525
997511
997493
997451
997345
997340
997301
997288
997259
997236
997193
997188
997178
997163
997144
997134
997105
997050
997022
997015
997014
996986
996979
996899
996899
996893
996870
996815
996770
996722
996715
996707
996672
996655
996638
996630
996613
996598
996596
996502
996482
996460
996395
996383
996380
996357
996355
996293
996271
996263
996217
996173
996172
996158
996145
996135
996055
996014
995998
995976
995975
995971
995918
995904
995867
995861
995808
995802
995741
995653
995572
995571
995568
995568
995558
995557
995501
