300
999984
999982
999978
999942
999940
999924
999915
999913
999900
999899
999884
999876
999874
999866
999797
999795
999789
999782
999775
999773
999760
999748
999732
999708
999687
999678
999635
999614
999594
999587
999532
999496
999469
999463
999449
999446
999431
999418
999409
999375
999374
999368
999368
999366
999355
999353
999347
999343
999308
999304
999284
999265
999243
999175
999152
999141
999137
999048
999047
999044
999037
999022
999011
998997
998990
998981
998963
998961
998958
998940
998920
998911
998899
998896
998854
998852
998838
998820
998810
998782
998774
998772
998760
998754
998743
998739
998707
998696
998695
998687
998683
998664
998615
998605
998597
998582
998576
998561
998553
998498
998484
998483
998477
998458
998445
998444
998441
998425
998374
998365
998363
998355
998352
998342
998323
998322
998297
998296
998292
998264
998250
998241
998220
998200
998195
998191
998149
998145
998124
998114
998090
998055
998050
998046
998045
998008
998005
997999
997982
997975
997974
997970
997969
997953
997949
997949
997935
997934
997926
997923
997920
997911
997900
997882
997870
997862
997858
997839
997834
997821
997784
997782
997775
997762
997757
997755
997753
997742
997735
997730
997661
997623
997622
997609
997574
997551
997519
997503
997489
997484
997475
997460
997432
997424
997423
997406
997395
997389
997386
997380
997358
997355
997343
997306
997298
997281
997280
997278
997268
997264
997232
997217
997201
997194
997181
997169
997168
997164
997163
997163
997143
997139
997133
997132
997076
997061
997054
997030
997015
996987
996960
996949
996930
996929
996918
996907
996885
996877
996852
996845
996832
996815
996780
996758
996744
996742
996709
996683
996672
996664
996657
996654
996649
996616
996579
996569
996566
996562
996537
996508
996497
996457
996456
996455
996451
996417
996416
996401
996327
996319
996312
996302
996270
996237
996223
996205
996193
996190
996176
996173
996166
996148
996144
996127
996112
996100
996095
996078
996076
996049
996010
995997
995991
995963
995921
995909
995887
995866
995855
995833
995804
995801
995788
995772
995766
995688
995664
995650
995636
995634
