93 88
2 30 409
6 21 78
21 22 21
33 41 842
35 90 394
32 71 175
39 84 94
43 52 77
20 55 744
20 69 744
23 52 970
14 57 250
10 17 306
11 32 430
33 81 121
10 89 392
30 82 478
25 80 397
27 89 818
19 76 810
22 90 844
1 82 243
8 57 145
13 77 20
13 48 457
29 48 393
10 72 739
21 26 83
3 13 18
39 78 401
14 54 951
3 15 384
42 50 440
16 24 792
7 54 650
6 80 841
10 13 279
33 49 95
11 46 531
7 88 421
26 80 755
3 19 250
8 44 797
2 91 788
38 42 672
12 79 102
19 41 699
41 46 466
27 75 641
1 3 881
6 26 809
9 76 644
20 32 820
28 70 900
32 72 772
1 43 225
32 44 609
35 36 294
46 64 376
19 47 65
45 86 960
32 71 338
21 85 133
13 27 686
5 55 307
23 72 725
3 5 409
45 74 492
10 85 418
32 71 575
26 45 104
32 61 973
27 92 629
44 79 933
21 52 556
42 80 903
23 47 89
18 93 286
39 88 9
21 62 69
24 70 976
30 80 967
9 58 582
13 18 636
13 22 102
1 36 361
14 72 550
16 47 680
