12 102
5 6 399
1 7 542
1 12 503
6 10 854
5 10 651
6 10 25
2 10 199
6 10 354
2 5 834
4 6 523
2 10 390
4 11 878
5 7 409
4 12 857
6 11 496
1 9 522
2 7 423
1 8 509
3 6 965
4 11 929
1 12 654
1 6 124
4 11 746
5 7 523
4 7 239
6 10 37
1 5 540
4 7 117
4 5 480
3 12 311
3 8 362
4 11 124
6 10 517
3 11 502
3 7 161
3 7 842
5 6 93
5 6 155
3 5 455
6 12 27
3 7 641
3 12 24
6 11 751
6 11 634
3 12 273
2 12 217
4 8 568
2 7 961
2 5 247
3 6 882
3 5 291
6 8 565
2 10 676
4 11 689
6 12 479
3 10 998
4 6 523
5 12 565
3 9 41
6 8 596
4 6 919
2 8 369
4 7 706
2 9 510
6 7 183
3 9 610
1 4 307
2 8 660
1 10 818
4 6 65
6 8 137
2 10 410
1 5 730
4 7 646
6 11 834
4 6 389
6 7 174
3 9 816
4 10 127
6 11 896
5 8 609
4 11 52
1 4 951
1 12 967
5 12 168
6 12 23
4 12 70
2 8 138
5 9 610
2 9 996
3 10 808
4 5 209
3 11 755
1 4 370
1 3 422
5 7 802
2 8 342
2 5 413
2 5 940
3 9 225
1 8 77
6 10 912
