10 123
1 10 374
5 10 890
3 10 983
3 7 954
3 4 673
1 5 198
2 5 290
2 10 737
2 3 159
2 8 319
4 8 950
5 8 820
3 4 230
1 10 42
1 4 195
5 10 28
1 6 299
3 9 967
3 8 734
1 2 252
5 9 89
1 8 522
5 10 359
2 8 626
2 8 40
5 10 945
4 5 280
4 9 790
2 7 711
2 3 561
2 4 575
5 6 31
2 4 992
3 7 755
5 7 627
3 9 879
2 5 372
1 2 995
1 7 826
2 10 455
5 8 791
4 7 776
3 5 956
1 6 736
2 3 833
4 6 935
3 8 659
2 7 955
2 5 785
4 9 448
4 7 635
3 4 521
1 8 34
4 5 585
4 9 54
4 5 280
4 6 926
4 5 492
3 10 650
4 5 733
4 8 352
5 10 605
2 5 554
3 5 114
4 8 300
1 4 840
3 8 405
4 5 809
1 7 808
4 6 117
4 9 53
5 7 822
4 7 470
4 5 482
2 7 564
4 6 801
1 5 360
1 4 886
4 10 102
5 6 546
5 7 363
2 7 868
2 6 520
2 7 681
2 7 604
5 8 802
1 3 187
1 7 612
5 7 524
4 5 206
2 8 964
1 7 972
1 10 972
4 6 324
3 8 520
1 8 449
5 9 18
5 7 265
4 8 766
5 6 668
5 6 46
3 4 943
4 7 134
1 2 54
2 6 963
2 9 146
1 9 968
5 7 429
4 5 856
2 9 966
4 8 697
5 8 753
3 4 803
2 4 283
2 3 293
1 8 37
4 8 241
4 8 997
2 9 202
3 5 614
4 10 968
3 10 508
3 7 336
