101
1433283 7820148 9596374 16194117 16700551 32749691 34692843 52011373 53707347 60396994 64670373 69398960 73428059 100436443 110355486 121411543 131301003 150590031 163930534 175965032 190235982 206612674 206760738 220701417 221669881 222455291 230563269 239589172 242801835 244227297 248535678 250140178 272492906 276778760 317637986 351112142 353484799 368497411 368849732 368852293 376838164 411492866 414877787 414884786 419741397 420441224 442568450 446022740 464971470 470954856 473694233 478472201 494559198 498237752 528794844 552521052 555828547 559257322 559578140 568548322 594487239 598294320 603984945 619601943 641701038 644020392 676229606 682174978 683160870 691343653 692867603 709369602 711380956 720762205 725088780 738404789 745337787 757601259 762628080 768453256 768657124 778670863 779386828 790040872 795868682 800374367 809362188 819711004 827192684 831671646 839114185 867276870 884627472 919319800 923070932 934159417 940218409 972463819 992100927 993861821 996408230
47
368853615
751235207
847238618
493760815
725982762
502748275
36506728
647735035
706887378
817433978
626138584
586040422
644402553
843414338
966485517
442968604
750645967
421970644
826145374
240713721
827099403
332089948
526081932
808998167
362011923
247485084
690179387
116770245
628122122
969430550
378178171
141899347
642093567
347573271
195112673
540183814
794773696
288708628
286923389
518736324
632626162
979006195
835599209
189141619
224460645
978449796
374925575
