589
5067582 5508012 5861425 8009515 8424512 9382033 12442289 14572459 21934676 24211416 24351870 30343543 31570202 32232811 33588906 34345839 34826532 35222950 35911636 36752286 39746158 40420534 46331684 47777559 49150100 49159880 53504737 54379540 55682505 55691047 56331720 56552034 57344328 58191870 60265730 61543896 65429569 67213962 71544437 74039696 74716207 76121761 76490854 77061548 80359511 80626585 83063486 84595293 87600988 87619824 90479915 91314662 91499950 92611919 93559267 94557335 95542998 96648704 97314719 100138814 106153312 107223101 109042208 110280955 110427922 110745906 111445924 112250577 112757269 113515900 115124177 115213648 118310920 118562360 121381775 122292655 124005805 127786086 128899732 129279294 129354604 134350367 136331199 137562587 138181716 143160732 144675223 148995151 149402610 151755580 152080858 152681070 153038509 153735496 155061343 158268437 158390109 159587615 160715296 161272862 162756223 167135127 168050619 172229774 174086034 178678599 178986331 179692546 181814317 182490972 186134588 187651529 189925278 191197312 191285564 194848789 201657176 201876202 202530109 203642065 205174561 206784712 207342513 209450988 211248494 211476583 211594697 212732373 213870346 218379567 221959910 225667714 225868566 226135551 229665236 236783150 237671628 238227978 239348503 244717880 244784148 245631388 247063627 250918166 252809974 253367441 254254774 257137642 258330050 259491105 262506241 263160910 268702019 268879522 269748429 273322255 277194589 277581988 279376564 281290603 284915070 288635536 289231121 289703724 290053095 292097474 292125156 292184237 292743294 295034419 298279212 298905917 299076420 299208680 302877680 303686289 308092487 309447309 313820178 314694071 315450029 315716562 317506287 317678211 321015248 326171976 326199301 328517488 328519455 329629047 329674644 332011428 333379981 337346065 337474756 338612508 344852542 347566038 350419652 352029728 352897865 355477694 358241846 359680645 362182748 362571101 364249120 365245122 365585812 366152645 367310178 367716220 368884093 370485458 373569674 375232417 379765104 381986144 384437655 386367442 388070270 390051209 390204941 390587999 390886939 391191363 391471514 391702583 392183035 393235623 396673944 397232892 397661074 398335483 398884979 398990094 400422421 405718537 407866312 409388590 409824420 413157684 413190550 413328031 416203406 416312906 416845332 418754719 421251239 423978606 426988192 427946404 428726495 429010590 429447721 431683747 434809112 434869474 438836887 439670004 444017759 445578541 446246050 446930352 447332901 450696190 451995763 452843374 452872834 455216122 460753875 463615620 463629559 465982532 466446410 468699124 468858195 469313216 471598573 483956401 486876594 487803390 490789203 491821807 493428082 496038805 496799024 499226279 500555897 501005690 504200732 505323804 505795594 505909934 506602152 506742277 506913838 507038985 507065858 509050144 512522735 512744849 515093620 517125861 525675344 525735076 528206771 530679564 530726277 530917318 531392537 533246551 539798735 541673899 542621914 542988100 544598368 545799560 547090621 548368744 548502673 549295638 551009616 551062143 553635649 556124720 557388915 558360031 558432786 566305038 566565777 566688527 568866318 569336896 570520238 571102641 573010527 573241541 573353589 574322073 577288800 578070423 579829545 584554568 585957135 588818660 589765404 590264111 590443528 590877506 591461273 592214361 593327916 594562680 597168280 598707343 601099648 601879221 602974600 611883771 613486741 620869886 624213910 624984422 629928910 631770476 632660893 633226481 633852452 635642910 639965293 641361103 641378956 641612848 645509616 646185522 647287832 647841149 647979623 648121625 649592980 649820390 653370183 654221942 655849629 656602746 657993755 658992486 660800613 661060701 661529036 662389762 663579983 664506069 667565898 668040038 670353400 673508603 674003758 675530939 675599184 677589546 679649657 680134093 684116013 692014143 694666855 695275034 698550164 698589586 699043666 700179955 700970755 702945521 705611001 706404342 709932904 717158736 717499774 718823053 726480193 729715315 730184936 734727297 737101335 737150971 738131070 744009812 744915505 747927157 748469281 749544399 749804022 751275137 752598311 753186933 753655402 755191175 755647900 757862658 758426547 762490367 762492237 764767217 764969289 766191097 767146167 770181089 770307418 770568593 771824444 775627912 777069123 777578866 785380442 786357250 788424920 790647359 792070040 792915354 793053401 793120650 794924552 797337485 797953622 802855703 805872518 808214357 809828799 812159223 814514568 815066991 815525936 816814601 817003846 819303495 820531343 822591076 824000766 825326625 825450695 828304871 829274914 830315491 830843764 831547464 832115630 833441110 835092255 837826305 838504929 843079164 845838422 847864612 849007735 849415717 849977327 850597788 853422755 855788940 856619566 856682750 856743658 857845984 858836616 859021718 861233661 861313687 861817400 864627011 865223577 866093276 866442408 866889234 867097956 868957690 870372157 870911246 872212454 872474092 874786286 875893493 876528643 876926847 886356212 887247813 887369352 889855720 889918589 893373154 895491486 899479044 900114167 904015958 905003020 907078956 908265217 913153590 913563754 914065979 915564054 916483376 923363327 923395104 925335491 927834915 928917005 932115739 932587925 932988775 935029524 935093615 936088797 940144577 940300479 941686910 942836830 943767548 944023049 944936848 948466064 951229135 953200375 954139838 954549784 954557984 955898330 957128364 959666848 960365234 960656774 962624083 962693647 963898294 965196341 968177517 969181747 976681242 976732737 979766850 979877363 980681004 983649984 984290707 991326948 993563668 993950025 997638526 999266207
395
42190762
825153137
879448419
365357204
892584590
791535174
316772758
987671344
374025940
110147091
529842736
893965861
418357292
168413915
963949107
329752131
530032372
99483642
890151359
660692904
250417032
897604225
315746149
372574830
95729560
730460165
839237116
533907453
771690669
230034975
510099064
905912327
290499853
124018208
167233891
733851553
905005720
462262752
387058355
11387171
300830975
476568913
299312211
551329414
511651568
745303948
763323029
143792195
890770235
224582108
600058497
535414588
261350773
548292506
228078577
326798311
886577322
710828279
397506388
619067321
159977461
442743588
686540550
952728648
455806271
932844421
585904948
308606765
441224199
749882126
753013611
833522945
465208622
563155569
628640820
231391279
582973369
614628232
738013333
256781162
19344543
177608935
654051402
988838908
151116978
575585715
208010046
986214258
579487722
561758210
920471655
576393490
469898591
663773220
388287006
500715151
722904644
228433227
321629973
881569451
47569932
471002691
829597651
355901276
937557215
779461485
227018792
632463788
843148305
281374695
876867345
895875722
311565438
832806730
642395094
311440303
104469208
307852135
891902732
726694155
603970825
277461468
805772445
640640522
176553238
898676253
156714941
904477982
468217535
812693400
407899292
842313965
914722997
230314089
190876400
527638962
961685779
536516522
489387359
930869156
319130711
772514744
470721363
427320859
149736943
576113147
212955782
952738867
157081857
361410417
835887815
909762058
909870168
751012507
398867781
928397346
664887171
851458240
997843954
313690607
477017408
45845671
866270615
534611810
492536056
173035440
733075877
593858415
36210584
171294837
361669069
393159794
320263834
114383308
531604844
122606023
278575177
615437642
474631876
153617302
433500001
879291089
386278909
218851019
454918658
264988536
904278790
634925681
858192038
982117060
923975599
367630839
367488192
244859695
729120510
927234145
331691844
117146966
780365594
493570460
816348241
594240515
376214139
796448854
886880924
105327281
526853042
12516435
840454768
753056811
316265559
69572768
122099345
277039202
428576088
605695361
439986795
771502438
226058726
483204775
384323148
40028249
692370816
771288771
362558036
591256769
998251819
829288115
208415903
681430264
599395696
500916954
589808928
263266949
422525675
829515711
504264608
105491652
348810204
277598041
294512130
133176969
561833194
824697425
305775861
659637665
654902135
948561247
22562319
976339946
553647703
555060617
751220203
521221003
214588140
228832578
305412760
75464479
490361571
129342517
803602990
587012825
287666792
490948814
100462756
276496330
472608073
62924071
803504673
119898277
973857365
667998505
510907585
883536167
904076975
625080536
43298643
53570688
537957675
945456520
119421945
213473876
253670693
469217224
677500356
77776666
371504335
668555411
953756985
634882440
714826827
17854501
403629614
71230037
799192917
223229357
568918466
99105434
883973792
66535557
869325544
530590371
959978005
585315587
615288297
687780443
742773056
597751473
635210476
263601935
23320882
264110254
724216393
459004880
138043483
100250579
80165218
571427196
981082488
306700608
647039080
214923264
517414994
663676330
768612361
756266047
225868534
179829542
336700740
336065656
189093976
634591076
720071686
508705223
565016164
70523595
157036039
819137569
675697057
151761991
124346993
754923003
525315636
251537327
735223653
22702626
55674689
437527900
167064235
709226627
74737385
492781741
96047069
954294205
509990478
854449212
844158460
360713384
894820349
534377712
334367994
190176842
617631522
539141334
575257351
499870209
567219518
727425698
824984490
604605798
397435546
396617523
584986725
140512134
586032743
105722151
565895915
479249515
277328311
528111748
930213166
125088408
651999904
224705844
173482291
816467239
335258184
985424685
669121549
463681486
619017993
892863884
208538014
716607418
817858705
