1500
1483
788
1306
722
553
894
9
603
1372
336
504
1129
635
54
1271
836
809
658
663
450
66
1243
537
279
506
966
640
1026
1033
729
1421
680
377
174
922
1349
1095
150
1362
210
1107
1289
404
176
860
437
1032
406
1371
25
1211
787
456
474
381
631
32
1390
1094
773
12
590
744
1451
565
451
1432
905
36
676
938
1118
333
1408
496
1126
1189
555
535
1413
551
165
1156
35
1019
199
891
268
163
945
532
824
1174
627
1495
1497
642
1475
365
358
714
786
465
492
14
1108
757
1297
1011
845
67
447
223
1333
1014
1138
1328
1077
1341
1399
175
728
304
489
322
39
1300
717
1231
653
588
1097
1119
1191
691
1241
670
694
1181
1466
1169
119
716
951
263
960
1366
307
1425
211
1490
355
313
285
981
1002
1216
597
655
235
1381
1213
1226
681
600
1248
292
701
44
862
1230
1190
37
810
520
368
104
464
435
745
1009
10
1340
887
8
197
1427
904
1149
1304
910
386
1417
91
218
1079
901
613
950
513
1004
689
641
1125
338
161
69
823
425
392
460
41
490
1044
1382
1334
29
1054
245
624
299
212
961
378
1478
987
550
1311
668
257
632
16
187
297
220
265
1064
755
1274
93
799
1173
203
1051
592
1112
15
502
276
1133
169
58
184
247
598
1285
428
1491
1163
557
982
792
576
885
1305
615
1420
931
1050
831
873
861
1193
340
847
732
644
1161
857
1254
1186
1452
125
1428
1184
1073
1106
616
1198
699
63
628
1057
173
1031
534
669
1326
958
225
233
607
863
353
1223
549
97
323
108
177
483
224
1092
948
1029
984
1279
514
573
194
43
1099
813
1206
214
149
856
1310
865
1052
1266
1023
738
629
310
859
833
1001
917
734
1040
1263
759
921
1199
475
965
487
1383
512
1351
1046
198
182
771
1343
369
379
409
1492
1062
1476
1472
997
261
827
1448
444
876
659
872
890
766
843
153
1024
458
878
1281
593
814
1207
373
132
1294
162
1482
667
778
1027
281
1116
53
45
300
1047
874
1275
582
106
495
316
1462
903
398
1423
417
664
1359
1084
612
1215
1250
539
1386
705
1151
870
919
695
252
387
1208
1022
350
742
985
266
412
205
675
560
1035
562
818
180
674
294
372
76
1200
672
1398
1419
634
388
570
286
262
1058
238
1034
277
1407
318
896
226
580
790
835
736
133
1139
429
500
964
146
595
1053
1321
801
569
1424
566
275
328
772
1162
1265
314
579
1131
1157
900
819
1045
1256
1249
604
478
283
812
254
586
1104
1080
112
1295
794
1312
920
1212
1016
102
1411
660
763
522
702
779
944
170
800
789
230
430
1048
776
1329
258
638
151
1388
591
721
867
389
105
1229
382
1470
1348
1450
869
970
552
427
924
327
1038
309
735
459
908
206
1454
636
1060
1431
1268
5
24
657
953
110
963
1352
1315
567
55
536
620
217
992
743
351
1287
909
103
547
1332
804
880
1391
260
839
1368
416
85
770
637
216
1314
1394
1155
185
1319
1458
575
329
1456
1316
1418
999
195
559
1158
434
17
56
1444
183
326
1041
976
453
202
1132
1465
1130
811
342
581
649
18
80
1204
86
802
1378
923
508
1196
1172
28
688
1111
866
996
540
196
201
136
864
486
608
139
259
1214
6
841
926
751
1167
1261
684
797
431
563
1135
1117
1355
783
935
761
697
1236
1187
302
1435
1357
1370
1042
244
1021
1228
57
541
846
748
74
618
407
1085
215
124
898
408
1237
656
234
324
289
698
724
335
709
693
242
455
1278
796
273
222
671
438
49
1283
777
1317
1299
1074
769
1489
449
399
1280
830
707
443
525
271
1005
325
298
95
902
439
1342
1015
349
791
384
466
933
725
730
448
1083
881
1072
1291
971
882
3
991
219
243
114
46
605
1164
1078
803
1269
1253
361
11
1232
1323
1347
528
411
484
1220
1247
764
893
1493
651
530
928
673
643
131
1251
111
432
1028
391
1400
703
158
470
934
1369
232
558
480
907
154
1439
359
854
877
1409
168
1148
704
645
1025
577
1494
51
1225
692
972
1142
840
23
1440
70
364
1376
805
685
348
912
754
952
1363
609
126
1284
485
1063
808
1020
895
793
1488
765
343
1313
239
1429
1102
1258
1192
798
782
397
1354
850
115
1446
1036
521
241
1455
1244
1202
117
1203
942
264
1471
932
1344
380
79
1000
354
227
330
22
144
1124
1364
822
1136
733
1473
155
401
469
315
760
204
572
727
1361
927
123
1356
1182
1030
21
94
849
164
1070
518
941
1481
1301
188
574
362
42
181
317
1500
1090
1003
666
347
1267
122
1441
134
1194
1410
113
344
930
696
899
505
774
1308
545
1339
868
1043
1442
937
1453
1245
837
267
290
1337
494
272
482
1007
346
713
493
4
690
781
1447
433
334
529
1205
1105
611
1153
293
92
1479
229
1127
1437
622
477
270
1234
1076
135
1487
954
143
1233
785
750
1178
147
780
1049
712
73
687
370
883
421
1221
1120
828
1159
817
832
129
499
1367
1154
141
140
925
60
614
940
1235
1449
524
192
1324
911
1222
78
34
445
1246
467
1055
621
331
677
977
1039
851
594
1459
1081
838
1146
1217
990
251
142
1438
442
1373
740
395
1219
519
1209
160
145
623
542
715
1188
1464
1302
1013
820
1166
1066
498
461
726
1335
956
679
737
383
422
829
1389
834
858
366
287
20
454
1170
249
82
75
1147
1293
708
159
468
363
825
337
711
1059
38
250
1257
700
962
752
1336
731
1134
1484
1018
193
1365
556
538
172
1
1416
1327
339
2
1360
120
1260
619
497
516
533
1463
652
852
596
278
189
61
178
319
510
301
1109
1239
1101
405
308
269
955
844
1468
1322
491
561
979
1067
116
806
50
503
1056
1353
282
949
906
1290
1128
683
943
1242
1345
511
571
296
374
200
98
1395
617
989
936
375
1403
121
27
741
295
156
400
320
426
602
471
1358
526
610
1303
1160
1145
606
585
1384
1110
71
848
969
1238
1402
1445
1201
256
888
1141
1177
13
892
1165
1392
1262
81
626
554
1318
246
546
599
1331
367
564
171
978
929
1144
1292
1338
767
31
682
463
345
166
654
1485
1461
33
101
1183
1006
1433
231
1443
1387
1276
441
138
376
527
26
462
47
719
884
1065
127
130
1436
7
89
118
255
1282
1374
1152
402
578
1259
1320
77
72
1288
1377
515
221
1096
1397
167
1224
1396
1469
191
647
1143
1150
1185
1175
816
1082
393
1415
446
48
678
356
1379
305
584
1008
357
1103
1091
747
784
1197
385
914
587
1252
625
1061
531
1012
517
312
440
980
1309
64
1499
1405
59
889
148
403
916
1380
208
589
1089
630
523
1075
601
1171
913
746
1277
1330
897
1071
1123
1273
998
488
762
306
1406
332
633
758
1086
240
583
967
775
973
975
706
248
1346
1480
30
1486
968
62
473
1496
1240
639
993
137
646
1098
288
662
543
65
253
507
419
472
423
414
420
109
994
1393
855
1412
190
280
394
341
1017
1350
360
871
842
415
1467
1272
1375
1474
1255
479
986
1195
213
1460
1298
90
52
1227
352
228
452
413
1037
1137
1426
128
237
509
396
1430
1296
1414
1087
1307
84
988
311
686
1270
1100
1264
390
807
1457
710
739
723
40
959
410
826
100
768
1114
1434
418
1140
939
501
1210
96
1180
983
1325
1113
853
424
274
974
753
918
1498
19
1179
957
749
321
157
207
1068
879
1115
303
544
886
821
88
179
756
1422
1286
720
1168
236
661
68
1122
1010
1069
568
665
1176
795
875
1404
152
1093
291
1088
1121
915
87
436
186
1218
99
1477
284
548
481
650
1385
476
718
457
107
995
371
209
947
648
1401
946
815
83
1483
788
1306
722
553
894
9
603
1372
336
504
1129
635
54
1271
836
809
658
663
450
66
1243
537
279
506
966
640
1026
1033
729
1421
680
377
174
922
1349
1095
150
1362
210
1107
1289
404
176
860
437
1032
406
1371
25
1211
787
456
474
381
631
32
1390
1094
773
12
590
744
1451
565
451
1432
905
36
676
938
1118
333
1408
496
1126
1189
555
535
1413
551
165
1156
35
1019
199
891
268
163
945
532
824
1174
627
1495
1497
642
1475
365
358
714
786
465
492
14
1108
757
1297
1011
845
67
447
223
1333
1014
1138
1328
1077
1341
1399
175
728
304
489
322
39
1300
717
1231
653
588
1097
1119
1191
691
1241
670
694
1181
1466
1169
119
716
951
263
960
1366
307
1425
211
1490
355
313
285
981
1002
1216
597
655
235
1381
1213
1226
681
600
1248
292
701
44
862
1230
1190
37
810
520
368
104
464
435
745
1009
10
1340
887
8
197
1427
904
1149
1304
910
386
1417
91
218
1079
901
613
950
513
1004
689
641
1125
338
161
69
823
425
392
460
41
490
1044
1382
1334
29
1054
245
624
299
212
961
378
1478
987
550
1311
668
257
632
16
187
297
220
265
1064
755
1274
93
799
1173
203
1051
592
1112
15
502
276
1133
169
58
184
247
598
1285
428
1491
1163
557
982
792
576
885
1305
615
1420
931
1050
831
873
861
1193
340
847
732
644
1161
857
1254
1186
1452
125
1428
1184
1073
1106
616
1198
699
63
628
1057
173
1031
534
669
1326
958
225
233
607
863
353
1223
549
97
323
108
177
483
224
1092
948
1029
984
1279
514
573
194
43
1099
813
1206
214
149
856
1310
865
1052
1266
1023
738
629
310
859
833
1001
917
734
1040
1263
759
921
1199
475
965
487
1383
512
1351
1046
198
182
771
1343
369
379
409
1492
1062
1476
1472
997
261
827
1448
444
876
659
872
890
766
843
153
1024
458
878
1281
593
814
1207
373
132
1294
162
1482
667
778
1027
281
1116
53
45
300
1047
874
1275
582
106
495
316
1462
903
398
1423
417
664
1359
1084
612
1215
1250
539
1386
705
1151
870
919
695
252
387
1208
1022
350
742
985
266
412
205
675
560
1035
562
818
180
674
294
372
76
1200
672
1398
1419
634
388
570
286
262
1058
238
1034
277
1407
318
896
226
580
790
835
736
133
1139
429
500
964
146
595
1053
1321
801
569
1424
566
275
328
772
1162
1265
314
579
1131
1157
900
819
1045
1256
1249
604
478
283
812
254
586
1104
1080
112
1295
794
1312
920
1212
1016
102
1411
660
763
522
702
779
944
170
800
789
230
430
1048
776
1329
258
638
151
1388
591
721
867
389
105
1229
382
1470
1348
1450
869
970
552
427
924
327
1038
309
735
459
908
206
1454
636
1060
1431
1268
5
24
657
953
110
963
1352
1315
567
55
536
620
217
992
743
351
1287
909
103
547
1332
804
880
1391
260
839
1368
416
85
770
637
216
1314
1394
1155
185
1319
1458
575
329
1456
1316
1418
999
195
559
1158
434
17
56
1444
183
326
1041
976
453
202
1132
1465
1130
811
342
581
649
18
80
1204
86
802
1378
923
508
1196
1172
28
688
1111
866
996
540
196
201
136
864
486
608
139
259
1214
6
841
926
751
1167
1261
684
797
431
563
1135
1117
1355
783
935
761
697
1236
1187
302
1435
1357
1370
1042
244
1021
1228
57
541
846
748
74
618
407
1085
215
124
898
408
1237
656
234
324
289
698
724
335
709
693
242
455
1278
796
273
222
671
438
49
1283
777
1317
1299
1074
769
1489
449
399
1280
830
707
443
525
271
1005
325
298
95
902
439
1342
1015
349
791
384
466
933
725
730
448
1083
881
1072
1291
971
882
3
991
219
243
114
46
605
1164
1078
803
1269
1253
361
11
1232
1323
1347
528
411
484
1220
1247
764
893
1493
651
530
928
673
643
131
1251
111
432
1028
391
1400
703
158
470
934
1369
232
558
480
907
154
1439
359
854
877
1409
168
1148
704
645
1025
577
1494
51
1225
692
972
1142
840
23
1440
70
364
1376
805
685
348
912
754
952
1363
609
126
1284
485
1063
808
1020
895
793
1488
765
343
1313
239
1429
1102
1258
1192
798
782
397
1354
850
115
1446
1036
521
241
1455
1244
1202
117
1203
942
264
1471
932
1344
380
79
1000
354
227
330
22
144
1124
1364
822
1136
733
1473
155
401
469
315
760
204
572
727
1361
927
123
1356
1182
1030
21
94
849
164
1070
518
941
1481
1301
188
574
362
42
181
317
1500
1090
1003
666
347
1267
122
1441
134
1194
1410
113
344
930
696
899
505
774
1308
545
1339
868
1043
1442
937
1453
1245
837
267
290
1337
494
272
482
1007
346
713
493
4
690
781
1447
433
334
529
1205
1105
611
1153
293
92
1479
229
19
1127
1437
622
477
270
1234
1076
135
1487
954
143
1233
785
750
1178
147
780
1049
712
73
687
370
883
421
1221
1120
828
1159
817
832
129
499
1367
1154
141
140
925
60
614
940
1235
1449
524
192
1324
911
1222
78
34
445
1246
467
1055
621
331
677
977
1039
851
594
1459
1081
838
1146
1217
990
251
142
1438
442
1373
740
395
1219
519
1209
160
145
623
542
715
1188
1464
1302
1013
820
1166
1066
498
461
726
1335
956
679
737
383
422
829
1389
834
858
366
287
20
454
1170
249
82
75
1147
1293
708
159
468
363
825
337
711
1059
38
250
1257
700
962
752
1336
731
1134
1484
1018
193
1365
556
538
172
1
1416
1327
339
2
1360
120
1260
619
497
516
533
1463
652
852
596
278
189
61
178
319
510
301
1109
1239
1101
405
308
269
955
844
1468
1322
491
561
979
1067
116
806
50
503
1056
1353
282
949
906
1290
1128
683
943
1242
1345
511
571
296
374
200
98
1395
617
989
936
375
1403
121
27
741
295
156
400
320
426
602
471
1358
526
610
1303
1160
1145
606
585
1384
1110
71
848
969
1238
1402
1445
1201
256
888
1141
1177
13
892
1165
1392
1262
81
626
554
1318
246
546
746
599
1331
367
564
171
978
929
1144
1292
1338
767
31
682
463
345
166
654
1485
1461
33
101
1183
1006
1433
231
1443
1387
1276
441
138
376
527
26
462
47
719
884
1065
127
130
1436
7
89
118
255
1282
1374
1152
402
578
1259
1320
77
72
1288
1377
515
221
1096
1397
167
1224
1396
1469
191
647
1143
1150
1185
1175
816
1082
393
1415
446
48
678
356
1379
305
584
1008
357
1103
1091
747
784
1197
385
914
587
1252
625
1061
531
1012
517
312
440
980
1309
64
1499
1405
59
889
148
403
916
1380
208
589
1089
630
523
1075
601
1171
913
1277
1330
897
1071
1123
1273
998
488
762
306
1406
332
633
758
1086
240
583
967
775
973
975
706
248
1346
1480
30
1486
968
62
473
1496
1240
639
993
137
646
1098
288
662
543
65
253
507
419
472
423
414
420
109
994
1393
855
1412
190
280
394
341
1017
1350
360
871
842
415
1467
1272
1375
1474
1255
479
986
1195
213
1460
1298
90
52
1227
352
228
452
413
1037
1137
1426
128
237
509
396
1430
1296
1414
1087
1307
84
988
311
686
1270
1100
1264
390
807
1457
710
739
723
40
959
410
826
100
768
1114
1434
418
1140
939
501
1210
96
1180
983
1325
1113
853
424
274
974
753
918
1498
1179
957
749
321
157
207
1068
879
1115
303
544
886
821
88
179
756
1422
1286
720
1168
236
661
68
1122
1010
1069
568
665
1176
795
875
1404
152
1093
291
1088
1121
915
87
436
186
1218
99
1477
284
548
481
650
1385
476
718
457
107
995
371
209
947
648
1401
946
815
83
1483
788
1306
722
553
894
9
603
1372
336
504
1129
635
54
1271
836
809
658
663
450
66
1243
537
279
506
966
640
1026
1033
729
1421
680
377
174
922
1349
1095
150
1362
210
1107
1289
404
176
860
437
1032
406
1371
25
1211
787
456
474
381
631
32
1390
1094
773
12
590
744
1451
565
451
1432
905
36
676
938
1118
333
1408
496
1126
1189
555
535
1413
551
165
1156
35
1019
199
891
268
163
945
532
824
1174
627
1495
1497
642
1475
365
358
714
786
465
492
14
1108
757
1297
1011
845
67
447
223
1333
1014
1138
1328
1077
1341
1399
175
728
304
489
322
39
1300
717
1231
653
588
1097
1119
1191
691
1241
670
694
1181
1466
1169
119
716
951
263
960
1366
307
1425
211
1490
355
313
285
981
1002
1216
597
655
235
1381
1213
1226
681
600
1248
292
701
44
862
1230
1190
37
810
520
368
104
464
435
745
1009
10
1340
887
8
197
1427
904
1149
1304
910
386
1417
91
218
1079
901
613
950
513
1004
689
641
1125
338
161
69
823
425
392
460
41
490
1044
1382
1334
29
1054
245
624
299
212
961
378
1478
987
550
1311
668
257
632
16
187
297
220
265
1064
755
1274
93
799
1173
203
1051
592
1112
15
502
276
1133
169
58
184
247
598
1285
428
1491
1163
557
982
792
576
885
1305
615
1420
931
1050
831
873
861
1193
340
847
732
644
1161
857
1254
1186
1452
125
1428
1184
1073
1106
616
1198
699
63
628
1057
173
1031
534
669
1326
958
225
233
607
863
353
1223
549
97
323
108
177
483
224
1092
948
1029
984
1279
514
573
194
43
1099
813
1206
214
149
856
1310
865
1052
1266
1023
738
629
310
859
833
1001
917
734
1040
1263
759
921
1199
475
965
487
1383
512
1351
1046
198
182
771
1343
369
379
409
1492
1062
1476
1472
997
261
827
1448
444
876
659
872
890
766
843
153
1024
458
878
1281
593
814
1207
373
132
1294
162
1482
667
778
1027
281
1116
53
45
300
1047
874
1275
582
106
495
316
1462
903
398
1423
417
664
1359
1084
612
1215
1250
539
1386
705
1151
870
919
695
252
387
1208
1022
350
742
985
266
412
205
675
560
1035
562
818
180
674
294
372
76
1200
672
1398
1419
634
388
570
286
262
1058
238
1034
277
1407
318
896
226
580
790
835
736
133
1139
429
500
964
146
595
1053
1321
801
569
1424
566
275
328
772
1162
1265
314
579
1131
1157
900
819
1045
1256
1249
604
478
283
812
254
586
1104
1080
112
1295
794
1312
920
1212
1016
102
1411
660
763
522
702
779
944
170
800
789
230
430
1048
776
1329
258
638
151
1388
591
721
867
389
105
1229
382
1470
1348
1450
869
970
552
427
924
327
1038
309
735
459
908
206
1454
636
1060
1431
1268
5
24
657
953
110
963
1352
1315
567
55
536
620
217
992
743
351
1287
909
103
547
1332
804
880
1391
260
839
1368
416
85
770
637
216
1314
1394
1155
185
1319
1458
575
329
1456
1316
1418
999
195
559
1158
434
17
56
1444
183
326
1041
976
453
202
1132
1465
1130
811
342
581
649
18
80
1204
86
802
1378
923
508
1196
1172
28
688
1111
866
996
540
196
201
136
864
486
608
139
259
1214
6
841
926
751
1167
1261
684
797
431
563
1135
1117
1355
783
935
761
697
1236
1187
302
1435
1357
1370
1042
244
1021
1228
57
541
846
748
74
618
407
1085
215
124
898
408
1237
656
234
324
289
698
724
335
709
693
242
455
1278
796
273
222
671
438
49
1283
777
1317
1299
1074
769
1489
449
399
1280
830
707
443
525
271
1005
325
298
95
902
439
1342
1015
349
791
384
466
933
725
730
448
1083
881
1072
1291
971
882
3
991
219
243
114
46
605
1164
1078
803
1269
1253
361
11
1232
1323
1347
528
411
484
1220
1247
764
893
1493
651
530
928
673
643
131
1251
111
432
1028
391
1400
703
158
470
934
1369
232
558
480
907
154
1439
359
854
877
1409
168
1148
704
645
1025
577
1494
51
1225
692
972
1142
840
23
1440
70
364
1376
805
685
348
912
754
952
1363
609
126
1284
485
1063
808
1020
895
793
1488
765
343
1313
239
1429
1102
1258
1192
798
782
397
1354
850
115
1446
1036
521
241
1455
1244
1202
117
1203
942
264
1471
932
1344
380
79
1000
354
227
330
22
144
1124
1364
822
1136
733
1473
155
401
469
315
760
204
572
727
1361
927
123
1356
1182
1030
21
94
849
164
1070
518
941
1481
1301
188
574
362
42
181
317
1500
1090
1003
666
347
1267
122
1441
134
1194
1410
113
344
930
696
899
505
774
1308
545
1339
868
1043
1110
1442
937
1453
1245
837
267
290
1337
494
272
482
1007
346
713
493
4
690
781
1447
433
334
529
1205
1105
611
1153
293
92
1479
229
19
1127
1437
622
477
270
1234
1076
135
1487
954
143
1233
785
750
1178
147
780
1049
712
73
687
370
883
421
1221
1120
828
1159
817
832
129
499
1367
1154
141
140
925
60
614
940
1235
1449
524
192
1324
911
1222
78
34
445
1246
467
1055
621
331
677
977
1039
851
594
1459
1081
838
1146
1217
990
251
142
1438
442
1373
740
395
1219
519
1209
160
145
623
542
715
1188
1464
1302
1013
820
1166
1066
498
461
726
1335
956
679
737
383
422
829
1389
834
858
366
287
20
454
1170
249
82
75
1147
1293
708
159
468
363
825
337
711
1059
38
250
1257
700
962
752
1336
731
1134
1484
1018
193
1365
556
538
172
1
1416
1327
339
2
1360
120
1260
619
497
516
533
1463
652
852
596
278
189
61
178
319
510
301
1109
1239
1101
405
308
269
955
844
1468
1322
491
561
979
1067
116
806
50
503
1056
1353
282
949
906
1290
1128
683
943
1242
1345
511
571
296
374
200
98
1395
617
989
936
375
1403
121
27
741
295
156
400
320
426
602
471
1358
526
610
1303
1160
1145
606
585
1384
71
848
969
1238
1402
1445
1201
256
888
1141
1177
13
892
1165
1392
1262
81
626
554
1318
246
546
599
1331
367
564
171
978
929
1144
1292
1338
767
31
682
463
345
166
654
1485
1461
33
101
1183
1006
1433
231
1443
1387
1276
441
138
376
527
26
462
47
719
884
1065
127
130
1436
7
89
118
255
1282
1374
1152
402
578
1259
1320
77
72
1288
1377
515
221
1096
1397
167
1224
1396
1469
191
647
1143
1150
1185
1175
816
1082
393
1415
446
48
678
356
1379
305
584
1008
357
1103
1091
747
784
1197
385
914
587
1252
625
1061
531
1012
517
312
440
980
1309
64
1499
1405
59
889
148
403
916
1380
208
589
1089
630
523
1075
601
1171
913
746
1277
1330
897
1071
1123
1273
998
488
762
306
1406
332
633
758
1086
240
583
967
775
973
975
706
248
1346
1480
30
1486
968
62
473
1496
1240
639
993
137
646
1098
288
662
543
65
253
507
419
472
423
414
420
109
994
1393
855
1412
190
280
394
341
1017
1350
360
871
842
415
1467
1272
1375
1474
1255
479
986
1195
213
1460
1298
90
52
1227
352
228
452
413
1037
1137
1426
128
237
509
396
1430
1296
1414
1087
1307
84
988
311
686
1270
1100
1264
390
807
1457
710
739
723
40
959
410
826
100
768
1114
1434
418
1140
939
501
1210
96
1180
983
1325
1113
853
424
274
974
753
918
1498
1179
957
749
321
157
207
1068
879
1115
303
544
886
821
88
179
756
1422
1286
720
1168
236
661
68
1122
1010
1069
568
665
1176
795
875
1404
152
1093
291
1088
1121
915
87
436
186
1218
99
1477
284
548
481
650
1385
476
718
457
107
995
371
209
947
648
1401
946
815
83
1483
788
1306
722
553
894
9
603
1372
336
504
1129
635
54
1271
836
809
658
663
450
66
1243
537
279
506
966
640
1026
1033
729
1421
680
377
174
922
1349
1095
150
1362
210
1107
1289
404
176
860
437
1032
406
1371
25
1211
787
456
474
381
631
32
1390
1094
773
12
590
744
1451
565
451
1432
905
36
676
938
1118
333
1408
496
1126
1189
555
535
1413
551
165
1156
35
1019
199
891
268
163
945
532
824
1174
627
1495
1497
642
1475
365
358
714
786
465
492
14
1108
757
1297
1011
845
67
447
223
1333
1014
1138
1328
1077
1341
1399
175
728
304
489
322
39
1300
717
1231
653
588
1097
1119
1191
691
1241
670
694
1181
1466
1169
119
716
951
263
960
1366
307
1425
211
1490
355
313
285
981
1002
1216
597
655
235
1381
1213
1226
681
600
1248
292
701
44
862
1230
1190
37
810
520
368
104
464
435
745
1009
10
1340
887
8
197
1427
904
1149
1304
910
386
1417
91
218
1079
901
613
950
513
1004
689
641
1125
338
161
69
823
425
392
460
41
490
1044
1382
1334
29
1054
245
624
299
212
961
378
1478
987
550
1311
668
257
632
16
187
297
220
265
1064
755
1274
93
799
1173
203
1051
592
1112
15
502
276
1133
169
58
184
247
598
1285
428
1491
1163
557
982
792
576
885
1305
615
1420
931
1050
831
873
861
1193
340
847
732
644
1161
857
1254
1186
1452
125
1428
1184
1073
1106
616
1198
699
63
628
1057
173
1031
534
669
1326
958
225
233
607
863
353
1223
549
97
323
108
177
483
224
1092
948
1029
984
1279
514
573
194
43
1099
813
1206
214
149
856
1310
865
1052
1266
1023
738
629
310
859
833
1001
917
734
1040
1263
759
921
1199
475
965
487
1383
512
1351
1046
198
182
771
1343
369
379
409
1492
1062
1476
1472
997
261
827
1448
444
876
659
872
890
766
843
153
1024
458
878
1281
593
814
1207
373
132
1294
162
1482
667
778
1027
281
1116
53
45
300
1047
874
1275
582
106
495
316
1462
903
398
1423
417
664
1359
1084
612
1215
1250
539
1386
705
1151
870
919
695
252
387
1208
1022
350
742
985
266
412
205
675
560
1035
562
818
180
674
294
372
76
1200
672
1398
1419
634
388
570
286
262
1058
238
1034
277
1407
318
896
226
580
790
835
736
133
1139
429
500
964
146
595
1053
1321
801
569
1424
566
275
328
772
1162
1265
314
579
1131
1157
900
819
1045
1256
1249
604
478
283
812
254
586
1104
1080
112
1295
794
1312
920
1212
1016
102
1411
660
763
522
702
779
944
170
800
789
230
430
1048
776
1329
258
638
151
1388
591
721
867
389
105
1229
382
1470
1348
1450
869
970
552
427
924
327
1038
309
735
459
908
206
1454
636
1060
1431
1268
5
24
657
953
110
963
1352
1315
567
55
536
620
217
992
743
351
1287
909
103
547
1332
804
880
1391
260
839
1368
416
85
770
637
216
1314
1394
1155
185
1319
1458
575
329
1456
1316
1418
999
195
559
1158
434
17
56
1444
183
326
1041
976
453
202
1132
1465
1130
811
342
581
649
18
80
1204
86
802
1378
923
508
1196
1172
28
688
1111
866
996
540
196
201
136
864
486
608
139
259
1214
6
841
926
751
1167
1261
684
797
431
563
1135
1117
1355
783
935
761
697
1236
1187
302
1435
1357
1370
1042
244
1021
1228
57
541
846
748
74
618
407
1085
215
124
898
408
1237
656
234
324
289
698
724
335
709
693
242
455
1278
796
273
222
671
438
49
1283
777
1317
1299
1074
769
1489
449
399
1280
830
707
443
525
271
1005
325
298
95
902
439
1342
1015
349
791
384
466
933
725
730
448
1083
881
1072
1291
971
882
3
991
243
114
46
605
1164
1078
803
1269
1253
361
11
1232
1323
1347
528
411
484
1220
1247
764
893
1493
651
530
928
673
643
131
1251
111
432
1028
391
1400
703
158
470
934
1369
232
558
480
907
154
1439
359
854
877
1409
168
1148
704
645
1025
577
1494
51
1225
692
972
1142
840
23
1440
70
364
219
1376
805
685
348
912
754
952
1363
609
126
1284
485
1063
808
1020
895
793
1488
765
343
1313
239
1429
1102
1258
1192
798
782
397
1354
850
115
1446
1036
521
241
1455
1244
1202
117
1203
942
264
1471
932
1344
380
79
1000
354
227
330
22
144
1124
1364
822
1136
733
1473
155
401
469
315
760
204
572
727
1361
927
123
1356
1182
1030
21
94
849
164
1070
518
941
1481
1301
188
574
362
42
181
317
1500
1090
1003
666
347
1267
122
1441
134
1194
1410
113
344
930
696
899
505
774
1308
545
1339
868
1043
1442
937
1453
1245
837
267
290
1337
494
272
482
1007
346
713
493
4
690
781
1447
433
334
529
1205
1105
611
1153
293
92
1479
229
19
1127
1437
622
477
270
1234
1076
135
1487
954
143
1233
785
750
1178
147
780
1049
712
73
687
370
883
421
1221
1120
828
1159
817
832
129
499
1367
1154
141
140
925
60
614
940
1235
1449
524
192
1324
911
1222
78
34
445
1246
467
1055
621
331
677
977
1039
851
594
1459
1081
838
1146
1217
990
251
142
1438
442
1373
740
395
1219
519
1209
160
145
623
542
715
1188
1464
1302
1013
820
1166
1066
498
461
726
1335
956
679
737
383
422
829
1389
834
858
366
287
20
454
1170
249
82
75
1147
1293
708
159
468
363
825
337
711
1059
38
250
1257
700
962
752
1336
731
1134
1484
1018
193
1365
556
538
172
1
1416
1327
339
2
1360
120
1260
619
497
516
533
1463
652
852
596
278
189
61
178
319
510
301
1109
1239
1101
405
308
269
955
844
1468
1322
491
561
979
1067
116
806
50
503
1056
1353
282
949
906
1290
1128
683
943
1242
1345
511
571
296
374
200
98
1395
617
989
936
375
1403
121
27
741
295
156
400
320
426
602
471
1358
526
610
1303
1160
1145
606
585
1384
1110
71
848
969
1238
1402
1445
1201
256
888
1141
1177
13
892
1165
1392
1262
81
626
554
1318
246
546
599
1331
367
564
171
978
929
1144
1292
1338
767
31
682
463
345
166
654
1485
1461
33
101
1183
1006
1433
231
1443
1387
1276
441
138
376
527
26
462
47
719
884
1065
127
130
1436
7
89
118
255
1282
1374
1152
402
578
1259
1320
77
72
1288
1377
515
221
1096
1397
167
1224
1396
1469
191
647
1143
1150
1185
1175
816
1082
393
1415
446
48
678
356
1379
305
584
1008
357
1103
1091
747
784
1197
385
914
587
1252
625
1061
531
1012
517
312
440
980
1309
64
1499
1405
59
889
148
403
916
1380
208
589
1089
630
523
1075
601
1171
913
746
1277
1330
897
1071
1123
1273
998
488
762
306
1406
332
633
758
1086
240
583
967
775
973
975
706
248
1346
1480
30
1486
968
62
473
1496
1240
639
993
137
646
1098
288
662
543
65
253
507
419
472
423
414
420
109
994
1393
855
1412
190
280
394
341
1017
1350
360
871
842
415
1467
1272
1375
1474
1255
479
986
1195
213
1460
1298
90
52
1227
352
228
452
413
1037
1137
1426
128
237
509
396
1430
1296
1414
1087
1307
84
988
311
686
1270
1100
1264
390
807
1457
710
739
723
40
959
410
826
100
768
1114
1434
418
1140
939
501
1210
96
1180
983
1325
1113
853
424
274
974
753
918
1498
1179
957
749
321
157
207
1068
879
1115
303
544
886
821
88
179
756
1422
1286
720
1168
236
661
68
1122
1010
1069
568
665
1176
795
875
1404
152
1093
291
1088
1121
915
87
436
186
1218
99
1477
284
548
481
650
1385
476
718
457
107
995
371
209
947
648
1401
946
815
83
1483
788
1306
722
553
894
9
603
1372
336
504
1129
635
54
1271
836
809
658
663
450
66
1243
537
279
506
966
640
1026
1033
729
1421
680
377
174
922
1349
1095
150
1362
210
1107
1289
404
176
860
437
1032
406
1371
25
1211
787
456
474
381
631
32
1390
1094
773
12
590
744
1451
565
451
1432
905
36
676
938
1118
333
1408
496
1126
1189
555
535
1413
551
165
1156
35
1019
199
891
268
163
945
532
824
1174
627
1495
1497
642
1475
365
358
714
786
465
492
14
1108
757
1297
1011
845
67
447
223
1333
1014
1138
1328
1077
1341
1399
175
728
304
489
322
39
1300
717
1231
653
588
1097
1119
1191
691
1241
670
694
1181
1466
1169
119
716
951
263
960
1366
307
1425
211
1490
355
313
285
981
1002
1216
597
655
235
1381
1213
681
600
1248
292
701
44
862
1230
1190
37
810
520
368
104
464
435
745
1009
10
1340
887
8
197
1427
904
1149
1304
910
386
1417
91
218
1079
901
613
950
513
1004
689
641
1125
338
161
69
823
425
392
460
41
490
1044
1382
1334
29
1054
245
624
299
212
961
378
1478
987
550
1311
668
257
632
16
187
297
220
265
1064
755
1274
93
799
1173
203
1051
592
1112
15
502
276
1133
169
58
184
247
598
1285
428
1491
1163
557
982
792
576
885
1305
615
1420
931
1050
831
873
861
1193
340
847
732
644
1161
857
1254
1186
1452
125
1428
1184
1073
1106
616
1198
699
63
628
1057
173
1031
534
669
1326
958
225
233
607
863
353
1223
549
97
323
108
177
483
224
1092
948
1029
984
1279
514
573
194
43
1099
813
1206
214
149
856
1310
865
1052
1266
1023
738
629
310
859
833
1001
917
734
1040
1263
759
921
1199
475
965
487
1383
512
1351
1046
198
182
771
1343
369
379
409
1492
1062
1476
1472
997
261
827
1448
444
876
659
872
890
766
843
153
1024
458
878
1281
593
814
1207
373
132
1294
162
1482
667
778
1027
281
1116
53
45
300
1047
874
1275
582
106
495
316
1462
903
398
1423
417
664
1359
1084
612
1215
1250
539
1386
705
1151
870
919
695
252
387
1208
1022
350
742
985
266
412
205
675
560
1035
562
818
180
674
294
372
76
1200
672
1398
1419
634
388
570
286
262
1058
238
1034
277
1407
318
896
226
580
790
835
736
133
1139
429
500
964
146
595
1053
1321
801
569
1424
566
275
328
772
1162
1265
314
579
1131
1157
900
819
1045
1256
1249
604
478
283
812
254
586
1104
1080
112
1295
794
1312
920
1212
1016
102
1411
660
763
522
702
779
944
170
800
789
230
430
1048
776
1329
258
638
151
1388
591
721
867
389
105
1229
382
1470
1348
1450
869
970
552
427
924
327
1038
309
735
459
908
206
1454
636
1060
1431
1268
5
24
657
953
110
963
1352
1315
567
55
536
620
217
992
743
351
1287
909
103
547
1332
804
880
1391
260
839
1368
416
85
770
637
216
1314
1394
1155
185
1319
1458
575
329
1456
1316
1418
999
195
559
1158
434
17
56
1444
183
326
1041
976
453
202
1132
1465
1130
811
342
581
649
18
80
1204
86
802
1378
923
508
1196
1172
28
688
1111
866
996
540
196
201
136
864
486
608
139
259
1214
6
841
926
751
1167
1261
684
797
431
563
1135
1117
1355
783
935
761
697
1236
1187
302
1435
1357
1370
1042
244
1021
1228
57
541
846
748
74
618
407
1085
215
124
898
408
1237
656
234
324
289
698
724
335
709
693
242
455
1278
796
273
222
671
438
49
1283
777
1317
1299
1074
769
1489
449
399
1280
830
707
443
525
271
1005
325
298
95
902
439
1342
1015
349
791
384
466
933
725
730
448
1083
881
1072
1291
971
882
3
991
219
243
114
46
605
1164
1078
803
1269
1253
361
11
1232
1323
1347
528
411
484
1220
1247
764
893
1493
651
530
928
673
643
131
1251
111
432
1028
391
1400
703
158
470
934
1369
232
558
480
907
154
1439
359
854
877
1409
168
1148
704
645
1025
577
1494
51
1225
692
972
1142
840
23
1440
70
364
1376
805
685
348
912
754
952
1363
609
126
1284
485
1063
808
1020
895
793
1488
765
343
1313
239
1429
1226
1102
1258
1192
798
782
397
1354
850
115
1446
1036
521
241
1455
1244
1202
117
1203
942
264
1471
932
1344
380
79
1000
354
227
330
22
144
1124
1364
822
1136
733
1473
155
401
469
315
760
204
572
727
1361
927
123
1356
1182
1030
21
94
849
164
1070
518
941
1481
1301
188
574
362
42
181
317
1500
1090
1003
666
347
1267
122
1441
134
1194
1410
113
344
930
696
899
505
774
1308
545
1339
868
1043
1442
937
1453
1245
837
267
290
1337
494
272
482
1007
346
713
493
4
690
781
1447
433
334
529
1205
1105
611
1153
293
92
1479
229
19
1127
1437
622
477
270
1234
1076
135
1487
954
143
1233
785
750
1178
147
780
1049
712
73
687
370
883
421
1221
1120
828
1159
817
832
129
499
1367
1154
141
140
925
60
614
940
1235
1449
524
192
1324
911
1222
78
34
445
1246
467
1055
621
331
677
977
1039
851
594
1459
1081
838
1146
1217
990
251
142
1438
442
1373
740
395
1219
519
1209
160
145
623
542
715
1188
1464
1302
1013
820
1166
1066
498
461
726
1335
956
679
737
383
422
829
1389
834
858
366
287
20
454
1170
249
82
75
1147
1293
708
159
468
363
825
337
711
1059
38
250
1257
700
962
752
1336
731
1134
1484
1018
193
1365
556
538
172
1
1416
1327
339
2
1360
120
1260
619
497
516
533
1463
652
852
596
278
189
61
178
319
510
301
1109
1239
1101
405
308
269
955
844
1468
1322
491
561
979
1067
116
806
50
503
1056
1353
282
949
906
1290
1128
683
943
1242
1345
511
571
296
374
200
98
1395
617
989
936
375
1403
121
27
741
295
156
400
320
426
602
471
1358
526
610
1303
1160
1145
606
585
1384
1110
71
848
969
1238
1402
1445
1201
256
888
1141
1177
13
892
1165
1392
1262
81
626
554
1318
246
546
599
1331
367
564
171
978
929
1144
1292
1338
767
31
682
463
345
166
654
1485
1461
33
101
1183
1006
1433
231
1443
1387
1276
441
138
376
527
26
462
47
719
884
1065
127
130
1436
7
89
118
255
1282
1374
1152
402
578
1259
1320
77
72
1288
1377
515
221
1096
1397
167
1224
1396
1469
191
647
1143
1150
1185
1175
816
1082
393
1415
446
48
678
356
1379
305
584
1008
357
1103
1091
747
784
1197
385
914
587
1252
625
1061
531
1012
517
312
440
980
1309
64
1499
1405
59
889
148
403
916
1380
208
589
1089
630
523
1075
601
1171
913
746
1277
1330
897
1071
1123
1273
998
488
762
306
1406
332
633
758
1086
240
583
967
775
973
975
706
248
1346
1480
30
1486
968
62
473
1496
1240
639
993
137
646
1098
288
662
543
65
253
507
419
472
423
414
420
109
994
1393
855
1412
190
280
394
341
1017
1350
360
871
842
415
1467
1272
1375
1474
1255
479
986
1195
213
1460
1298
90
52
1227
352
228
452
413
1037
1137
1426
128
237
509
396
1430
1296
1414
1087
1307
84
988
311
686
1270
1100
1264
390
807
1457
710
739
723
40
959
410
826
100
768
1114
1434
418
1140
939
501
1210
96
1180
983
1325
1113
853
424
274
974
753
918
1498
1179
957
749
321
157
207
1068
879
1115
303
544
886
821
88
179
756
1422
1286
720
1168
236
661
68
1122
1010
1069
568
665
1176
795
875
1404
152
1093
291
1088
1121
915
87
436
186
1218
99
1477
284
548
481
650
1385
476
718
457
107
995
371
209
947
648
1401
946
815
83
