1877 305
317
405
34
46
435
204
225
476
297
227
414
166
353
319
112
11
271
469
172
377
359
190
63
39
401
28
6
49
486
120
279
313
459
135
253
253
264
58
377
284
413
476
16
331
220
142
499
457
182
478
275
164
78
250
107
232
117
264
367
126
279
446
192
265
249
119
53
47
494
307
51
291
78
329
43
135
285
136
305
301
83
398
329
192
53
491
398
424
259
440
498
112
294
229
5
333
299
488
323
86
55
482
482
492
83
491
408
73
317
27
345
53
347
40
452
118
261
24
145
238
342
164
325
240
128
403
79
80
438
58
89
156
43
491
229
449
462
231
401
303
299
54
476
343
78
336
316
172
191
499
308
17
305
360
459
221
5
398
56
130
183
407
298
186
271
285
450
178
248
485
339
419
306
412
330
143
363
98
485
452
14
227
366
398
465
340
53
335
178
324
248
99
82
381
12
395
364
487
478
457
428
455
421
427
252
233
161
471
36
352
269
491
421
387
20
422
280
494
478
355
312
302
263
142
207
306
243
335
151
250
454
318
347
455
56
176
222
345
66
338
195
472
362
342
369
86
68
455
203
368
105
46
102
216
125
351
18
123
197
80
86
78
270
449
303
274
395
491
178
64
318
170
239
390
498
427
2
14
223
150
340
358
409
500
362
112
142
276
372
226
164
302
473
372
65
279
97
275
330
265
252
273
81
481
154
