2950 406
919
529
138
274
842
219
938
907
235
545
786
957
644
118
14
289
795
734
189
794
163
550
168
104
532
538
258
486
197
577
633
913
555
331
634
592
148
344
837
911
117
199
272
729
827
712
939
694
954
93
967
168
664
932
737
16
43
296
629
816
567
101
390
565
922
917
730
192
755
368
290
671
77
128
662
340
901
938
405
726
773
165
722
320
829
679
600
9
941
678
45
276
841
780
752
562
358
899
102
890
453
261
971
747
435
215
302
408
960
281
872
95
361
169
833
319
787
168
632
142
246
620
121
211
17
769
522
973
137
760
194
266
857
250
709
328
497
974
793
377
18
752
388
253
790
66
291
877
191
364
709
421
327
194
355
421
841
714
567
485
402
997
798
679
519
145
26
12
67
749
286
67
779
781
47
835
598
80
367
944
562
44
249
933
800
745
816
348
618
119
595
275
866
157
428
572
118
607
293
424
361
912
201
617
116
164
690
71
314
357
327
840
954
229
607
78
76
280
523
913
984
13
400
90
783
234
6
553
232
847
1
192
802
571
873
353
754
593
341
669
501
244
702
426
459
294
840
405
44
610
981
528
127
447
115
58
689
961
339
773
199
286
640
757
228
271
625
54
667
236
882
679
817
704
605
799
42
277
330
536
408
751
412
754
975
300
938
722
409
471
899
80
552
636
695
549
977
212
760
138
671
891
469
816
597
354
603
34
205
879
777
698
163
70
148
131
833
903
855
790
837
838
409
462
535
934
252
989
379
462
991
250
732
213
182
769
458
638
631
458
987
649
46
343
716
694
703
654
983
980
848
117
987
2
724
276
213
20
721
858
134
677
785
769
481
490
415
975
413
621
469
953
797
870
387
375
154
667
26
427
733
405
92
402
810
568
516
759
650
942
171
503
93
822
140
715
434
505
505
367
18
921
261
801
569
630
