5201 499
307
211
42
383
330
97
281
169
287
13
483
188
372
203
257
350
161
211
9
48
487
405
12
333
351
34
322
344
179
27
96
474
307
76
132
428
225
242
82
142
53
499
11
33
139
200
396
417
418
427
220
388
342
176
333
282
478
484
406
15
149
114
476
318
282
358
389
35
255
40
203
378
102
232
406
436
362
377
412
103
413
97
164
127
95
61
252
150
405
238
366
289
225
184
238
446
125
132
30
415
102
58
423
270
441
46
345
130
497
185
102
499
175
350
158
350
344
82
399
332
237
411
265
15
63
272
96
380
193
411
156
157
357
491
97
27
71
94
132
265
462
335
56
70
211
186
328
464
453
52
403
193
258
181
105
269
199
158
303
452
283
211
42
242
82
328
428
61
242
441
346
175
18
250
387
373
264
237
437
494
216
193
164
139
373
366
175
445
444
50
27
239
473
76
323
192
401
479
43
297
408
169
202
357
13
35
82
260
70
94
248
153
195
346
50
235
384
115
237
183
275
421
484
103
112
273
340
112
389
133
129
163
131
225
371
397
219
243
220
325
383
453
155
420
473
31
283
118
336
477
299
363
449
252
54
95
192
438
374
379
500
82
372
493
176
278
18
113
34
164
308
329
5
312
343
395
65
100
244
462
176
105
225
441
89
441
155
477
347
406
42
216
285
264
456
114
59
322
299
139
274
406
491
369
77
1
225
167
260
234
475
244
500
326
435
363
7
109
95
89
248
483
83
420
152
281
366
351
294
284
74
223
334
1
375
27
379
260
397
449
110
41
100
53
109
350
440
304
5
77
181
348
123
411
303
468
418
132
247
208
78
388
80
480
440
303
223
261
391
143
378
234
356
493
435
205
145
342
468
489
396
238
318
91
171
260
418
280
401
426
77
471
184
11
321
347
258
408
271
275
363
476
370
213
1
467
26
398
44
134
428
351
17
98
349
39
102
24
41
366
301
305
384
487
293
299
413
491
113
370
409
133
147
143
291
218
310
123
374
174
66
309
455
257
456
221
392
119
66
150
80
112
126
342
281
368
31
286
152
430
49
440
486
353
33
422
341
425
474
381
82
427
143
404
304
77
271
329
424
396
219
252
279
475
408
166
51
360
442
255
39
103
6
93
479
245
352
145
336
