913
20
18982
795
5744
22018
27780
11095
6689
30218
5182
9939
1478
26795
24049
28817
688
27243
23941
23015
16334
17801
8331
11721
12394
19642
24080
13079
14932
4382
3708
4967
31540
12639
7429
8287
21031
28366
22772
21657
27305
24709
16693
27255
3719
10134
25213
29000
18699
8759
17604
4986
844
11835
19049
13647
18359
17484
4595
8995
20494
1919
23181
14422
29530
6515
18672
9734
9403
31972
28721
13907
5720
28431
32657
426
19507
26145
466
27615
17160
3616
2975
23883
3370
3897
7016
8378
27577
5635
19246
14901
4947
26335
12498
21822
31744
19642
16347
22927
1637
17366
32057
13313
20156
26438
10632
30096
29997
5345
5919
24744
1726
11411
593
29861
13936
21019
25053
13433
25878
20027
5835
15296
10035
28301
15747
19177
22029
20836
3091
27801
26184
953
5684
18640
5088
29709
22988
197
18028
23358
1418
24943
19196
11764
13290
11948
22146
19410
13290
22684
7603
16021
2810
31868
17887
10943
10177
5234
9476
32660
20955
32071
14149
6010
31424
13441
13399
22100
8182
23456
6616
22231
2643
15475
18836
30997
2725
13192
31339
31745
26010
7980
6158
5867
22211
19611
20662
540
25652
6324
14524
29017
5405
31285
7473
577
378
1651
6346
27390
456
14846
20323
7787
29964
6379
29465
18223
25954
18217
30699
12344
11295
4809
21920
22696
25796
10992
9792
15953
2079
17753
29022
8156
29495
4085
5705
19035
13257
6259
11048
29990
26272
3923
6756
11019
27296
177
21102
163
7294
12459
10562
26573
30535
7478
9780
25037
22699
21262
24430
9267
2630
7349
670
22902
27048
14512
29323
7634
31326
9447
13361
6917
12479
1552
31898
24356
10001
9030
28199
31976
13871
28724
18824
6866
735
21028
21746
4634
13943
18489
31903
31092
17805
17251
12839
13910
29051
31658
32208
8535
16390
12021
21775
26089
25049
9108
30713
16193
14165
22604
4613
3580
12237
10112
8804
23498
18160
29074
9755
23405
32386
1202
27092
22499
16781
25937
25729
3801
4192
8259
19228
17584
16597
10786
12861
27996
18810
30426
25435
6874
10836
30130
30565
2243
8595
21887
6348
26183
19457
18765
3086
21404
13339
13802
15605
11735
9969
23396
2346
8813
4801
3296
4553
22259
6229
19480
30115
5302
16036
18929
12432
7156
27424
31733
27402
26361
9230
27283
1018
21613
5122
18632
20136
23968
4771
32312
19233
17715
13542
18726
24009
18137
7212
11404
19376
28010
14711
11622
3917
3111
18178
1451
24862
5123
1723
3956
8452
21455
20910
31069
25813
13640
21099
19364
25200
8144
31182
7484
885
8617
15289
9853
31048
18351
27889
14198
24375
708
19206
18945
25078
3640
29331
31472
8240
4288
26655
23744
16239
16844
5188
27933
25610
20559
17896
22485
13726
18053
23529
27803
29133
23147
4662
797
22085
32092
7396
7566
32068
13467
2733
6372
17812
169
23211
13226
5943
7596
28221
11644
5795
21173
19947
2123
23231
13697
370
23344
27956
4037
24
21925
20575
26346
10697
6888
9779
9986
6363
28253
8843
27825
9319
27023
31598
6588
15873
10739
1623
22752
8708
2822
25510
21877
9281
26073
16578
24067
6481
23025
22043
11493
14268
25872
3600
7312
22590
13053
25406
25022
15494
26797
28534
16203
18866
952
4165
17152
23087
14073
31787
7727
28384
5369
9165
24197
8718
31716
17965
1096
1891
7908
25932
30268
11094
19728
26407
32612
29816
17911
20038
32063
15243
25027
21125
16216
25723
28993
18803
12462
4008
10057
25199
26516
10383
21996
31776
27215
28389
20167
19234
24694
12302
29744
25209
3626
14733
6864
22628
8108
14851
510
2109
18889
11046
6835
27784
32118
31331
21015
7539
6091
30860
8566
6688
17286
29264
19947
8993
14183
445
19407
17404
16367
17101
3885
31373
21077
21295
29322
10693
14753
4310
29141
2747
27198
592
22240
8663
3415
2153
2749
8360
8065
32616
24133
8689
21928
8254
12013
20616
2168
28806
2613
24518
19858
10337
13498
8741
5376
31968
13291
19901
16360
407
31286
582
10853
11096
8338
16608
8307
3040
28002
15761
29157
1394
27055
21605
13817
1982
13418
16504
19134
27933
31566
25723
2283
21653
19156
20910
7799
14627
6952
13198
17395
6671
6431
4436
22122
32547
22451
176
30793
26013
13164
21329
24273
32079
13553
32074
1175
27986
28562
32170
24709
32449
4373
12791
11994
12532
23507
14741
30235
9773
10605
18521
22178
5570
16128
13612
24040
7277
11234
28106
8924
26231
8102
21022
19509
10003
5743
29465
23918
18388
31640
32496
10119
15457
20140
20464
864
31861
17460
29942
6797
18273
2661
2954
8510
9052
15973
14633
29678
17197
21636
2946
23634
20914
25717
21953
30703
84
22535
5235
22617
1146
23768
17596
7868
12583
1661
28961
30935
19075
15560
31241
1536
10979
4913
16566
21494
28740
16941
266
16777
32003
16609
32642
16734
4496
275
6911
10119
12507
7950
216
15946
10126
1067
20650
1688
19650
5189
25579
889
21296
32668
4267
14179
15754
32636
11129
17308
23590
32397
15550
17746
590
27997
5730
582
18980
3711
18966
27478
22407
16666
26461
8692
3939
12614
4638
25920
30799
4697
15086
30420
5615
15295
9768
14181
30369
2018
32020
6213
17528
17718
9289
30963
5656
5795
22513
31498
28334
28124
5144
9606
14996
31511
20225
28398
29917
5581
12399
32594
20465
31605
12539
91
22606
15797
13298
21876
2175
7215
9136
12763
1958
19044
1454
25785
21046
23226
15110
16261
31691
13953
6449
26600
30352
16949
17387
26428
19997
21813
11363
9166
29078
19044
30577
18075
27751
7260
6747
5084
19690
29661
8011
23596
32489
6080
26849
30918
1879
9708
7649
3205
25213
23754
18098
3985
15579
8386
22280
26682
30416
7820
21155
10013
