552
31886
23568
7854
381
29724
10388
1810
9786
31576
31805
3790
29511
18879
17659
4099
11063
23385
7660
18680
9698
25664
30460
22872
18705
5678
12607
12711
31678
2485
28214
30005
604
30665
20847
8137
7098
14165
9087
1795
16573
25944
27706
8177
12821
18934
1339
1164
3962
5081
8641
25727
5309
6315
23238
13362
30957
26063
10237
31556
27607
10891
30548
28737
3486
7284
23073
22134
2353
29369
5071
4609
30824
31362
1300
28330
2859
9105
10228
28199
20172
17105
24091
25971
8250
14515
1649
11674
6045
19627
26743
25447
2355
2433
203
14349
4578
27160
27447
32310
4863
29935
1884
5440
12293
18734
21178
19818
15395
7109
813
25264
23307
29916
18997
10735
2793
25029
392
28681
32391
6693
16747
32557
30509
32509
12305
22508
12632
11973
21795
441
7683
2045
20839
14192
17209
16981
17204
17138
23671
20117
10760
9430
3199
1716
29537
5561
17283
22901
23196
11136
4090
31986
28431
14719
4831
4501
25535
29225
28144
5420
15019
23875
7579
27403
31510
10894
21904
27361
18656
4685
7283
13524
8704
15025
8373
18090
14064
31026
14647
26986
11422
1267
20853
25585
25571
623
24072
3324
19214
19558
12265
24964
407
31242
1995
22297
9035
9841
28449
15284
32299
7837
30757
4567
22597
25540
20965
28751
16047
8557
20103
26218
6466
18485
25654
27516
16181
20159
23181
6452
23879
12543
26752
29086
19459
22294
23753
19630
32540
2950
24822
21737
13830
20375
17841
27531
30732
2882
8889
21639
15924
2600
15500
5285
10426
26917
23664
16741
2472
8897
16362
14240
17749
20378
1047
18453
15272
1118
1868
17252
16726
8539
26201
6157
30576
10224
29613
1378
14057
30948
12610
14096
20300
23677
3418
15572
21223
25269
15287
7703
21333
1430
26568
15024
27891
4361
5978
982
17349
27468
19359
10398
32589
4921
21163
7827
3112
13327
2482
17262
21304
19110
8552
1512
3914
23090
22351
21621
23493
1738
24338
21212
9277
28907
15154
25208
14710
15057
11009
21814
21620
819
6156
31111
15861
4952
16538
32090
10167
18532
15420
24332
14164
26685
13748
4314
1692
3630
28562
28158
14838
25772
24488
22700
23
23548
22221
16956
12048
3349
31798
2076
29642
23290
12746
19579
1985
22686
19721
26229
7477
23750
27655
6768
23994
1762
682
28287
12815
9376
13569
30984
11557
16390
11600
14831
12761
10895
10196
31177
22745
22115
29798
6376
10111
31729
4477
9659
31725
30097
19800
1380
24186
23986
4101
7231
6478
26659
18467
13802
27459
650
32342
6532
7597
8650
11400
29727
16101
22034
8854
30315
27287
14314
28042
32428
31084
7107
6858
17102
29343
17065
24161
15509
25687
6711
12236
21362
1776
10026
29224
23491
7792
10213
11385
27095
32592
7754
11272
5387
29753
30681
9448
999
17064
4707
25803
28519
28322
26431
21145
24944
4875
5367
20582
29570
2035
3806
12468
30934
1552
25560
27000
11108
12147
2410
8642
28233
1016
1462
14344
19576
1351
27459
26329
16435
18146
6416
9884
29257
17206
26662
5567
27464
27109
4770
293
20890
12726
30378
23978
6679
19249
13926
14343
18489
14530
17218
28543
11325
21562
14158
27118
26382
9472
4201
19754
27366
26813
30644
905
7958
10132
30615
2524
9468
6098
19275
108
988
166
5050
799
19617
14228
29980
27486
6881
24527
22079
15267
23323
22746
9760
27411
14942
22934
9248
16744
24035
12693
16577
4383
17429
15052
28682
26315
10819
26141
29225
29157
