398
23398
919
32234
12036
11461
18740
13825
17989
28407
1830
949
18410
6767
28475
27419
2363
4262
7945
834
7274
13224
29544
28500
23593
15906
16755
25412
31466
15544
8494
14427
8792
8277
9971
9745
23382
1139
19765
13425
16290
1486
8601
30557
11631
2084
29643
20571
24631
4120
15567
29917
3228
4463
30620
15833
26170
14348
12339
3780
14898
9925
10095
24074
592
20465
21200
9209
31266
9079
13418
16316
22929
3745
14298
7659
8103
7583
8952
1191
4479
2827
5898
21773
14964
20629
28871
22384
25460
30557
13502
9616
9993
1533
13392
13678
1829
27307
27876
31674
372
17899
7429
22242
31911
9191
8021
26380
1421
14443
25176
1331
8112
21613
1294
17872
821
5987
3689
4176
3487
27763
12119
29877
26525
30742
26889
16421
10127
13147
20551
5698
1497
32119
9924
20632
12368
24385
21262
29160
3805
8750
17478
20949
9153
27722
24823
4042
2534
23965
20777
16238
10131
18443
2718
13691
7883
14510
23504
32330
7125
31659
7327
1826
32484
24988
14648
24255
18388
537
11012
29735
24250
22483
30648
18843
4574
1354
2358
31005
130
16355
21501
11051
29690
10081
29064
11379
7010
8365
22905
5180
4594
13879
25208
1790
21339
376
16967
24151
30795
5691
25355
20079
26428
28588
13280
596
23626
4494
18460
2888
24932
18877
21616
18957
4162
26337
22167
21808
31122
25369
8207
19552
2834
27005
23617
27288
1919
23995
28832
28979
25386
31451
13518
6041
14273
3466
26671
14838
8237
11581
24307
14442
4289
8540
9128
28523
6578
11619
15151
25511
3511
11968
27073
7596
14605
11715
1030
10343
7509
7211
17348
7971
25950
1496
6335
523
5109
27698
6711
7483
21869
31734
27640
13494
26419
2375
1597
2198
32229
20051
6313
11056
7696
11140
11344
15343
12376
32049
3227
14756
8055
30265
10751
30345
32064
5762
5458
12525
4380
15498
5259
28081
23198
28497
30994
2242
24267
23860
10932
19405
5460
22579
18486
15360
16139
25832
2194
24037
28387
13927
25833
24911
4382
920
10756
10110
29935
6595
12763
31595
18396
16134
5312
2919
25350
31401
10334
28502
14694
16255
4530
14252
12213
28510
10093
14012
20807
17525
30151
23454
10965
15770
12681
13201
3876
27711
16526
29488
14358
14810
9078
28550
1844
21621
13485
5385
11052
23579
25037
27521
7143
18654
24097
21352
3973
24105
11819
25535
16881
16633
21905
4479
25790
24138
30779
21105
16124
16286
16771
2390
30773
286
10858
28711
27100
13665
9540
