646
25707
12222
30254
13407
29846
30234
2424
8576
5499
14495
32601
16448
25290
29166
7177
18408
19627
7713
22354
9913
4411
1416
27515
28977
10557
15974
4343
31695
12555
1898
8165
22230
20829
29914
25549
2265
8792
19715
15546
24015
25776
29430
27843
2437
1302
26452
8458
14805
17082
30805
31652
27639
15222
5102
9626
27305
11000
11078
16287
25317
25031
14073
1098
4696
6422
28500
21252
1345
27927
10952
19985
30516
20833
27637
2860
1229
6829
21461
24980
30042
31885
18829
3510
27412
28797
18655
16776
25337
18571
23034
2205
28693
10810
22341
25602
2934
29947
18600
25205
13239
13885
32495
15324
25109
23620
20927
2244
24539
24350
2932
18264
29353
22932
18707
32005
28905
8129
17803
18489
18730
32170
9390
27003
10539
20158
2093
24878
28151
23594
2416
20272
23167
20189
8111
14734
4171
8596
7056
17432
29208
23005
18138
5219
28409
19229
24884
25514
17970
29651
8694
2206
11406
5333
1509
31226
12813
16342
17600
9977
1388
25374
3937
30850
10961
7512
22028
14610
21515
28380
4656
29759
6905
16748
19111
14148
5367
19840
16924
4825
20937
16303
24774
20767
6557
17193
20764
1407
19792
14067
4717
15400
4388
2302
13676
19240
25290
10792
3833
9972
21982
11067
13358
26907
5572
23189
21126
11805
29892
3409
24600
22294
16181
28263
1728
26833
24467
9514
4856
15022
4407
20293
22314
16968
28743
15111
20556
2929
3776
27004
24181
24947
7872
2639
31252
15805
28831
23907
11323
21287
15180
7091
21590
28701
11016
8228
2207
17792
5201
19200
27592
10272
14227
995
28975
4923
1193
8272
16098
28584
7752
27937
4300
22336
26110
6731
6872
8635
720
11729
3037
28845
3363
22766
11425
1111
17990
18413
8706
16149
30113
501
1813
31752
24954
28005
14196
30540
11642
29699
7721
26603
29358
13213
9248
31165
26830
17178
583
2766
15797
13582
7811
11689
28096
12065
27128
22718
8944
27531
20858
12883
16830
2467
32404
12334
23489
17363
9794
11792
31847
12146
12092
272
20658
16641
31488
25803
20080
11194
15526
30139
21169
23272
5540
28828
12297
5044
16485
5291
15487
27334
3188
14777
9898
12328
439
5214
22497
5076
10086
20983
138
3559
10983
12955
27154
14901
11705
12718
27064
25386
24936
8628
2543
14066
19541
15975
27181
23472
13464
25082
10512
8073
25077
591
10489
17195
26550
31673
22845
3552
26225
9251
18150
26183
30199
23975
28193
13881
10384
21533
15208
22756
22750
25084
2874
30885
5352
22626
20648
28808
1719
3321
25996
27884
20776
9725
13818
29183
8982
9694
8240
22008
7484
20508
27747
17152
14205
21916
19988
32103
13559
1318
32639
618
398
1059
19821
24640
19248
19487
23023
10303
15204
9666
12541
14442
1323
15362
26787
18848
5012
28033
6701
30839
10442
13269
29901
22355
17905
13486
10786
8528
7797
3808
26763
12092
28957
15635
7217
22360
4135
8054
11642
10440
15016
12761
31296
3616
4208
2911
31842
24330
1156
27523
5169
17412
5186
18126
30901
2559
9823
5911
26357
15118
9250
15389
28434
16424
22544
7691
26477
30513
8376
19891
21008
19269
20345
3147
24443
28709
17696
7244
2018
31502
20891
25182
14232
24768
22215
8884
2351
6214
32411
20699
18614
22830
20945
14103
6255
30603
17997
31478
23766
13092
11118
26191
8197
29402
10571
20165
20056
28804
27076
29367
8985
9139
16942
2607
17995
31399
5044
32003
9396
23740
27589
12972
20595
10153
24289
583
3009
16165
30034
32591
5289
27283
16121
20867
24936
8482
5911
3012
14902
4968
31856
7373
8712
26264
29456
6932
24098
23966
28907
30599
17837
3349
29604
6398
8124
3809
29586
6395
12444
21241
29313
27367
26952
6359
26056
2746
4643
101
24142
20099
17679
13955
19444
15856
20703
12001
18021
27180
23712
1695
12675
19162
3060
31313
19278
25028
19620
874
28500
14026
32635
28968
15335
8375
1641
16136
13037
11959
9059
24668
17925
11696
16654
17608
4445
4240
12370
21139
16219
25611
7682
4832
9971
22910
7869
3784
17998
5593
13712
23730
9758
