673
25380
28081
24795
31754
29358
18703
21907
29493
3831
14885
32168
30191
23524
19565
14021
16540
30647
9219
5132
31764
27827
17085
27416
13497
20602
15242
7132
26334
25850
20070
28273
4487
25853
32050
31046
16337
26838
7377
464
17411
6592
31687
13422
17004
24919
787
8310
24251
20403
1957
26333
14170
7233
23928
9434
17940
28843
15924
3339
17208
16627
254
6216
1718
13163
12115
21569
15530
7291
16629
7779
20879
23259
8477
6084
101
19423
3354
12682
31057
1199
32490
10907
12284
21357
7214
15211
26616
6319
3432
168
31080
11642
30252
24326
561
17782
221
23823
22152
30707
27970
20696
27013
8090
6959
2129
1641
29346
28185
31470
2426
16404
18490
30489
1751
12484
11285
1365
12777
20387
2141
20534
18671
30650
31148
25748
14038
20227
3929
16929
26396
23390
30109
15687
19454
28876
17145
6423
20754
30409
16979
721
25
20051
11576
7756
15946
20401
16003
5701
768
31774
4613
25694
1330
22787
28590
10889
9683
21473
5467
31481
19026
21176
17656
6339
14690
10316
1113
21499
15507
5952
24399
17619
3816
28775
9641
2736
9850
13284
5737
15489
32463
9910
4880
10545
32756
23664
4
6175
10562
31659
10480
17975
28835
28644
29311
5226
11166
26684
7152
15566
29909
8796
25150
28323
26191
14851
15327
7222
8669
10877
16970
25670
28470
25237
7532
24207
27538
1369
23819
13555
6103
23741
30828
28955
14961
13428
2161
27554
31765
22287
11650
29277
20550
29906
21907
31495
19268
29801
20105
26629
9855
23178
22527
7445
29083
19696
5790
18808
27989
568
1659
6009
18873
9052
8826
15194
14089
29188
6377
13666
2996
14045
19177
23681
14993
7382
17597
12028
849
27214
22358
15629
15214
26387
8181
28129
1150
10814
21972
30900
16058
32607
11323
18850
10161
9417
24699
28767
25954
27751
6387
28309
27451
7698
24179
7949
9921
24679
29608
26270
2366
20152
19310
3151
26116
13074
7904
672
7916
18548
32457
10251
6401
6443
20529
31077
32199
9161
6097
27582
21962
34
18187
7832
28496
18163
17357
28693
20994
11904
12950
6226
28921
10988
4166
25657
11996
24238
31552
17549
29328
2857
23310
19197
20807
1826
24506
4650
15545
6763
19191
11302
6248
27338
25807
3364
5020
1366
11681
9305
22472
25467
25117
11534
32488
18338
17529
24139
12198
31881
5300
6212
12639
20275
12677
20476
2275
19074
28160
14292
15105
1812
13293
7883
3139
22512
20609
14623
5872
24678
7240
5133
31204
22657
12793
12828
19775
25023
8750
31975
23742
14038
1861
31419
29814
27432
20311
21825
8549
18899
1830
23651
19898
18911
25492
32643
32692
18775
24120
17160
19963
25820
5060
30032
7544
18858
22381
20977
11486
25047
8782
20783
30606
30038
4817
25518
26521
3236
8432
29674
1188
20330
12174
19770
26605
16754
6670
19808
22565
31916
13180
5960
26136
29171
28844
6653
28538
19408
14215
27885
19952
1246
9399
17123
31575
1381
21615
32046
16059
31580
15197
9732
14831
19526
8023
2820
15185
1361
4607
6382
26905
3690
31264
26278
1376
7707
8041
21796
31012
22414
23024
22380
11810
28087
9094
19152
22834
28793
29968
25441
6235
10858
17591
30046
20636
26742
10295
25293
722
20198
7017
13335
23628
11994
18208
21092
17738
25469
24021
26185
2897
11204
12714
8972
21433
2900
16554
2015
19217
26405
14959
1611
10949
7145
85
23983
12922
19759
134
2704
5057
27203
10791
22322
10545
14331
25088
13405
7582
25875
6970
32256
8731
2233
859
13545
21870
21883
20034
28219
7653
30580
22551
24276
23821
18364
13291
28168
25349
12099
5556
6389
7530
11885
20711
2716
20050
31267
21130
17188
3581
25939
17698
5639
18946
15851
10973
16847
14978
7507
30548
13511
883
16905
19217
26387
9142
3219
11739
10591
4448
26498
26767
2507
28048
20481
28074
24427
292
19886
27004
27708
29598
1050
12790
9057
7588
29044
8063
26534
6229
22809
14942
10072
28201
2512
22453
21758
18370
16794
5922
32303
27072
10113
21019
7152
25591
11579
686
18196
363
4414
4638
10453
13328
13534
1558
13190
6223
26061
22339
14189
20953
9967
11743
1364
11702
5362
31381
30490
11465
24860
14198
6257
32211
18170
1677
24078
29356
5745
