951
16609
18456
29572
7154
6832
948
16336
146
15147
20203
5051
7017
10092
27696
26161
12793
26278
8812
4250
20987
10040
25880
19603
1815
32108
19751
31342
3103
32021
27569
14922
32039
21882
11035
13051
4231
8570
24470
3623
22293
2731
29657
16910
26300
20345
19938
25360
30544
22596
25050
17476
18280
14021
32612
15823
25804
5827
20979
11532
3136
27476
574
734
5025
7150
4843
18405
28125
7123
5293
6107
19628
25559
23900
17008
9556
9331
10717
6956
17703
9673
24460
15008
6988
22961
16069
12935
13309
14877
11760
19967
24049
211
21470
20220
3627
13577
7818
27961
6713
10956
32128
14794
8894
55
15017
11820
10866
3683
20805
12690
20940
331
24088
16573
27778
30854
4623
20034
22397
16091
12388
840
6944
31243
26689
19676
958
15371
29336
19363
12130
330
30333
32555
2656
30946
18215
31275
20379
19269
31441
354
14543
23763
16338
6646
5978
30330
10836
14934
8343
605
27351
16096
16674
9875
13688
24061
32648
14708
30757
21419
28564
5292
18864
1338
24431
17195
817
13933
23394
19930
13384
31065
1930
31485
22387
2084
2235
11314
3949
13868
27438
14413
30019
24641
816
17200
12780
11191
31130
11115
1863
17302
14046
28931
13397
16288
19166
28143
14234
11300
15102
5130
31758
8224
25744
26382
28640
1963
11026
2695
29526
18041
20566
9042
9220
2066
16010
3202
29366
3044
23408
4519
17696
3330
1482
7132
4035
31471
30662
20631
2650
29815
25456
25571
9346
19453
22720
27180
20539
14406
22530
10796
28195
32112
15723
11927
4705
19638
29346
26096
27005
20377
13825
24168
31567
6343
13681
17697
21280
4015
28644
23734
10060
28811
13262
1892
28273
26535
19545
8369
1145
3367
18713
26000
13500
195
27140
12169
26244
2546
10527
7041
31902
20023
12117
12890
11733
26644
20322
13904
23927
10307
5359
25997
3706
27135
1302
7870
3655
24675
4302
6228
20522
15093
24691
30510
12584
2801
24523
4233
3509
25035
29919
22547
19473
22372
29443
9584
3346
7773
7124
18642
21827
13315
32107
5481
1809
565
5113
7719
22796
7332
14674
22324
27272
9054
24536
22857
32406
11537
28988
14206
1331
29732
17103
8946
20256
28741
30608
18778
28316
22467
3256
14402
21032
20686
31852
18908
9924
29486
32098
25321
3643
28150
5983
7735
27857
15657
12287
13669
26934
30967
2184
29987
317
3034
5757
10642
4045
26955
13668
22800
22224
23172
27095
32481
21397
14934
15990
32111
23810
3583
13281
8883
13092
12090
19444
2260
8917
28402
13857
22912
12275
1875
5790
5790
17931
8102
23783
32107
22588
10731
9966
29589
26890
10745
19701
8588
2201
2333
1956
31754
28636
18375
3634
6743
16387
11133
22320
20895
9701
13934
7719
2154
8864
9957
22780
24667
7170
13587
5099
25478
12787
12904
7723
30352
13325
11520
16367
8164
25423
7618
11760
32321
32729
5967
7828
22320
31554
25259
1380
32485
19043
4939
2852
12630
15692
7005
17622
29370
27362
25490
18865
24476
18633
19541
7422
7405
19222
32652
1863
800
32141
32029
7085
5590
16611
28625
29995
5171
29112
17505
7307
17230
13876
14066
3479
30205
19909
14191
13264
23015
5379
30902
27463
3069
24951
847
24905
5347
5033
28261
22841
8161
11679
29241
29686
23565
25748
12039
27938
18751
27488
21427
11785
9609
3687
1348
9229
31154
18689
24172
28276
18242
8846
13327
5760
9434
8754
29725
20853
9269
23827
1759
9287
19665
16134
7664
9897
10565
20028
19722
7869
26801
14983
29265
1161
521
1772
2379
5203
3791
419
26298
10965
11646
7105
8866
3109
25350
7509
23274
24164
11568
7991
20662
8095
26668
10798
14805
6407
19130
3507
21224
30668
25121
7197
1731
14474
15231
3352
28315
10715
12400
1616
18262
26220
899
32038
13536
19114
14983
21946
21891
5126
10823
29499
26149
3580
25108
22032
28905
20476
19223
22745
15235
5829
5527
645
8285
24030
28650
19615
25377
17020
21080
10494
7983
9130
8676
19873
8254
6684
17464
29010
26311
12310
86
13067
29546
21945
9999
27264
21988
29316
20970
31791
6114
26664
18312
24278
6499
22762
21452
19378
12170
3942
8092
29746
29972
22856
15655
7690
18600
29760
6925
7583
17731
14980
23162
26711
17269
26376
12976
4912
28363
18458
11176
18506
30223
26921
7922
20154
3696
25094
11978
23917
21771
16152
30709
14045
30995
16301
13205
233
32346
25502
10520
13666
2298
14281
13345
17065
21259
30640
4028
15694
11872
10332
12942
4079
3991
29498
20193
16463
31837
26847
169
16934
32489
27934
26300
4041
11818
10105
29119
16708
20483
8985
23332
27327
23322
7693
11952
2374
25093
17256
12865
2380
27970
8322
5731
30217
3225
3548
32251
6363
24792
16725
16105
21305
15944
20597
3956
26011
7251
11329
13545
14066
7071
616
18877
15234
27135
23261
12095
26520
5686
6219
9481
7794
10185
32339
28218
6811
6505
32632
19891
21251
29297
7351
11314
15173
8898
12362
3086
6835
12731
19849
27514
18582
20783
29927
21301
399
22025
14865
26412
19561
2266
17136
3401
18281
8471
32088
17460
8705
31139
29059
14157
2238
8803
19588
22637
15328
3511
10863
24434
3943
2657
4057
6306
4448
29076
2174
31160
10417
518
9230
15436
18876
11331
24923
98
25084
13788
19132
21083
17812
4096
29780
951
31873
442
12465
19176
26923
12228
874
1453
3279
24338
12352
732
2649
28386
11320
26735
20373
31018
31144
22595
10773
24088
8469
31082
5125
27929
16336
25187
26318
20800
11577
30024
11547
13919
26446
6144
4792
11106
7382
9938
5236
25100
13060
29913
32559
10167
3266
5113
16055
16033
14428
4235
31076
1073
22927
7534
23475
23568
32119
25147
31408
7714
14366
2939
19494
28110
12395
10443
10782
32497
4754
7304
2046
27209
9702
2361
13706
10652
30579
3592
30467
29367
20552
16949
31717
16903
17810
24946
5452
29197
3877
21104
17293
27242
3597
31001
15757
11204
3830
3835
14233
25486
23683
21478
32701
7846
