967
29742
1393
27029
13345
21085
20660
24095
28297
27676
19086
22008
31690
5773
9578
29891
28855
30563
13055
14255
29969
10756
20442
26335
21684
10391
5403
29967
10606
11517
20916
6568
13613
19923
5094
28001
13231
6450
7581
6705
3666
21483
27060
4621
27465
9173
7687
18087
18606
23151
10502
30648
14458
17208
3538
9809
32595
25639
1721
1942
4965
26628
7605
8060
28541
31390
31317
12670
6272
26170
7047
26233
18749
27011
29703
31633
19440
8741
1320
27084
25944
24320
5981
15254
16291
12638
26216
25386
15482
27704
30184
27953
877
26881
30092
15200
19430
1207
8774
23386
7646
14862
1534
24615
20122
435
13199
26299
5712
12096
31149
11478
20207
24348
8183
28596
20685
29400
18835
892
22337
20900
2108
32712
9521
4718
13556
27033
8719
23118
12514
31725
19312
17158
8943
791
27132
6852
4247
29014
24745
576
25880
30168
23748
28247
12336
11800
7704
4495
26714
12748
26009
16482
30159
5073
5859
18910
5351
29845
31371
10944
5325
32704
31558
2246
9885
16888
31935
21449
10962
11964
21730
27497
16540
24918
28912
14519
24581
11501
30564
10004
6570
16096
29405
6609
29735
2633
18525
24224
22537
7166
8471
15971
5800
28106
24292
22449
7502
16749
24958
19388
3678
10670
24830
1208
32484
17423
25966
30684
2394
25117
4911
3623
24338
28134
23384
21397
21612
28278
28064
28309
17824
25516
6012
12070
14530
17432
24520
12643
15756
567
2793
28710
17100
22433
14850
193
29864
875
10067
11801
13175
3999
2819
31190
16745
27052
740
28780
32481
11590
29629
12660
21919
1000
2277
14883
5439
6976
13622
6324
23750
60
20910
9366
9668
24444
16539
27379
15666
14121
20355
12435
20737
415
26863
18931
5535
29452
32364
25172
29677
3223
232
16499
11378
594
8204
19019
19884
6437
154
15995
12772
2900
30430
30311
25999
25804
28055
5264
17228
25090
24595
8290
4399
9293
2653
21338
5922
12921
5446
25136
14385
714
8237
10323
13376
24754
16876
28240
14611
27995
15597
29932
12011
3402
32322
5549
14296
2916
3536
19340
32317
21741
29191
24722
24631
23862
21955
24495
29412
5374
21418
21608
3705
11478
25681
6858
9876
18523
13223
3340
8854
8530
8188
14386
23603
2772
8047
30051
22678
30429
8869
12687
30785
5710
27613
21889
30575
22266
17883
14553
2972
4424
15303
5299
23110
19867
31415
10441
19946
5476
6609
17678
29152
14301
16004
17584
31756
28380
22656
14806
27616
19988
4812
6089
20847
8934
152
32381
7195
23017
20966
30567
26086
30855
10885
11778
29637
6534
9478
22121
22975
12932
6561
8499
5263
24879
16167
27229
23990
5755
15480
3693
29080
18633
15976
25601
10240
32402
11821
10701
1521
31701
16583
3625
20936
5153
23050
2604
14318
27649
15461
24266
5824
23494
24287
13707
20469
31633
29538
14430
8047
27757
13230
13279
1139
13205
11601
30829
14872
18465
13961
22131
23920
16893
19259
30003
12729
23673
13669
22080
17151
19567
17437
23092
7474
27702
15248
15572
14136
22974
11399
5707
18766
22472
15433
1582
29366
25492
18159
20554
17077
24870
28882
8841
20906
17249
24219
16565
1615
13979
9098
19430
16780
13727
6680
12436
21128
7188
24692
7277
10653
20729
7126
20083
21923
20864
7486
25288
9350
4856
10816
9053
22247
21779
9838
31972
6542
32742
6116
18769
3539
21451
13874
14475
19246
23263
11129
24185
14777
13658
10588
11782
3910
16858
2695
9189
24409
30919
28935
21250
10064
860
3840
8603
24914
32229
23384
9742
9556
924
13577
28444
1414
11711
6615
28638
17402
14797
25578
10367
15524
28739
28429
29755
19513
28399
16207
26057
19601
16099
30106
26055
23113
23491
17123
21572
20943
22201
19766
5940
27681
12037
7865
12023
28538
29080
16578
29652
19957
6091
22068
19405
19086
30222
3591
15509
22469
1675
31575
29009
24523
909
15085
14850
881
13345
19540
29921
1505
14406
27753
14243
29083
9277
32399
4196
10230
32747
29421
13439
19503
7737
15661
28916
30496
22005
30394
16840
27232
14682
5218
1588
10115
30108
20353
16109
26178
6632
16418
17729
21803
32128
26338
18047
23009
9837
28703
12704
23348
22454
16699
18457
18871
23490
17089
24289
12006
814
14339
1653
30067
25897
29547
1000
7576
4266
17611
31989
3680
9654
32388
28937
2461
22438
5715
3513
7067
15768
5912
28529
609
20925
11553
60
6070
8525
22386
20178
5172
25961
4546
30632
21880
28412
17163
32169
16758
10509
1944
16060
32698
21594
21522
19575
1820
20746
10628
24930
17302
3727
32721
25874
19858
1479
13731
15672
24721
4877
17398
5156
680
7878
3111
750
32130
18129
6803
4454
23911
14232
6436
1900
7352
1305
6801
1939
20840
27294
23463
19931
9210
15732
11144
25233
4813
16481
26819
13756
27560
8054
17995
13072
10482
26109
7014
20901
5112
10064
27765
9465
26102
10131
11955
23658
8375
28071
11707
17901
27005
29667
7851
17052
18051
17063
22857
3436
30022
10849
31232
20039
20037
25876
17620
329
12096
9432
6324
17644
21728
30794
23109
18592
17927
6996
29478
23592
1827
19736
10995
25157
22453
32658
2284
83
15063
17349
17686
26419
6726
4313
787
12587
23424
521
26194
23048
23509
953
4362
9760
119
7568
17802
20609
22710
12475
19663
7404
11216
25308
4590
25294
23275
15220
11998
30410
15576
9887
29926
22843
26670
4388
20765
8695
10491
2425
13249
16113
20252
10960
32241
29364
19745
30931
27894
7190
8345
22916
29816
7223
14533
3427
16029
15734
29352
18936
25362
1902
1336
23630
10309
30012
12873
25059
32286
11484
27189
9596
18151
9777
24680
17859
6982
10983
28587
8090
635
26644
10540
31816
12653
28577
27012
3186
19210
94
16022
24550
17789
17651
20683
15175
28734
199
17117
3001
27375
10207
21977
25782
27555
12899
11281
16844
23764
26223
13441
24855
10702
19165
22232
6553
5219
27954
8927
28028
5877
31885
31554
31222
2885
3353
21296
11568
28687
18170
3087
8387
12621
5435
17838
17966
22086
360
2328
21581
26503
19755
21918
12130
3222
19056
23152
22344
