247
1361956 1 1361956 1000000000
1 376140463 1000000000 376140463
762888636 1 762888636 1000000000
1 158176573 1000000000 158176573
9580639 1 9580639 1000000000
1 178509023 1000000000 178509023
841082556 1 841082556 1000000000
1 26389630 1000000000 26389630
925801173 1 925801173 1000000000
1 656585276 1000000000 656585276
403573724 1 403573724 1000000000
1 296231663 1000000000 296231663
520690250 1 520690250 1000000000
1 799313373 1000000000 799313373
614608449 1 614608449 1000000000
1 555253432 1000000000 555253432
528156707 1 528156707 1000000000
1 152040411 1000000000 152040411
37883251 1 37883251 1000000000
1 205461190 1000000000 205461190
785986539 1 785986539 1000000000
1 775142615 1000000000 775142615
555144413 1 555144413 1000000000
1 590064714 1000000000 590064714
489726670 1 489726670 1000000000
1 210461043 1000000000 210461043
29523792 1 29523792 1000000000
1 905203770 1000000000 905203770
118054687 1 118054687 1000000000
1 150625750 1000000000 150625750
271356543 1 271356543 1000000000
1 226102989 1000000000 226102989
807688148 1 807688148 1000000000
1 747545899 1000000000 747545899
675026050 1 675026050 1000000000
1 203959041 1000000000 203959041
104714246 1 104714246 1000000000
1 960570656 1000000000 960570656
674385237 1 674385237 1000000000
1 917826070 1000000000 917826070
197877364 1 197877364 1000000000
1 649320809 1000000000 649320809
795364952 1 795364952 1000000000
1 618524434 1000000000 618524434
717028607 1 717028607 1000000000
1 116584253 1000000000 116584253
85199311 1 85199311 1000000000
1 439133758 1000000000 439133758
792406062 1 792406062 1000000000
1 322205909 1000000000 322205909
654604898 1 654604898 1000000000
1 112541862 1000000000 112541862
711659178 1 711659178 1000000000
1 546812146 1000000000 546812146
6347420 1 6347420 1000000000
1 802439067 1000000000 802439067
26183360 1 26183360 1000000000
1 21890134 1000000000 21890134
141356141 1 141356141 1000000000
1 15765553 1000000000 15765553
181391331 1 181391331 1000000000
1 861562696 1000000000 861562696
155504810 1 155504810 1000000000
1 71055043 1000000000 71055043
334302762 1 334302762 1000000000
1 961242387 1000000000 961242387
245362314 1 245362314 1000000000
1 57772653 1000000000 57772653
957259212 1 957259212 1000000000
1 50562949 1000000000 50562949
15933737 1 15933737 1000000000
1 278265999 1000000000 278265999
628727977 1 628727977 1000000000
1 7731314 1000000000 7731314
238727431 1 238727431 1000000000
1 918128718 1000000000 918128718
569235395 1 569235395 1000000000
1 33386289 1000000000 33386289
17776007 1 17776007 1000000000
1 313816596 1000000000 313816596
258294463 1 258294463 1000000000
1 86041628 1000000000 86041628
226179699 1 226179699 1000000000
1 334102286 1000000000 334102286
164843367 1 164843367 1000000000
1 693163025 1000000000 693163025
161894772 1 161894772 1000000000
1 621233323 1000000000 621233323
853874984 1 853874984 1000000000
1 212243445 1000000000 212243445
473847709 1 473847709 1000000000
1 19473953 1000000000 19473953
616806550 1 616806550 1000000000
1 279393326 1000000000 279393326
422589151 1 422589151 1000000000
1 379641322 1000000000 379641322
214934245 1 214934245 1000000000
1 117470247 1000000000 117470247
738331540 1 738331540 1000000000
1 329898305 1000000000 329898305
778377584 1 778377584 1000000000
1 105563599 1000000000 105563599
781534199 1 781534199 1000000000
1 53667751 1000000000 53667751
228141365 1 228141365 1000000000
1 650633496 1000000000 650633496
669286311 1 669286311 1000000000
1 329000034 1000000000 329000034
33339989 1 33339989 1000000000
1 656697209 1000000000 656697209
851655466 1 851655466 1000000000
1 722349051 1000000000 722349051
827862934 1 827862934 1000000000
1 959846254 1000000000 959846254
211940198 1 211940198 1000000000
1 675059646 1000000000 675059646
846206434 1 846206434 1000000000
1 918392821 1000000000 918392821
206036264 1 206036264 1000000000
1 186976572 1000000000 186976572
398615495 1 398615495 1000000000
1 42621457 1000000000 42621457
9940127 1 9940127 1000000000
1 97371593 1000000000 97371593
574966007 1 574966007 1000000000
1 926989897 1000000000 926989897
927952095 1 927952095 1000000000
1 889741824 1000000000 889741824
472616392 1 472616392 1000000000
1 939048 1000000000 939048
734324576 1 734324576 1000000000
1 19955005 1000000000 19955005
463536819 1 463536819 1000000000
1 24537532 1000000000 24537532
497589119 1 497589119 1000000000
1 652840224 1000000000 652840224
764116951 1 764116951 1000000000
1 738895129 1000000000 738895129
264619514 1 264619514 1000000000
1 669333775 1000000000 669333775
675902581 1 675902581 1000000000
1 482898390 1000000000 482898390
784365687 1 784365687 1000000000
1 597378482 1000000000 597378482
645203571 1 645203571 1000000000
1 701772941 1000000000 701772941
534233339 1 534233339 1000000000
1 403607670 1000000000 403607670
698565083 1 698565083 1000000000
1 390041181 1000000000 390041181
933552501 1 933552501 1000000000
1 177019660 1000000000 177019660
622876764 1 622876764 1000000000
1 868495465 1000000000 868495465
416880435 1 416880435 1000000000
1 409872106 1000000000 409872106
817164486 1 817164486 1000000000
1 495370072 1000000000 495370072
990016105 1 990016105 1000000000
1 802316487 1000000000 802316487
593594000 1 593594000 1000000000
1 785696469 1000000000 785696469
424066479 1 424066479 1000000000
1 811932705 1000000000 811932705
371382612 1 371382612 1000000000
1 317078798 1000000000 317078798
153580929 1 153580929 1000000000
1 874225337 1000000000 874225337
246312015 1 246312015 1000000000
1 43914807 1000000000 43914807
960417728 1 960417728 1000000000
1 73019923 1000000000 73019923
305337827 1 305337827 1000000000
1 692611079 1000000000 692611079
402740014 1 402740014 1000000000
1 481951993 1000000000 481951993
538681111 1 538681111 1000000000
1 828022072 1000000000 828022072
578682611 1 578682611 1000000000
1 398405367 1000000000 398405367
348910355 1 348910355 1000000000
1 959854857 1000000000 959854857
454885917 1 454885917 1000000000
1 731924446 1000000000 731924446
878730919 1 878730919 1000000000
1 803482301 1000000000 803482301
677479193 1 677479193 1000000000
1 285567299 1000000000 285567299
494002116 1 494002116 1000000000
1 433664283 1000000000 433664283
464058173 1 464058173 1000000000
1 928987134 1000000000 928987134
600868095 1 600868095 1000000000
1 35193838 1000000000 35193838
535333440 1 535333440 1000000000
1 631806894 1000000000 631806894
323640595 1 323640595 1000000000
1 955992452 1000000000 955992452
275879358 1 275879358 1000000000
1 52922930 1000000000 52922930
442693213 1 442693213 1000000000
1 21462065 1000000000 21462065
934226103 1 934226103 1000000000
1 137061168 1000000000 137061168
488336992 1 488336992 1000000000
1 855991244 1000000000 855991244
904208143 1 904208143 1000000000
1 382491536 1000000000 382491536
799805760 1 799805760 1000000000
1 170554159 1000000000 170554159
267602189 1 267602189 1000000000
1 1289983 1000000000 1289983
961120585 1 961120585 1000000000
1 721500601 1000000000 721500601
638657246 1 638657246 1000000000
1 381525359 1000000000 381525359
55006312 1 55006312 1000000000
1 350536909 1000000000 350536909
311565330 1 311565330 1000000000
1 737321619 1000000000 737321619
366740911 1 366740911 1000000000
1 580439378 1000000000 580439378
815984411 1 815984411 1000000000
1 470680934 1000000000 470680934
54458068 1 54458068 1000000000
1 923478835 1000000000 923478835
185174227 1 185174227 1000000000
1 89858467 1000000000 89858467
678890928 1 678890928 1000000000
1 303356127 1000000000 303356127
854065141 1 854065141 1000000000
1 208600396 1000000000 208600396
436823489 1 436823489 1000000000
1 221710024 1000000000 221710024
47993505 1 47993505 1000000000
1 216540197 1000000000 216540197
106958250 1 106958250 1000000000
1 6209253 1000000000 6209253
801992666 1 801992666 1000000000
1 842044216 1000000000 842044216
109458608 1 109458608 1000000000
1 245504050 1000000000 245504050
60324618 1 60324618 1000000000
1 943436881 1000000000 943436881
14867006 1 14867006 1000000000
1 453081645 1000000000 453081645
669083514 1 669083514 1000000000
