53
2335 42 2501 42
3170 1359 3170 3479
2963 146 2963 1706
1962 3282 492 3282
2996 1437 2996 828
392 154 392 3903
293 2717 293 1422
1448 3719 1727 3719
2772 3913 2772 1870
1036 1668 1895 1668
3323 704 2334 704
1674 3712 1674 3142
254 3645 254 1548
38 663 860 663
3530 724 779 724
2191 317 1843 317
289 943 289 1041
3265 3806 3265 3447
371 3891 3351 3891
394 3007 3549 3007
85 3630 3955 3630
2757 3377 2757 967
1932 440 1932 945
1538 627 1539 627
119 542 119 2930
640 834 1659 834
2705 2307 2705 1978
3674 746 3674 1022
2925 1830 2925 2271
1098 2778 513 2778
3987 2637 3987 1162
3656 2356 3575 2356
32 1151 32 3351
942 3431 942 1967
2008 3108 3338 3108
3754 3458 2384 3458
210 2946 1759 2946
222 947 222 2423
3507 1169 3507 414
2763 901 1656 901
3625 1411 538 1411
3596 1549 42 1549
3603 2837 3603 2292
1375 22 1375 597
3669 3349 485 3349
282 2000 282 54
2419 3789 2419 2901
3729 2128 2894 2128
1808 649 2422 649
2814 2311 1515 2311
2310 1452 2310 2936
520 601 3557 601
2225 2799 3009 2799
