125
1361956 515255511 1361956 868371170
962029907 762888636 962029907 186969586
391320284 326402540 178159240 326402540
9580639 478547775 570870045 478547775
711932340 646139320 378079054 646139320
558212775 652502084 940563716 652502084
152845094 26389630 252702302 26389630
225076172 656585276 225076172 70301174
25505821 285845006 99473071 285845006
60358945 631265401 60358945 296231663
899374334 503003807 899374334 220520243
19141962 789204467 19141962 643215696
614608449 862077489 614608449 241710700
181457955 62985779 528156707 62985779
19580960 751354014 971856049 751354014
325400218 164556874 325400218 37883251
882264705 510301162 882264705 191031450
541089203 732553408 541089203 300206285
394947287 775142615 37700142 775142615
711865999 590064714 711865999 19344368
340245090 506507264 291962322 506507264
319774366 901329639 319774366 210461043
537850353 54248451 537850353 67960651
706091348 208399337 904237002 208399337
10443423 118054687 361107957 118054687
644505509 787147477 271356543 787147477
1738704 124143312 1738704 915479285
807688148 15306385 583502198 15306385
311769062 468916698 249580024 468916698
541326149 571854969 747075168 571854969
203959041 71582332 203959041 68546702
179252 671255574 960570656 671255574
244081265 648690127 244081265 216879205
500747398 670850119 500747398 917826070
607465477 971808535 607465477 792315663
202886504 530909771 202886504 627715320
795364952 160123324 795364952 742090491
931722414 717028607 931722414 781321609
186748390 338249948 933129461 338249948
799183828 688253174 799183828 85199311
320781208 585283937 538153867 585283937
887651011 346873463 937745614 346873463
70607994 322205909 563269129 322205909
26591041 112541862 26591041 702064956
591811799 243836201 122994444 243836201
407093144 738903070 407093144 546812146
760057058 650982038 669019775 650982038
527753129 593571254 527753129 408151175
26183360 798095826 26183360 401838298
657097617 141356141 657097617 60051922
928042087 135813789 928042087 916914658
181391331 662641626 366127331 662641626
394679452 656172587 394679452 866370406
432087162 966988426 146632055 966988426
324584999 71055043 242198491 71055043
118810478 961242387 118810478 305226977
919805248 798641856 927243615 798641856
267961710 563361442 267961710 57772653
249926339 101654817 134346560 101654817
86017544 427997030 86017544 361231637
904190150 15933737 427008301 15933737
4670279 628727977 4670279 428089053
734460159 10355456 734460159 955842796
238727431 844122577 4601215 844122577
69658577 88331385 710891651 88331385
861881308 781575053 861881308 153311298
758647537 33386289 592705877 33386289
54166876 63120179 313816596 63120179
394647783 559903614 394647783 167419595
114291594 184483001 114291594 86041628
833089385 805965466 833089385 490274940
41427013 434546644 203235253 434546644
8310540 164843367 837145250 164843367
705197151 161894772 705197151 989222148
611530246 576004270 611530246 580438543
426224854 75477465 426224854 853874984
167400058 634292501 487837018 634292501
748763261 635869581 748763261 425782009
60247481 19473953 961759624 19473953
474665037 279393326 474665037 53290126
962114145 961338088 426734514 961338088
331362734 800316994 331362734 379641322
292706073 793940438 978300694 793940438
555814401 703117346 555814401 218055245
81363856 738331540 381265748 738331540
748687940 778377584 748687940 72865407
584092822 745197264 585565787 745197264
781534199 46428518 730060974 46428518
869471669 399552959 65316801 399552959
842308403 472301826 842308403 520388909
650633496 11797961 650633496 375614428
927216002 70794457 329000034 70794457
28692073 489319889 28692073 19989498
656697209 5826930 939969171 5826930
638880286 632899804 638880286 496290714
876238365 366747062 876238365 10986040
125492448 827862934 675312237 827862934
196527246 211940198 196527246 837614476
955994234 856226313 199151352 856226313
284532758 766524816 284532758 846206434
133834588 87516989 615595147 87516989
68368376 818223248 695392392 818223248
186976572 597700485 186976572 726526818
248748593 836967876 42621457 836967876
50430256 24601206 374297195 24601206
368555281 750824260 368555281 97371593
706015273 500113736 706015273 612042474
458288770 761717669 458288770 93898861
928109197 927952095 801925649 927952095
979813072 822079387 472616392 822079387
182353949 380135770 705946372 380135770
734324576 68422528 165450314 68422528
52046927 57636099 52046927 50563302
684472131 702243861 684472131 260485676
24537532 55996754 24537532 681035380
367803781 230631038 652840224 230631038
57022143 72390980 57022143 490068759
738895129 688967556 608970028 688967556
586989327 588667695 22252477 588667695
821579723 61820978 821579723 857661294
986103990 675902581 525482385 675902581
954923103 784365687 954923103 270539261
37078839 671155532 584628514 671155532
65929086 185554051 65929086 645203571
356952178 237983450 356952178 440809145
