205
207579013 1361956 628145517 1361956
883515281 376140463 186969586 376140463
326402540 762888636 98152103 762888636
158176573 127860890 158176573 61402893
570870045 9580639 646139320 9580639
484027667 178509023 61263305 178509023
558212775 841082556 940563716 841082556
26389630 496148000 26389630 579113529
837151741 925801173 70301174 925801173
285845006 656585276 902071051 656585276
727123763 403573724 9467291 403573724
296231663 899374334 296231663 631265401
798571511 520690250 491747710 520690250
643215696 799313373 789204467 799313373
162733265 614608449 456517317 614608449
555253432 181457955 555253432 806956092
751354014 528156707 158398860 528156707
743974603 152040411 458000643 152040411
164556874 37883251 882264705 37883251
205461190 167035009 205461190 877444310
300206285 785986539 732553408 785986539
132099861 775142615 896205951 775142615
457641319 555144413 19344368 555144413
590064714 909420688 590064714 506507264
55434271 489726670 793692317 489726670
901329639 210461043 537850353 210461043
614794872 29523792 570497240 29523792
905203770 904237002 905203770 706091348
337246325 118054687 307178253 118054687
896162464 150625750 644505509 150625750
1738704 271356543 865692963 271356543
226102989 122173998 226102989 593986004
583502198 807688148 468916698 807688148
468884929 747545899 620479532 747545899
541326149 675026050 747075168 675026050
203959041 491192255 203959041 191528802
101365768 104714246 179252 104714246
244081265 960570656 440998363 960570656
484916146 674385237 641913151 674385237
917826070 607465477 917826070 670850119
596079578 197877364 260773936 197877364
627715320 649320809 530909771 649320809
666130551 795364952 863834903 795364952
618524434 781321609 618524434 978767535
338249948 717028607 328373828 717028607
913989446 116584253 166308313 116584253
688253174 85199311 585283937 85199311
439133758 163916122 439133758 499892264
887651011 792406062 937745614 792406062
136611947 322205909 842842918 322205909
77623317 654604898 702064956 654604898
112541862 987809421 112541862 243836201
528855176 711659178 533456269 711659178
738903070 546812146 650982038 546812146
108056513 6347420 926891754 6347420
802439067 593571254 802439067 408151175
189607912 26183360 141352740 26183360
29895225 21890134 60051922 21890134
928042087 141356141 774860111 141356141
15765553 233605234 15765553 760106751
366127331 181391331 394679452 181391331
565366329 861562696 857043783 861562696
432087162 155504810 146632055 155504810
71055043 588455136 71055043 615622322
867602751 334302762 305226977 334302762
798641856 961242387 387771815 961242387
246358002 245362314 582417935 245362314
57772653 101654817 57772653 563361442
157356036 957259212 311362 957259212
361231637 50562949 427997030 50562949
573631434 15933737 744665832 15933737
278265999 428089053 278265999 564361783
734460159 628727977 467628531 628727977
645915809 7731314 619188796 7731314
4601215 238727431 88331385 238727431
918128718 742483647 918128718 870864063
153311298 569235395 781575053 569235395
692050545 33386289 91768488 33386289
295244438 17776007 54166876 17776007
313816596 234755062 313816596 394647783
968789408 258294463 969193611 258294463
184483001 86041628 833089385 86041628
4055061 226179699 122467278 226179699
334102286 203235253 334102286 41427013
950663220 164843367 210101196 164843367
976173645 693163025 989222148 693163025
611530246 161894772 12548914 161894772
621233323 376079537 621233323 274117328
75477465 853874984 634292501 853874984
691845672 212243445 648862019 212243445
425782009 473847709 635869581 473847709
19473953 198996647 19473953 420609637
673602225 616806550 53290126 616806550
961338088 279393326 782168754 279393326
970499969 422589151 416729353 422589151
379641322 793940438 379641322 800316994
730625184 214934245 394969667 214934245
218055245 117470247 703117346 117470247
85428660 738331540 29863284 738331540
329898305 72865407 329898305 153203339
745197264 778377584 703186338 778377584
53312703 105563599 498269224 105563599
730060974 781534199 399552959 781534199
53667751 333472874 53667751 182061002
520388909 228141365 472301826 228141365
430648519 650633496 904788126 650633496
57427980 669286311 927216002 669286311
329000034 420020835 329000034 28692073
921204712 33339989 431545624 33339989
939969171 656697209 638880286 656697209
634178419 851655466 611182709 851655466
722349051 366747062 722349051 10986040
933990134 827862934 779079809 827862934
575075189 959846254 837614476 959846254
856226313 211940198 911405559 211940198
675059646 269147577 675059646 662413804
766524816 846206434 87516989 846206434
330156387 918392821 507863435 918392821
68368376 206036264 695392392 206036264
186976572 900777793 186976572 295261852
249680306 398615495 248748593 398615495
24601206 42621457 163022340 42621457
691350512 9940127 445134161 9940127
97371593 706015273 97371593 750824260
57981855 574966007 279164578 574966007
93898861 926989897 761717669 926989897
314633892 927952095 692477849 927952095
889741824 979813072 889741824 936211524
380135770 472616392 459249086 472616392
830572585 939048 96448862 939048
165450314 734324576 52046927 734324576
19955005 981553561 19955005 695371487
260485676 463536819 702243861 463536819
148656432 24537532 591003107 24537532
322888734 497589119 367803781 497589119
652840224 162019948 652840224 57022143
832688674 764116951 667023642 764116951
608970028 738895129 588667695 738895129
528972253 264619514 719217137 264619514
669333775 61820978 669333775 857661294
634910094 675902581 542817957 675902581
9719147 482898390 270539261 482898390
671155532 784365687 688620652 784365687
597378482 69453403 597378482 479234012
185554051 645203571 356952178 645203571
459021407 701772941 728536399 701772941
861910961 534233339 4860789 534233339
403607670 956846681 403607670 888331741
788094556 698565083 27652513 698565083
971368734 390041181 488312298 390041181
42022230 933552501 5127853 933552501
177019660 127094564 177019660 125553578
785511732 622876764 719103542 622876764
71047394 868495465 219485654 868495465
623810827 416880435 30920283 416880435
409872106 49668790 409872106 129735006
1915245 817164486 457827993 817164486
804626056 495370072 600640480 495370072
920192931 990016105 527093991 990016105
802316487 850368910 802316487 274625656
560686379 593594000 756056853 593594000
981626898 785696469 855680793 785696469
56480628 424066479 942689 424066479
811932705 720045104 811932705 166168414
856995800 371382612 54101850 371382612
938805799 317078798 108434006 317078798
331493338 153580929 873825785 153580929
874225337 289217185 874225337 964075734
939356576 246312015 907070973 246312015
197307791 43914807 482383793 43914807
586642610 960417728 561143174 960417728
73019923 157495277 73019923 931392396
45552884 305337827 769426421 305337827
790194362 692611079 133848069 692611079
982938081 402740014 34562818 402740014
481951993 168162723 481951993 245478801
810120201 538681111 229213213 538681111
597649208 828022072 914827891 828022072
933450445 578682611 244541450 578682611
398405367 427200342 398405367 37570521
216365144 348910355 134311095 348910355
238506304 959854857 601378785 959854857
927830496 454885917 287122784 454885917
731924446 846345756 731924446 29524922
145801758 878730919 21561574 878730919
968637228 803482301 824510072 803482301
732757003 677479193 537352811 677479193
285567299 283077648 285567299 694307954
377520604 494002116 511692849 494002116
29664505 433664283 640872739 433664283
411223102 464058173 10845364 464058173
928987134 646758353 928987134 751217311
406101461 600868095 6464517 600868095
627018186 35193838 437036821 35193838
939271923 535333440 839153513 535333440
631806894 938876931 631806894 299911110
930487701 323640595 204781873 323640595
30932836 955992452 63622978 955992452
124689826 275879358 531397339 275879358
52922930 553565899 52922930 362554319
645375334 442693213 510833514 442693213
896492976 21462065 860769251 21462065
8411212 934226103 12882433 934226103
137061168 28640597 137061168 507745925
146145755 488336992 228485318 488336992
