250
1 1 3 1
2 2 2 3
1 4 3 4
2 5 2 6
1 7 3 7
2 8 2 9
1 10 3 10
2 11 2 12
1 13 3 13
2 14 2 15
1 16 3 16
2 17 2 18
1 19 3 19
2 20 2 21
1 22 3 22
2 23 2 24
1 25 3 25
2 26 2 27
1 28 3 28
2 29 2 30
1 31 3 31
2 32 2 33
1 34 3 34
2 35 2 36
1 37 3 37
2 38 2 39
1 40 3 40
2 41 2 42
1 43 3 43
2 44 2 45
1 46 3 46
2 47 2 48
1 49 3 49
2 50 2 51
1 52 3 52
2 53 2 54
1 55 3 55
2 56 2 57
1 58 3 58
2 59 2 60
1 61 3 61
2 62 2 63
1 64 3 64
2 65 2 66
1 67 3 67
2 68 2 69
1 70 3 70
2 71 2 72
1 73 3 73
2 74 2 75
1 76 3 76
2 77 2 78
1 79 3 79
2 80 2 81
1 82 3 82
2 83 2 84
1 85 3 85
2 86 2 87
1 88 3 88
2 89 2 90
1 91 3 91
2 92 2 93
1 94 3 94
2 95 2 96
1 97 3 97
2 98 2 99
1 100 3 100
2 101 2 102
1 103 3 103
2 104 2 105
1 106 3 106
2 107 2 108
1 109 3 109
2 110 2 111
1 112 3 112
2 113 2 114
1 115 3 115
2 116 2 117
1 118 3 118
2 119 2 120
1 121 3 121
2 122 2 123
1 124 3 124
2 125 2 126
1 127 3 127
2 128 2 129
1 130 3 130
2 131 2 132
1 133 3 133
2 134 2 135
1 136 3 136
2 137 2 138
1 139 3 139
2 140 2 141
1 142 3 142
2 143 2 144
1 145 3 145
2 146 2 147
1 148 3 148
2 149 2 150
1 151 3 151
2 152 2 153
1 154 3 154
2 155 2 156
1 157 3 157
2 158 2 159
1 160 3 160
2 161 2 162
1 163 3 163
2 164 2 165
1 166 3 166
2 167 2 168
1 169 3 169
2 170 2 171
1 172 3 172
2 173 2 174
1 175 3 175
2 176 2 177
1 178 3 178
2 179 2 180
1 181 3 181
2 182 2 183
1 184 3 184
2 185 2 186
1 187 3 187
2 188 2 189
1 190 3 190
2 191 2 192
1 193 3 193
2 194 2 195
1 196 3 196
2 197 2 198
1 199 3 199
2 200 2 201
1 202 3 202
2 203 2 204
1 205 3 205
2 206 2 207
1 208 3 208
2 209 2 210
1 211 3 211
2 212 2 213
1 214 3 214
2 215 2 216
1 217 3 217
2 218 2 219
1 220 3 220
2 221 2 222
1 223 3 223
2 224 2 225
1 226 3 226
2 227 2 228
1 229 3 229
2 230 2 231
1 232 3 232
2 233 2 234
1 235 3 235
2 236 2 237
1 238 3 238
2 239 2 240
1 241 3 241
2 242 2 243
1 244 3 244
2 245 2 246
1 247 3 247
2 248 2 249
1 250 3 250
2 251 2 252
1 253 3 253
2 254 2 255
1 256 3 256
2 257 2 258
1 259 3 259
2 260 2 261
1 262 3 262
2 263 2 264
1 265 3 265
2 266 2 267
1 268 3 268
2 268 2 270
1 271 3 271
2 272 2 273
1 274 3 274
2 275 2 276
1 277 3 277
2 278 2 279
1 280 3 280
2 281 2 282
1 283 3 283
2 284 2 285
1 286 3 286
2 287 2 288
1 289 3 289
2 290 2 291
1 292 3 292
2 293 2 294
1 295 3 295
2 296 2 297
1 298 3 298
2 299 2 300
1 301 3 301
2 302 2 303
1 304 3 304
2 305 2 306
1 307 3 307
2 308 2 309
1 310 3 310
2 311 2 312
1 313 3 313
2 314 2 315
1 316 3 316
2 317 2 318
1 319 3 319
2 320 2 321
1 322 3 322
2 323 2 324
1 325 3 325
2 326 2 327
1 328 3 328
2 329 2 330
1 331 3 331
2 332 2 333
1 334 3 334
2 335 2 336
1 337 3 337
2 338 2 339
1 340 3 340
2 341 2 342
1 343 3 343
2 344 2 345
1 346 3 346
2 347 2 348
1 349 3 349
2 350 2 351
1 352 3 352
2 353 2 354
1 355 3 355
2 356 2 357
1 358 3 358
2 359 2 360
1 361 3 361
2 362 2 363
1 364 3 364
2 365 2 366
1 367 3 367
2 368 2 369
1 370 3 370
2 371 2 372
1 373 3 373
2 373 2 374
