1103 150
396
492
540
278
794
974
465
842
172
100
93
849
796
835
597
601
103
964
102
977
988
598
1040
239
142
254
140
633
155
998
647
742
1001
426
1056
47
424
1030
332
487
722
1036
301
77
855
421
651
131
1010
423
932
608
52
345
204
996
804
312
677
910
605
373
547
916
131
213
691
52
391
44
354
248
470
959
900
411
546
58
790
152
400
545
928
192
498
827
677
723
454
820
282
299
888
304
386
514
646
783
777
216
187
143
736
325
949
209
953
749
813
587
439
809
611
22
505
109
198
1047
215
555
603
699
117
693
756
597
228
634
680
330
826
399
8
844
820
188
288
162
135
105
528
76
72
634
888
503
516
1088
367
179
