5320 189
2770
5037
2517
3188
186
1209
3553
2531
3384
1965
223
2441
172
1711
2674
3679
894
628
1757
5190
149
3970
948
4589
2269
630
4520
1229
5006
4812
1786
731
2769
1448
4937
4424
4668
1294
3692
4437
2292
1598
4148
1132
4922
4927
964
2092
3816
247
2017
5273
2428
4326
2905
3694
3614
2551
236
4354
3211
1741
2723
2275
3879
85
3312
1451
5185
4239
3068
5059
3978
497
3424
4091
1424
5152
3211
4585
1024
1986
1090
2222
269
4602
4226
4020
1482
2820
1906
3210
1980
3418
1913
228
1514
4438
1412
4627
585
921
2378
4513
2304
1105
4272
2580
2309
3963
348
389
4840
388
4746
5079
5184
4996
4675
3599
1320
11
3579
4069
4506
457
5186
1261
4165
4262
372
820
2450
2086
1271
3307
72
3874
3650
5018
560
3898
4302
4027
2177
387
3478
3446
4843
4254
1007
3876
995
2046
1572
3970
1772
1309
68
5190
854
4552
4758
5316
2400
1578
1069
949
2351
1821
453
1564
1459
5045
2698
4453
3626
434
889
3842
2475
2783
3531
2943
374
3651
2513
3259
3066
