8901 200
3551
5615
2692
2708
3744
990
8529
1427
2978
3564
6424
8584
4967
79
4441
5356
3635
5327
4928
8509
90
1214
1913
2492
4086
1639
832
1732
6264
719
683
8464
8740
6901
3353
2376
6929
5122
1397
2916
5137
1957
6526
3462
8187
6132
4630
5165
4405
1122
2338
5832
7933
2325
5931
1626
6113
6382
7659
3515
5672
890
2657
1377
1822
88
3997
7784
716
8492
1329
6972
5301
4448
8382
1580
845
6646
6878
3834
2375
2543
6925
2716
7663
1848
240
1775
6178
5349
1655
5951
6634
3759
7358
1377
641
7208
729
5027
4707
5553
911
66
6047
3599
4428
3663
3233
5180
8578
1088
1773
1794
1976
7654
5664
1170
169
4294
4444
5231
2355
5329
1919
6837
5407
3877
4434
1773
6412
2129
3173
4370
8839
7646
8026
5408
4554
7613
8718
2862
300
4202
6040
6492
2985
5463
5275
3303
3238
2551
4883
7894
6142
304
2012
6546
4499
5996
5159
6326
2103
4110
4995
1069
7538
1544
6543
4857
5829
8010
1981
3962
2339
1847
965
6484
2786
1603
2225
2010
5149
6666
3573
6612
95
3642
2901
5414
7414
2698
8731
4967
8057
3284
2096
7380
5187
8870
