22 81
48 46 46 32 5 73 7 43 16 99 47 93 5 16 90 11 33 67 93 9 57 36 97 10 97 32 88 21 44 17 88 66 49 91 24 26 77 87 64 23 67 77 47 51 39 37 77 9 51 19 50 29 52 82 62 53 26 77 81 69 59 31 81 57 94 32 21 62 84 61 61 24 74 76 18 95 20 59 90 39 38 
18 64 68 21 78 6 97 85 21 56 34 45 16 13 96 61 36 15 16 40 50 89 98 84 1 19 34 85 79 45 35 86 82 34 77 32 6 54 100 64 45 8 38 93 46 78 66 62 73 63 23 79 49 74 27 58 70 8 63 71 41 72 92 22 42 96 63 47 73 28 25 88 8 41 25 61 50 14 34 100 11 
69 88 93 40 21 82 17 12 67 30 87 90 27 23 28 97 7 15 86 14 51 14 74 43 84 79 17 22 49 13 46 81 31 53 58 29 87 72 23 37 78 26 70 45 51 77 93 76 37 36 12 7 89 64 76 3 95 74 62 30 80 26 73 70 69 19 47 91 51 72 59 26 92 17 56 16 29 83 73 42 65 
53 29 69 97 30 51 80 81 25 13 45 77 93 14 61 79 86 90 31 42 41 16 6 70 83 68 51 88 46 38 90 8 67 75 14 73 51 88 63 9 17 29 40 9 63 45 69 73 58 92 27 11 8 95 70 52 52 98 78 32 46 80 19 56 90 73 18 31 76 91 1 99 11 89 37 31 13 83 23 10 1 
58 19 35 9 10 61 40 90 43 28 73 47 7 75 9 20 31 64 71 26 39 49 33 42 45 21 63 54 38 15 93 86 26 32 85 81 33 49 23 24 77 81 24 93 93 55 43 11 37 39 47 59 11 53 82 43 27 64 26 71 85 52 20 57 78 48 40 83 62 45 40 56 14 72 26 17 69 100 89 32 6 
22 46 68 68 85 66 58 51 34 57 91 90 91 59 48 45 70 93 58 87 22 47 3 65 99 65 8 83 2 41 85 14 57 92 67 89 95 74 65 17 24 30 88 87 69 81 6 89 52 89 93 83 58 88 99 71 57 26 46 13 48 13 98 74 52 23 69 32 37 41 33 91 3 12 16 26 37 57 11 75 61 
4 24 72 48 27 88 65 26 3 14 64 32 85 29 99 36 8 79 41 2 30 45 16 22 65 89 52 63 61 41 83 32 3 27 45 63 27 69 52 16 15 62 71 92 15 63 89 23 58 56 43 97 10 39 9 43 87 64 20 7 23 53 25 39 84 43 82 26 61 86 99 5 84 6 93 42 80 89 3 15 41 
37 43 33 41 19 38 28 55 64 13 8 81 90 61 67 76 100 94 7 14 80 81 50 87 64 1 46 35 53 65 75 92 97 81 30 76 58 38 25 3 17 23 87 22 16 92 78 78 64 46 6 49 47 97 76 51 66 40 43 7 23 34 100 48 42 53 77 86 54 24 48 16 17 88 80 12 52 36 69 84 100 
25 71 49 90 93 86 59 78 67 6 67 51 35 17 72 33 82 9 30 42 54 70 29 74 51 48 47 83 33 84 90 49 92 10 47 54 68 70 64 57 11 52 5 90 56 30 83 46 86 66 78 33 38 93 65 43 1 34 60 97 87 60 59 72 19 11 36 6 45 66 11 80 92 57 45 35 78 15 33 44 14 
59 40 25 66 76 31 43 13 78 31 10 55 43 3 74 39 11 8 83 27 11 81 83 59 68 29 63 78 49 31 19 37 45 11 15 4 60 30 19 81 90 40 59 60 65 21 28 80 26 53 35 64 8 18 48 92 94 13 42 53 87 68 29 7 70 61 65 73 91 20 50 100 14 4 75 63 47 40 82 68 40 
78 90 55 65 58 79 10 96 4 33 42 65 83 100 28 13 84 47 100 13 90 66 44 43 37 8 81 57 61 4 57 81 43 99 12 26 34 15 16 77 32 3 24 91 10 30 17 49 52 80 2 70 94 96 13 33 34 36 97 51 6 7 75 19 77 22 10 33 95 11 44 11 71 50 46 41 86 32 49 93 76 
3 38 7 90 91 46 85 70 38 3 77 52 40 96 54 97 19 99 36 5 78 91 23 87 65 56 83 34 97 49 53 63 43 86 27 78 40 54 65 64 6 48 60 53 83 48 19 27 22 89 33 62 96 71 12 3 75 73 92 27 12 78 53 4 27 4 33 45 46 30 26 1 96 76 2 82 49 82 72 9 39 
73 23 78 77 15 92 34 1 99 43 69 70 44 83 62 95 28 22 45 68 50 5 96 44 22 28 24 29 38 87 52 13 34 57 94 68 4 62 18 39 8 15 33 79 75 14 50 26 15 43 62 95 49 1 96 87 71 47 66 25 13 4 39 75 28 81 91 61 38 34 3 40 75 64 97 47 59 39 91 95 1 
20 29 74 31 28 72 61 21 42 44 50 45 89 55 48 30 27 23 99 28 90 35 4 32 75 5 80 75 60 24 77 36 65 92 80 46 52 95 57 29 53 95 10 21 8 91 70 2 12 86 63 55 32 58 33 87 31 19 63 49 22 54 40 27 71 35 54 5 2 3 99 98 7 9 74 39 12 21 29 45 55 
64 38 70 83 38 34 50 12 85 2 87 88 32 49 34 24 34 74 41 17 56 75 94 7 63 83 77 51 46 26 15 58 84 35 35 35 43 50 86 96 71 4 79 22 61 52 18 63 51 5 89 99 40 8 50 52 48 38 18 54 71 76 44 97 16 43 25 6 94 43 83 26 83 43 60 96 23 91 94 7 96 
35 13 97 46 94 59 21 68 77 25 83 24 3 3 84 88 69 21 1 80 8 90 48 78 2 93 82 36 15 10 34 45 9 9 55 20 69 91 99 92 70 14 30 29 84 6 10 100 80 29 69 15 32 9 63 28 69 6 14 88 68 13 65 32 77 65 69 90 96 20 53 93 93 67 56 40 1 34 68 86 52 
26 85 16 30 54 19 42 21 5 63 55 81 39 87 56 52 29 36 75 54 93 14 63 38 51 55 26 1 54 41 39 17 90 80 96 8 1 49 12 39 57 36 66 48 98 7 78 76 42 17 27 49 72 45 93 20 50 40 92 46 86 76 53 51 65 61 88 69 96 87 81 41 1 22 94 43 75 73 80 58 24 
4 20 17 60 71 2 68 64 43 79 27 19 63 78 78 3 87 98 12 25 40 5 12 88 11 45 82 12 89 29 44 54 38 46 40 7 65 74 84 25 68 69 69 86 59 79 32 44 61 11 10 86 4 72 61 100 45 85 30 69 66 42 2 94 49 80 46 12 86 97 13 20 33 18 38 14 83 53 40 83 91 
13 54 41 53 65 58 60 31 94 10 39 13 13 35 60 87 72 84 20 68 71 83 44 25 21 15 5 60 21 36 6 72 54 91 27 26 96 48 63 73 11 50 50 5 29 59 73 66 2 88 12 80 71 22 92 6 73 62 32 27 17 8 39 87 37 81 6 67 76 72 53 52 60 12 29 37 51 23 96 10 18 
98 8 75 34 45 100 8 9 63 28 28 23 12 10 61 92 9 93 61 28 76 69 21 67 5 89 87 56 33 60 66 65 4 78 42 12 85 42 16 47 81 14 94 76 20 26 99 79 57 3 44 100 2 58 38 3 14 10 90 17 47 37 47 20 91 68 37 18 48 93 63 37 2 41 67 9 84 50 10 1 35 
100 48 45 72 80 30 62 74 13 48 61 28 22 76 95 34 99 87 45 72 5 78 61 32 33 72 31 88 73 45 22 95 17 2 29 74 28 90 26 52 68 3 78 94 28 94 39 12 100 97 97 31 82 23 69 7 77 11 83 5 86 80 69 96 47 97 58 15 40 56 58 72 12 77 62 56 44 46 74 34 40 
59 31 84 46 47 8 88 8 60 17 33 48 14 66 6 65 37 66 13 19 6 84 45 66 37 73 40 1 38 87 12 45 78 89 10 44 13 51 95 21 89 2 67 70 82 63 94 92 56 90 74 34 43 15 71 92 12 93 12 42 89 62 88 14 5 38 93 28 5 84 59 53 5 63 8 57 73 87 42 52 31 
