50
3149 5203
3809 4470
5795 366
8073 5282
7224 9808
9672 1005
5980 2236
2163 4607
8860 9834
1317 9307
558 7753
5400 8336
6111 541
1732 7257
8134 6216
1822 7312
6689 3032
1966 55
5514 8698
3524 7808
8213 6780
2940 90
8389 7253
5089 224
3994 5167
5581 1260
9197 1502
3682 8183
9529 9723
4438 7556
23 9475
5570 5354
6034 8942
8542 2498
7979 3739
496 9058
5637 8070
4958 4061
6672 2203
3062 5877
7234 9901
8409 5666
241 8512
6974 857
7794 2787
9836 7256
168 8241
9688 4991
8885 15
6302 7430
