74
1592 4429
5958 2255
2819 494
7857 7616
1677 8939
3097 4452
8065 2305
8999 5349
9177 3810
7262 152
7863 350
7028 4166
8145 5435
3375 1282
9464 6696
9794 8456
7775 2115
1179 135
9349 8291
8941 3685
1837 9270
7136 8372
1727 4310
4755 2358
3483 753
4853 5386
7408 8336
8267 5844
109 5266
518 7823
4319 8758
600 2198
582 3521
7950 596
4476 4183
5566 5733
9278 358
4885 9537
5522 6757
21 9026
6293 3620
5555 4473
9258 2028
6865 83
4099 3950
7893 3481
313 9450
352 5458
9616 2317
8596 2253
1697 9116
9554 6569
3902 1215
6264 1113
3161 9077
8133 5864
5410 6446
403 52
7775 8197
3633 3926
3776 5744
4595 5071
5069 7063
4746 8573
6062 543
4807 4849
953 6824
4162 4620
8191 7217
4537 2642
3045 1679
3565 2143
8753 6340
7511 3707
