69
4582 7624
2414 104
538 5040
106 4661
2953 9437
4104 347
2695 9078
4773 4880
2181 8972
1060 3720
7397 2166
4718 6912
1868 2021
7121 5425
6917 9095
7781 2242
7321 5661
8531 4801
9857 6624
5896 1162
5939 1018
3233 7805
5531 9841
7625 9113
3261 4365
3344 2786
4101 2173
5594 4093
1829 8980
9691 315
6742 168
7392 8355
2159 1856
843 5486
9803 2813
4051 9678
2926 9633
9988 6292
6068 122
737 8722
970 5515
4579 8925
7755 6684
3711 1125
1177 9561
3186 2384
2168 6163
4915 1291
5402 7413
2964 4507
7651 6958
1975 8396
3440 572
4304 1370
5969 1309
2277 9456
6065 4892
8284 2189
822 6890
8882 1427
796 8393
3042 5722
93 9673
453 4046
1273 8996
3827 7610
197 5193
999 1707
3026 5837
