6776
-2322
4363
-9255
1742
-9942
5885
-769
-8506
-7780
-6866
1681
-1951
-2802
8189
-5252
5812
7321
9358
1427
5551
-603
1519
-7556
-2413
-9246
-1516
2920
4834
9858
6437
-30
-3120
-638
1410
-7669
-3523
456
6855
1342
-5436
4042
-2704
5400
1691
1887
9034
-5878
9338
-2250
-3313
1875
-6551
-1350
6976
2912
-8068
1705
1920
-8400
-5713
5167
242
8223
9050
9481
6196
-235
-9633
4552
-9123
3577
2102
6468
7121
2018
-5906
-3747
-741
-7419
-9043
-7960
7082
9443
6676
1877
5830
275
5018
6868
-444
3083
5547
-5116
-2523
2027
1865
5395
9953
8126
3151
-6767
-2853
-1585
373
6851
-8443
2531
1465
-7616
-6479
5390
8044
5000
-4272
-1671
6751
-8918
5390
-8229
-6810
5797
789
-3654
9468
-5591
4783
2566
1716
-8543
5628
-6015
-9709
-4786
9101
-4966
-1075
3337
9535
-7947
3564
1366
-2283
5111
-4192
-7072
-6511
623
-7683
197
-1663
-1828
822
5554
-7933
6728
-7150
7740
-2744
3898
-8269
4694
-5831
6788
-2181
-5880
2321
6847
1
1527
-638
-3841
2174
782
1320
9978
-5021
6497
-8194
-1228
-9489
6816
-434
6534
-1027
-7683
4428
-1266
5860
-1544
9726
9936
2682
-7618
-6884
2390
-5886
7126
7406
9501
-8696
6045
6738
4209
9946
-8688
-2015
-5051
-9743
6084
-7226
-881
-7695
4425
6297
1590
-8652
-4473
-8759
7943
7020
2038
7875
1088
-1519
4381
-8445
-7867
2059
706
3011
-7710
2674
9877
9956
7418
4618
-703
-2977
-8270
-4772
9276
3183
-6453
-8269
-719
2799
9678
-3250
4241
9318
2737
4306
-6254
-3158
5970
9215
-2927
6028
-831
9268
-3920
-6507
9984
3777
2139
9119
-4497
-761
554
-5904
-9036
-9568
-1645
9002
2755
-4610
1770
2837
-5211
-1915
-6826
7142
-1443
-763
3446
-4738
-654
6879
1868
-4080
-6188
8893
-8969
-4929
-1264
-2113
-2342
4390
-4913
393
4993
-6313
-675
1382
1866
-2655
-6045
-4429
-7737
1564
4988
5873
1717
-7508
-4228
4873
-3793
6667
5911
6975
3825
2629
3054
-833
251
-9516
2277
-4507
-1006
3446
-4295
8674
8223
9879
5375
4946
6284
-2276
-4399
3586
4430
9154
-3581
-2701
-4914
1288
9580
5218
-9185
-7572
-2983
4184
-1815
-7519
-5972
6357
-26
-987
-538
-4501
-5103
4952
5654
-6994
-7531
-6800
9667
7102
-857
-5317
-5711
-8666
-7462
-8482
-1772
2209
-3698
-4352
1417
-5641
198
-34
-6975
-2029
-7781
1024
-2754
-2434
8558
-3072
4100
9344
461
-8637
-4360
-5018
7499
-4495
-4559
5781
-7708
9191
-8653
6459
6799
-5652
1127
-8330
-1953
677
3635
9559
-5320
2513
-7244
-2380
-2801
993
-4539
2718
9274
-4105
118
1002
-2992
4771
1316
-2947
-9432
-7884
6160
-8933
8942
-6964
-4593
-1114
6769
-1110
6321
-6706
8428
-576
-2134
-2684
5852
-1319
4821
-4607
-5145
2234
457
-4511
-8210
9928
6500
5564
713
4462
-515
-5369
-562
9442
-5101
-8916
1770
-3293
2065
-2616
-6515
522
-7894
4390
311
-3450
1969
9154
3131
1
4159
-4396
1259
3460
412
8196
-7734
1132
-5380
-4532
-4897
8241
-7931
-6049
-3666
5194
9290
2739
1808
-329
-1281
7925
6461
6435
-5155
3452
1651
-787
8811
2637
-8480
-5496
-4984
-2603
-617
-3241
-4612
-5142
-3325
2287
-5444
6315
2639
-8150
2526
-9663
4650
-9728
4940
-6419
7618
4155
-7881
1383
8638
9046
-236
-9973
4431
4150
7885
-1387
-6558
-297
6942
-6586
-3801
8928
-9050
6558
-9213
-8703
2376
7423
-9996
6430
-8960
-2226
-1931
-9023
-3320
6705
-3848
-1567
3594
8810
5463
74
-8589
-3585
3418
9
2333
-8794
6238
1438
4578
-2032
-9132
-8090
-8763
990
-2551
5314
9049
5766
9663
9753
9868
-484
6544
-6251
3848
-4642
-9058
5668
8186
9232
-4367
6644
-4046
-6727
817
-4513
-6795
944
-7618
5996
5525
9672
-5946
-4704
2698
-1629
236
9622
3672
4554
-3614
-2267
-7041
-4398
9416
-2964
-7141
8340
-6138
-4414
-6557
-3325
3139
4057
-4640
-8376
9144
3885
1867
3821
-7270
-4484
-1123
-5841
9558
4842
3033
2289
7795
-734
1656
-9693
6649
-3386
-4747
-9408
-2625
1878
-7535
-7584
-7126
-6034
-3902
-4560
-6592
2039
-745
8913
-3635
-772
-6656
2211
7067
7952
714
1338
-1742
897
-8700
-3440
-7812
-6669
6480
-1063
5712
-950
-1157
7113
6450
7179
-6658
-8181
592
9913
8656
-4796
-1244
7297
8234
-3612
-5807
8420
2442
7454
-7450
-6971
-73
7248
-3663
4422
-2916
1033
-6504
2449
-165
-3441
-5596
-4069
-361
122
-9896
-8315
8742
700
-9941
3736
218
-8804
-6894
6538
2953
-6402
3672
2607
6517
-2989
-2586
2738
6688
8180
-6997
1759
2654
3138
1413
2953
303
1533
-919
-2520
-2153
7297
4663
9965
4545
-762
5491
-8859
-8945
1493
3935
-2685
-3056
8111
-4772
-4676
-1494
-8208
-5140
3036
8028
-3432
7603
-7279
838
-6215
-6957
-1363
-7580
4717
6836
6934
8798
5184
-2382
1024
5931
-4543
6765
431
3080
4712
-4242
2530
5335
-8980
8403
1993
13
3443
-5344
-816
5331
-4941
2072
-6331
-1959
8749
34
2428
5837
1663
549
4839
-745
-4930
6799
4596
-8987
680
-8084
-2749
6774
4761
-3055
-5297
2599
-4837
731
3859
8896
-9621
-7641
7615
2276
2410
1273
9092
-4590
-3727
-7092
-8716
-8268
-861
-3718
-888
2102
-2264
-3446
-2104
-8936
-706
1471
-3301
-3254
-4638
9640
-9309
4157
1797
-9983
-8314
5262
3662
8443
1713
-116
3541
7934
-2578
5537
-1631
3038
3048
-2111
-5325
7421
-8213
-6352
-7362
-1002
2112
9079
-4914
-9391
7902
3120
8101
3500
5971
-8187
-2649
7338
-7434
-6159
3293
9229
3304
7292
-5066
751
-5748
-3438
-2610
4030
-8887
-8076
-8850
-1369
-854
5511
6316
1689
283
-4664
6661
8099
8640
-292
-6377
-3971
298
-6430
-9544
-4963
-6184
2687
-5929
-8647
-336
4123
2439
9106
3524
5737
-7707
-4960
2846
-962
2088
746
-8380
9907
3243
-6791
6720
5203
-1165
-2794
3789
-1239
673
9593
-7028
1534
-1151
4655
5938
3968
2089
-9393
5178
-6496
4154
-1059
9964
-3754
-6842
694
1407
7427
-4797
-7877
6955
3200
6347
-4557
974
2161
4901
-4498
4336
-6076
6200
-3628
5292
-8779
-5252
-9496
-5055
-9005
-7841
-2745
-8090
3847
7202
3140
-6243
-9773
-931
-5648
-8969
-7132
9496
5254
9805
2952
8952
5544
-8329
8565
2869
5137
630
-1413
-6950
4512
5988
-4793
-3477
6208
1614
-6337
-5911
9890
9712
1437
-6906
-2806
-2193
7941
-4460
6837
-6946
-8025
6663
-4826
-742
4718
-3769
2900
-328
5753
-6000
1087
1825
-9182
7339
6284
-7067
-1905
3405
-3003
-7189
-2513
4138
9068
-2252
3005
-2957
6383
2163
-1181
-3152
7994
-6928
5928
3837
5515
499
6392
1680
8831
-3337
-4935
-8770
-15
574
5712
1011
-5010
-2131
-872
9286
8549
8157
-921
-3642
-8231
5680
-9992
-3759
-1951
-4092
7294
-5186
8963
1251
4408
-9305
-5887
-1222
6345
-3383
-3757
-4921
9899
2224
-1808
-9375
6839
-4798
8854
7140
-731
-1084
3520
-1907
1753
5609
7314
-1246
-1124
515
-1872
7763
933
8536
6139
4071
331
-8604
-3093
-3288
-1784
-9727
9953
-1618
-4848
3415
998
-5963
3621
2726
-8633
9440
2457
-9899
4297
-5771
-1799
1689
-3725
-2498
-9539
-8776
-1427
-3130
7449
-6803
8906
1963
-6989
-8329
-4016
5813
-9375
3499
5772
1579
3716
9531
655
-8813
2407
-2348
8419
4790
2881
4745
-1415
-5868
-3393
-7846
-9078
-5910
-7373
-1532
392
-5671
-5372
-539
-1427
-6682
4357
-4468
-6268
-4710
-9566
-2342
6103
7345
9984
-3570
5044
135
3154
-2908
-8943
-9466
-7819
-2024
8456
4963
4776
-3477
9827
7414
-3075
-8564
-3617
-3405
-6128
6043
6979
1318
1764
9763
-3630
9254
-7861
-6030
-9844
-321
7956
-3074
-6918
5335
-7602
-3460
-7757
5806
2109
2458
-8391
7441
-1080
5690
5988
5862
3643
6904
-4238
8945
6878
4950
4
-8870
-5539
-974
-7851
4031
-3239
-8691
-4655
-2284
-9774
-2177
-2278
-1466
1116
-5959
7843
-3945
2056
-4242
4521
9900
7683
-8894
-1682
9349
-6220
354
-1257
1263
3345
7752
-7745
-7720
-4372
1668
9992
2419
1006
-2164
-5352
-3165
9212
5975
5813
-2164
9805
527
-9881
-7840
2692
1963
8888
-1181
5295
-1744
-6937
-3068
-4176
-7251
-8935
6679
-8901
3958
637
-2121
1604
4613
-2829
-2972
-6422
5048
3983
3953
-7674
-398
1659
6407
-3385
-7024
-3949
4364
-5623
6410
1465
1672
-529
-9274
5111
-2633
8351
6904
-1461
-2821
6991
1343
9544
-7529
-5423
8597
-6306
4351
-2746
5516
9452
9622
-8399
7912
-1896
2744
-4065
-456
1028
418
4292
-1993
-6802
-5930
8725
-6801
2693
8957
6659
8654
-5030
-8851
-4014
-3924
5219
2092
-8840
1062
3356
-1969
-6190
2665
6589
-9150
-2278
6826
1162
-1628
7611
3215
1642
8135
5586
-3221
7859
7833
9881
-1344
-8289
-4951
-1496
-7164
-7764
-1301
-6450
6956
4554
8739
-1494
-6585
-7676
-3045
-1508
7442
1447
3588
4509
7383
-5923
2706
8239
1267
-7863
-9558
2667
-7845
-622
4646
-1161
-7347
-3989
9936
-9333
-4908
4747
4934
1191
-9669
-7322
-1697
-7584
6631
-5672
-8824
4499
-9644
-7169
6323
-6981
-5341
6491
6246
-5959
-3525
-2079
8277
-2532
-2819
36
-7691
1517
9429
-2352
-7347
-2988
-2800
5557
-7639
4912
837
-6055
-7780
-5854
8635
9223
-1842
-4617
-5394
-6498
-2497
-716
4855
7352
9255
720
-6905
9301
9657
-8476
5080
-9502
6871
4230
1959
9717
2170
-7820
-8174
-7071
-2974
5833
-9652
128
7529
-6186
8258
1643
2620
5774
-7592
1760
1354
-3384
1690
-6531
-8203
9799
9777
-7174
9144
-2953
-3649
4552
-4327
-8749
-9723
9194
4792
-2913
530
3365
7228
3537
8834
-7305
4121
-2923
-3200
9461
-4026
-944
-8216
6868
-9325
9580
-2198
7659
7871
2406
-108
-2214
259
-6108
2036
-2862
-8083
5811
-5799
1763
1206
-2121
675
5394
9083
-3053
-1101
1938
5904
3567
-1021
5854
-2116
8165
-1757
-1582
-3275
8242
8449
-4202
-9456
-3338
-8838
-9157
8243
-2051
5321
1570
-8638
4225
-8995
-8823
-4911
8367
4239
9709
8017
5635
-3140
7893
-6133
-3202
1787
235
5822
9134
8341
2424
-1210
-9852
6327
-9043
4444
1542
5166
8119
3170
758
-4207
-1310
-3867
-6955
-3374
-8634
5306
-9558
7844
3149
-8352
-7229
1355
-545
-587
1502
7385
-9922
2019
-490
4058
-8808
-7921
2515
-5053
-8631
-5702
-7981
-8445
-4311
3282
4075
9420
6751
-2966
9877
2981
2897
-375
3374
-9269
1555
4424
-6587
-6852
-121
4740
5579
9136
1674
-8434
-2943
-6444
5986
-964
7363
-5292
2791
6553
-2514
-4607
1924
-520
4716
-3907
-7744
-5703
3883
196
-4062
-7560
-5775
8138
6548
-9160
-1256
-2360
979
4765
-6517
7522
-4224
2796
8545
6316
-5535
-9959
-3860
940
-9208
6120
-5788
-6802
138
-1391
-6425
197
-6547
-88
-9716
9009
-9571
5404
-5256
-2191
-1155
-797
1803
-2193
-7208
6649
6013
-727
6220
-2301
-8767
4656
-9005
8725
6619
-4783
381
-3186
3397
7818
-8875
826
9653
8552
7346
-769
-6775
-6079
-3370
-6448
3120
-9168
3133
5056
9445
1115
2452
-9387
-8946
-3237
-9979
-3274
-4093
1048
-1856
-2737
-4193
141
9935
1927
5331
9985
-1319
-3061
8464
-6124
7692
-5275
-4174
9039
667
-5677
-6051
6775
7461
-1100
4858
31
-3216
-7247
-6324
1150
-218
758
2244
-8032
203
1290
-3380
-4161
3130
-8855
-886
662
-9971
-6395
2696
-1094
9197
-8838
-5922
5008
5923
5987
-5402
7751
3428
-5829
-8996
3631
-5712
-1847
34
7402
-284
9855
-9550
-8080
457
-9004
3741
-3016
7638
8645
1921
-3576
-2009
-5636
-4239
-6588
-2910
2671
8442
-7241
-1407
5674
4368
8315
8848
2184
8708
-2225
6857
7591
7277
5540
-4420
-768
4934
6136
-2398
2096
9007
865
-2336
3784
9235
4492
-293
6686
-5804
5634
-7968
-4899
-8229
2809
9158
1070
3745
5193
8911
6127
5646
2225
9374
-2662
7686
755
6474
-5700
-3921
-279
-6084
3410
4538
-4017
-3053
7577
9952
6202
6510
-6077
9243
-4633
-2924
-289
2129
-5057
790
5549
-6931
6930
5459
-78
9956
4310
-2549
-4378
-6546
-8283
-6100
339
7135
9006
6573
-7482
131
4728
8689
3022
306
-8340
7321
1001
-3466
-8869
-5363
-8153
9378
-4273
657
-8199
-680
-6671
-3152
7439
7779
-4629
8945
-8116
3755
8565
5111
9292
-6404
-4962
309
-9774
-5455
3422
4359
4925
4043
4653
7993
4612
3677
2750
4430
-7242
3533
-9980
5955
59
-2001
615
-504
-7323
-9862
-5129
3802
1770
5670
-5635
-3947
5623
5499
677
-3221
-2502
6600
-9615
-7231
-7038
-3094
6952
7372
-2829
4507
-5107
-3000
-8653
-4983
5295
4057
-3119
4256
-4517
8286
9608
-6617
8903
-8401
-9290
2817
5182
4490
-7496
-7549
-5082
9211
-952
7753
2840
-665
9936
-8783
3455
-4747
-8269
7728
24
1333
-1585
2949
2453
-8430
-9456
-3881
-2420
2933
-2729
209
6265
-252
3530
5040
-8387
4375
8247
-8294
-2586
-1728
-4795
964
7457
-4189
-5687
-8773
7474
-5995
-7076
-1804
3884
6828
-1494
1838
-7967
1618
121
6034
-5590
-5985
1679
7096
3357
3673
-4770
-3304
5729
1446
3860
-1883
-7619
-2308
42
-9166
-469
5752
-6120
-972
1770
1403
-2690
-5684
-2006
525
-5774
-3922
5964
-2537
-8060
8864
-8795
7187
-9331
3110
-5189
-2320
-1778
-2278
7678
749
-1464
2954
-3454
692
3020
-1998
2145
-3947
8675
4754
-2357
9339
-8026
3925
-2204
-2773
4090
6076
-8627
-4376
8296
2799
4705
4533
-1783
-7540
-3484
-9277
-2843
9271
56
-4040
8609
659
9946
-9213
5893
3333
-8355
9805
-286
8475
3122
1667
4706
2968
-5374
-1975
-4303
-703
9732
-4813
-2786
2014
-8256
7969
-5740
-2175
7330
1829
830
5268
7910
8973
-9081
1981
-9161
3914
795
5456
-3799
-7435
-3404
941
-8522
-3115
3333
594
-3111
60
6952
2151
702
7860
4307
9535
9625
-5538
9264
7742
-6847
-243
-468
2770
2973
9857
-2572
-8523
-1015
-3170
853
-4737
-6406
3377
2154
8162
-468
4197
-1855
2362
-1444
6422
3251
3222
-2508
-8035
406
5142
2812
5731
-1997
246
5903
756
-7857
5826
5904
-7194
6560
-3349
5916
4869
-5294
1098
8600
-2683
8288
-4766
358
6959
3786
7904
-7237
-8692
-5649
-5233
7891
664
5794
252
8296
9956
538
-1048
-4124
9846
1465
4776
-2543
-9327
772
4245
-6922
4772
999
-9862
-3041
-9074
-7628
4217
1734
-2555
-9036
1601
6906
2673
8951
560
-6786
2519
-5066
-8280
-8530
-621
-9058
-8472
-4001
-2071
-515
3182
4459
-805
6799
5720
1382
3416
409
-577
-5713
6193
-6390
5654
4029
5920
8893
5183
-5273
8824
-2146
-4107
-2980
8644
5065
6302
-532
-4940
7556
6603
169
8040
9930
252
-6162
-1014
5648
8030
4642
7795
2006
-9503
-1584
-1200
9714
9714
-6579
-9979
3208
-255
6134
2541
2354
115
2686
-5507
-7980
7788
4558
-4168
-7930
6901
6195
5512
5652
7214
2899
-2450
-1338
-1461
-8642
1132
-1709
8256
-3542
-9491
5662
6284
2631
2530
7904
6409
8778
6960
2031
-7394
1660
6988
-2788
-3368
-7810
-5959
7982
1877
-4729
-6494
425
1807
8750
-2842
-8738
1839
6893
-2671
-5166
1080
-918
-1233
-9941
3429
5806
6613
-4052
-9655
7753
3832
3870
7278
-825
-4439
308
-9182
5960
6234
-1890
-5365
-6917
-9848
-5086
-4316
-9476
4749
-2556
-7445
-7941
-6978
-8839
-4595
9192
7610
-357
-5003
4004
-7390
4939
212
3350
9868
-1110
-2701
2202
-793
-5944
-1672
-903
2445
7767
483
2589
3382
2776
-3944
-3537
6830
7460
2406
8717
-8942
2875
-1803
2662
-8431
-890
8767
1642
-5617
4246
7414
4874
5434
3074
7752
5800
5782
3060
-4353
-7002
7618
3506
5114
-240
-3582
-4731
9475
-6545
-7534
-6301
-3613
4859
-467
6121
7363
810
4279
-3486
-874
-6655
-1188
-7027
-6505
-3431
-6108
4813
-3820
-3492
-8814
-4750
-4287
-337
-7409
-4385
-1541
-9985
-8579
4949
-6400
3240
9368
-7369
2229
-2335
-4206
5577
9905
-9674
3547
10000
-3039
-7782
6083
1830
-4536
-8224
-5545
-8654
-5711
5549
8096
-2946
-4433
1544
-785
-8985
2215
-7754
4077
-6028
6051
2720
-6399
2535
9442
6658
9194
2072
6410
9157
-2815
7280
9741
4203
3896
-1527
774
1918
738
-3296
5406
6177
8912
-8354
-2988
-9175
1391
6037
9621
656
2274
-4271
-8491
-3461
4449
-7709
7728
-1706
-7756
4584
-9347
7475
9547
993
1092
4442
-9663
47
-1923
-9030
-6703
1001
3059
-2408
1755
-8547
-3629
521
2183
6473
-2662
-3280
-3190
1922
-5636
6649
3859
-2673
-4802
-3378
9457
7178
5400
-5684
8404
6177
-2087
-4320
-2755
301
-2408
4056
3720
6824
-6971
-5556
-2958
7571
2314
-5788
-6151
6452
-2691
-7709
-3210
-6130
9606
-5912
7813
9914
9986
4343
231
3141
2799
-3919
5859
4307
-6131
22
-1533
-7433
-4444
-6243
-4784
2799
8780
-9947
-163
2619
-4299
-7095
-878
6490
-8387
-7912
-9374
3432
5310
4289
-9540
7922
7857
1041
-3917
-6205
-2027
-8210
-252
553
3611
8732
5130
4126
7279
-8276
2672
-4036
5139
2030
-7238
-7313
7832
6473
-2563
-775
-2888
9537
9245
-3026
7087
-5161
6207
7198
-1202
3870
-9219
7709
1331
-7436
3247
-2337
971
-9662
8878
638
2774
-9833
-2658
-227
-4759
-2856
140
-5505
5747
8214
4453
3175
3401
8439
-5925
-1928
-5924
5762
9782
3086
-336
4948
2683
2569
9005
3810
-5125
4277
-4760
9097
5500
-4393
7070
-9656
-5460
1715
-4186
-7911
-9480
2711
-3805
-2443
-5684
1888
5010
-488
-4886
1802
-7356
1241
4185
4171
7420
-3508
-4650
-4769
2105
-6951
6492
6966
2633
-6514
6113
-6477
-1341
7894
-2903
-787
-1825
917
1578
4041
-5565
653
-7108
7575
-1255
-1546
-9674
4442
-145
-2812
3351
-8739
9638
7776
-6956
2427
5787
-8798
-7344
864
-7839
-7908
-8206
7397
6589
133
-1109
-5042
4921
8232
8164
-6641
-8059
671
8483
6475
-2728
5893
-3699
8706
-9710
4965
-3421
-3516
8271
-2213
8761
2922
-8036
377
-3824
3617
3943
7289
3672
-7429
-858
683
1105
5511
1500
7820
-6878
4934
-2066
-9386
-3895
7741
-2320
-3477
2981
5390
3601
-7461
8124
-5637
-3393
-9402
3879
9396
9937
-7799
-3765
8062
-1380
-8415
2903
-8050
2549
-2883
4112
-5985
-7377
-1685
4510
147
2359
-7149
1110
445
-188
6216
-1404
3247
7521
6676
6697
3834
-9105
-2422
5373
8300
2200
1912
-8639
681
6666
9081
817
-2625
-8095
389
-1614
9556
4210
-4825
2254
5738
-1880
5075
-7
4328
-2014
-1747
7495
-8847
5484
-7211
-7481
-2203
-9643
8267
-1974
-7272
451
1735
-5537
4587
6979
8456
-6543
-551
6198
2871
-5218
-6871
3517
2607
-6791
-7979
-4438
5127
2176
2775
4630
-7915
9349
-8999
4854
6306
6262
7403
-1945
5974
-8025
5284
-5349
-8025
793
-8491
-9325
4656
-6006
-5821
5525
-7115
-1502
7694
-366
-3906
8026
8557
8000
-1899
9493
3554
7485
-7496
4254
-4521
-9461
-2531
-3914
-3426
-196
5186
-1958
6680
-6207
3632
-8438
9573
-1260
1407
-1956
998
-9895
5195
5653
-9182
-6776
-8419
-483
-1107
-8579
3550
-1507
-348
-8503
-411
-6078
-210
-1352
-5203
1621
1342
-8399
5076
-8169
-6189
707
9088
-8222
4580
-3919
7440
-3531
-557
4568
-1407
2215
-5276
6743
7325
-4058
2374
-5120
6506
8682
-5410
-4036
-1963
-2787
-2129
1071
1910
3938
3988
-1324
7108
5929
-3153
2327
-1689
1218
-7165
-1322
-921
-1300
5824
9344
-9967
9191
4282
9239
771
8131
6956
2604
-8895
-9957
3824
-1102
130
-8277
4702
6993
-1537
-2744
6009
7986
-1939
-2625
-6146
2492
-3310
256
-8199
-6814
32
8346
-8916
5141
2096
3764
-5212
-4215
-2417
-2397
953
674
-4932
-1277
-3402
-4947
8512
-2624
614
5902
1103
4737
3504
7104
-2443
8860
3098
-2895
-3625
-2782
9581
-9548
-9580
6595
-9538
14
-410
2341
-1569
9220
9936
7540
-749
172
2517
2561
1719
4039
6340
-5003
1015
4738
-2228
8012
-4628
-8840
-6483
4091
-5791
-709
-9025
-3173
-1349
-7003
6587
7644
5454
5104
-2859
990
9320
-9520
-6388
5621
5125
-4642
-4194
-4590
7839
-6722
-5287
2787
8621
-6866
-5036
-3673
-9123
-2159
5227
1351
-3932
-4080
-9739
2007
-5919
-8430
7398
-4511
1274
5327
7297
3181
8415
9582
-3852
1657
-149
-3447
6574
6891
5713
-7306
575
1990
7211
8130
-4366
8038
-8378
-3581
9811
6524
-3911
7976
8767
5360
8726
-3016
-8398
-2274
-8214
-1835
-4798
407
-1041
8147
-7739
2110
8717
-1368
-3576
-9224
-609
-7195
5811
-1545
-5744
8390
9670
6878
-8925
-7710
8834
2594
-1837
-5810
-7988
5208
3727
-1016
8183
-2984
5342
931
6106
-7458
-3257
9924
8920
-6502
1992
-4159
2504
-4645
-8373
-3295
-2671
-6192
-8769
1346
-9743
-5258
-3976
-3436
3870
-6961
-6648
1957
-6131
1779
-7718
2887
-5361
4795
-9809
-6171
8298
-4431
-6927
-9968
2607
-4736
-2707
-1304
-3715
-9720
2024
-3730
-5739
-3695
-4081
8366
70
8261
-4878
3819
-1353
-2595
1203
-5346
7113
9864
-6306
9090
-9796
-4772
2676
8200
8577
1236
7311
9459
7305
2175
8803
-2079
4721
-6980
5644
4456
5094
-220
-4725
-2722
-86
-6413
-2237
-1463
-1924
789
-7548
-9870
-5094
282
-7551
-7085
-6465
5287
-9951
3451
6936
-3118
4611
698
-9337
-4307
283
-1617
1587
7735
5795
1152
7244
6265
-5563
-5661
4080
9075
4817
4019
2887
-5964
-8501
-8024
9366
3375
-719
-5026
-5364
-4534
-9525
-3196
8382
1393
5244
2776
6402
8873
-8756
5694
6482
-9181
9996
64
9979
9946
-1444
4211
1960
-4626
4942
1396
1212
4233
-37
-7299
-2104
3686
3106
-1672
-3489
115
6900
4369
-5627
2381
-8909
-8261
6255
4921
1216
8499
486
74
7830
6799
-2182
-7341
-1519
-8391
7098
-9834
-7314
-64
5209
-3697
-9630
-5579
-786
-2065
-8147
-6586
2954
-9248
5322
2599
7274
3160
-8497
2412
-9361
-6613
5798
-4426
1663
2399
2702
-2861
2626
7315
-6698
7588
-8437
977
-5953
3676
-8345
-3234
5455
-2204
-1523
8658
-9494
-3871
8822
9464
-3684
8289
338
-7297
-7377
7528
7974
-7484
7430
-603
4954
-1167
2462
643
1662
8389
-3746
7250
3541
-5855
1538
-3406
810
1462
-160
-1937
-4368
7977
-2379
-3935
-5708
-1394
-917
-8648
4799
-3466
9770
-9217
-6913
-2612
-6700
9981
6681
5741
-7391
-5803
-9802
-4149
-1976
3441
-7473
-3954
-5658
-1103
-1874
2074
-5459
3196
-5052
9825
7678
-4484
9569
-5534
7490
7693
4435
-3630
-6423
-4572
-9296
-8079
5943
6275
-8748
-8842
6846
-9400
-1048
-1873
2250
2613
-4801
-4042
9240
-2283
3636
-7201
-177
5136
6851
8427
-6419
-8895
8979
-1828
-4905
-2973
3743
1955
6019
-4014
-6384
-9109
9338
-4314
4735
6431
6720
-9238
2386
8600
-502
1541
2799
-3306
6639
9744
3447
-1394
-4185
5200
5373
2054
8338
7776
7641
5002
8808
-4424
-2733
4751
7575
2896
4840
8863
8362
7229
2082
7513
4294
1385
8906
-6666
-1040
2908
5601
3475
-1713
4392
697
7667
-6642
2013
-7694
-4199
5596
5234
702
6317
5000
-6997
4763
-959
4286
2218
-8986
4121
5528
7801
-9721
-9491
9921
-9816
2007
-6032
-410
-832
2838
3477
-3365
8238
4889
394
-9574
4492
-3831
-6567
-5320
-4068
2117
630
2815
7287
-4565
-406
-3115
5539
-8845
-6874
1774
3410
-1450
-8099
5647
3603
4915
5140
7185
3454
6594
-8167
7111
-6114
4887
5417
-9938
3403
-2441
3408
-3947
-345
-8875
-5936
-939
-5753
-8420
7106
-3831
-4231
-1797
-1489
-5115
-6334
-6465
5981
3462
615
9083
-8050
-9139
-8022
5051
-990
7429
-1499
1489
4302
-9096
-7014
7442
-1124
-9470
-5816
-1069
2302
-245
8771
-2675
5801
-1463
2081
-4610
7756
3340
-2585
-7947
-5098
-5318
1845
-7130
-6483
478
-6757
889
6049
2668
4379
-2829
7154
1863
-2783
-1864
-9699
7738
-9896
1216
8338
-7623
-7022
8757
7981
-4890
475
-3165
6448
-6101
267
-5838
4874
-9423
2929
8188
-8964
4483
-1560
6629
1585
9862
3989
-6572
4408
-3486
-775
-6588
-9320
-3781
9613
-5337
6860
7298
8757
-9276
1335
-4320
-5198
5455
-7791
-9654
-568
-2988
7404
1996
7803
7179
-5950
9589
5733
3043
-8081
9914
6494
-9116
5077
-8932
728
4138
9078
7875
127
2706
2926
-5501
6877
-9146
-6733
1922
-2421
5017
-1981
7988
9409
4574
-4188
7273
7958
-117
6043
-8558
-2464
-5641
9013
5281
-1696
-7488
9595
-339
-9244
1142
6583
-4490
-9919
8503
-4052
-9873
4240
-8560
-5022
-3282
-2777
-5010
6059
2652
6632
-5796
1961
-4292
-7639
-1732
-6383
-818
9627
-883
-8599
-1652
-8346
-684
6861
-4556
-8099
-5874
-2440
-7001
-2366
5892
6904
5616
-9514
-3936
4168
-1311
-9788
-1579
-6736
3381
-9335
1486
9910
3872
7347
-3559
-2321
-1416
3351
-1452
-9792
3831
2527
7005
7399
-586
9015
4737
4111
225
749
1956
2233
1209
-9374
3910
-5195
-5248
-6583
9650
9580
-1621
-5446
-5016
-6312
478
2502
-7394
340
5736
7110
-8413
7381
-947
3459
-4826
4550
-1520
1607
6844
8071
-5928
5158
8205
2383
2323
4210
-5034
3492
8709
-9133
-615
-226
-3941
4518
-4004
3496
727
9733
-3598
-2495
8410
3143
-1740
-5456
-4479
3213
6118
5620
-1333
3888
-1786
-9628
-2200
-7430
-7922
-1836
-7927
-2093
-4677
-6550
-4089
8118
-6336
-9883
-7096
-2012
6967
-2967
-7202
268
-2806
-6498
-1859
-7952
426
1980
-7258
3175
-8795
-1358
8295
2499
-9988
1512
-1897
3350
-74
7976
-9735
-7891
6205
913
3814
-1850
-149
9378
2798
-9335
5835
-9488
3253
-4244
5233
3399
9044
1897
7637
-6860
-4079
7191
8335
5614
7859
3133
-7865
4649
-3312
-6461
-1523
8944
-5466
-2779
4353
5962
9567
8272
6064
8142
265
-1781
-4525
5701
2876
9184
-3224
9200
-5463
1100
-5833
6289
7124
-8964
-8525
-9092
-5103
-8255
-6562
-1697
-3296
8792
-9622
-4649
-2124
2529
-2969
-5654
-9454
4741
68
4824
-9291
8948
-9014
5931
9616
-9390
-1447
8817
-874
-498
460
-2408
-780
9341
-1046
-7268
-2914
-5383
-3965
5212
-4231
5489
4842
-6122
-9184
2236
-2323
9421
8305
7371
-7360
-9966
8428
-1078
-9205
-4032
3178
83
5172
-2253
7214
9756
-1287
-3341
-8516
4177
-559
-2649
-4113
1852
9189
5862
3352
-7656
-8981
-9858
-3285
5052
4376
9721
-9885
2091
-8801
-4495
4905
-2737
-6057
1291
7094
5012
5962
-1415
-5056
-7563
-8185
-9059
-7527
-6268
-6701
-9521
2506
5121
-4915
-3734
5797
3493
7440
6728
5883
7405
8039
1289
6109
2958
-8372
830
8848
-3149
2706
-3064
7463
-3665
-9209
5433
8231
7139
-2284
9563
-3708
7092
-9953
-1
3892
7763
-1307
-1048
7599
7274
-3603
8805
-2098
-6256
6092
1614
6338
1621
4674
2651
-9880
1387
7439
-3632
-1204
-8425
-3219
-6645
-4019
-4943
797
-7627
7727
1305
5267
7241
-9867
1233
-6411
9784
-8470
-4512
-4943
-547
8163
3785
8217
-8711
9490
-4691
8408
1015
3368
569
-550
-7875
4155
-546
-8610
-7806
2571
9662
2079
6841
-7550
-4982
1206
-5475
-7060
69
-5978
-1202
8590
-6111
6370
-1140
7300
7176
231
-8298
6104
8760
3629
1708
9096
-2774
-2136
1373
8844
2161
4984
-9384
-946
-3705
-8682
-4115
4481
-2699
-6233
-6104
-7165
-9820
-5512
-143
7086
3365
3401
-5405
899
-7951
-9139
-2441
-5831
4095
4282
-9331
-3185
3240
7209
-6804
-2176
-7631
-7957
8507
8202
1807
6030
1154
289
622
-9859
-8552
-8679
-5512
3026
-9461
1025
8385
6114
1954
6832
-3016
621
-8993
-8158
9491
-6224
4106
7060
6530
2489
-1651
8234
-4773
-5972
1987
-7602
-6010
7076
-8974
-7737
-1524
-6379
-4183
-9482
7000
625
-3575
-488
-8981
-3604
-3257
8354
-1231
-1837
3114
53
-9686
4366
7943
3532
-5506
-104
2069
3499
6896
-1067
4521
-660
-2248
1416
2424
-5501
4876
-9504
-3877
-9125
-2283
6434
-4412
-596
-3011
-124
-6115
-6955
3077
1899
-8378
-4654
-7339
-1176
7187
-7899
1140
-9014
-2572
-5316
9460
9290
-617
-1745
8859
-124
8142
-8261
1680
1248
4464
-7182
-9349
-8756
-2667
-3440
-9725
-8320
3062
7154
-6816
-3141
3974
1503
9242
7837
6342
1813
2595
-6288
4410
6970
-8279
-6772
-3163
-3316
8150
-4671
-6941
-6270
-4765
6987
-1251
3869
-2899
8042
-4924
-8421
-3350
-6120
-1067
-4761
1532
9361
-8362
-2078
-259
-4726
-3824
7521
-9860
-5338
2056
4406
6735
-6836
-6579
1210
2710
-728
-209
8375
-8885
-2320
-4333
3314
-852
-4056
-2518
3690
3927
-6145
6076
-5471
-7575
-1276
-4155
5262
-8801
-5282
8235
-4954
-9674
2244
-4605
2936
-6266
-4195
4965
6769
-1008
-6199
77
3420
4952
3539
-8225
-2432
-277
5443
-6546
-7179
2156
-8092
25
-5931
6510
-2910
-2632
8102
2554
3387
-3278
1444
8585
1822
8829
-7001
5661
-9217
-8107
7996
7592
-2357
-6298
7080
9002
-5514
-7320
6819
7010
-5769
-5471
-5090
5899
-8556
-1717
6127
5034
7757
7762
7065
6793
-3204
-5189
5041
5567
7344
-2938
-646
5320
-3889
9283
7698
-5974
5705
6
7195
2938
-359
3331
1930
3980
-1277
5894
-5678
9587
3712
9623
5710
-3825
5335
1823
-8593
-2188
7840
-2432
9078
-8004
1517
864
-1499
3298
-3119
-8046
-8346
-6141
-6471
-8569
-6867
117
-4745
-8394
-8778
-8110
-5888
-535
7106
149
-9391
7949
9707
4865
-419
-365
7011
-8250
3019
9775
-6013
-1375
4753
-7150
-3937
334
-146
316
1529
6321
4171
820
-1434
6896
9682
-8100
3199
6392
2218
-4738
-9976
-4353
8247
8950
-4573
4763
-7462
-778
323
5087
-9037
8756
-7979
-1857
-1812
9390
7527
-3164
3288
-7365
-8629
5207
-9103
4266
7876
5382
-4286
-9932
-5183
309
-8202
-5920
1510
3176
3593
9268
-6215
-2578
7114
2167
9758
-4563
-735
6301
-827
3270
-7181
9758
-9739
-8845
7202
-3168
1752
4483
6671
-2038
6885
-6866
3221
-9767
559
4949
8884
5460
6674
-8416
-3321
3304
-103
2838
-4054
-4463
-4577
-2852
-8943
-1424
861
-5015
8792
847
6842
-4790
-6975
-2132
411
3742
9923
9050
8897
2828
4371
-2985
-5561
-2807
8403
4574
-9718
-6838
-3793
3457
-8042
-2173
-4990
-6557
8754
8917
-5559
2569
-958
8386
-7145
9456
-8234
-7745
-5323
4525
282
-2729
-235
-5208
-3306
-9332
-5614
8088
718
9495
9222
-3442
-6363
-6373
-6490
-1112
-7822
-1591
-7401
5367
5509
-3680
-4423
8476
5794
-4769
-6393
9543
-4652
-8979
2597
1093
-7528
-6282
-8925
-176
2398
2299
-4609
-4897
6314
9481
-6243
552
-2061
4920
4343
-2868
-6331
-2181
-1201
-4490
7743
-9573
4982
5609
-4707
3921
357
-6371
4567
4557
-3088
6770
-189
-4819
5145
-7243
1980
-2641
7364
-6089
6638
-1267
2975
2214
-5246
9507
1938
-3921
43
5325
920
-8675
-7223
-871
6571
856
9891
-6801
-1878
-4114
401
1366
3711
-7605
-6505
4524
3751
-1168
-7482
-3024
-8413
686
-5059
4763
7340
-9481
5353
2987
8606
8550
-681
6646
5252
2738
-6885
4654
-3200
-2676
1383
231
-6153
9595
-6394
-7797
-3303
4890
-498
-5479
1548
-1464
7834
5342
-4346
-2585
-4973
527
-184
-9600
3005
-3785
-6338
-5308
-1464
1625
5154
-5936
1316
-8774
-3671
111
-2403
7087
-581
2394
-9651
5154
-322
-2719
-2759
-396
-2315
10000
-6139
-1413
-1541
6783
7492
-7958
-2136
-1483
5782
-5665
-1374
-2070
3379
1319
4830
-9888
9908
2319
2901
6154
9552
-551
1166
137
-6876
308
-1715
-4934
-2370
-1387
-3918
5166
9141
8717
1159
2780
8612
-6575
-8882
-9698
1868
-4105
9437
-126
431
8563
-8249
-1111
-7821
-8203
7531
9223
5243
-7856
-8119
2017
6946
-7346
6267
6022
2979
-4678
-8461
-6734
-5320
1507
-5995
-984
2991
-6209
-6189
9354
-8524
4158
7307
-9183
-6345
743
5208
-7385
8754
-2921
4846
7953
6727
-8709
5152
-5628
-580
2235
46
-5709
-5665
4561
-7268
1756
5315
-4122
1072
-1117
2192
-1683
5791
4154
6536
-7396
2034
-749
15
-8030
-2967
-1635
-1038
-2109
-3485
7763
2474
9565
-3298
4420
-3223
-1406
-854
755
-8822
-2318
-4960
-8670
-1657
-3310
-9604
2256
-9039
-2046
5321
-7688
1737
-1284
4796
-9406
3597
-148
-3502
-6582
5295
9908
731
-603
-2278
8757
6981
9806
-3872
-1195
-5502
-1941
-8143
7808
9501
-4890
-8638
-4025
-1799
-7917
3747
9534
7324
-2306
6550
6594
-6831
5591
8533
5670
-6289
-610
-2403
-4426
7779
-71
-7710
-967
8221
-9541
8435
28
-1570
4445
-105
-9018
-3750
-9771
4590
-6298
398
-8668
-6511
4062
3874
3947
-9999
-6501
7988
-3294
1739
2379
4454
-1293
6932
-8186
-585
-1896
7497
2694
7103
550
-6389
3949
-5057
-4843
5020
-3879
-7394
2505
8944
-7523
-4839
8836
5739
7664
-4879
3074
-4553
1289
5377
3928
-8702
-9636
-9969
9361
-7497
-2660
6857
3438
-9407
5489
6223
-7237
4410
254
-3569
9401
-4805
6999
2803
2510
-9075
-1192
-8350
289
-1368
-5460
6852
8536
-1505
8946
939
-3093
-7073
-824
9941
-1920
-5464
8159
5385
-224
-2474
-2073
1945
-3267
-4817
7317
-8855
-6557
-5721
2599
1945
-4189
9416
-2117
-9037
-9079
-5437
2274
-6473
7574
-46
-5104
-4217
-8065
-8743
-7325
2473
-5748
2879
727
8218
-2395
-5033
-5925
6518
7679
8064
-5574
2480
1134
3948
-594
3232
7303
9633
-4677
-7144
-7295
7944
-7867
2205
-5664
423
8551
636
-3370
-4385
-8980
-7971
7339
-2050
-1559
-8792
-7789
2701
-8583
-721
-2073
7724
8500
-4803
-9044
4667
7431
3586
3885
1922
-2920
-1499
1815
-9600
-4532
-5936
-1165
-2357
9302
331
1739
1352
-434
6779
146
5248
6206
1488
2098
-100
4749
5912
-3161
-7436
2428
-395
8772
7500
-4781
6252
-2370
7299
-8019
-467
-8430
9122
9331
2271
411
-6591
-1974
9763
4590
-5082
-1440
876
-4289
2111
-2162
2286
8283
4903
6010
-4309
8262
-1369
6464
-5832
-8279
-112
3306
6490
-449
-5953
-2922
2254
-9505
-3593
9645
-2449
-9416
-2687
912
-7336
5144
5618
-8699
4614
2303
-3901
7243
-6557
3755
2643
514
9894
-5297
7694
8641
-6574
1018
2821
6938
3273
-5980
-2509
-4495
-8850
668
265
-3937
3047
8172
9268
7668
-8599
1949
-7669
9492
-2064
7842
6670
-6497
5699
170
3212
-9015
7651
6259
2010
1289
9891
1699
8005
-5652
4594
7891
-3091
-1511
3545
8972
-1401
7768
-5326
-1520
-2470
3792
5330
-3226
-411
1940
-329
8384
8480
7562
9308
4598
-6652
-9644
-9863
-6359
6932
1741
9275
6685
-1375
-9588
-3422
-8180
1416
-1971
-2030
-920
-6793
-8825
9745
-3376
-5409
-9190
4502
1603
8283
-5614
-8050
-6284
-7178
8392
-9283
-2261
-1966
-3370
7703
4470
-4319
-315
5537
6186
398
-2614
5677
-3396
-7261
-835
3372
5744
-3871
7772
2821
-7501
-8158
-7705
-9904
-1581
-736
-2274
-8902
-6883
985
7648
5279
-1409
7
-5667
7011
5762
-1323
80
-1391
4110
4006
723
-5273
3631
4192
-6519
1511
2640
8699
-4087
1856
9377
-2443
6272
-502
7613
-4856
-8806
-2593
-1054
-2651
5572
8595
-6305
7708
-6061
-7601
-9878
9278
2742
-8243
3291
-1709
1170
-6172
8758
4907
-5216
6365
-9659
2128
8120
-3754
-37
-9543
3485
-997
6713
8996
3836
7212
8985
-978
9357
-5389
586
8069
-8787
7521
-2373
-9564
4137
2452
-2738
-8258
1407
9311
1527
-4648
8587
-3026
7014
-8024
-8715
-8205
-9672
-1397
-7451
7994
-1212
5534
1661
2579
5472
355
-7087
-931
3178
8065
7038
-696
1636
-5855
8694
-3579
3239
-6212
5731
5557
7989
-8237
6868
4010
414
2502
3123
9183
9742
7680
-6863
-3157
-2307
-3817
-2798
-8374
8341
-1958
6061
7312
6789
8439
-957
584
9414
-3921
7875
9604
5377
8794
-436
-9094
-1974
-5026
-2281
396
2512
-7476
2922
-9603
-1149
-9988
4858
-2214
-4169
7939
-3893
3101
1680
5854
-8229
9880
3224
-5046
-538
1167
3122
-7861
-6219
-7144
-7074
-7783
243
-579
5153
3876
-8828
-4638
1992
1351
-6327
-3125
-3022
1081
9643
2856
6134
-1211
-3406
-9675
9150
509
1106
-5559
6478
9025
9538
-1827
-8652
1369
676
5622
-6625
-2475
4472
6873
-8437
8450
-4027
7400
9041
-5554
-6664
5483
-5163
6739
-8255
9414
-7756
-3351
8926
-1008
-3724
4649
-1401
8042
-6304
-271
3576
-2751
-4465
-8846
5346
7636
5351
3142
7323
2779
7878
-3210
-7774
-867
-2934
5288
-6661
1954
-3457
7745
-5871
7531
-3702
-8412
1244
83
6677
7725
-5923
-7670
-3820
6803
-6627
-4288
8652
2996
-4170
-410
-9081
1926
8294
-9181
4781
-7509
-478
2274
-1137
1143
-6697
-2980
-7893
1679
-2875
-8289
2778
5548
-3290
5960
178
3336
8439
9666
-9857
-6711
6764
6197
-7299
2645
-8876
-583
-6651
730
903
4791
-7681
-9005
-8217
8042
9228
-3448
4387
8357
3234
-4800
-5857
8279
4777
-54
-6141
-7400
3362
-1039
4233
3887
5967
-4360
-9459
-1796
-5378
-4101
8933
-9665
2950
8860
-339
8217
2628
8703
-8341
6949
-6600
8611
-8269
923
6985
6467
-5856
7456
8640
1193
2178
7802
-3473
-2052
1307
-2869
4874
6056
3219
-1076
-7707
-6763
-5006
-9511
5393
-8928
1827
-8485
-2038
-1586
8094
7155
9418
8648
-7374
-4295
-1992
3940
3680
5090
6330
6710
1070
-7844
-6531
8916
-6213
-8975
-8640
6945
5108
3272
2129
-4566
7550
-592
-625
23
3581
2562
-9331
7008
-6467
8782
9500
4659
-1041
6546
7496
-3984
-6617
-8945
814
5487
-5022
9241
4007
-437
-6165
8583
5056
5143
9069
7900
1038
9224
2365
9325
5542
5476
-8717
1212
-3940
7920
-1644
4620
6303
6458
-3826
-3296
-7905
2944
1425
-9672
6175
8841
1460
6407
-1145
-2358
-3678
-9364
4196
3734
5876
5242
1835
4321
-7987
2476
-8178
6707
-5826
-6494
-5043
-8602
-6537
2055
8556
-8603
-5210
-5137
-1478
2589
-1376
6234
-5088
1304
6059
8085
8191
4708
9169
4213
-3267
-4992
4523
-2735
3316
-9191
220
-5972
3702
-4809
1572
-4438
-1575
6981
-4182
-2627
-2450
5248
8706
9890
-6890
1331
3156
5724
2074
8985
7011
-3195
2020
-6469
9726
9913
-4071
3060
2365
8390
-710
-191
429
-2232
-614
3505
-2597
5046
4151
-4427
-9343
-8311
9463
9807
-6471
9164
-7394
-2791
-5743
-624
4076
9903
4536
-2954
2110
-8896
917
6966
1761
2513
-1010
4872
-8307
-404
-9382
9932
6105
1882
-1230
-9026
-2713
4373
-4007
1870
3503
7376
-2199
-4153
1421
464
-2473
-1910
-8565
4793
-6740
5330
-63
5486
-9975
-4892
7460
-8498
-633
-8663
-7542
3762
9968
-9364
6094
-4088
8124
-2926
7336
9639
-4330
2653
-7651
3037
6165
3220
243
53
5879
-8194
-6907
-3772
-8638
2652
-4751
7369
-9503
-4238
1183
3111
3715
-564
-5251
8345
4251
7347
-9977
958
-5207
-592
8158
-3655
4952
-5093
717
-5296
-7078
-3328
4808
1855
1990
2985
385
432
2198
-3313
3409
8466
9376
-4456
-7730
7974
-8457
-7614
1522
-8635
-3431
-3422
9527
7631
-4189
-6501
8071
2217
3788
9619
-9335
3939
4786
-4174
8803
6282
-2706
7769
8893
-3050
-2564
-6361
1034
7988
9387
9137
-839
1959
7103
-9469
-8106
9393
-2466
7169
667
5504
7527
-519
-6557
-8948
9299
-427
-2436
-2952
6838
2982
7690
9309
-853
-8872
-6843
-7878
-2587
9942
-9274
5395
-8234
4482
-641
7027
9883
-6568
1350
-5458
-785
-9156
-3169
-6490
-6702
5921
-2385
-9978
-333
-5741
-382
5152
6136
3282
-6614
-5669
-8338
-477
-362
-9586
-6800
-2989
-8982
-1922
9064
7715
-3006
-7915
-798
6326
9248
1097
3320
-3290
3864
-6551
2409
-4066
-8976
-3405
-4843
8779
-3409
4501
1436
975
8890
1544
6760
3629
641
-1464
-7119
-1049
8684
-3789
5128
-9838
9200
135
-1979
8085
1193
4959
-6061
-7427
6510
-4782
966
5434
-4608
-6761
-7454
-4938
343
-999
2847
-7368
-4167
6507
2555
-2882
6964
4834
-2079
9622
-4141
7572
-8789
9781
-8075
8774
-2048
-5656
5591
2284
-493
-2703
269
-5491
-657
-5135
7471
6199
-4782
-1642
-575
-5725
8538
-8319
-2027
2494
-6829
-1633
9770
-5448
-6597
7476
5896
8621
-1432
8651
-1015
-3923
1359
3890
8192
-8817
-9112
2551
9418
434
-7459
-4360
-5426
-790
-9683
-4682
7804
-9591
-7978
4669
-1820
624
-4459
-4397
-9126
1543
6268
-8743
4123
-1739
-7832
-7261
6942
3225
-5510
-8525
-1916
1647
-9626
-3079
568
1788
-3450
-2045
1600
1580
4906
7008
3200
-7812
-9482
8037
5372
3566
-7550
5923
8371
-3388
4191
4008
1779
3342
1393
4728
8145
-6723
-9972
8055
7265
-9172
-9019
-3891
3534
-3897
-971
-1844
7212
9052
-337
-1797
1444
6647
-7985
5014
-4363
9755
9495
3410
-8397
-4948
6948
1031
-8719
9205
-1462
6891
4600
-7749
-3543
-4036
-8600
9596
-5474
-2130
9642
-6962
-4863
9693
1459
-2042
2528
3161
3448
8707
-742
1108
6350
7717
-4472
-7566
-4454
-7310
-4944
6673
8207
-6392
877
-2978
6944
4667
-2090
-3448
2692
-2158
-7983
-8179
7479
4849
-9575
5157
-5486
-9132
-4914
7877
-8260
2860
-4364
-5935
-4547
-9898
6100
-5400
4373
8627
-4762
-3193
-5064
-7334
4898
-3264
-861
7441
-6117
-2648
-4178
3082
7730
-5847
-2372
-9123
-1676
5577
-6103
-4122
-8347
1878
5684
3372
-5048
1239
6726
5858
-5631
9167
8107
-3818
-8043
-9912
-281
3193
392
1851
-2180
5283
-2877
-8555
5111
-8478
9082
1124
-6917
1938
-2578
938
-7848
-9311
-9254
7556
3748
8234
8909
2267
-1670
-9218
-2806
8224
890
-9898
-1960
4120
-5499
3782
4754
-2083
4029
2438
3177
7446
5223
-9441
-2269
9631
-1054
-8893
893
-8207
9507
4581
7507
-2317
6582
6545
8449
6775
-603
-284
6482
8002
-8421
-2593
-3183
6965
-9841
415
-5705
383
-6490
4244
-5891
-5464
5093
2873
2480
-8454
-6147
7687
-4756
7034
-8333
-3677
-8078
6040
1654
-3637
-147
-5349
-3395
6716
8919
-6081
-7175
-5536
-1049
1040
3509
-2818
3004
4207
-3642
6664
849
-9988
1062
-7801
8152
-1139
-2178
2035
1162
7875
9260
7886
-5100
4714
-891
-757
-4480
6322
4577
-9555
-6074
5056
7387
8446
-2653
7134
-787
1966
429
-9631
-2519
-123
5322
6677
4158
5062
-9674
5982
-1155
-862
-5603
-1346
1085
7568
938
-3635
4446
6149
1782
-3689
-2267
6364
2342
444
7280
4559
-7697
-3246
-5463
3772
-8251
7736
9372
-8526
7123
-3253
345
1638
653
-3883
-5863
-5832
3651
7739
-2372
-8429
-9612
7192
8373
-5703
4600
9081
9164
4592
4681
-6298
7866
6124
-3776
-445
4502
-7208
2335
8570
-4295
839
-7424
-2292
516
1319
6942
481
5546
4660
-4012
-9755
-7408
-793
5969
-3388
-5450
6534
1884
2632
-5826
1294
4354
-1838
-7602
-3399
-1512
-2989
