6983
4619
754
1190
-5522
5151
-985
-9445
-8344
1951
2305
1126
-3612
8239
9125
1568
2682
-4243
1314
-3111
3553
-6261
6634
1804
-1073
-9834
-1553
780
-6836
-7737
7308
6825
-3554
5262
-1279
9602
-9193
2435
-2434
1
2710
-6535
1437
-1979
-8198
1818
-7391
-6896
-1903
-3168
-7026
6955
-1553
5152
3770
-9869
-7235
2215
-9474
4172
4020
-7551
-9363
-3183
-806
-2311
4320
-1420
-3159
-6743
-9138
-2892
1460
7336
-6304
8273
-8955
-7077
7065
962
7973
-2495
-453
8286
-5523
-1284
-3061
4328
8810
9366
-2181
-9821
-1075
-7294
6583
-1727
4634
-1326
-965
-3459
-4939
4954
3493
7369
9198
-2695
-9560
-2630
-5384
6528
4390
-6957
-8929
8397
-6320
4912
-506
-3426
-75
-7569
-6188
-3025
-1793
8632
6788
425
842
9653
-2044
1138
1775
-2339
7742
311
-2630
7040
7971
3665
6636
1541
-5949
-8272
-6950
-6608
8599
6518
-7282
-4861
-5926
3130
7348
-1013
9785
-1876
4377
4120
-9572
9991
6850
-262
-5674
-3609
-1140
5925
3139
-8171
2864
-9178
-1544
1453
7423
2595
6785
1191
5441
882
-3777
1971
-7442
-2555
-7127
761
-9615
7529
-7699
1142
-5337
-1677
-5608
-3566
299
-3958
7472
-3435
5870
6972
-9161
8758
9638
9368
-1132
9014
-9640
3316
9080
2479
-4135
35
4353
8484
9845
7500
6266
-7729
-7559
3185
-2677
2317
5133
8526
1507
-6147
7904
-4240
4209
2571
-6532
-6484
7231
6509
-3657
6385
-419
-5495
-304
1711
-4598
344
111
5958
-3641
-8369
1822
9334
4677
1812
-9471
-5374
8106
3975
-7969
-2478
6353
-2530
5949
-4004
-3837
-8843
9088
476
5930
-8886
2439
3149
3090
-4466
5316
4972
-5760
464
-8720
5236
-4585
6884
-7773
7297
-7823
-8672
6734
-6997
-3788
-4951
-210
4649
8128
3804
2499
-3293
8209
7983
-3468
8516
-5750
-2290
-5467
8695
-3639
-9705
-7025
785
4852
-1354
-5187
-3161
1792
-8303
-382
-2666
6569
-1311
-2717
3247
7264
3704
-5730
-8236
3125
-8351
-2460
4809
-6703
-7463
-5350
3397
-8331
3964
-959
-1218
-5385
3403
684
395
8407
6415
-9110
-9989
-9207
-6007
5529
-380
8302
-8591
938
-6268
4293
-9182
-4254
814
9651
1318
7080
2158
2947
-76
8277
7389
3890
9895
-4061
9173
-5112
7428
7115
-7627
474
-6438
679
-9954
3756
8423
-1775
-1176
-2562
4664
-1376
-3767
-2899
-4921
169
620
-3008
-5593
-9831
-833
3638
6588
6998
-685
-3468
2516
-5037
-8053
5905
6394
-9643
6515
-2347
7882
3623
-8787
-4641
7842
3906
9079
1120
4516
5918
421
815
-636
-3828
-8421
-5519
-3604
-8594
7603
-1636
890
-7582
2371
-2230
-3382
-8690
-6440
6072
-1942
8383
2764
897
-6270
-4539
-7112
-7773
405
2618
6274
4554
8351
-2677
7322
-9982
-6736
-9808
-6377
-6223
-6496
695
-8416
4769
4895
-2974
7854
-1602
6668
-4057
-607
580
5058
-9108
-5182
-5580
-1893
-9661
-6721
-8154
7400
-4766
1892
-3176
-9035
9230
7505
-5458
8183
7426
-8834
-8963
998
-4342
-9469
-9393
-2855
5101
-8370
-3785
-9333
8101
4442
4962
-9431
-4025
-9293
-5654
-264
-559
-8504
372
-9885
-200
7458
3244
8042
-1016
-3515
-4559
-6241
3219
2849
4448
-6938
1675
-3841
1708
-531
6752
-3683
-984
3231
3814
-3595
7755
-5978
1266
-5494
-6910
4167
5695
-8042
3180
-6925
6638
7586
4986
639
-3401
-6621
-6898
4549
2785
4134
4866
-4286
-1637
1657
-1697
-2558
-4982
-3247
-425
3313
3195
746
-5402
-5367
1663
112
3434
-5581
-7659
2094
-2654
-6149
2579
2906
-5787
-9552
5865
-31
-3385
-6960
-850
7395
2276
-4634
9687
2331
-9024
-9269
-2303
4124
-4397
5508
3578
4529
3821
6674
2634
3916
-4982
-6905
6753
8331
-3534
4179
-538
-636
4148
1348
1202
-4214
-3689
8858
-6825
3102
7548
5503
-6743
-2545
-3681
7761
-925
-4175
1433
4185
-1983
5199
-7530
2159
7091
-4571
-6330
-8724
3334
4685
-9114
-8326
-2655
-2473
-170
-8254
7782
-3693
-954
-5978
-3807
-3647
3854
7810
7937
1076
-5219
1604
-6659
9130
727
7072
2678
8022
5155
2191
4096
-9564
8315
-8881
-7188
-1254
-5629
-1474
4569
2392
-749
-7469
-7225
-4426
2279
6553
-5677
2019
-6792
-3974
2789
9021
-1464
-1505
9304
5386
-3869
-7351
2809
-7632
-7457
8324
-7473
-5470
7654
-4460
5808
2034
-98
-8072
-2153
-9567
5777
-2835
8655
6562
-814
291
6412
-2770
1609
9799
-8198
-6855
-3669
-5662
879
-8430
5467
4409
-3163
-6628
6253
-4464
-1210
-8314
-826
-8408
-9111
-3405
-4450
3528
-618
-1607
-7331
-314
7614
-2164
1102
2749
-3391
-5034
3082
-3535
-5971
8739
-1932
4059
-4811
-730
6120
-6760
3538
-6127
-2494
-705
-5300
2492
-4157
7026
587
2866
-4054
-214
6390
2258
6507
-281
1947
-5968
-2608
2326
-6737
-4984
-5112
5403
-9812
7561
-3671
3231
-9551
-984
4759
6941
6976
-5030
5758
-8088
9776
3810
9552
-3448
-7521
4894
-8735
2789
3259
3978
248
3027
-6132
-9975
2674
1030
-9923
-6562
-5185
5801
-5116
5133
-8880
-1371
-8022
1221
-4706
5605
-3695
9287
-4018
4344
7859
-9225
4715
4499
-4150
-1793
-97
-414
4930
8942
-552
-4533
-8402
-1728
9154
2882
3837
-7762
5378
2473
-3878
-4096
-4980
9178
3134
4730
-9585
-4837
6393
8333
-7752
7354
2196
6848
6093
-3829
1906
-7381
-6461
5336
-3927
-3575
-4612
-126
-7925
2684
1538
9414
6545
-2354
-5319
3833
5172
3382
-5895
8304
-196
-7479
-2506
6304
-5919
-774
1252
-3847
5352
-6903
7255
8996
6683
3756
7664
9412
1978
6683
-2884
8107
3987
800
6479
-7773
-8009
6249
7294
-1916
4908
-6487
8795
5168
-5008
4027
-70
-4235
-4397
2197
779
-5549
-490
-9276
-3188
3331
-9677
4594
9713
-2451
-3674
6348
7002
-124
-8891
-291
-3239
2830
1820
-6320
-3687
-6451
-6288
4840
6003
-2016
246
1243
-1524
7069
26
9796
3794
518
4558
-8155
875
9558
-6645
2564
4180
-7068
-9699
3872
-2105
3826
458
1172
-1323
-912
-5007
8896
-4808
-50
6052
8604
-6344
-7636
8183
-725
-3681
8748
6294
6917
-8660
-2092
-507
-8516
-5262
6789
9971
-4027
-9207
-3931
-7558
336
8915
3784
5373
-900
7638
-765
4233
-1365
-8801
-3739
-9280
8107
-9035
9757
8498
2926
-2774
-8921
2892
8109
-2528
-1609
7832
-9696
5545
2321
-2740
8721
-98
2760
-3771
7457
7532
-891
5450
-8076
-3997
-121
-5939
9421
-7891
7189
3965
-2268
9817
8981
-9790
1584
987
-21
-7959
-9368
-7652
-5926
7828
6025
-4433
6482
2767
3375
166
-3988
-1201
-1585
-5793
-4264
-9952
-465
-6229
-1607
-3362
8918
-488
-5980
4910
-5662
7938
3812
3365
-1619
-6833
-9011
-2981
4964
-9426
-7209
4805
-9827
2368
-4619
-3533
-7326
5395
-4313
-9891
7328
5589
2908
7409
4441
-5188
6118
8992
-3055
4430
6473
889
-4187
9964
-1133
-573
-4348
-906
-1076
-8277
-4295
9612
8894
2049
-3887
6060
2413
-9593
1195
-4437
-5850
9511
4429
-3384
-7716
-8007
-2324
6127
1476
-7619
5494
6119
5643
3071
-4594
-9934
3270
-7526
-4183
811
-6297
3523
-7449
3356
-384
1480
-9897
4096
9753
4738
-8255
6130
4570
6104
7954
7426
8802
-2010
7142
-5106
3712
5219
-251
2464
9109
982
-6247
-4451
-5943
2549
-7738
3892
1510
-4825
6550
-9971
-5971
-1339
2997
822
-8433
-4806
214
-3654
-671
3665
5657
5773
-7718
5588
-7583
-1570
1152
-1964
7015
-1744
-9314
5913
1649
-7696
-3260
-7201
-6378
-1369
236
3331
-7468
-1480
-8332
-9775
-941
1509
5551
-2863
-8085
-3325
5717
-740
-3128
8701
-5442
6417
7657
-1750
8417
9763
7830
2090
8009
4587
5190
8580
-8978
-4607
3158
-8104
1742
5587
7152
-6127
-8442
-7967
9980
-5996
-1698
1085
2391
-135
-1835
-8167
-6408
-7315
-7600
-1483
-6703
-6963
8009
-8759
-4159
7922
-1453
-214
-8848
-2345
9889
8824
-6266
-2114
-8456
5604
-4941
6529
142
2532
583
816
8556
-4123
5490
8965
2730
-3713
-3227
2568
-6120
-5658
-475
-9916
-2090
-8928
589
7200
4911
4578
6826
9481
148
-6052
4020
1292
784
-5992
-4596
-7362
3833
-1942
-3857
-3215
3298
-4120
8444
6562
-3533
-4529
1838
-6907
-7548
-4836
1410
4731
9167
-2320
-6840
4262
-7252
-9466
6789
777
4101
-1355
-2867
-9656
5347
4961
9819
9419
-8792
6206
-2455
5626
5453
-6621
-9156
-498
3965
839
7633
2277
-5375
3735
8331
904
-1915
4500
4624
-5826
7868
9775
5349
-1131
-4562
9340
1657
-3475
5154
-5968
7706
-9997
3627
-3316
-3855
2513
-4515
-9987
6639
5706
8786
2393
5958
4760
693
-108
-2646
-2532
-9871
-1388
-4190
-4781
-7141
-7095
1001
-4257
-9249
1703
2293
9294
-4159
-1913
1010
2507
3423
6301
-5829
2629
4510
9860
4008
-5868
-6571
9745
9614
921
8903
-5922
-9228
2293
1550
-1769
-6280
-742
-6473
6735
4766
4514
7775
-4132
-8208
4331
-5089
-8570
-1226
9682
-3286
3611
-7806
-1938
-2538
-9583
6178
6990
1804
359
-9625
799
-8950
-1647
-709
1514
-8125
-1574
-1800
697
6442
5259
-6707
-4412
630
-7827
207
2267
-1652
-2853
1326
4809
-8363
-3085
-2860
7811
2188
7841
-7170
-459
-2198
423
-5025
622
3653
7695
2484
-3799
3963
4560
2570
4445
-9873
9594
4908
-9552
-8762
8953
8795
7644
-2661
-829
-5616
4713
5155
6427
-2794
-6977
-5690
-1950
-4910
9048
-3045
-5291
8959
6112
1573
1056
6194
452
1567
-7501
8063
-2565
-3013
5716
-9643
-4145
7439
316
211
-4977
5904
-3371
-4062
4074
9787
6044
6453
1697
2087
-9797
-2192
2079
9710
-9810
-7052
8637
4571
7782
-649
-4738
3637
8936
8994
4822
6433
2622
-5592
-323
6121
431
8774
-5773
-6389
-4166
6449
237
9699
-293
-7833
-5090
7119
-1592
7754
-2335
-5904
-3488
-6528
542
-7595
-2207
-1527
3611
4186
-507
3713
8304
-8503
-62
-6660
-2300
6503
-3538
2608
7178
-9386
5961
9307
6717
-3565
-8485
-395
9926
-7599
72
-8956
-7550
-8928
4683
-5920
-9479
2735
-3516
3194
-5852
290
-8854
-4076
-3198
-7612
5825
-6673
-3022
9099
3808
-3337
-806
9161
-1412
6648
6089
-6798
-7328
5938
-2027
3313
-3709
6533
501
-8303
8321
-2663
-9989
2735
-7666
9018
1622
-9485
500
-5930
7557
163
-9828
-2913
-7430
-3342
323
6570
-9445
-4800
-9979
-1139
3515
602
6681
4413
-8223
6633
-5753
-6773
140
-6365
3317
-6035
-1525
-1300
5727
-8401
8987
-1938
485
5329
7531
1786
-4092
1994
6132
4793
2793
6171
-1784
317
-7786
-8801
-758
7217
6378
5190
282
3063
-7201
-9265
-7629
-377
3797
2020
-6939
-8604
-935
-3896
-8709
2109
-1774
-4726
7806
3648
-8671
-3484
-5095
-7901
9488
-1193
-8671
-8186
5081
547
9905
8640
4276
7410
5933
255
-1771
9551
-1156
6950
-4658
-9954
-5564
5569
-3917
5170
1256
-5644
428
5244
1539
4247
1027
2872
7376
3223
2752
-7331
5838
1437
-3048
-7486
-1822
1084
-1954
-3992
-1618
3131
-4310
3881
5239
-2065
5885
-5519
195
1555
-5301
8156
8691
7586
-3069
-629
-693
5571
-7726
7249
6285
557
2596
9769
5763
-9113
-2620
8915
8430
-3142
-7419
-4497
270
-3997
7157
-1858
-519
-6088
-2028
7538
60
-316
8537
9914
-6382
-802
3585
-2527
-5165
3660
-3085
3958
-3223
-2964
9587
9440
-5532
8459
1252
-8373
-9323
8682
4424
-9508
8330
-5578
-6190
5666
-3524
6203
5436
-2027
-8925
-9100
3399
-429
-1207
-9569
-3289
7369
-4754
254
7419
-7837
98
-3626
-2792
-1491
8641
9822
3436
-9177
-9862
6969
-5554
1122
2579
4058
-3455
-7044
3392
-8821
-8731
7184
-8414
-1530
-2891
-3569
4789
2173
-9815
1356
-7100
6105
3907
4698
9779
4833
5659
-2126
-6371
-4859
5954
-1163
-3564
6729
-6321
-68
-1434
8789
6343
7061
-3828
7422
-4777
7885
-7401
4416
2997
-8071
2741
1053
8702
-4996
6986
-2735
4365
-4724
7682
-3416
-3236
9319
-695
-298
-6318
8598
2283
1947
6847
7497
-8629
-748
9014
5034
-3308
-4982
3679
8836
9401
9406
-788
9590
-7980
3593
-3813
3783
8656
6257
7619
9064
8490
1513
-7357
5236
-6477
725
2028
-741
-4528
-632
960
-3147
7160
-6772
3032
-6841
2487
9730
-3211
-3708
-6831
-1200
4893
1613
3457
6763
7760
82
-4087
6566
4117
-8176
-1626
6243
-358
-5260
-2349
-5982
-9605
1179
3623
-5285
9437
5388
-4051
2551
-2147
4126
9364
9642
-5696
4227
-5364
8799
-5682
-6006
-6739
-4537
5049
3938
2317
1551
7212
-9352
-959
-1189
4193
-2696
-5124
-8690
-6714
5194
-8330
-5064
1181
8250
9482
-7217
-9401
-2808
8021
-9348
-4342
2723
-2218
-3870
-854
5312
-5004
3066
7122
-6571
4255
-7347
-3497
2002
8606
-4728
135
-564
-9568
-2753
-9213
2234
7663
8770
-2315
6419
5098
5101
2875
-1862
-4345
-2564
2894
-6053
5997
9473
-591
4628
-6245
4496
9423
-3101
1952
-1085
-3951
-1729
408
-7840
-2800
-5251
5895
2750
-7582
8203
804
-4172
-2334
-8095
6550
4444
-9391
7567
-6433
2125
-7312
-8182
156
4865
-1913
-1953
-6192
6400
-5364
-7919
-8753
2711
7001
-9134
6677
-7390
8021
6627
2366
2965
-6880
-478
-9043
-2346
6606
2310
201
-2256
-4937
-6372
-7801
-2895
-3648
769
-2627
5039
1577
8464
-2089
-9732
-8996
4875
-7735
-8972
-7519
-25
6694
-6766
-8469
-121
4848
2521
-2960
-6731
-3408
-326
-1390
-3276
845
-7001
3943
-4261
8539
7564
-6710
-7665
4457
-83
-806
4044
9096
-1002
-9673
-7636
-1733
3930
-4008
1119
2568
-9925
-3719
-7948
9296
-2311
4771
9536
-2818
-2691
-2390
2968
6699
-8627
4721
5428
-6417
-1637
-7454
5188
6800
-1427
551
-3733
-58
3949
-2415
8109
1407
9717
-6589
3430
-9551
1820
-5832
2376
-8160
-1808
5809
8205
7418
-8909
2409
3693
-5663
6636
-7811
8797
2893
-420
1614
-3075
-3607
-3020
-780
7067
2337
-2718
5762
-1100
-2088
2670
-1942
2594
1444
-9911
6480
2498
-3747
8371
6951
-4654
5132
5086
-6082
-2006
-946
-9935
-8048
5080
8301
4588
3299
3147
722
-5185
-8352
-2568
9058
5744
3468
3778
-5161
-6944
-4976
1127
3167
-7620
1345
1405
9820
-8558
9908
-1096
9551
-7292
-9707
-7174
-7690
-6048
-2130
-4158
-3896
6573
-8633
-9035
-9327
-4720
-2516
-3527
-3504
-1034
-7321
-6863
-1253
7199
8151
-4387
7658
7613
-194
1312
1568
3348
-6013
9832
-3683
-729
-9741
-2690
3128
1671
-730
4316
3547
5471
6919
-1902
7580
7569
-371
204
-6686
9115
6588
-8353
2446
-4545
-6049
4898
-7852
-1389
5537
3828
-740
1486
6111
-5448
-6269
-8358
-3955
468
8323
6436
4246
977
-8126
-240
8296
-6407
-7356
-7805
1665
3087
8219
-3846
-7842
7324
-4135
9858
-7736
-3370
-7231
647
6429
772
-5289
-5768
-997
368
4143
2038
-2800
4539
-385
-2812
6561
764
-7248
7093
4624
-4055
9754
9716
-7063
-9701
-3673
9859
7719
3509
-5644
-509
-9827
-4497
7546
141
6888
-2014
-2171
6627
-9823
9255
4360
-2349
-1444
3705
7201
3609
8765
-1566
8947
8099
5720
-4372
-1881
-9708
-4037
8693
2514
-1464
5020
-696
4070
-5030
-2739
-5803
5786
-9661
6878
8997
-8518
-7994
-9028
-1825
5193
8650
-5506
-7501
-5297
5015
-2513
1754
-1454
9787
-5711
1880
-3918
-5904
-9445
8466
6180
8076
1552
-7406
-9505
6994
3642
-6216
-6165
-2418
-1239
-3880
-292
3725
6133
4183
5838
-8895
2361
-2204
-7884
4973
8801
3216
-8717
-8603
-3479
-9307
2932
7123
8638
-5693
-7419
-2975
-862
8178
-5460
9743
670
725
-9662
-1694
-2413
-1792
-8617
2295
1148
408
130
-4670
-8626
5868
-3565
-3378
1118
5485
-2810
2246
-503
-9956
2196
6572
2836
4047
-9378
-1614
5985
-3019
5807
7242
-1369
6133
395
6057
8484
2080
-7632
8097
4425
-60
6815
-7984
-5629
-1003
-7072
5047
-1462
-4459
-5522
-7683
-4972
1921
1880
-4519
9891
-244
7060
2534
8038
8143
2762
3425
5787
-5377
-6030
6301
-1063
2706
-5233
4832
9382
3633
2230
-5841
-716
7936
4424
695
3461
-2826
7457
6706
-6088
-8673
-9329
757
-7677
4807
5172
4023
-2299
-5948
2783
6054
-6833
-2600
1384
3848
-2572
-2413
471
4496
-6078
-1878
-5755
543
-9787
2078
1685
-8371
-5561
6080
5322
-823
-4209
3
-3929
6565
-940
-7692
-4544
-2606
-7845
3059
2797
567
-8470
4925
-2263
9899
-674
-3825
-5678
-6363
8386
-5022
-400
-1698
-1569
-9238
-5351
-5701
-8627
9392
-4852
482
-1800
-3198
-1641
-935
2094
4228
6870
9121
-1217
-785
2864
5843
-7005
6819
3152
6826
9073
4859
-5423
2274
9715
-6191
5989
28
-7129
705
4973
288
2321
-9072
1273
-875
-2751
-748
-4178
2460
-5597
-9005
-374
-3125
1572
-8523
-5532
-9537
1391
-2701
609
9538
-9994
1960
949
-5075
7714
8084
4766
-5539
-6574
-6637
-3189
6179
-7022
-2712
-9299
-677
-3312
-2810
3984
-6076
3945
5778
-8646
6981
-9467
3656
-4770
-6437
-8164
-3038
7994
-5962
4317
9218
4443
1179
4020
9030
8876
-8864
6587
-9078
-3634
706
-1588
4089
1263
-9945
-8824
-8538
7552
9074
-5326
-3539
1677
-2739
2902
-3599
-2513
-5914
-4490
1931
4950
-1340
-2562
211
-8513
-9934
-3737
-2746
-7815
1726
1863
9947
1548
-3359
-9045
9440
5037
-2570
-6246
4859
6467
-4736
-6669
8321
2225
6418
-9487
-3796
-1648
-9926
4748
3105
-5256
7540
-615
-1194
-6882
-835
-9019
5267
-2049
-1961
-4377
-3535
120
-8513
2581
-9704
-5315
1939
370
-7720
-9808
-6843
-4175
-7069
-9739
-7254
8234
916
-9081
5140
-6079
-7516
-8526
3038
-5051
3842
8070
9078
-7643
-7373
4761
9778
-6748
6360
-6273
328
3818
-8815
5472
8020
-8852
3766
-3478
-1736
8252
-8833
3391
8878
5438
-1564
9018
3160
5619
-3368
-2433
-1721
8709
-6206
4470
3418
3731
6860
-5194
6167
-4553
1918
5482
-43
-6755
-3802
-7832
7
-928
9784
9219
-8312
-5496
-6796
1378
-9698
-7566
-6479
-5107
-5965
3053
7478
9406
4582
-365
7735
5136
-4373
-8546
-4776
-7574
4862
7150
1459
-5370
729
-9831
-7139
1984
-1310
-9255
4830
360
-1216
-6777
4130
5546
-8517
-1369
557
3496
2134
1933
5673
-9763
5359
7812
-5517
9876
-5415
52
-710
-4112
5683
-9431
-5705
5633
-8002
-3747
-1893
-4804
-4669
-9804
9780
-9220
8055
-6487
-952
1148
-6519
6721
-3524
5170
-1839
106
-6010
5235
9005
83
796
-9674
-2593
-5358
8512
-8779
4022
-255
632
3869
6646
9006
-3459
2431
7720
8604
-2907
9895
2660
9817
5273
-3878
-7942
3117
974
9185
8193
-1091
-6094
5023
5165
1420
-2248
-6820
5790
-6015
7213
-1734
-2956
-6109
-3703
8727
2402
-4234
6461
273
1658
3010
-5127
-5556
180
-987
7320
3249
-2704
-9133
-2768
3840
-7287
1874
-5959
-4855
-7473
-2782
9343
-7107
7032
-1954
-1752
-9730
1407
-7904
2950
-6447
-101
4989
6545
-5932
-3458
1545
2521
4872
6828
13
3059
-6924
1562
4731
-3098
-1181
-6570
-6951
-5198
-239
-9529
5073
-821
3888
1553
-4587
811
-9937
-5519
2385
-9282
-1168
-6279
8201
6053
2929
4527
-999
781
-4146
232
-4812
799
6818
-5318
-1694
-2738
5427
-4844
-6335
-894
-2435
-1694
-1830
8999
-8037
-518
4701
8562
-2830
7658
1996
-8291
2609
6947
1033
-2920
-2197
6332
-6926
-6174
-5654
-7492
-655
9976
9103
-820
-7252
6241
1043
7701
-6425
-4798
1961
234
-6649
-3946
2777
-168
-4390
-9333
-9144
-7255
-3967
-3054
-3359
4668
-5441
-2429
-6530
3135
-8862
8068
-9826
-8139
375
-3883
9181
-2378
5525
-3415
-7475
3899
8770
-8849
-4930
-2794
7659
3175
8665
2302
3028
9130
1013
3182
3812
-3201
7639
5963
9557
-4805
-9593
2007
3900
7170
-3318
4430
8252
8503
-8953
-7346
3325
-2845
7558
931
5511
6582
-9540
-9169
-5016
2611
-64
8622
-4742
-7761
-3382
-3556
-6091
-1666
6565
3285
655
-735
5306
-6705
1759
9501
71
1837
-3234
-3009
7535
-9975
4231
-6187
-9794
470
-9425
-7819
7509
8387
-3401
-5833
-8562
-3158
-5424
5404
9695
-5361
387
-4394
1845
5347
-9709
-38
8738
-1833
8650
2232
4848
134
-7478
2961
2966
-3363
-9952
-2562
6961
846
-5217
5007
-5350
-4343
6957
-9647
4769
-1145
9570
-6536
606
224
-172
-8996
2970
-5142
7231
483
-6044
7991
5427
3274
-9990
4512
-9214
6981
-4146
-7570
9319
4618
8849
9837
3282
-8599
-1932
4117
6006
-881
7498
2201
8742
-3742
-4686
6534
-5925
7306
-6139
-712
-477
7781
7393
4123
7805
969
-1710
2857
6762
1158
8393
-8187
-8432
4623
-114
1595
4203
-5308
-7818
-5629
322
1448
3018
3222
-7773
-5512
-1457
-7040
-4604
4281
-574
4418
-2604
8095
-4234
7957
268
4168
7126
3379
-6366
-9489
-9481
8062
8546
-8252
3997
-6342
3056
9657
6703
-3552
-7717
-2762
6518
3919
5412
2968
-9737
-4130
-8588
3912
7829
8717
-6465
43
-9856
945
5132
1681
-5658
2665
3152
2203
7244
-2131
7023
-4003
1788
1945
70
6551
7939
-7125
-569
-8272
-1034
2561
8670
6956
9586
5728
-5857
-5397
-1889
4874
1086
4804
9168
-6297
6558
-4740
-2787
7594
5693
-6489
5798
-4425
-7201
-4226
-8764
788
-1854
7505
-2397
-3392
3064
-3797
2575
-7223
-8970
8429
-9171
1125
1421
683
-8207
-6214
5510
-7889
-8133
9025
-5404
6175
2462
-7880
4811
2839
5352
-5869
-3430
-9977
7989
-2859
7711
5779
9626
-7443
-3076
1349
-7243
-8750
7648
-2213
3412
8549
1253
4018
746
-2386
2320
5989
-7041
-6345
-5895
-3942
7827
918
-8537
5608
-8770
-7163
-4937
-4356
-166
9143
-7546
-134
3289
3677
1563
6925
630
184
-4344
4331
4241
-8500
2117
-2046
-9152
-131
9977
7287
-9164
-7292
-3422
8668
4958
-5382
-593
-2852
-4371
4443
-1466
5946
1734
7110
-2047
-9704
6038
1072
105
9315
1106
1416
-9561
-2558
3629
3718
-150
-6192
9733
-4310
-2779
-5566
4291
6492
-1875
4801
-9015
7933
3911
-730
9740
7149
-7903
-4539
8062
5618
7550
-8670
-5340
2430
-6039
-7397
-2027
-6116
6271
-266
1288
-7235
-5450
-5382
8001
-9554
-2864
7712
3249
964
759
-8123
-1820
4665
2902
302
5435
-9072
-682
8943
-1339
4882
9246
-6952
2127
4200
2372
9838
1396
9091
-7631
-6510
-2890
9717
-4340
-2998
-8731
5420
7531
-6995
-3864
504
-6805
7221
-6651
5090
4942
5280
-1415
-3914
2683
7978
-247
-6674
7970
-6821
2021
1769
9613
9004
9920
-1474
-1557
-3776
-3647
1162
5164
-6858
-9072
-5371
-9826
3391
6037
5982
-9197
-3332
-2879
-8981
-3667
1074
-4122
1823
-2746
7969
-3769
5391
9339
9852
-7153
-2238
1968
358
5054
-6617
-3359
4956
-1108
9895
-6260
-4942
-6887
8284
9865
-2000
-6017
-3460
-5389
9431
5936
-1546
-619
159
-1642
-9921
9926
2684
8436
2379
9253
-8014
6144
-5967
9183
1334
2414
-3818
7815
-1494
-2526
5639
-2912
-40
6402
-7328
2190
-5811
4864
4539
-1657
-6104
-7181
-9188
-8423
-1547
-7529
-320
-3079
32
-7878
-3665
-5968
58
-8168
-3155
6772
-4219
-8365
1568
-990
-8384
909
-7079
-2839
-5661
2147
8798
3406
9912
-7905
-1688
-1816
-8785
-2241
-1576
5447
8827
4371
-8820
-3787
747
-5720
1554
-5728
-6706
790
6036
-1190
-3108
-3596
-8255
-4980
9963
8356
1868
3340
-4910
-160
4641
5813
-9069
-4232
-2168
-5591
4590
3498
4977
-548
-5010
173
-8227
3756
-7607
-8657
8355
707
-6117
5537
-504
1129
9379
4959
6017
-7901
-6192
9947
-4056
3425
-7312
-5776
8345
-3929
-4661
-1137
6724
-9699
2586
8137
-632
6761
6957
-7304
9717
9307
-2248
-573
8370
8027
2887
-6405
5930
4062
6904
-3082
-9644
7250
447
3565
-2659
6206
4602
-3446
-6436
-9494
4139
-4990
5401
-5687
1249
-762
2131
-5606
1311
-7370
5078
4021
-7393
5824
-9917
935
7875
-8185
-677
-7745
2484
9930
-5388
7524
-1289
-2217
-3770
-803
-6825
9723
9397
-7158
-1692
6661
-2376
-3487
-1621
3301
5889
-6337
-6309
2436
1082
4953
3289
-9178
7672
299
6966
-1832
9806
-485
-4574
4651
-4152
630
5940
9044
222
-8415
-7103
-4417
-4094
-8582
4681
-7500
-5928
-6055
1610
2389
8377
8041
-4881
-7102
-9012
-4532
4866
-2363
-202
4511
-8143
-4023
9503
-5925
-6268
7338
7453
9063
-8086
-1719
1366
-6822
-5002
-4027
6671
7121
1447
5675
9762
5230
-6524
-8963
5083
4457
5619
1948
9738
-6516
-7887
-5680
955
7766
3581
1146
-8352
1482
3547
6589
4282
-7570
5514
-4119
-1012
6557
-4586
-3865
1873
3625
-3896
-3509
98
-9043
-7569
-4526
-1830
-3318
9715
6207
5744
-1428
-2286
-8102
1390
-1511
8446
8940
-5479
6302
5973
3833
-1653
5677
9584
-5130
3573
-5314
-8885
-9173
4235
4673
-2247
7966
-6207
-4526
7311
4184
8611
-8831
-1485
2543
-2448
-3292
5927
-9486
847
7196
4491
3651
-9369
8687
4653
7762
259
-1025
-5374
1463
-9026
-7364
-9200
-6822
-3116
3016
-5388
-8807
-8303
4266
-66
4377
3181
1719
-2597
2313
-1220
-3284
1543
-2875
7001
9713
31
-150
2250
-9774
-1621
-2002
-2706
142
-4297
8577
-4754
3841
3790
-610
4674
-6317
5389
9989
-7604
4318
-4252
-5348
-1192
-1716
4118
-7687
1896
-224
1166
-4014
-856
-1487
5079
-7305
7438
-9595
-2797
8329
-2159
2335
932
4631
8847
-4741
4899
8367
-178
-788
-3174
9349
-6296
295
-4346
8248
-9915
-200
4859
-9032
9386
984
-7686
5252
7656
-6586
-7343
570
-6959
-647
-5102
-6255
2757
-4853
2742
-9744
6675
-9899
4503
-8560
7606
3896
4507
-4573
3432
9818
-367
1470
-9059
-4687
-5542
9020
-7705
-7856
-6184
3732
2233
-1603
4470
-7459
9787
912
7496
1877
-4507
-4492
363
4126
-4593
-2024
315
-3789
545
4540
3839
-134
-1560
2976
-4958
-4608
5665
5409
-8155
1257
1502
1626
-9171
2809
-6151
9017
7001
-8751
-7352
-6833
2698
-1956
1589
8288
5057
1933
2852
-4918
7025
9031
1148
617
9908
4024
6687
6278
-9117
-5884
-2575
1019
-8323
-9662
6605
2442
-4702
5808
4471
-831
-7671
4540
-6397
2226
1515
5274
-874
-5819
-6314
-5938
-2998
9942
-1558
-6412
7034
9552
-8890
-4453
-2144
-8317
9464
-7934
-4663
288
-3372
-6548
3169
3344
1921
-1175
4986
790
-94
5393
4093
2833
-1182
-9025
6123
-9536
-4945
-3122
9868
9717
-864
-9187
7132
-9789
3478
7062
-7052
2632
-3370
5776
-6057
5776
-6419
-3918
1785
-2527
-2178
4663
-7595
-9686
-9129
-7662
5909
6206
-1482
-7643
1005
5709
7304
-6706
8112
-3134
9933
2611
-2674
1505
9798
5067
-9622
1511
4059
-4489
8733
-3461
-9243
-1891
-2906
2834
3226
840
4409
7528
4887
984
-9206
-6322
-8370
4894
7713
-692
-1079
2862
-4358
-5574
51
4357
-8077
4338
2949
7088
-7895
6960
434
-93
9233
-4799
8270
-1367
7372
-3349
9689
-8217
1317
-8074
-2312
-5913
-695
-7644
-2448
7706
-8033
830
-5963
-7242
-8810
-1743
-684
-7147
6878
3198
-4807
-4548
-1421
-2384
5319
-9229
6772
-5481
374
7617
5123
4930
-8840
-9512
-6940
-9855
7648
1108
-7936
6387
6709
-5709
-3093
7643
-7690
5521
6066
-5205
-2687
-5529
7234
-8932
4367
1408
-5139
-8002
1901
3227
5315
3538
-306
-6995
3649
427
3552
-5738
-3447
2793
6152
7783
-1891
9235
-9858
5488
-8618
-2839
116
-1951
9501
4115
3129
8417
891
-3277
3665
-7249
7204
-943
5256
-4970
-679
-5111
2866
-9645
3550
-1724
2471
-4286
4060
6787
6604
-235
3698
8069
-2636
-2911
-4483
-5855
-1156
-666
6462
-3712
2655
-7472
9822
1382
510
-3741
-6852
1121
-796
9943
7979
9554
-3904
1331
-2099
3723
-4416
8178
692
3680
-8572
7103
7413
5594
1334
6253
7652
-9915
-8761
2710
-2651
8690
1615
1930
-9669
-5762
-8641
9737
-7595
-4275
9261
-3388
7510
6651
-1685
-8100
-8359
8529
6238
8756
9754
2450
2682
2393
-793
-9165
-7656
3527
6186
4250
-6765
846
-1132
-6939
935
5901
-8443
9807
8962
6938
3124
7663
-6434
-5716
9056
386
-1281
5748
9916
4646
-5558
-5328
8588
-6998
5665
-8683
1586
7568
4811
-9385
2633
-3237
2998
-5542
-519
864
-3905
8753
6929
-468
3804
-3149
8423
-5995
7016
-3832
-9551
-7136
-4636
-4081
6365
-6564
-8565
1771
-6070
5483
-2052
-9429
-4204
2105
-6634
7809
-4193
-6266
8743
-9078
-5477
9737
9004
7225
-9840
-3266
-562
-3028
-2794
3237
-6779
-5152
-8176
-1038
-1038
-7648
3586
-987
-3832
7202
-225
-9917
-7140
546
3420
-1807
-8560
5632
8858
4450
-800
5140
497
2340
3340
3823
9983
-4697
-2677
7693
8680
4427
-7581
-9383
1938
1526
-692
7039
6078
-6319
-2538
-649
-6290
2262
5757
8065
-8431
6463
8552
-901
-8763
-4159
-3057
-3943
-4093
541
9869
2931
-9127
-8298
7053
8453
-2915
-9594
5442
6925
6111
-7084
-6909
-7593
3388
6313
6580
-6451
4663
-973
-3679
-935
9430
-8401
188
7142
2187
270
-2204
3663
-4508
5480
-7591
5440
5960
6406
-3641
-6400
-1669
-145
6783
-3081
-4120
2594
-1904
4514
379
-5996
-7756
7451
-4133
3929
-9352
9421
6859
-6174
-2797
-7961
8965
987
7725
8913
-1085
7198
-5654
-5988
6186
-2402
-1319
2877
-877
-828
9567
9910
9057
-9158
7824
5835
-5025
-2463
-7292
-4443
3853
1305
8358
6715
9613
-3454
-1939
-7210
6551
1303
9695
-1381
1484
8920
3543
6785
-8359
2502
-443
7742
2053
5259
7408
6086
822
-4219
2817
140
1928
4846
7328
-5358
5805
396
1608
8085
7221
471
-5519
-9966
6689
-295
-2927
2849
-9223
5285
9315
-5867
9478
-9497
309
-6488
8575
437
-7785
-1740
6885
-4570
-7498
-1051
3290
-928
-2966
1008
-6319
4493
-8596
4930
8324
-1638
195
-1632
6267
5600
8540
-1498
7946
-2315
-4366
-2116
-7134
-294
-8270
-4199
9530
3261
-6366
9095
-3234
9760
-150
-4318
-8827
1773
3996
6918
-4256
9600
9906
-5608
-6167
539
255
-4843
-7614
-8705
-3114
15
6131
8683
5053
-8461
6526
5097
-9955
-9881
-4444
4484
534
-9095
6306
80
9618
-1899
-226
2484
-4835
8515
-282
-4956
1455
8106
-4425
-5934
5223
-9438
3565
-6498
9752
-5950
-7588
9530
5100
1718
3672
-3455
-332
-8203
-2118
1573
9443
-1941
-2336
-514
5208
-2907
-5162
-7033
6594
-3736
9061
1380
-2254
5608
-5577
-6160
9049
-6280
5506
-273
-115
-740
-3842
-1332
1039
9362
-9175
4434
3497
-5497
2119
9430
6906
5365
-473
-8119
4174
2446
4618
-2401
-2507
7336
7004
-4781
3801
1031
9414
-7457
-943
7106
2387
-8654
1206
-7353
-8424
-9912
9028
4953
1528
380
6666
-2790
-8916
4681
-3652
-2016
-7473
7524
-6408
5658
-9865
841
4040
1620
3333
8142
-2134
5234
-4646
-5302
-3209
9010
-8274
-8244
-7992
-3436
-945
6142
2807
846
985
-1224
3647
-1928
-7340
3742
-1384
1859
-1484
-7390
-9674
-2788
-4171
5292
7090
-2557
1539
4749
9973
5223
-9207
-7981
-7785
-4311
9840
-7380
-2635
117
-7624
9556
7295
1580
6239
3416
6579
2588
-4509
-9446
9208
4999
9332
-4475
-5811
8425
9765
3169
-429
-4420
-6510
8477
2548
8873
-7330
-9142
-4433
3138
-3628
-6852
-1280
-7893
-9745
3091
-7869
-3682
-2982
5477
-5125
4637
1390
2410
-1526
1795
-8006
9585
-9720
-2238
353
2652
-135
3356
2092
6584
-1704
-2441
7686
-4529
3610
704
-2234
-4508
2296
-5075
-90
-3229
6861
-6976
4249
-8297
-3649
-5495
5070
-9245
-5713
-2951
7254
4547
3737
-1521
3933
-6723
5784
-8357
-6879
6540
7524
-6856
7421
5889
-8687
564
-4698
-1311
978
9779
-5016
-4376
-1397
-2348
-4053
4585
-9971
6243
5814
-1724
-5484
-2868
3683
2449
-1741
2280
4885
3539
510
4122
-2064
-6235
-8671
-4836
4941
-8850
6474
-8272
8098
-4888
1948
-881
6224
5639
-1232
-3170
3971
-5729
-9442
-9894
-2544
169
-5879
3036
4803
6323
438
-4669
-3239
-9785
2503
-3591
5932
-6467
9
-811
2869
-4854
-9698
8079
-8891
2114
-1563
-7206
-1183
-3784
-997
8662
-8905
8207
8526
4946
1754
8742
4927
-539
-6941
8946
-5336
5791
8678
7976
2688
-2878
831
-4857
3522
3327
-8434
3150
-6119
8861
6887
2609
2798
-2024
3345
-8428
-1835
-2168
6893
-7839
2480
7328
1582
-4370
-2679
5581
9406
6749
-9615
-5183
9161
-5827
-1421
-6079
2072
1491
-3162
-5543
-1814
5826
2255
933
2201
8339
4901
-6338
-7041
-2789
7299
-3470
5187
-3607
-9507
-3990
7527
3681
5395
-6707
-3623
4536
-9062
-5942
8791
-8260
2519
-3832
-6411
-3505
-9578
4563
-5480
-8702
1858
-6477
-9303
-5724
4185
7533
3586
-7444
5232
1907
-9489
8506
8107
-155
7255
-9741
3386
7716
8255
3493
7262
-7712
-6383
2859
5516
953
2330
3681
-6103
1272
7661
-6167
6971
-140
-2283
4837
-8235
5287
4623
3103
3413
9504
-519
-9491
1931
2664
5078
-5684
-3911
-1474
-8876
2893
6742
-5618
1465
-9652
2403
-3915
-7493
-8111
2737
7747
3935
367
-9489
-4692
-7146
8401
3618
-9680
5785
-9810
4774
3340
-3550
-7851
-9095
-3201
5021
-1718
1816
-5513
3199
9000
869
-6427
201
9260
-6365
8215
2073
688
4152
-7279
2903
8326
-3380
-8894
-7309
8013
1759
6830
4630
-3373
-1115
-6969
-584
8885
-7426
1747
-3769
8360
-6607
-9262
-4796
8866
-6570
-7220
-4119
-311
-7304
9955
3125
6212
-2966
-1776
6029
6001
4820
3058
-3106
-7246
-1149
-1959
-8577
6443
5237
-954
1032
-864
-7646
-5333
-7966
-6741
9392
8248
6764
-4734
10
7753
3629
3258
-806
-8732
-5098
4117
1600
8586
9021
-1316
-2454
-5259
8997
3227
2051
-3596
-7669
1556
6787
-6491
-3473
-8538
-1909
-9454
9886
-7442
8076
-5743
-5080
5691
1206
-8602
-935
-3709
-6292
2056
9047
2483
9925
-3165
-5465
-4711
6287
-7514
-3545
4
2854
7481
-4674
4829
-7541
1600
-317
-43
-9057
-7304
6361
2851
-7085
-4623
-388
7581
-4705
-628
-1591
6050
-4713
1066
-305
-5399
6492
-567
-4041
-3972
-9535
-8199
-9255
2632
2072
5201
4219
-3412
2326
-2729
-1599
2889
1885
813
-1693
5676
-4791
4558
8274
563
-6671
-5509
-3889
6979
8400
-2636
7186
1293
-8318
-158
-8704
7443
3169
4015
-7357
-3120
-5856
449
-3015
-1263
212
6979
-9298
3846
-9703
-8761
4985
7146
-8370
3518
-3834
3444
-8354
-1466
723
1359
-1714
-8376
-719
1831
4401
5427
-5536
7197
9875
258
-3916
1868
266
-6520
8787
-8607
4011
4337
6833
1484
279
4806
-2069
3903
3085
-3363
400
9118
-5460
-6396
-413
-132
7396
-9268
-3192
1820
-6200
-9267
-3586
9677
1172
883
479
3304
2596
1909
-5126
-9296
-6107
9419
-3149
763
-9227
-974
-2062
-6880
9357
-1360
4494
-9074
-3284
8703
2734
7944
6437
-3306
-332
9699
7452
2926
-775
3839
1334
-2700
-385
-5779
1034
-1817
9750
-3479
6356
-1864
-3084
9563
3732
8573
8971
1391
4339
6152
-4252
-627
-3871
-6745
-4126
-5991
-4719
-757
-3796
8106
-6673
-2781
-8239
-2762
-3827
-4911
2690
-4757
7745
-7582
-8399
3518
-4547
-3685
2473
-3134
-1071
2803
7262
3468
2074
-5361
-5472
-8116
2301
-7980
4659
7008
6679
-7026
-5647
1642
-9056
1345
5306
-4609
9014
-755
6401
8924
5321
-4967
-4750
-4405
-2402
-2631
8164
-4791
2312
1395
-6868
5488
9698
-189
5237
-2538
-8236
1527
-1629
-7320
3395
5718
9561
-7822
-1420
-1725
-7632
-6953
-404
2623
-9125
2133
9297
-4338
1950
-357
-5633
3505
-4444
-9829
-7569
2239
6981
5172
-7977
5952
8016
1767
-99
4145
2389
9096
2456
1702
4339
254
-5262
-7823
-8546
-3819
-7375
9067
-2064
-7905
2148
3098
-9243
8809
-2974
6296
8648
5761
-4167
-4613
8268
-4487
-2665
-2719
-512
-2221
4127
2655
-7871
8787
-2614
-1361
-9674
-7720
6805
568
4105
9342
-4988
9037
3453
-5706
-8755
-6054
6500
-333
-1464
8345
7562
5301
5208
8981
-9661
-7394
-816
-2847
-5699
-3911
-5662
-7575
9798
7878
-1726
1189
909
-13
2917
8753
-7093
-6973
-6191
-1659
-549
8215
-1671
-700
7114
13
9367
9120
3665
-1996
6434
4114
9665
-5450
-3021
7362
-2163
5985
-2909
-4901
1363
7449
-6403
3999
-4646
-8990
-901
-8580
8078
4580
-1864
6256
4676
-8639
-2408
7216
-2835
7391
-8212
517
-7571
158
8199
4779
-8196
-8135
-334
-2111
-3657
8017
-6735
4412
5797
5953
4766
-1001
6587
3766
-3299
-6464
-1655
-8689
-6933
-8124
2395
-2482
-6376
5732
7480
-6964
8300
-5283
-8094
-5677
-5989
4132
-2176
3955
1529
-1701
-8852
176
5152
-5162
-6049
902
9929
8967
4371
-6053
-4251
977
2200
-7226
-447
3883
4755
-8464
7696
5988
9926
3296
-2535
6808
-9214
-6439
1689
-6842
-1423
7924
7190
5255
3343
-313
5657
6731
-9485
-4166
5468
4193
-3917
5508
5675
-4339
6106
9705
-6268
3339
2676
-9757
-3689
-6632
-1623
-9009
2037
943
-3597
-2561
-4277
4118
7957
-9208
-5422
-2123
8058
-6248
-212
6508
-4202
3731
8206
2896
-1538
-7182
-5509
-9421
-3155
-2032
-9448
5581
-5080
-3021
3450
-6353
-2693
-7071
7551
-1085
5251
-8748
-6392
-2832
-5051
-4085
-8198
-3520
3045
8014
5072
1903
3696
3257
5647
909
9455
1290
-2376
1471
5180
-1105
3802
-5156
4182
-8103
-2123
-3838
-2905
-4529
-8526
-9790
-8133
-2912
9955
1401
2741
-4283
9039
-5691
9866
-4731
-2946
-8285
-719
5625
5228
4469
4524
-3971
-6303
2342
335
7702
-7399
-9342
-7816
2251
-6127
-770
-4867
2194
8753
-2187
-6302
4602
8947
1054
-9648
7976
-5929
1332
-1008
-1535
-4352
6170
-7200
-1725
-722
5243
7944
970
-4316
-5354
-404
-9608
4322
-9733
-6265
-5248
-5279
-9168
4155
-465
2640
-8843
-7223
1577
-1020
522
8595
-6391
-2966
8215
-9749
-8141
-6676
-7987
-7809
1387
1850
-787
3117
9541
4870
2235
5138
4760
-7644
243
-7803
-4767
4439
-5176
2850
-3219
-8319
3096
9636
9429
-2163
-5273
-7968
-1157
5085
-1433
-2112
243
-1721
8839
9619
5511
-4912
8796
7572
-2618
8010
376
9294
-8552
1449
3125
-5647
6446
7722
-9905
-8626
-1342
-6994
6767
-9532
-611
-7841
2937
-2223
2813
6015
-561
-997
8345
-3303
-6449
7517
3592
-5559
-746
237
-1169
3162
6024
4757
9537
-4665
9213
-300
1307
9346
1324
2897
-984
-8460
4419
5350
8473
-9728
338
-3957
4251
-6328
3680
-4911
-8758
2484
-3544
-3266
-9364
4763
-9189
9436
-1308
5529
9409
8346
9567
-5461
-6864
-8762
-8345
-803
3524
-2685
-7768
-2297
-2989
1356
-2982
-6173
-1918
-1006
5756
-5759
-693
3836
-3726
9920
7779
2411
6820
6123
-8476
382
6976
-8944
-2157
-3970
5320
-1013
1706
7390
3376
812
-5506
-728
7881
741
-9207
6244
690
-370
5646
-2678
4277
8846
-2192
-6721
3144
236
4062
4816
-671
-1195
-6725
3292
-2296
5012
1631
6789
-1117
-3054
4922
-4491
4955
-3980
-6044
-3453
7169
-1692
3317
5070
-9300
4966
-9711
6926
-5291
-2424
-6147
-929
-169
6479
8110
8663
-7845
-5218
-3417
5144
-5508
7333
9465
130
6313
2418
-5879
-3357
-2594
1691
-7347
6760
-8569
2277
-814
8502
-7286
-2368
-5627
-3428
5575
-4117
-880
266
9029
6823
-9748
6463
-3468
8285
-2400
7666
-855
464
-5945
7287
-149
-6744
-408
1319
-7870
1053
4149
-8922
-5001
8994
-3859
-7530
3627
-6434
-399
3734
7485
-7097
2272
-6054
-4961
792
4345
5279
-4149
-4785
-5343
5738
-2644
-1401
-5842
-8168
-4765
232
-9334
7600
3387
-2503
-570
-5964
6954
-9702
3635
6720
9999
-1992
-9655
-9829
6411
1942
8115
4516
4648
-968
-1543
3445
-6483
-9470
-6245
8297
-2427
7146
3742
4497
587
8977
-9333
-5214
-128
4996
978
9182
5566
3057
-1995
3192
-3202
5400
5148
8792
-3099
9204
-2068
3258
-9215
-9385
7087
662
2360
8829
9762
6818
8318
-7868
100
7775
-9468
3826
7755
9190
-4525
3064
-763
8639
3093
-2836
1623
-9255
-1325
-4581
-3890
-2741
-4825
-6502
7337
8214
-3691
-5762
-5307
-1052
1605
-9729
3625
1667
1670
-4457
-1251
9963
5477
3520
-8728
6839
-2220
-7875
148
9702
-6551
-4982
8668
2264
-1823
-3173
5016
8772
-5225
2565
-8489
-6832
-1637
-2326
7042
-3439
5961
-4401
-1527
9641
2601
6626
-8619
-9129
9946
2259
-4488
-6316
1151
-6018
-1280
-3492
2743
-8275
7931
8690
6072
-4699
9428
-8862
107
3989
-3210
-7001
8813
4058
1417
2288
8765
-4347
-9504
5518
-8581
2178
5348
7213
7519
-3946
9
4490
-6093
-9527
7570
3360
518
-485
1599
-7660
-4366
2698
7858
-7413
5401
-6522
7870
5999
82
-4136
-4293
-6654
8424
-6140
6494
-4709
-9248
-6560
-2275
-391
-323
5055
5482
-6333
4649
8710
-1795
7519
6523
5557
-2026
-2741
-6094
-853
-797
1435
2925
5976
1474
771
314
-4934
5216
-721
-5489
-489
3144
-2001
1340
-993
-6634
-1923
-9609
5317
2458
4012
2042
9250
7838
-289
9714
3590
-7609
-7723
-9989
-5871
270
-6625
7848
-3
5737
8858
4736
-8102
926
8169
-1741
7608
-8906
796
1024
-3184
-9115
-5953
-1864
-4921
-5204
-3229
762
2898
5929
4848
-3523
-8415
-3024
-8593
-3247
-1247
-6151
9535
-2915
-8146
-200
-5147
-3911
-5030
-9955
-6291
-5806
5064
-7500
3527
-1019
-2
-7944
-4042
-2327
7892
1098
-6868
-4059
-7211
2170
-2432
-9152
859
9378
-2396
8005
4581
2739
9096
-7015
8824
-5528
-468
7016
5829
-1884
-4761
-5557
1309
-912
9659
4853
7936
3684
2693
3840
-5013
-9572
7304
-6050
-5458
1327
-3794
-3353
5750
2950
3812
131
9556
630
5003
-5452
-2771
370
8084
-4969
-9450
-3090
-4728
8550
5793
1769
1734
-1958
1963
1596
3948
-8552
2701
109
8695
-3277
-8931
1849
1086
4616
-8771
-6774
2756
-585
351
-5664
5068
-2602
-4821
-1695
3654
283
1140
-4356
1733
9764
8281
385
-1009
-7455
4223
5036
9783
-1275
1996
1928
-7031
3969
-7936
-4527
209
-3947
6389
-5310
7314
9789
9654
7466
6598
-2897
-1240
8869
-7044
-5261
1164
-8244
1954
-7208
3994
-4821
3547
585
-7884
-9395
-490
3985
9002
3514
6887
-5765
-2511
-5732
7354
4334
7174
8143
2507
-6979
7286
-3968
9006
3346
9796
5281
-7118
-6883
-4575
-4305
-6791
7581
3305
-7462
-4832
-6675
5700
-2439
-5983
5199
2252
-3216
-9698
4055
8774
-5549
-5169
-8843
-1522
6296
6491
-6051
-7157
-2548
3232
-7337
3616
6120
-4103
-9934
5226
-534
3605
9748
-1704
-1500
7117
-1
3358
4784
5455
-9503
-2185
-6724
6770
3793
1437
-7479
-845
-1595
2002
-7069
-5293
2493
-9227
9554
-5474
-5701
-2900
-8713
6836
-6792
-2069
-2094
-3355
7781
-4203
8
8237
-6374
919
-157
-1238
3990
5791
-5980
-8009
-8139
4029
9611
-8835
-3518
4373
4088
-3726
1757
-9216
5620
-7508
3438
-2091
9783
-1519
7790
7675
1559
-4595
-9059
7455
-8781
-4847
861
-251
-1483
-1347
-9152
-1579
-3307
-977
-376
6080
6670
-7398
6396
-214
6110
-1452
-8091
-6356
-3528
-9464
9869
459
6923
6618
6510
-6174
7351
-7319
3776
833
3371
-8113
-8375
-7684
-5878
765
-4541
-547
9562
-8690
-2432
-1758
-7005
-8648
6497
-6969
-9503
-6653
-5716
-5015
-6256
2109
-9028
-457
-2500
-5604
-8459
-7404
3938
-9675
4213
749
9746
-1721
-5859
5380
7466
7062
-1278
5381
-5740
-6487
-5315
1605
-4190
4763
-4571
7340
5736
9270
-4712
3625
-9834
-3889
-7696
-9267
867
-4308
8412
-7697
5476
1935
-8398
-739
-9485
2545
4434
8941
-4557
7948
-8318
-7825
-90
-3093
8046
-4330
-6265
2698
-5782
2303
-687
2011
-7053
-8373
2263
-3001
4192
9219
127
4334
7006
2678
6865
8800
-16
-2237
6201
-7796
-6757
6083
5951
-1525
-7076
-8148
-3336
2863
2046
634
1294
4882
-1700
-3796
-7007
3078
8304
2653
1005
801
3522
-612
5666
-1154
1975
-6795
-6637
-4608
-7291
604
2365
-3726
3987
7888
3449
-8496
8289
-3624
1741
7432
350
960
-7993
7594
-5825
6296
-5007
8345
-2571
8068
-3655
-5612
8853
-7610
4458
-712
-7922
4725
74
6421
3657
-9300
-4299
9822
-8336
4364
6195
5751
-5442
8865
5722
-7919
3721
397
