1404
-877
-3846
-7052
-1117
-8334
-4523
-4286
9662
-6893
2723
5909
-5546
8732
8442
-3433
7536
1686
-4167
1366
3017
8286
-8493
3718
-4054
7943
9404
6864
7583
18
2942
664
7069
4942
6738
1502
1485
-997
9095
591
9469
4539
718
-5269
5850
-517
3359
6642
8819
6
-2729
6506
8956
2067
8601
-743
3254
-1023
8513
-1659
9883
-6166
3093
-7966
4304
-1071
-4818
2766
6476
3527
-296
-5703
-117
-7781
-8753
8811
-581
3324
-7540
-1754
855
-9019
-2433
6020
7695
-741
-3944
-2320
3869
-5066
-6668
-4985
1844
9875
3577
4916
1447
-2586
-1694
-1727
-7153
-1081
4443
-3017
7739
-3665
4444
2440
-6568
5492
2852
7138
9308
-714
-6792
-1025
2467
-6707
8385
3052
-9459
3682
4109
-9547
2197
3886
-8456
3251
-5984
8480
7388
-8312
-7608
-3162
1148
-4717
-8983
1958
4311
5080
2871
6295
-4685
8927
6911
-8357
-1523
3005
-1207
-1793
-5016
-2837
1565
537
2466
9107
7481
-1418
5864
3566
8094
-8871
8375
-9316
461
-689
9585
-6222
4061
-3350
2339
6953
8224
-8428
-7308
-8487
966
1227
865
5687
-8937
-9896
-553
-7422
-3493
9094
704
-5274
-5469
8720
9008
920
-6577
-5927
-7301
-2555
-853
8359
-6578
9523
7172
-342
86
2979
-1324
1734
-7699
-1567
-1134
4844
-8029
9278
-5492
4566
-4230
-924
7054
-5628
-390
-1028
6882
-1674
2063
-4654
-5793
3097
5251
7478
4571
933
2607
-795
-1513
-3631
-5898
-442
-6928
-7968
803
8378
61
2122
-1176
8090
-3051
4522
7576
8985
2360
-9551
-2396
-8975
5811
-8061
142
6028
-4727
-7749
-5147
3138
2692
-2757
-195
5584
-2227
-6010
-6239
3175
-6317
8657
-6593
-2170
-1734
3568
-2209
2180
-4615
-3785
-7941
-997
-8745
7685
4739
8145
-643
5677
-1048
-1647
-9295
-7805
9905
-3853
-814
5052
1166
4258
2917
6483
4377
3732
6188
5435
1281
7876
9099
2173
-9935
3689
3741
-4860
-6993
9061
-35
1743
-8779
-7784
-2669
5181
8699
8313
1664
-7137
-9487
1580
-9578
-3229
-7708
-1056
-4011
-6041
-9968
2656
-6523
-988
2122
-7714
-3093
-1118
2272
1562
-8473
8030
-2987
-9411
-5896
-224
307
-5630
4907
1234
2188
4500
-2015
6746
-9907
2260
6319
4014
5469
8245
6635
8834
4580
4074
-285
-8120
1198
4446
-4716
9427
4366
-2114
9760
-1726
-360
3926
5893
3167
2603
7203
-2331
2940
9695
-776
2660
3643
-6051
8145
-2478
-4152
-1974
5406
-1686
-3350
-8161
-2126
-6376
4907
-1160
1728
-4427
9090
1566
4192
-4169
-7122
1034
-505
-1287
-122
4438
2503
9466
-6518
3210
-4476
-8680
-1487
7961
-1446
6386
-7588
-7690
-6813
8128
-6725
7831
-1675
6699
-4164
-4744
3480
-4251
4997
8241
-8115
6091
5598
-2679
-3749
1114
6965
-8522
2440
-5872
7328
83
-6965
-5900
4251
-6312
-3213
3106
795
6307
-2091
7286
3373
-3305
-4072
6732
5701
4187
4150
-932
2561
7825
-1177
-7274
-8968
-3588
-66
5829
3236
9630
10
9125
9643
1038
4650
-6153
-6671
4676
7791
-5948
3931
6337
-8327
-4618
-6128
-1877
-7302
6747
-1428
-7230
-3296
9061
-9092
3037
1348
-3860
7780
-803
1074
2807
-4588
5700
-4996
-5065
-3669
3443
-2053
-2840
-3113
-5750
5203
7246
5796
2363
5495
9464
8218
-1294
2967
-4240
-28
-4807
2927
-2353
4257
-6306
-9122
3286
5237
-3583
8997
-7449
7421
9880
1752
-1821
-5814
-2242
6118
6205
4175
1532
-2197
-1570
2342
4548
8572
-6050
7682
7527
-8775
5391
-5242
-5192
-9521
9449
8679
-7731
-7346
1330
-5792
-8861
6165
-1545
1272
7765
-5694
-8393
7043
168
9922
2898
-8420
8269
7717
-4066
-5288
-1562
3810
-4072
-6299
2948
-3756
-9214
-8962
6674
4318
4428
2631
-7876
-8388
-2165
-8056
1273
611
-5460
-7196
-3562
-1872
-9220
-4059
1597
-5597
3929
1561
2206
-689
-1773
-4302
-9112
-7909
-9391
-4167
2882
-7126
760
-7157
4607
-5570
4990
-592
1538
6204
-1092
-3223
7894
-5716
2827
8658
9180
-2061
-882
-6458
1333
3357
-8288
3798
-6040
-2627
-4449
-6485
170
2797
3870
-6138
618
-7154
-9542
4143
-5577
82
474
8272
-6791
-7681
-9852
-2900
8398
-9694
330
9882
-288
4276
4276
-3936
6612
-8878
-237
-7579
2125
3105
-6401
4746
-4774
5739
3359
-9268
1317
2052
-7890
9728
-684
-3603
5602
-1190
-4797
8253
-7148
-7526
7881
8290
-2823
-6223
-2969
-8932
7598
2095
8074
-8485
2767
5545
-1819
-2353
2557
3724
-5652
-8793
6357
193
-9317
-6996
3110
1124
4504
-7071
-1608
554
-8825
6025
-147
-4230
-7168
5533
4853
3086
-9359
4331
698
4934
4677
-1107
4362
-8871
-4810
-107
2507
-4218
-3261
-3902
-4908
-1864
-457
-8723
2122
2393
-9292
7851
3544
-8614
9274
-2494
-2987
178
-769
183
-6274
-2307
-2857
370
1775
-3621
-4329
-6679
-1249
1224
5215
649
6290
2578
7522
-6142
-5318
-9630
1092
9494
-4114
1267
-1947
5813
8167
-8905
5636
-3595
-6394
6717
2938
-5937
-7583
5235
-7270
8623
9694
-1403
4549
9115
7614
3914
-8339
-2605
-9457
8348
7757
1957
8929
4029
140
9611
3967
4953
-4673
2539
-3993
3931
-6243
-3278
4079
-1649
-4810
-3079
-7614
-7534
215
-5946
1323
-6109
5805
-1791
-2391
-8163
6097
-7713
-2065
-3814
-9622
-8404
1393
-2298
7075
-1733
-6106
2028
4965
5400
7699
-2030
8889
9237
5586
-5674
-3343
-3323
-9154
9372
-8623
-4318
-2081
-3860
4165
5830
-7464
-175
5299
-4217
-7653
-5138
8576
-4278
57
3044
8501
6485
1383
9794
-4491
-2926
8405
-2928
-6629
-5731
-7748
-5756
-5926
-4223
2521
2987
-624
2743
-4073
-6808
12
9128
-6977
-9928
1992
431
-6842
2793
4807
6019
-8132
-8267
-2471
-5316
1638
-7567
-8255
-4741
7122
-6091
8049
7594
-1171
8808
-6741
5849
7347
-4295
-5254
5744
-370
-7688
-3290
687
-5384
515
-9004
2145
-8372
-2055
-5398
-6249
3055
8800
8457
-767
-5732
-4549
-5400
1422
2242
7069
5403
418
2463
1071
3578
7162
-1640
-2150
-8368
-5549
-2896
-6189
694
-7625
-7751
4788
6750
-2827
-929
-6645
4881
-7239
4833
7013
8168
-4531
-2457
9660
-9958
1346
6206
-4755
4145
1407
1218
-5797
5192
3917
4465
-6907
8205
-6347
7306
-6983
5168
2176
330
6959
-4224
3189
-8182
366
-9666
282
-3151
7678
-6550
4575
-5255
6151
763
1183
-886
-237
6456
4848
5191
-9004
-2607
-2701
2260
651
4642
-9507
5424
-2738
-9891
675
9225
-3223
-4684
-7168
-7555
-4310
3345
-6759
-2091
-1793
-4875
412
-1609
-8244
2792
6314
-8256
-827
8963
-2279
121
-6997
-1021
-5081
323
-8747
-8888
-8557
-620
9168
-9499
3687
7511
-8863
6031
1514
-4479
5691
236
-2055
-7815
7047
6318
-6654
4384
7374
454
546
-1083
1814
-7654
-5260
-9937
4281
6569
-3610
126
6061
-6115
-3730
-1316
5447
-5233
5638
-7706
693
2048
-6053
-9577
1643
1179
5967
980
4644
-2951
2114
2316
8508
-7459
8449
-5974
6660
2708
-2235
-8058
485
-2044
-3386
8417
-822
-4167
-1359
-5473
2280
3771
410
-903
-5891
-4415
9182
-4969
-708
-1390
6524
-5909
-8443
7784
3909
-4242
2145
5988
8405
6862
-2028
9032
-9600
6834
8633
-2408
3344
-8363
-4404
2859
3989
6447
6081
-5170
-8212
-7752
4067
9014
3662
-5319
-3195
-9103
-4308
-269
-413
2530
-7692
-2741
-3025
3293
-1280
-9452
-2431
-9033
8279
-1521
8863
-1709
4269
-2832
-6173
-6451
73
-3864
8968
-2887
-4088
7149
-1881
-5135
8552
-9942
7567
6624
-7252
-1231
7872
-4892
-4499
6416
998
-3224
8756
-2414
2390
84
6957
-1261
-4388
3054
-3069
-1584
728
-6129
-6893
-8148
2496
2879
-760
-651
-309
3553
-5232
5125
5057
4086
-4595
-6328
-880
-3295
-7628
4786
2417
-968
-9235
1713
2391
-3758
4373
-9173
6817
5067
5687
500
-4004
-1293
8383
-1834
-888
-8021
-3665
1448
4494
2837
2214
8059
-6428
-1802
9172
2500
-3482
-1481
6447
-1868
-1411
-4755
-1269
1694
9420
-2417
-4153
-3879
-1606
916
-6588
-4547
-5298
559
2823
4864
3473
-5890
2833
7608
3984
-3171
1127
518
-5411
-8206
-8064
7146
-782
109
-7366
6631
-5095
-9909
9068
-9480
-9198
-3854
-1995
-1600
-7447
9809
-7913
-8665
-358
-8989
1095
13
-9068
2199
-4982
-2253
-8946
6155
9683
-4805
-5183
6645
9776
-8107
-7781
1386
-96
-7172
-6584
-794
-7388
-1275
4365
1894
1636
4919
6793
-6373
4102
-7147
4189
6977
5334
-964
-5991
185
-4311
4744
1952
827
-1573
5993
4831
-6230
-8532
-7438
4873
3688
8276
3201
-9620
5139
8939
6689
9369
1597
2418
-6701
3547
-5991
7834
80
3204
-438
-769
4658
-7986
-5596
3858
8503
6792
-9172
-8357
5897
9433
-3608
-2341
-9514
-1636
3682
-233
-1069
3558
-6335
-5303
4829
-3233
-8284
8351
-970
-9417
1196
3704
-784
-2826
-6043
-5994
-8908
