8037
3959
8237
-9589
1553
-5046
1177
-1315
-2763
9921
-1415
-2514
-487
933
-6096
9763
5260
-49
4664
5541
8432
-1905
8627
-8067
1875
-678
8937
6594
6643
-4912
3060
5615
9158
-8761
-1609
2317
-9891
9002
-6280
6751
137
8220
-9735
-9230
8483
-1819
-3924
5830
6439
-8605
-9475
-6589
-7099
2043
4488
-6343
3570
-7607
-625
6122
4938
8568
-3344
968
1924
5998
-2418
3053
-3364
-6409
-1534
-9842
7836
-3957
4308
6421
-7844
-711
4042
-4094
-7145
-6890
-1868
-6430
-6753
2680
7097
-5044
3387
-1778
2781
4196
-3204
-8494
-3121
-1329
-1554
-6942
-8293
-3678
3996
-1452
3320
-4108
-5977
-9487
9976
-3907
3418
-3866
6859
3983
4183
-31
-8862
-6481
-5087
-5585
4052
-4321
3516
7719
5692
9666
6905
-1886
7680
-2390
8117
4553
2736
-2252
8412
-4485
-8119
-610
2487
5148
4409
7046
-678
-7246
3887
-7231
-7581
4049
4327
80
405
9762
-262
-1703
-4485
3795
-2435
8334
-3512
19
-5240
8197
8596
-603
8480
-5701
-9983
-5026
-489
-5240
6110
-3237
3154
4665
-953
7171
-9708
6346
4986
5818
-4218
-9588
-4254
-4441
-2102
986
786
9149
6427
-5854
6320
4225
-89
6527
9784
9537
-5283
427
-6697
6884
821
5586
6119
5674
-647
-673
-9129
576
-8320
3330
-2288
-7075
9614
-9906
-7774
917
-6932
6734
7072
4633
-5682
-7495
-1946
3048
-6982
5434
-1878
1081
-8628
4793
-9134
9595
2105
-1034
7198
-8470
533
-8159
3532
9400
-2938
6616
2379
-2813
2561
-9865
-6579
2523
-5018
-6323
411
-234
-2318
-3380
-1175
3871
8927
-9192
-8041
-5627
-8206
-9927
9244
-7424
-7234
618
3119
8596
8052
-2613
-444
3222
7988
-6190
-7862
820
-7400
6520
6686
-1830
8340
4550
3714
-8069
-6508
9877
9043
3330
-3582
-8961
-7161
7670
3488
-7384
-9655
3034
-2133
-7498
7948
-8844
-6076
-6079
6657
-3212
-3598
1458
3167
-7860
3048
-67
-3484
-6553
2157
-4373
549
-7765
6400
8957
-513
2178
-5708
-2429
-915
8490
1604
-7283
7550
550
-4548
-7877
-7271
-6852
9003
-6166
3942
-6710
-7760
-5809
-3297
-5664
1278
7873
4356
776
-4515
9940
8206
3829
-7186
7926
-1516
3427
-1283
6685
-8206
-4740
-4393
-5574
-7218
2981
125
649
-1892
6807
9797
-3156
-8270
-4947
3970
8320
9313
292
-5109
-6364
1699
5396
-4529
-3219
4330
-954
-5076
2688
-1802
2274
-9513
4134
3644
2803
-4446
4127
375
8923
4521
9958
-2298
9518
9554
-6564
-2566
-7800
5779
-7734
-8031
2112
-5611
6367
-1981
-6404
-9556
7777
8343
8925
6924
8361
-5451
-1233
-4989
-8681
-1005
-8205
-478
8285
3732
-9024
4355
9770
-4909
-1620
5344
6900
444
4241
9907
9773
8253
-3756
7847
-8324
-5959
-4279
-1032
-1450
4812
-8396
6679
1872
-9422
-566
-3888
-3692
256
9070
1057
8686
3468
7204
5317
-6860
7763
-7276
-617
-8981
9754
-8365
-3817
-4056
-9583
-4988
-4268
-2786
-8299
5857
5679
-6870
-6200
5709
4663
-8670
-8879
4410
-1030
-468
-719
-1214
-9505
9610
3071
4677
4456
-3033
9938
-9587
-640
7648
9802
3128
-9497
8362
5142
-8825
-8735
-80
-5750
9659
-697
-3864
-8856
-7617
-1138
-5438
1073
-9276
-3018
-876
-6101
950
-6294
8502
9678
487
9520
5179
2498
-1093
-8686
9628
-9215
766
2350
-1122
-2757
-9331
5530
6157
9117
4690
1541
4127
5735
3704
-6380
-453
511
7735
5182
3510
6974
1206
-9775
-4424
1291
6965
-1456
701
-4354
4128
4160
7911
-9778
4454
-4877
5991
-290
-5356
-2592
-4411
2010
3536
-2722
-7743
4755
-41
8134
-4952
-4457
9946
5118
-7745
-6129
5835
-3033
3701
4048
-4687
425
-241
9552
2740
-3504
-3782
-6168
-9228
-9371
606
-1447
1518
-8809
6168
-207
7810
-447
7065
4092
9691
-2958
-4528
-3718
9583
-922
4915
8802
7738
3573
-901
-6590
2540
5060
-5791
8972
-6043
-2436
-7155
7035
53
-4907
-7788
-2501
5925
7623
8607
4453
1028
-1564
8414
-9012
-2112
9215
4134
4175
-7490
-274
2440
9514
2272
-6631
181
4427
-9653
-8472
-2476
4920
6962
1282
4649
-9953
-3513
-8514
-6862
662
-9544
3524
3929
4940
-2171
6744
-9082
8317
-5396
-5339
7120
2108
-5107
-9184
1362
7911
7804
8258
1065
6409
-4247
-9361
5468
8512
4234
-1124
2934
436
-959
-7991
-1266
6738
4536
-1595
4575
4635
-8448
587
-9707
-1873
4008
-2043
-3258
1426
-7959
3732
-3526
4795
-9841
-2829
-8416
2159
-4156
-6699
7778
615
-5458
-1181
-6748
723
-8786
-4573
-6669
7999
-3200
8200
-3058
-3120
-1486
9354
-3435
5383
627
-5398
1633
5822
-9777
-4204
-2784
3101
-1798
-9163
-1056
-3711
-2893
-5333
8672
-8516
-949
-4421
6254
-2105
-9716
6706
-856
4572
7963
-2844
-5423
-1946
9335
-5554
9367
-3551
-4676
-2322
4952
8529
-6173
-2852
1363
-4447
9626
7786
-2060
9334
-660
2793
9655
-3281
-427
1161
-9447
9193
1238
-9891
-7401
-5224
7268
9161
-1936
-8427
-7695
-9135
-8459
5216
4107
-4682
204
-933
-1792
3880
-1071
-1074
-5404
1535
3016
-5138
2723
-7126
-2360
-4272
4969
5989
2329
-5716
-8886
-5993
-6245
-8948
8947
944
7457
-1758
3492
3513
3506
9237
-4543
1667
3166
-5709
-7462
812
-1125
-2684
6902
6532
-1596
5410
2337
8320
3106
4679
7058
-1229
7003
699
-2611
-6582
-7518
-1583
-3477
1633
-2139
166
-2266
6061
-8065
-1090
738
-1669
-4790
-6
-772
-7277
8915
-5683
1863
-9642
2243
-3062
-6000
-1002
2152
-572
-9713
5646
307
6393
-2095
-4261
8306
9728
-5098
3794
-490
-8305
4211
-3999
-9577
5422
-88
6388
-7497
4434
-8562
8211
7672
-8056
-9461
2744
-6823
7746
3460
6325
-6309
940
-9202
-7051
7181
-5399
-9452
842
7700
-4347
8866
-8337
6933
3253
7898
9191
-1146
7781
-4132
3560
-3633
-5687
1639
4611
-7983
-9801
-9905
-5040
5823
2595
5777
-5281
3520
2821
-1189
103
8466
-9980
-7341
4659
-8356
-3427
3934
3556
3794
-2840
8971
-8364
-7666
-6250
-117
1975
-7203
5198
-6207
-2037
-7248
8773
5241
-6176
-9082
2731
-3242
-6570
9904
239
8347
-7323
9027
2251
-4058
-6393
8875
-8113
6007
-7506
5493
-1549
3917
-9883
9970
-8396
5312
4594
-3724
3113
-7261
314
1336
-7769
-2255
-8272
8555
-2210
-2212
-4376
-1954
7558
4459
-1041
-9031
-7761
8332
8051
-2168
3847
-3965
5991
7677
-3752
6031
8071
9147
2451
-2069
-5758
-9522
-6474
-8812
-3732
5184
-317
3207
-4860
-862
8219
-1903
1108
4806
-1713
-2345
1589
-3114
2146
-9911
-7724
9871
-3943
6300
1933
-3937
-7939
5598
8348
-5299
4823
8712
3739
6124
5515
-4805
-3535
-5433
7361
1087
-213
8356
-4341
-7424
-1656
-2097
-3702
7155
-1410
1229
8836
-177
-4180
-221
-1068
9933
-621
2097
-8475
-4996
8130
-9486
3449
2483
2792
1096
-5895
-6462
-2754
3815
-453
-5847
8107
1330
-6806
3452
244
-2053
-5406
-4789
2904
-2004
4644
1588
7393
-2074
-6955
-4008
2026
4326
8071
1289
-552
-6988
9477
9865
-6378
-4215
-8715
6913
-9909
9805
-5416
-5216
4596
3434
1039
-7704
3661
234
-1178
7328
8853
5275
6573
-4855
-4973
-2018
9252
-3070
-4533
-7251
5580
-5448
-7542
6262
7376
-6062
-9375
5905
5115
-5197
-3756
5892
-8246
3443
-6068
-3919
8430
9896
-8378
-9270
6867
-7842
-7552
8099
4834
-2624
-5452
1133
8429
5678
4018
-4375
-286
-8725
-4274
-2068
4237
-2638
-7100
-3513
1771
6985
-4837
-7228
-9178
-1888
9781
-3536
-385
8353
6020
5381
-2
4594
1639
-5050
-9683
-4747
3663
-7969
-7933
-4947
3999
-9865
9989
4468
5315
6254
-1770
3905
-8902
-3180
-5477
-2350
-9195
-946
8678
-4579
-5632
-3703
-1929
1379
-5089
2825
-2325
-8542
3059
-3053
-8549
6272
8346
291
3357
6906
-4596
-7157
1220
4469
-6959
4709
-2879
-7111
-2536
9107
-1006
-9906
-285
-5501
2219
2652
5944
9230
-8418
-5772
4601
-5702
-7527
2642
276
-2245
-853
1337
-426
-7831
-4365
-1709
-2511
777
6290
-9655
2285
-5016
-9505
-7192
-878
-2374
-6028
7966
-8827
-7428
67
-687
-4001
-2300
7158
3910
7137
1079
92
-2007
4145
5835
1324
3726
7782
-1759
-2866
-3802
2181
3589
-4351
7209
7636
-4307
9433
2867
-7384
5875
7797
4493
-3547
8168
8857
6350
7421
1526
-470
868
4940
-8368
-4497
3104
-9498
-6981
-1932
-3915
-2746
1772
-5828
2831
6888
7580
-6665
-7556
3336
8546
9305
1128
-3803
-1581
6222
-1593
5182
-610
-1611
-2910
-7861
5405
-3252
8843
3931
-5313
-3848
-4506
-4299
8301
-6497
-4606
-6888
2515
-764
3229
1986
-6018
-6245
-4167
-693
-8879
9673
9077
8530
7471
-5007
-6676
-8557
8577
-3118
-9896
9733
3864
-5590
-7638
7489
4372
1345
-9984
9112
350
4217
2950
-4734
5913
5614
-146
-7197
-5126
5563
7034
4035
-5549
-2656
1562
4496
-6550
774
161
-2159
8431
3873
7348
7430
3149
5130
3764
8438
6760
3676
8413
9241
2931
8336
-3626
2871
3516
9054
2147
-1718
-2089
6292
-8224
405
880
-6591
-3094
5498
3960
-2761
4013
8846
6198
-2715
-3101
-8325
7464
-8591
-8364
-1610
1334
-3945
-4708
5251
7133
7729
-6077
-8781
8798
-9950
2052
-2233
3722
-1598
-5936
-494
-2745
5676
-9573
1741
-2054
7792
8620
6757
-2686
-3607
2543
4743
-8675
2087
-3224
2496
-9864
1001
-9729
-4540
4510
938
3140
-6742
1366
6168
9501
-8899
3046
-3945
-7930
-5782
944
-9685
6552
-4193
-1504
-9321
-4584
4412
-6069
7788
-478
9536
8982
-2870
-7014
-4108
4776
-9804
-6683
-797
6933
7091
-8604
3682
9692
1838
-7073
-3272
6082
-4622
-2640
-9188
1355
-7818
8739
7659
8150
-791
7863
9344
-995
9962
6864
-9059
-1005
-8250
-410
-5979
6328
-2868
-499
9314
6279
-9467
5934
-398
-436
-5941
278
-1526
-1209
-8332
688
4008
917
4570
5325
2196
-446
1474
-9954
-2299
822
7759
-2608
7033
5939
9212
2824
2981
-404
8653
-7395
-2395
8501
-2178
-7346
-699
5247
-9695
3083
1041
-7494
5995
683
-6320
8740
7551
1283
7853
-9164
5808
-2568
-757
-2050
9639
1843
-3745
659
7068
-686
-2647
8704
586
-1602
-6973
-2409
-9443
9434
8102
-9975
-9675
9237
-7188
-618
6382
7179
-319
8943
-3390
2917
-6669
6544
-7155
-6288
969
-6166
-2539
-6776
6396
11
-3789
8808
4553
2349
1028
5454
-4047
-6184
1649
-3812
-3583
-836
-3608
6188
-2976
9238
6576
9158
9069
4730
-3933
2030
-6145
-26
4625
-6612
2077
-8824
7051
210
-3209
-4387
9650
41
-853
-3813
-8569
2177
-9353
-9510
-1262
-8560
-1899
6661
-3941
3255
2953
3518
-298
7673
2207
-7882
455
-1065
4884
1235
2169
7673
-7626
-1689
-1080
4711
-809
4899
-3301
-1872
9980
5124
8254
3877
8877
-2573
4320
-4183
3949
5310
-9917
-6206
7118
972
3150
-6450
-4610
-7655
9447
6162
-7968
-9085
2459
-3881
401
7843
8490
-6122
-4798
8101
-267
-1071
8729
5347
-9881
6438
2577
-7632
-4335
3795
-4080
7644
-8334
389
-9686
1996
9055
-7061
289
-2615
-1342
-6160
-2982
2253
3435
1417
1013
-4912
9402
8999
4728
4015
-6216
2292
-2316
-8587
-7586
-9112
2174
5539
7246
7538
-6002
-7040
4167
989
-3663
-9039
8768
3720
263
9229
5159
1496
2331
-7462
5049
-4101
7839
-6599
-5608
-1331
9114
-9431
-6393
6267
9972
-9908
-1606
3002
-2498
1513
6828
1176
-7620
-714
-4886
-9948
-1310
1152
694
-8387
9182
-4864
5807
-1323
6929
-5368
6619
-6678
4018
-3982
9727
-8216
2046
9828
-9827
6570
3192
-2049
-2868
9714
7923
5670
-1575
-9212
-9620
-8272
218
4530
301
5366
-4090
-1583
6760
6641
9548
-8397
-2385
7131
5611
-1298
-2978
-3717
6220
-187
-9688
7485
-692
9197
-6171
3031
5606
7045
-178
1985
-5252
7287
2423
-9786
-8029
2948
381
-5272
9008
-8074
2855
-4975
-3931
-8062
4379
2763
9154
-9237
-7172
-1196
-3773
9605
2611
-7873
8298
1879
2526
-1867
-5473
9604
1665
4922
7965
-2017
3328
1336
9459
2844
-3534
-8152
-958
9020
-3932
8122
-310
3902
3217
-8693
-7808
-7009
-3089
7578
5086
-6888
1308
8164
-2717
5284
-5724
2245
-1065
-6802
1486
-8724
7556
-7577
-2250
-3864
7066
-219
2205
-2255
3764
9589
6218
29
-5050
-8337
7781
7904
-7718
-706
-1863
4537
8527
6721
-5256
-7131
4627
-2116
-7305
413
8381
8202
-3512
4291
9041
7293
-9898
5170
-5509
-4344
2838
-2599
-7180
1823
-6825
-3669
-5548
5255
-9926
-748
7723
3408
7801
-8269
8317
5771
-1294
1194
-4423
5047
-373
-5400
-6149
8444
-9616
7849
1667
4988
9663
-3697
-6626
-2461
9751
5260
5015
-1638
623
6416
-206
7843
-166
-209
-2095
-4247
-6288
9254
-9316
8578
-5335
-2811
-1865
6414
-9423
-8497
5218
687
9385
-1675
5860
175
-2926
-72
-195
-7772
7664
2145
-2739
-5801
-18
254
7968
-9785
-3610
-123
3341
4714
-7461
-4683
-8670
403
-2107
-3272
-21
-7375
-8620
-6674
-5717
5324
-8187
-473
4140
1006
3487
5543
9624
-7530
5351
6988
-3771
9644
-5100
2256
-587
-4885
-3284
7756
7778
7849
3281
-421
2617
3614
8710
1625
-9568
-5468
-9135
5171
-9581
1865
6288
-305
-9587
-9415
3882
-6596
-9618
2830
9864
-5034
-4808
6543
9458
-9708
3239
-1628
-7056
3155
3447
-9410
5845
6794
-6278
966
7262
2485
-4949
-9182
-6619
-6383
-5994
-7664
3224
3920
-3779
2125
-7313
-9375
7118
7451
5269
5198
7814
-228
3110
-684
-6355
-5986
8556
3560
-2034
5875
6030
-4375
8132
6665
-7615
3262
6915
2397
1064
6059
2394
6540
9941
1502
-3951
9532
6742
-3737
2633
9030
5030
6975
-4983
-4990
733
8323
4079
-2587
-2243
8841
1712
-1029
7151
-9212
9527
9347
-9420
-3305
407
14
-723
1068
5339
3507
6410
5729
-2387
-4335
-7158
-6314
6452
-650
9886
-5738
-7713
676
-7158
9679
3768
8033
1006
-9279
-1542
-9872
8749
-8228
-6614
5349
-172
-7871
944
4189
5247
1789
-4580
9466
-1066
1847
-3567
6220
9478
-5586
5955
9892
-1499
-2345
-3372
-8984
-9927
793
-2153
-9329
9211
-4677
-966
-7523
7950
3415
2753
-1406
5547
-6332
6572
1435
6418
-7227
-2409
4583
-4267
-2210
5829
961
-4354
3588
-5000
-9515
-2118
991
487
9247
7271
7938
9670
3271
-7199
782
-3860
9878
-2319
3924
5985
-6238
9432
-9455
1523
7380
7306
-2662
9858
-91
-6832
-8888
-3064
292
-9523
-284
-4100
-3962
9650
6211
3388
3410
-6100
-3226
-2396
3191
3017
5116
6024
-8834
-2090
-7001
-3593
5664
1401
-9337
6455
-420
-7393
6764
4565
-5828
-5395
-9208
-413
6129
844
548
4324
181
4773
-3464
7855
6392
-7202
7840
-8550
-5717
-8284
9847
-8980
-1772
-6536
-4296
-4578
2131
3067
-7635
3488
4548
7936
5347
8039
7399
4190
3
-7351
-6376
-4683
-8309
6059
-6792
8626
6303
2183
2599
7269
-3823
-1064
-6861
-1569
1177
1297
3923
4835
-5210
-4438
5858
6242
-962
535
2443
113
6922
-6651
6248
5472
-4368
-9548
-7427
6425
2121
3804
1314
-5272
8849
4813
-8754
5010
3452
2907
1824
-5717
-6173
-2678
7147
8600
1735
2650
-7345
679
-5484
-383
-9878
-675
6070
7622
-612
-2033
-7056
-908
1536
2737
7752
880
-4622
7973
-5773
3226
-1876
-3674
-1463
-2406
3936
-3122
8235
4231
4300
537
-5682
-833
-1172
-5511
2555
-8150
-2461
-4910
-8195
-9212
-1402
-5391
6599
-3947
-7771
-1683
-4960
-2847
1225
1958
1293
439
6699
-2348
-5741
6388
-156
5262
1059
-567
6951
-2384
4944
450
7824
-1562
-5146
-6482
1648
-5004
-5977
-4639
8897
-5033
7429
-8716
-6790
-7903
-3344
7859
-6003
3847
5004
417
-2981
-7024
6705
-6098
-6149
1099
9958
1278
4871
-1381
9966
-6481
4127
-7888
4763
-6020
5264
5224
-6254
1582
7829
-7196
3476
5548
6212
5579
2103
-6728
2210
4296
-242
3236
4946
5045
9649
5735
-561
875
1202
-6582
-4967
1194
2301
-6591
2841
-4770
2150
-6232
-9853
4117
766
1225
4451
-5127
-3363
9367
6267
3924
861
6988
9580
5635
9838
-4693
331
3477
2329
-6487
7211
9651
546
-5392
3107
241
-5642
2152
2129
-3606
-371
8366
-7961
-592
-3595
1224
5491
-410
-9739
3560
1607
9747
-6243
-5707
-7522
-2483
-2943
-4487
-9964
1693
6031
-2527
644
2518
-7225
7367
2994
-6334
-5464
-6336
-4004
-7473
-8615
-3369
5117
9451
9530
-8186
-9067
9245
5846
-9740
-1913
9499
1455
-1183
253
-6442
9084
-4801
1381
-180
2994
-2295
-115
6073
-9600
-8906
6875
2740
-1595
4242
8669
-2016
6365
6690
-6408
7656
8412
3821
9984
7499
949
1775
-5458
-19
-8757
-2456
-4585
1121
-2709
528
-7744
-4086
-6261
5908
-1374
-6776
8832
-3119
9282
-5414
-8699
-1526
-2183
-8335
5791
-6511
8287
8426
-4666
-3742
1306
-842
-3077
1521
-5450
-9771
488
-187
9864
-5718
-6977
9497
-5505
-5115
9757
9729
-5366
-7999
-4045
7279
9378
6735
2350
6931
4305
-7056
40
-9580
-9666
1711
-512
2111
2559
-187
2744
-9450
-9047
-678
2113
-3226
77
-9650
2721
4148
-3950
-7181
-3211
8934
-9014
4748
-6807
-2713
-5644
-613
3819
8533
-8726
2147
735
-4287
7123
-5944
-121
-1890
-4571
-742
5529
-4936
5951
-1190
2374
9966
6004
4494
6898
2075
810
4569
8402
-5799
4206
-6160
618
-7682
-9742
6150
-4406
-1376
8251
7918
-8204
5474
-8655
-1004
-7697
2934
-195
-435
-6623
-2498
-8230
-8806
4546
2298
-106
9417
3692
-4175
-483
-8575
-960
9165
-1914
-3113
-9453
-1262
3371
-9740
6442
3359
-6115
4943
-7209
7672
8799
7782
2035
-3841
-951
-1152
-9025
-1032
-9652
-9145
2973
2736
-2092
5789
51
4560
-3779
7057
9
7725
-4720
-4854
5908
-9629
6487
-4825
251
-6147
5255
-2132
-5494
-8622
3284
7208
8196
9059
2681
4285
-1199
-9183
-7942
-4781
285
-1259
3185
3057
4173
-4780
-8504
3672
4234
-8371
-592
7266
1564
7141
-2176
-7654
4271
-954
6355
1214
8597
-4827
-7092
1343
-7216
4119
-2596
-9628
-371
8886
-7491
3364
-44
-5303
4374
3035
-4768
-551
-5430
9384
6559
2376
-4862
-8651
2909
4794
-2259
2753
-3660
-9959
7423
7142
6381
-8628
8138
-6576
7961
-851
-1818
8908
-5618
7330
-6859
4663
-4080
-5537
-6731
2220
-2785
5051
-4898
-6972
-2661
-1276
-3363
-5273
-7776
1004
191
7607
5803
-7789
-5290
2024
-515
6408
-7230
2536
7061
4196
-8439
5855
7805
-7174
7130
-3039
-6323
9733
-5593
8709
-1221
-327
7591
-1226
-2599
-6712
5375
-2041
1052
-4125
-1353
7936
9900
7605
1558
140
-2975
1332
-6998
3364
9672
5129
6127
-1722
-7061
-5261
-7963
-7647
6615
-8827
-4975
-2037
-5836
6690
4591
6601
-8365
-938
1178
3652
9038
-1194
-6755
4588
694
-4192
-8849
-378
499
-3186
-751
-8442
-1348
8692
5846
139
-8650
1095
-8567
-383
-9910
-5479
-9551
-941
-3842
1645
-84
7729
-2847
-5768
4004
-5631
-4113
7146
-5948
-2274
2986
-3287
8695
5949
9470
-1184
4150
7670
-1674
3165
-8087
4060
8285
8254
8125
5492
-230
9120
9486
-6321
4604
2810
-7399
-9026
4514
3097
-1910
6536
9948
4770
4396
1936
4042
-5582
1519
-9466
6421
5320
-4126
2658
4227
872
295
-241
393
-1758
3081
-9328
-4632
4229
8123
5627
-264
-7881
616
-8283
-6684
-7780
7851
4069
2398
-4950
3732
-825
-232
-7109
-2962
-7233
7578
-6259
726
2307
1805
-1304
2832
1843
-4974
-3241
-1808
355
-2392
-5509
2966
-4920
3359
-6706
-7482
-1640
-6128
-4857
757
-7889
-6962
-9355
4064
8827
2695
-6380
8018
-1868
-8881
-5796
-1838
7283
-469
-2170
-1838
9888
5663
-4328
6690
-8779
-4680
7340
659
-4875
1750
5908
-6528
-4262
5618
4711
1728
9942
6637
438
-988
1049
-67
6959
-8124
8249
9716
732
9352
3886
88
-3099
5470
-518
-8128
8789
238
9735
-401
1444
-2532
8941
-5370
-2553
-8299
-1614
-8867
1842
-6413
727
-6576
-1087
2187
-4758
2502
9599
-2668
-1614
-9472
1180
8887
-3371
2771
747
1883
2890
6973
-2557
1684
-1157
2204
1313
7581
-234
9328
3072
2098
7973
3027
-4782
5281
-1141
-3415
6748
-9191
-6776
4987
-6392
6089
-4895
1950
-690
-9372
7923
5110
-7542
-111
-1757
8207
-5086
-3119
6501
7712
3378
7391
-8200
3504
-3408
-2620
-7344
-9391
-2647
2088
6005
-5875
-388
-3659
-9910
1695
7116
-1721
2029
2365
6217
-3543
6635
8716
6785
-2016
3567
-7004
3167
2771
-7199
-6773
-5899
2807
1918
-1849
9636
-1459
9214
-9140
-738
8292
9696
-5874
7189
-4898
7785
3189
-8816
756
7737
2068
-8417
2910
-2910
-9665
7887
-5750
1821
1033
1553
1567
-7578
-2690
-631
-5412
-9813
1654
-9313
-6673
-9264
-6414
7676
-7182
-7500
-7025
6100
-8441
-1147
9696
5172
5121
-9450
-7014
832
2774
-3183
5473
-789
-8235
-4481
3794
4632
-3335
2399
4122
6562
2254
-8257
-6365
-8157
8835
-2733
7110
5707
-9596
2924
-9722
-8908
-7258
5293
3659
-4617
8327
-664
9958
-8305
45
-6543
-8812
-1501
-5971
3551
4727
-8853
-1043
-7057
4649
9623
7821
-5423
7750
9607
1876
1955
8748
1
987
-7329
-8804
3330
8473
-5003
3126
8368
-5329
4921
9747
-6068
-9098
-182
-6274
9802
-2548
3803
-8768
-342
6953
-7052
4371
1783
-5628
-5651
-7523
5600
-2598
-5605
-8566
-8257
-6995
5510
7217
-9130
-741
-2991
-8845
6575
-4767
640
3518
760
-3345
4300
-3435
-154
-3216
7381
6450
-7997
-954
-4579
3962
-2210
4607
1118
3451
9189
7431
-7620
1315
-9163
9030
-791
-9591
2592
2913
98
-2120
-2856
-4743
1976
4838
-4313
-5388
4140
574
6310
2520
8055
-7783
-9089
4415
-5637
-9661
8150
5157
1737
-6393
4264
-4125
3483
-5297
5926
565
3692
-6842
-9210
-6589
4052
-6308
8107
-7603
1847
-5482
-1433
5981
83
3905
-5056
-956
-8984
-1065
-8617
8251
-6196
7782
-9514
-6920
-917
-3644
-8518
4297
4827
-1477
813
-1560
3466
3425
410
-6674
2527
3225
-433
6388
3961
397
-4225
-4466
-8011
-2601
3548
8432
4957
8146
3478
-7384
4859
961
-5578
106
6023
-2412
-1364
1093
-7821
-3190
7928
-6336
7288
6153
9825
-4838
-1862
2227
1896
-6594
-317
-7628
9715
1590
3118
-5270
-1462
2417
1027
-1209
-7432
-9130
2766
-4755
-6697
-8169
5283
3609
4418
-358
-4519
76
5102
4708
4514
3245
-5759
9462
-4307
-2078
8140
1443
4003
-6099
-9386
-5525
-6193
3151
6611
3510
-897
4976
-3338
-5599
-7488
-6583
8196
9896
8982
-8278
-2243
3408
-2425
9617
-5420
1250
-758
-887
-2175
3142
6517
1321
-2729
4979
7062
3797
9780
8872
-7977
6670
2366
-5546
879
4741
-1493
5432
-9484
9170
-5241
-3158
-6014
-7993
-3867
-4134
3506
-7706
-1800
-5228
3459
7343
9904
-6655
-9249
-944
-9028
3182
-8090
-6891
-2177
7448
1744
-193
3718
-5628
-3772
2838
-8662
1948
9384
-4957
-6880
7809
-9479
6011
1536
-9950
-4472
-4279
-3087
-5449
-4886
-240
4603
860
-9052
-755
1920
-8976
2543
5522
2394
-329
9291
3131
7275
5944
5291
8504
8508
-8149
8652
9452
9553
4522
-6829
-3706
-1862
-5221
-4938
-3602
3048
5107
2037
-3628
7537
-7466
1369
2619
-9657
-9672
7080
3431
6772
1887
211
-7599
-3021
4343
3529
5247
8258
-4821
3010
-508
5107
686
6930
5575
-3851
5764
9570
-9889
6443
1451
-7004
3153
8598
-8424
-6311
8046
-4548
-4118
3686
-5310
-668
-1412
7500
3426
-647
-6038
3760
-1666
-5680
-3081
6351
8533
-9592
-3133
-643
6668
4125
-8801
5743
7816
-5099
5517
2402
8958
4425
6453
-4422
8828
2863
1315
8813
249
-8533
9605
4514
-3808
-8830
-5563
8163
-6161
-6755
-9957
-7176
670
4870
-8488
-855
-7038
2102
-7008
-9976
2132
9953
497
-8016
7362
-8324
-8088
-4119
1122
9978
9218
-7148
-4229
-6070
-6287
-6437
2130
5331
-8101
6851
2848
2729
6107
-9944
-8683
3648
-6178
9096
861
5621
5775
-3206
8400
-1218
-4385
3097
7376
1511
6648
-6431
3363
6625
4339
-5332
2499
-4141
4825
-6795
-8894
-6101
-391
-3464
-5530
7817
957
-9345
2276
5940
950
8007
2908
-1116
7964
-2778
3805
-9118
-5584
-9533
-8373
4115
-7289
-3398
-5145
8778
3317
-9534
9415
3340
-2016
6059
6865
2664
-8700
3969
175
-6362
726
-6237
-7290
5565
-7238
4946
-4306
-1911
-6974
7212
8764
1302
1737
8970
254
5931
207
2002
3984
6896
-9473
-336
-1592
-1906
7041
-4288
-3853
3784
-7540
9397
5427
1061
-7444
8343
-2874
-4547
5821
-7031
8098
935
8704
-7734
-2670
7750
-5437
661
-8075
-1555
-7559
-9623
-4254
7635
-6767
640
-7812
4372
4057
5825
-5433
1682
-917
8645
1875
6984
1905
9107
7773
1305
9779
-4265
6985
4624
5805
-5600
-1296
-92
-4735
5562
-99
2178
6806
1605
3195
-5593
-4649
-8476
-8759
-5717
-8677
2072
-9337
-9633
5173
-9660
5185
8933
-6296
6786
4366
-2128
8128
-520
9067
-2387
-2210
3314
9804
-5638
2457
259
-6129
-9273
-6145
-3383
2390
2522
3684
6262
-1998
4275
-5175
8911
3967
6770
4787
-7095
-9463
6435
2478
-6823
1244
8008
-5565
5339
1187
7527
-4838
-4769
-2229
6791
-5876
6108
-7390
5779
-1890
6497
-6976
1748
1851
6988
-7519
-4280
8751
273
9485
-6968
6169
-3285
3060
-7647
-2016
9510
7635
9167
3693
-3431
-2086
-3988
-4063
5601
6532
-5332
3404
-5043
-5896
3538
3752
6756
5384
8150
-2965
8182
9826
8847
2186
-2051
6434
6368
7621
96
-1596
-6538
-3117
-5561
-5497
-2788
8420
9101
6671
8228
2932
-8731
-9732
4248
5592
-8288
-9946
-3393
1659
-1512
-7735
3437
-3921
-5726
-8145
-891
7729
5615
4557
6291
-458
-4355
2734
6041
-4457
562
-6325
-8919
5047
6879
3644
4346
-7189
-3991
3213
-1904
429
-7544
-847
-8628
7939
9686
1370
-1753
4507
5099
-5966
9428
9274
8265
5924
247
739
2594
5191
9018
4595
-8757
-8034
-2388
-3641
9176
1350
3239
-287
-560
-1837
3687
478
3796
-9852
9240
-1302
5631
-4017
-8893
5733
3560
-8831
3157
-5217
-5193
-1723
7026
3466
-5364
4033
1752
4696
1020
7537
8088
6647
4164
9534
-8132
-2868
6971
5644
9745
6617
-9196
9367
-7635
8377
-7165
4549
-5964
-9067
4517
3587
880
4334
3116
7476
-1993
-1265
1466
-5408
-9622
5797
1254
-934
1038
7975
-1071
2441
950
7553
2577
-5719
-4366
878
-5219
-7154
-8629
2117
-5242
-6974
7388
-6940
7202
4931
-5829
-979
7229
5158
-8047
-3842
-913
4106
-6880
-7754
-5556
5353
-4727
6486
222
9911
-7563
2239
-4170
9219
-2846
1512
-2044
-8481
-7535
437
2960
-3117
9283
-3020
4587
7794
-2296
-7883
-6760
1464
9431
4679
3698
753
-9232
-7425
-1917
8349
7165
-1516
6534
-9378
2201
8538
5262
8597
3611
3334
259
6991
-6399
1840
1868
6682
-3794
2844
9759
1068
-591
1975
-4091
7299
-1141
9348
-16
3694
3782
-3923
-5405
-1309
-9717
-3467
-4535
-3357
9110
-5040
-3293
1982
8753
-9702
-4346
-5802
-3918
-1418
-8818
-4228
-7717
-7295
-4292
-9501
-4645
-3944
9510
-8148
-8605
9651
-8200
2046
-5104
-4520
841
6446
-9654
-8423
-8562
-8341
6148
-5260
4903
-6411
-2972
5269
703
6232
-3904
-3074
2100
7972
-103
4841
-745
-5906
-9790
148
-3392
8251
644
-3486
-478
-7044
1149
-3133
-5851
-5520
2666
-557
-9689
-1740
-1828
42
-3064
5406
1466
6081
4606
-2387
-2557
2639
-9771
-8470
-9442
615
1860
-634
-5185
-332
-850
-2350
-2400
3301
8794
-7514
8303
9650
-3725
4484
1042
4169
6873
6989
8925
-8825
5795
-4042
-821
-7047
-5475
1317
8180
4296
5444
7129
9555
8572
-433
-6995
5512
6234
-2389
4617
434
3666
-3795
-9070
6104
813
8575
-9305
-5029
-5570
-6206
-2005
1447
163
4991
500
-1822
-956
-442
-360
370
6580
-8508
3780
5901
547
5812
-3975
-76
4604
-4161
-4686
-4007
-6302
-2422
-7443
-4291
6315
-4482
-2168
8156
-951
-5568
7410
1383
2523
-2912
737
3886
4810
-1316
-2402
-1893
-4265
-2922
-5318
5459
7826
-3048
8930
7572
-346
-3696
-6900
-6725
9489
-1079
8354
-7808
6575
-2060
7663
9051
9116
-5692
5530
3817
3965
-8008
-6965
-4673
-3994
-8945
-2404
-846
3797
1421
-4750
5794
-8658
6499
3138
-641
-6933
-2484
1691
-2675
-3728
7456
5030
5060
8527
2375
-3778
-6826
4773
-7863
-2944
3050
5577
3812
-546
6447
-2673
-9538
-5047
-8989
-8052
-674
-7895
-3310
3285
-4398
-1149
4653
1430
1153
6589
-329
-9432
-3808
335
-4729
6815
6752
8730
2967
3151
4171
-1981
-8798
308
9569
-9350
-772
-9540
2554
4264
770
-3659
8548
-7388
9938
6082
7342
-9078
-3485
-345
3323
-1170
5594
-7701
-5991
-448
-7612
5105
6868
-3848
-7761
9137
-6295
7177
-704
6717
-118
-6491
-786
6512
-4112
1110
5797
1728
8968
9148
9559
1189
-5503
5219
-8898
-2628
7812
-1191
-4168
-611
4672
5720
-8558
-1999
-2791
3372
-2105
-3723
-8909
-4240
1185
-8857
-3204
-1878
850
180
-7844
-2364
484
6644
-2590
-3217
-5958
5958
-9309
-2367
9245
-3848
5942
-5399
-9189
4153
5316
5375
-5902
4498
8477
4122
-6609
-6728
-7208
-1254
3787
-1694
3906
2118
-5577
-1402
-998
7088
-357
-2199
7170
5398
6838
-9786
-1806
3581
-7382
-5809
-9596
-6892
-186
1750
-1449
1777
7108
6943
9448
-9479
-1051
-6936
-9552
-7081
9876
6513
9470
-8540
1306
-239
8501
-497
9216
-853
7938
-2870
-1884
-1696
9245
-3875
-3598
-6776
-8627
8161
-8961
-5267
5931
-8046
-5954
5118
-1340
-4307
-5880
-6056
4993
-6240
-7270
-7160
813
1853
-4622
2290
4878
-774
-1618
-2559
2988
-7583
-3957
-7252
-565
-6525
1867
-8386
187
3917
-8651
6463
3361
-442
-3987
-80
-3571
-5317
8998
4539
-9787
4675
-603
-8197
-7141
3580
3420
-7338
-5160
-1972
-2690
6316
4681
5319
-8146
121
4367
-390
8141
-6054
6129
9028
-4029
6740
9886
6627
1467
877
-6617
-3504
289
9491
1354
-3872
-9544
-5408
4711
-233
8791
-5767
8712
6711
276
-9660
3403
3891
1312
-2622
-9121
-4123
-7719
9008
8123
-9022
-6685
-4170
1597
-3224
-1997
9186
3037
853
-446
1604
8915
-8617
-3386
-2844
636
-4837
-4563
-2781
-9192
2754
-802
-9325
7837
4076
-9647
4375
6929
1110
1661
8182
-5274
-9150
1538
4988
-9929
8400
6944
-9837
-4175
-9098
3419
8862
3998
5184
-710
1993
4288
9587
-7722
2214
7177
7115
-4704
-9347
262
-6795
2602
-326
6631
5868
-1554
-4967
54
1826
-2537
-9190
-4010
7889
-342
900
4665
-3823
2822
-2961
5396
-7563
9710
2285
-2792
3437
-9801
-7157
3329
-3477
-3165
-5701
4077
-9733
-2685
-5959
-5860
-3591
-9981
2922
3827
-8469
-9111
-6201
-501
9147
-8332
17
8532
-7759
-3037
8993
4390
5267
-9052
-4140
7246
6099
3563
-5624
-1571
-958
-3237
-1640
-9610
-3724
-53
-2213
-4239
1020
-4435
3893
-7552
-3878
-3755
3899
7393
-2646
2823
1852
5932
-4548
-9416
-4851
8573
-667
7875
44
-9710
4880
974
8798
2007
-4765
-2901
1282
-7043
-6904
-1854
-6725
3148
-2752
2768
5887
4947
4312
-7298
203
6218
2803
1476
6898
3649
-7178
-1714
-3185
7280
-2083
-6868
-2010
5982
2549
211
2404
-1388
5370
-9409
3425
-3252
6071
4190
-1824
8025
-2416
6835
-1359
7757
-4642
3853
3995
1676
8120
-4231
902
4640
1414
-4304
-753
-7150
-3492
-1349
-5931
-6363
-1395
79
5803
-1382
5429
-8623
-5542
2120
7672
-4797
-2323
-2887
5747
9266
-8018
-549
86
6690
3793
3865
-2035
-9929
8309
-3039
7265
-7775
2403
-7949
7173
4467
7710
7751
3356
-7296
-7331
-7557
8216
-6331
3312
-3332
6526
7215
6026
5566
-7275
-7419
-8013
9133
3322
-3482
-3391
-269
9595
-4133
-6265
-665
-7358
-9124
4155
-2218
-4839
-9015
-6322
9568
304
-7876
-995
8996
-8113
-3796
-2603
4998
6649
-5041
-4222
-8663
-3136
-185
-516
1666
8554
1136
6128
200
-5144
3415
319
-5084
-8993
-389
-3621
-9929
9149
1401
-7858
8557
4409
1680
7328
-7953
5229
-8137
-7754
9632
9003
-9001
8839
-682
3
-6394
-2603
-3611
-9997
-6270
5410
7480
-3473
5353
-9463
8216
6122
6864
-2921
9533
-3252
-3719
-6317
-4744
-3483
-4322
-7076
-1576
-8261
8329
6548
3982
2182
783
-5587
-478
-4343
-7135
-4368
-7363
8015
-3111
4620
494
1480
3279
355
-165
8382
7479
4311
-9680
-2426
-6622
8838
9403
-3227
7102
-2755
1372
2325
-1906
6792
5068
2163
-4878
-7585
-5084
57
3138
2081
-2384
-9980
-1772
-8142
-4906
6390
8845
7656
-5036
-2783
8470
3167
-17
-2769
261
-2186
1913
-8020
-7355
469
-1753
-1511
-8342
-4084
5059
-9272
8737
-2149
7804
-9388
1364
-2309
-8385
-7387
3811
6316
3841
8754
3243
-97
4409
7552
5957
1703
6244
-5931
4336
8263
7616
2687
352
-2333
-667
-5821
7084
-18
6576
-3610
-8643
8444
-721
-8243
-8283
-4144
-8755
1441
-6869
-2838
3597
2742
4103
-2187
-3511
-4910
-4842
9312
-8196
9352
-2004
-746
-8465
2752
-6208
1117
-755
9100
-1904
-4585
-6231
-4865
-2196
-3797
360
-2522
4410
3548
4389
-8905
9028
-5754
887
5973
-647
-2490
5483
-9235
-9961
9441
9149
8936
4947
9976
9388
-4932
-4519
-4714
2198
355
-8289
6714
5364
-9275
-1871
7363
-2539
3398
-744
3630
9717
5208
2373
9148
-9904
9688
-9298
-7053
-8359
-3816
8264
-7841
-2990
-8171
6285
755
7573
-4437
6919
2730
-7929
-274
5198
4439
-2415
-5262
-5574
2805
-1599
8150
5753
-4270
-3414
-6757
4297
-6884
8095
-598
-518
3507
-7391
9321
8766
7182
1069
-8897
-7004
-1772
-3707
4260
-9206
7303
7683
9245
6693
-5576
-3273
2040
-603
5359
1363
-6480
-626
-2523
-8596
-5387
-9072
5669
7052
2173
-6695
-7109
7184
-8892
-7696
-7307
9270
-4780
8834
618
5027
-8463
2982
362
2608
9357
6053
6232
-6725
935
-2118
-4193
276
442
864
8612
-3185
-9299
-8038
-3143
3280
-4970
-59
-499
-5448
-5098
-4889
8245
6086
-1035
5628
-5126
-1293
-4989
-4406
3731
-5437
6446
3169
-9768
-11
4300
5245
7989
-6580
3024
-6577
-7741
-1027
-3182
-4236
5559
-2344
-7027
-6833
-9130
837
-1534
-8645
-8572
-5369
7810
-3068
-3057
2195
1147
4412
3029
8083
6450
-3169
-4952
-7430
3587
-6915
-1507
7067
8551
2223
-7573
-1986
-7019
6834
-6284
-3163
9040
4753
877
-8311
6802
-2461
-4057
3624
1324
6
4092
3203
8919
6907
4427
-8619
-4689
1227
7497
-37
9029
2936
-5605
7807
8933
7693
-6348
-1224
4664
-1422
-7019
1014
-7643
-2650
-8934
528
2877
-8144
3976
5484
5669
-6330
-9841
6332
9983
9839
3628
-3071
2730
-432
8548
746
5411
8778
3006
-6460
-628
4156
1865
-1088
2118
4658
-1669
2478
1528
-6743
3635
5825
5060
-3162
5256
-7399
-6177
-6931
-8113
-5571
-5884
5239
4001
1498
4602
-5626
-3528
8122
-9005
2987
-6036
9401
1274
3048
7154
305
9141
1945
-796
3860
9540
6163
-3326
-6299
5001
-8647
6243
-2838
-6676
-3122
3701
8124
2689
8616
-9803
-2437
-5295
212
4476
-1167
-7553
7471
-9544
3919
4852
-9387
-8541
-771
-4355
-9163
-2588
5082
7102
6313
9111
6932
-3333
-8845
-4710
-2884
-7294
-7409
-5490
2395
4548
-4293
9975
8039
7119
-5509
4651
2175
4335
-7544
-6804
-5474
3247
-8245
-5490
3003
-4986
5065
7522
-3781
31
4870
6650
3521
-3796
-3752
157
-892
4298
-8015
7977
-8446
-5395
-3692
-2594
-6980
-7269
-2598
-5377
-6115
-9912
598
-3943
9894
5884
3724
-7778
2744
-3245
-65
-5404
3831
2293
2476
7904
-7820
3967
-2287
5917
-7094
6225
-8693
5365
1053
7550
-1539
8546
1011
8584
7355
-4779
-4359
4953
7157
-9043
8586
-2049
4313
6611
-927
-6849
6421
-582
-2050
-257
735
132
-8299
8141
9869
5773
-9426
-3584
-4657
-4274
8639
-7566
-9560
-2073
-4570
8207
-7661
1743
4365
-2581
-8324
895
5179
9537
-4
6994
2149
-1977
-9533
4363
9493
-7186
-3931
-1220
-666
5352
-2520
2619
9683
-1551
-7238
-466
148
-1863
6475
-2973
7553
-240
6788
201
8917
8264
-8490
-766
4227
5826
9154
-6214
5605
1914
1330
-7337
1406
3894
-5391
7850
-318
-8491
3529
6352
-6760
7100
-5690
-2018
7919
5767
4517
-5627
9015
-4921
5689
-3692
-1166
-7338
5409
1843
-4561
8217
-9692
1653
-232
3032
971
-3563
-2708
-5824
8258
-6728
-1435
38
-2806
-6804
5252
-1721
2738
8648
-8763
6521
1380
945
-2865
1765
2710
-9647
6284
-2377
-9827
5575
-5066
-5847
-9933
4434
-2669
-517
2077
1115
6980
4089
-8356
-7503
9643
-1126
4607
-6014
173
4023
-8758
-8216
2771
7707
-8334
-6677
-6484
3879
1978
-4505
6417
-6289
283
285
3192
3011
377
-9441
1925
-5402
-1313
-1581
858
-5323
-7473
1218
5244
-2137
8458
8314
3531
-7215
8466
1044
267
1505
7781
-303
-6673
-7684
7208
8444
4213
7680
-1085
-8819
4862
-6445
-6461
-4614
-711
1835
9251
-7441
8305
7363
-67
1019
-2936
211
5133
-8545
2007
-226
3570
-5609
4542
-9549
-4069
-1907
-3014
1861
-960
6691
1387
-735
9763
-391
-5895
3940
2696
6877
-2757
-3998
-7199
8796
6623
-38
8941
-4607
2615
197
1663
2991
-4464
-9591
-6467
-6600
5440
-3008
-5990
991
-9838
5876
-6209
2235
-7384
-5470
-3807
5127
-8167
-7048
1087
-899
5059
-7599
-466
-4223
5399
2353
-1383
7692
-8714
8794
6932
4201
6769
-2075
-308
-2163
-7195
7425
-4461
-2708
-1386
1757
8183
-1585
4033
-2164
5281
-3441
-7001
-2596
-8932
-725
6555
9383
8235
5760
9259
-442
-1032
3609
3541
-9416
8912
8983
8457
7322
-4506
-6994
-586
-1421
9969
6057
-26
4329
-3013
8304
-6105
-1127
-7771
-6596
6298
-3928
-5074
2929
8437
824
-8233
-4273
6740
-3212
-5605
-1377
9018
-1579
2417
9728
8775
-3336
8836
-8226
6540
4842
-19
-5969
8510
4940
-3731
9255
-4261
-1166
2032
8775
7733
-3692
-706
-1110
-4941
8731
8997
-9977
2808
-2724
9758
1407
-4401
-1123
-1745
2408
-1508
4098
-7048
5066
-7228
4333
-721
4869
4597
6488
-1124
-2477
9388
7383
-9619
-695
2031
-7792
4980
-5830
8306
6114
9950
-9280
3128
8170
2801
8559
9546
2891
8840
-113
7852
-4157
-9547
3809
4298
-853
6020
797
5591
2086
4420
-8712
407
-4145
117
625
-588
-9598
-2019
5815
-8382
-1792
4352
-5974
9353
805
-9590
6979
-515
-9548
6329
3163
7049
-3262
-9604
1925
8816
8698
3681
-2970
8181
4846
8538
1838
239
3113
-6533
-551
-4099
6920
-7937
-7308
841
-3750
7498
-7277
8034
-8381
5939
-1302
2707
-6296
-570
-9099
-1419
-2760
9960
-5769
8586
7098
8266
1646
3279
-8537
-9625
3277
2250
-3903
6548
-6027
3879
-703
-2981
3729
9642
-5754
558
9258
5728
-8289
7500
-7898
-5658
593
-962
-3238
769
5110
-8709
-6
-8697
8450
-9933
3293
7727
77
7156
-7966
8496
-2294
7574
1769
6175
-3922
-9129
-519
6304
5607
2835
5355
-2850
1188
8751
-8407
-8854
-3421
3319
6931
-7553
-6462
7651
-7459
-2008
6514
-8161
-6350
-9070
-4151
6219
-1781
9942
-2054
-2565
-1450
-5127
-9352
-7331
-2553
7143
43
3449
2786
-35
-3674
-5283
-6589
-4521
6945
1090
-933
-3322
4563
-8565
4687
9023
-327
-6628
-1364
-6841
-1918
-8646
2645
690
9305
-4758
-3684
-2370
4363
-8408
9160
-9979
-1048
6696
-4271
-2057
3927
2509
630
6298
-3993
8448
-3778
-4219
-1924
2689
7819
-6339
50
-157
7054
9268
1740
9474
-1144
-7937
-5983
-2586
1840
522
8766
3488
-2488
-7080
-2183
6085
-7822
9210
8131
-7240
-2985
8855
-2843
-3734
8380
9134
-3717
-9812
2883
-8262
-200
-9430
-6785
-5724
4106
4895
-7257
-6522
1952
4109
6435
994
-4601
3316
-4151
8304
8842
3211
1248
1843
-1429
2270
-1327
-1473
-9066
-4760
-4203
3483
-3569
1899
-2336
-4932
9999
-4878
8434
3189
3955
4087
3174
4035
-8503
8343
8017
5531
-2834
2606
1266
-9428
8089
2088
245
-1473
-7350
-6347
7540
-7985
2030
8998
9476
-5968
-2304
-6097
-2103
-5822
-7427
-1398
-2561
-7196
1466
7235
-3151
-9892
2121
-3376
-3033
-9167
-290
1646
-3819
646
-1440
9999
-9911
1114
7849
1562
-3794
-6935
7680
-6768
5736
5931
-4435
-7203
1112
-200
-4593
-6169
-979
-9264
488
-6098
-9324
9535
-8946
-9621
-2650
5501
-8656
4246
4787
-6803
-8586
-6029
8925
-5712
-3206
7563
-8978
503
-8092
-2568
-2012
-4196
-5445
-8861
-1080
-5579
9083
4779
-5671
-7513
-5880
-7112
-5956
8366
-5412
57
3642
-7049
3886
277
2162
-3679
-1802
4144
2938
2165
-8739
-2413
-3505
1633
-2150
-7447
8960
-1979
-2208
-1053
-4708
-1234
-4875
-7175
2171
-9407
-2795
7612
1707
-5967
3210
4956
5043
-382
-2746
-5675
957
4263
2443
-8014
9762
-4781
4012
250
-8602
-5442
-8699
-5175
4088
-7057
9655
4041
3778
-8917
2782
5783
865
5396
7830
7517
6500
-5380
-6989
-1045
80
-8259
-9184
1304
-5870
-3439
2808
951
-5011
-688
6058
-5262
-4262
-4404
3631
8115
5830
-9833
-1682
6438
-6593
-8961
6760
2799
-6422
-2496
-2813
-4765
-1555
2660
-5012
-51
-9997
2801
-5141
-8928
4246
2330
-6291
1211
-6758
9657
9747
-6707
-7219
-8072
-5380
2774
4041
-6959
-795
5998
-2027
-7984
184
5292
-6793
-7961
8629
-9336
-6516
-1516
-2228
2967
-7012
940
7537
-6790
9866
236
315
-8370
5544
3014
-9192
6240
-4030
-1596
-789
3076
2702
2066
-8165
-3890
6487
-5740
-6270
-1
-8518
5801
4963
-9822
5593
-8705
1500
2329
-2893
-1798
7030
-7357
-4543
-7248
3510
9960
1886
3334
2121
3768
2599
835
4201
-3385
1335
7122
6165
-4139
-6768
5351
-5956
-729
5554
-4263
-7634
-4199
8567
6645
7589
-4832
-4862
-5968
4767
6404
3787
-7360
-55
-2845
-5550
4611
6344
-5433
1587
-6233
5931
-4477
4257
-7850
-3066
-3327
556
-5036
-8548
-7953
-7631
-5965
-655
7850
423
3098
4126
-5430
-5037
1864
-6674
3265
1170
4400
4282
2131
-8862
5060
-5633
-502
5744
-7213
-1657
-7493
740
-1569
651
697
6654
-4117
2258
8843
-9326
-8950
-3633
2169
1249
-5404
-2638
-4219
8
-1306
7703
-8851
-2783
-6157
-7755
-9164
7623
-9130
-7184
-8243
-3703
3157
-3653
-7303
4175
-7903
-9283
-7041
2543
-1544
-6811
6611
-9270
-7309
3853
2726
-3729
-6432
-2843
2361
6590
-1543
-5885
-3739
2042
2293
3489
6585
5927
-3649
-9773
7
-5228
-6946
-5941
7431
-7214
3228
-2728
-1201
8356
-8581
-7972
-1681
-3579
9923
-5741
6431
8273
4026
-1207
3782
-7371
-3248
4384
-1248
8288
4334
-6955
7681
-8709
-301
8011
9108
-6024
-5334
5702
6407
2676
9765
-3674
-1604
2375
-149
6337
5320
6136
-6441
6617
5890
-2540
-8691
622
8791
-1442
-940
6443
3007
9633
4207
-9192
-3666
-7708
8683
-7540
-3767
5685
2063
-155
-8812
8626
1946
298
7338
-7731
-3633
-2799
7915
4165
-3875
-7987
6913
7160
-9329
-9902
3807
-8531
6128
-5067
-9700
880
9996
6789
2240
6402
6772
2709
-9489
3206
-9
4251
-9735
3143
-2213
807
-3319
8437
8667
-2367
7270
-5237
9913
6833
4811
9651
-926
3169
9853
-8201
2642
-8030
3019
6637
4888
9880
-8780
1520
-2067
6722
9184
3914
5320
563
-9981
3525
-5846
8476
-4549
1058
-1066
7165
-9298
-1091
1240
4728
1433
3492
7008
-4673
-8172
-4285
-559
8675
9736
457
-456
-7831
1161
2946
5433
5006
9189
-6149
2887
-788
1867
9809
-606
-7871
-9473
-4421
1812
-1400
-2109
-7836
-154
187
1124
4123
8603
3245
1671
5334
8538
-1737
6810
-3292
5088
-4300
2059
1020
5331
-9600
8314
-2527
-9429
-9564
-19
-9605
705
-3265
-7226
-3973
8693
-892
-3189
-3806
-3936
-8755
2147
7621
754
-6570
7012
-2932
8285
-1744
5163
-2231
-2106
-3214
-836
6531
6686
-96
-3068
4298
-4867
-5099
1642
7063
6457
-7509
-8607
2013
-5644
-7914
-9597
-5346
2456
8501
-9774
-2313
-4750
-2112
-3001
2853
3909
7878
4997
7698
-1935
-371
-5471
-3191
-7386
9236
5670
7345
5960
-5453
-2606
698
-8993
3865
5390
3578
8185
7367
-3085
910
-4359
492
-6446
3593
6478
5550
861
4346
-7457
-4221
-4635
-1370
7147
3136
-7482
-2928
4312
-4465
5272
-468
-1656
-6322
-351
9819
8244
-5914
3604
1905
-1530
-3838
9001
4378
-6512
-5691
8121
-6043
628
4635
171
-9581
6442
3626
6406
5538
-3117
1264
-9650
7013
819
2521
4340
-9910
-3946
-5539
3568
1256
-6011
-7796
-1443
1087
5988
-3062
3034
-16
-1132
6384
6970
7031
-5816
3425
9717
3900
-5057
6541
-7979
-8951
2667
2067
-8419
-9901
-1724
-9290
-3612
-4504
3551
-2185
8304
9500
-8468
-8465
7714
6271
-1485
78
5698
-7100
-9307
8942
-9237
-2626
-1497
-9615
-4498
88
-2563
9968
853
278
9891
-902
-5685
7460
2558
1430
8129
-6890
-8266
-8442
9814
-1227
8817
-1328
7588
-6824
7924
-5439
-2734
-6237
-5565
-8630
7109
-5095
-5554
-2122
-694
4005
-9864
-7967
6233
-6233
-9185
-3213
251
9124
6037
-9581
-6517
-2822
8652
-1957
-2706
-7430
1609
-9876
-3396
-5772
3246
-4558
6700
-8564
861
-6265
8098
-227
-8136
1869
2972
3159
-4492
-1296
4631
-6987
958
-2661
-1142
-6354
4325
-2995
2975
-2351
134
2775
9306
312
4079
-5102
-8250
-4328
-9869
-3510
-963
4039
-9685
2180
-5155
4035
4469
-5625
-3659
-7657
998
-329
-4064
-48
1357
-2218
-7829
5368
8179
-4435
-2644
3529
-8977
9382
-4809
2834
2892
8571
-8741
2553
-3980
-5339
8243
-459
-2652
-912
5573
1674
6699
-1222
-1621
8173
9417
-8350
2358
5897
-9406
-1311
-216
-4630
9910
-804
-1132
89
-6689
-5381
2642
-3836
7484
-6525
4757
6117
-1329
-5216
-4954
-8699
-8319
-6360
-9409
6082
5316
9547
-4351
-9339
-5245
-504
-812
-523
-4554
2127
-2853
-9756
5803
-5134
7466
-3527
5571
6433
2464
1973
-3026
-9223
7871
-3722
-1417
5211
-666
-3937
4367
237
6842
8068
370
6729
-4346
-8241
-2139
-141
4067
-2355
-606
5267
4525
-9956
-905
9663
5494
7622
-2724
1917
-5265
-9960
-7140
1370
4813
-2920
319
7880
1975
-3038
6650
-3823
4339
3287
-4061
-4035
8286
7984
8069
-8598
2196
3325
-2581
4298
-8674
4797
-6441
5593
3370
-9432
-6219
9317
3878
2623
5287
7796
8896
-3293
-2622
-5558
-8623
-705
3973
-9285
-4659
-9019
-1998
1272
-4630
-3543
2556
-77
-8114
-9618
6229
5108
3418
9402
-225
1572
-2237
2956
-5526
-1107
-7509
-6181
-7549
9287
-9476
2743
-6165
3511
48
3792
-2060
-5594
5837
-4884
-3651
5093
-8425
-9479
661
-560
-7274
7333
7296
-1855
-8806
-5103
-1537
5716
5539
-2745
-7100
5208
4191
-461
-8914
3536
-1072
-1138
892
-7798
353
4417
1978
8292
-3164
711
5264
-9648
-7547
-5412
556
1860
5835
5456
9270
3205
-4643
-9487
-1276
-5908
-6393
-521
-9989
8378
-1311
5317
-6674
-7742
-3799
2656
-1324
-1503
-6050
-6272
785
-9850
465
-6460
6811
-4746
-8716
-5531
648
-9544
-7447
8944
6924
-7776
8848
8656
4369
-3171
-4411
1904
1454
-8583
-5230
-1312
8724
-7249
-8091
9269
-8633
-5877
-5300
4143
-432
211
-3950
8860
-9774
-9433
1293
2862
-8685
7610
7609
-6217
8118
1759
-1014
2646
7263
-815
577
5509
8004
-1216
-2464
-332
-7308
-1197
-6095
-7285
-2779
-8829
-204
-3653
691
-8894
7436
9405
888
7746
5135
-820
1629
8715
-7389
-3339
1317
6315
-7533
-9356
-5261
-725
7135
1551
-9510
-5815
8954
-6959
-1036
3858
-567
93
-8028
-996
-1449
-6237
7011
-3158
8472
-4406
1650
-8164
-5613
203
8340
-9772
-1825
-9853
-8952
4405
8888
-7518
-7713
-8047
-3322
-8252
-4236
4662
-4086
6482
9312
-4333
4848
7007
3607
-3241
-3771
6603
-4217
716
-9057
-5703
-217
2460
3653
-9915
6572
3492
7824
2367
-5012
2339
-4029
9677
8336
4455
-3240
1445
5493
-7240
-9761
-7190
-2546
4592
-5478
9744
-3303
5612
7829
9064
1510
-7723
-5002
5045
-7898
-3123
-1601
5484
-9836
-2923
-6919
4646
-178
-6067
9058
-6717
1425
-2361
-4972
-6548
-9987
-5609
-1085
3731
-3125
-8954
-531
69
9734
6707
-4587
2512
-4479
968
4334
8514
-5353
6194
-1318
1749
7385
5843
8705
4452
8786
6750
-8186
9626
-4692
-7771
-6219
3494
5384
585
6365
1941
-2925
-9535
7244
-4786
-5119
-9591
9402
-4041
5200
-7862
5675
-8108
-7525
-8363
8584
7112
8250
8897
-4154
-7367
-959
-8489
7547
-8310
-9518
5476
3322
2336
-3266
5882
3036
-7108
3756
-5509
-4569
-4218
-905
-4488
-9887
3479
-7237
-7486
4477
2015
-15
-6042
9145
-9584
-9155
9384
6769
-3856
3690
1226
-2501
2275
268
1179
-9306
4475
3155
-6681
7581
7503
-5646
-9746
7041
7960
3829
228
-6203
4620
7849
-7764
-7174
-7599
488
-1752
-890
-6481
5936
8615
-5181
-5087
660
6780
8985
5944
3022
-4878
-7351
-4586
-4604
6918
-5348
-3650
-1311
-5803
-2640
1284
-6254
-9556
-8408
-949
3147
-1852
5170
1649
4654
-3211
-4938
2560
-8180
3
-3749
-5873
4362
-4575
6190
8504
-3560
5814
-3743
220
-7455
-5090
7837
-8338
3295
-4343
-3940
-8306
-6478
3952
-2221
9189
1450
966
3067
3253
8294
4148
-6677
8523
107
5637
-2570
-8650
-9204
-7916
4995
1994
1964
1765
-6583
-7250
9922
-5861
5620
3608
-6246
-5818
-1277
9349
9630
-3631
-3279
-9424
2416
-5142
2933
-288
-2531
-1780
-119
6497
6159
-8514
-3630
-7777
3479
-4356
-3120
4456
-9748
1939
-6156
-4261
2737
-5273
-67
-1019
3560
-4001
4431
-2693
-6220
-1064
-67
9628
9282
1279
3291
-1643
-1365
8161
3041
7279
1306
-9514
8494
-558
7581
8645
8659
9468
-4331
3554
6681
-6485
-782
101
3598
7760
4544
459
-2099
805
-1910
8449
1779
-1991
-951
9354
4253
-59
-2866
-9229
-5200
3713
-2368
-3403
1434
1550
6368
-4251
-3602
-7276
5890
1483
2150
-9527
-2840
5781
8682
-5959
-8238
7577
1047
-6713
-8201
6158
-100
3243
1047
-1479
-4285
6837
2526
-3038
1698
-1803
-2651
4511
1745
8189
-6895
3214
6395
3929
5371
-7181
-9579
-9677
-6201
-9614
9689
75
-1119
-3630
-9588
1117
-7196
-3948
2314
-343
-8400
2883
-6149
3336
4612
229
9735
1865
7600
4642
6319
-4044
-6120
-9503
5013
2514
-1493
4845
8267
3143
1843
1103
-4453
7161
-329
-7734
925
-425
-8116
7124
-6072
9125
-9583
8071
-9338
-4189
2099
9752
-4406
-9356
8114
-9387
6307
8107
-3190
947
3857
-4724
-217
-3546
4240
2319
-8723
9793
-9329
5888
-3289
9026
-482
3400
-6381
2258
-6913
9828
936
7816
3012
3380
900
7912
-5007
3888
-2357
-1776
-8549
6987
