2831
4297
-8901
-7191
1443
1244
4600
1690
7691
-3908
259
6782
-6905
-7546
-6266
-950
-4476
-5435
-2590
-1131
-6459
7655
198
1171
4485
-3363
2813
2637
2113
-228
4053
-9596
2019
-3095
-4237
-8686
-1811
9255
-4685
3547
-9701
-1921
-7782
-8267
-3149
-8437
-3982
5880
-470
-7668
3285
1345
7150
3784
9338
-8093
-9441
-2827
4955
915
-6654
4657
7717
6949
584
9218
-4388
-9925
6143
-566
1736
-1097
2154
-3306
5395
-5569
-9324
704
-8510
9148
-1894
6144
5679
1887
-5409
7877
6518
4596
1004
-985
-4659
4326
5081
5863
-2076
-2552
-2875
-2955
3766
6749
-6993
5018
755
7476
-8273
9255
6493
8634
-3134
-9570
8743
-585
8690
-1967
-355
2172
-1759
-6667
-6120
-5922
-3913
-8387
-9817
-6306
9612
4729
-2670
-3038
-7752
-4545
-8441
3043
9075
-4450
-7323
3178
7695
-3592
2750
3073
-7114
-7179
5877
2565
-1410
-2411
6371
2414
3968
2178
-8435
-8162
2733
6798
-3437
3301
5409
6838
-1613
8411
2929
7157
-2998
-9954
1522
918
7025
3415
3423
-6285
-4546
3961
4834
-2914
-9475
7162
7416
-2169
-1373
5252
-4248
-5531
-6597
-9492
-6011
5140
5134
4909
-7075
4715
4872
9682
-3963
-8538
-9921
-4421
7084
-733
4917
-1079
-1325
-2998
772
8747
2036
-1082
-9031
6265
3057
5140
8372
-5925
-4133
-6342
-4711
438
-1360
-9398
2889
791
-7259
9391
-8871
-2164
8533
-7167
9975
1001
-3354
347
5535
-7693
6468
-2189
6678
8185
-8649
3729
-3163
2579
6242
7707
-3472
2366
1390
-1500
-4437
3549
2324
-7607
8541
-3006
-7650
567
-2972
3058
-8143
-4077
-3164
5837
-2095
8339
-7537
-9914
-7500
5453
-3065
7918
-5504
7947
4097
3641
9552
-453
5797
-9224
4575
-5438
-2740
9909
-1316
-3420
9384
6539
4572
-1306
-8486
1304
-1450
7866
-5601
-6147
2204
1954
635
-1196
-3104
-3117
9103
-6093
-2534
8210
8636
-8073
-2492
2630
-5510
-5241
-3793
6871
6975
-6526
-8850
3920
5794
-5732
1147
5948
-3090
7643
3159
3206
2332
5957
-4365
-3389
1980
-5723
-6812
1091
398
9143
8098
-6317
-6682
9168
345
2702
-8247
6150
-295
7646
7930
-9501
-9103
7283
-3293
-8930
-7604
921
8315
5666
-5050
-7082
5232
-6096
7384
6788
3773
3526
9060
3553
-615
-8658
1711
-8308
-6164
-6787
247
8709
3363
5949
354
-8141
8024
296
-7234
8587
6885
9871
419
7608
-8617
-7292
-4373
1015
-7981
6030
-6104
5696
-8734
-8394
2068
-5113
8532
-8471
7914
5154
2907
-2489
-1988
-1482
6356
-9344
-2295
7214
-4328
-4746
-931
-1597
-4387
-826
-9537
-1113
1667
-4520
-9849
-3137
8971
2627
5914
-7796
-9473
5259
4123
-7860
-721
-8721
-5203
2943
2018
4823
-8026
-4490
5477
-439
-855
-3714
-5842
3520
-3490
-5438
-5132
-2839
-8146
-7203
9624
2779
-7585
-5333
-5140
9174
-2809
-8541
8172
-3700
429
6128
-328
3856
6857
6627
-7811
9345
8196
-7511
-3104
-7291
3280
-1490
-2004
-3844
4353
-9108
449
-6874
2505
8481
-8502
-3181
328
5883
2123
9754
3696
3854
2559
-1980
2904
-5668
8056
-9934
-2729
5152
-5445
6308
-898
-9390
-2900
5838
-8167
4536
-7886
-2219
-4297
495
7007
-60
-4149
-7351
-2091
7947
5786
-7732
-1838
4230
9928
273
-1785
-4549
2359
-7078
-926
9928
-1280
9170
3182
-2245
2149
9488
8682
4722
770
-4963
9119
-3142
142
3811
-9064
4054
3080
4307
-9464
8595
-8230
-968
-8042
797
3686
-2992
-3596
4534
737
2312
4407
-3968
4437
6971
-4955
7452
297
-8441
3027
5580
5740
-5621
-9646
146
-6396
5784
8230
3245
520
-9097
2689
3060
6955
1585
-5509
-7637
-4
2256
1191
-4005
1158
-7258
8978
4709
3186
-8847
-8371
-2278
5589
5486
7581
-1247
-1981
-3068
841
-1031
4873
220
-3741
7690
-119
-7371
-8381
8154
3367
-3383
5410
7864
2450
5506
2898
-2847
-7793
5459
7302
-9227
-4320
7835
3600
9190
2375
2936
5850
-6085
-7732
-4998
-3540
6961
-130
5585
5052
-7227
-5180
-8250
9108
-1248
6102
1931
-7201
-5450
-8341
1110
-8543
-896
-8371
-1756
-1810
-1544
-7969
5979
-3550
-6080
3153
9505
8648
3096
-2197
-8489
-3997
3505
7455
2022
-5294
5437
-9548
3802
-9857
6859
6923
3864
1049
3890
5123
-8030
-7402
-4584
9313
-8406
-2959
-890
7562
2829
8972
-2365
-5991
4594
-6910
7991
-7563
2566
4563
1984
3714
-2649
-7359
-6449
-7766
890
4413
-6469
-859
6856
-7807
-9626
-7214
-3856
5723
-6432
5806
3304
1152
-651
4058
6579
1316
3259
-9027
7968
-9183
9799
-8608
6137
6338
1519
8621
9268
225
7740
-5008
7349
8302
-3767
6737
-2873
-3174
-4236
-6314
5743
2256
1977
7405
2051
-7003
1226
-5449
9522
-7681
-7400
9922
2163
461
4309
2113
1726
6018
388
-9330
9960
8149
-4531
4188
3014
-5364
7359
-9824
6379
9031
9491
119
-8106
-8723
8808
535
-900
-1075
1721
-3802
3445
-1823
2934
4142
6878
-4952
-5380
-9663
5863
1731
-562
-836
-8846
-8402
6875
-7918
-7456
3246
-7773
-5106
-3988
9987
-5065
8928
3500
8920
-6003
9042
7430
7935
1999
7486
5583
6000
5211
-893
9039
182
1874
1301
6777
-6351
1646
-6123
1286
-7510
5067
5010
3005
1052
4270
1841
7707
1370
8609
-1700
7530
-5078
-5854
5022
-5968
-9249
7489
-8835
-2386
8804
-3070
5557
4060
3698
2913
2787
-2335
-2629
606
-2028
4713
-8074
-8697
-6851
-9456
7576
6530
2101
-5973
1093
5818
-7830
-3330
2930
-5841
-16
5849
-8866
-4251
-9829
-537
2250
1277
-6858
-3176
9329
-265
-2855
6438
-9837
343
-6512
9103
-2720
-4202
6749
-8403
-2437
-4035
-2357
9908
-1339
-2235
5899
-7200
4981
2093
-9734
870
-6083
7459
9555
-7496
9632
-8171
7508
-4620
9584
1819
8860
-8501
-9700
-662
-6567
8592
-3889
-1006
-6613
-9013
4466
5882
-432
6288
-6926
3743
-5134
439
9953
-8554
-4050
5742
1449
-1914
-205
-3314
-577
9706
-9988
-6242
-4305
-5102
-2764
-6709
1699
6063
551
-5840
2981
-4769
6110
-5922
-3233
-8802
-9500
2125
-6923
-5241
3921
9259
1292
774
-880
7073
9779
8377
-9630
-5623
4204
8840
6496
6735
1833
-8133
6071
-5164
-5032
-8567
4269
913
-9582
665
3097
3228
1100
8221
9906
-906
-5305
4479
2842
-1231
-3373
9708
8270
-5703
-2398
-5144
-3971
1709
-6634
-3646
-8237
-9127
-4244
-1626
-7368
9122
2725
3711
-5860
-7205
-4431
-5670
61
1401
2236
2446
-9869
-3236
1152
-2963
5507
9825
8624
8841
8235
-5447
7888
568
-1726
-6534
3766
7803
-5538
9895
3620
-4760
-9368
5604
-3892
-8644
-6509
8084
-5615
685
-2140
9427
9073
-9523
-9412
-8748
1876
-947
7152
7817
9121
-8893
-6113
7765
-3182
7631
34
5868
2711
1302
-6281
6416
3304
4690
-3749
5436
-3948
8281
7157
7959
8358
1358
2154
-8372
3849
8309
-2215
-1552
-1483
2396
-7569
-9081
9768
3819
7164
-9111
-8350
8341
1603
-7912
3862
-8123
-8109
-7207
-1236
6036
3313
8994
4834
-9398
2890
-1809
2757
-755
-2363
8308
-2290
-2499
-3946
932
3504
4100
-6288
4904
7273
6222
6913
-9718
-3559
-3515
5609
-3662
1753
-4275
4413
2213
745
3133
2943
-6987
-8697
7119
-8136
4659
6236
-3986
4727
4251
-3525
548
-4535
4233
-6320
-511
7332
2435
6108
-2931
3983
-658
-147
-953
-6896
-2531
2260
-7080
-5664
-5165
-4665
3610
-5348
-9169
-3127
7477
-6591
-2736
-1542
-4995
-7392
-7042
-4908
2530
-7359
-6155
5472
5360
6327
7687
-1112
5317
-8503
-8817
5145
6967
711
310
-7130
-206
812
7357
-6259
6005
-4264
-3110
2318
6825
-1603
-282
3999
-8656
4165
-6068
7848
-1284
-6218
4355
9248
-6242
-917
-2522
-6346
-1440
-8202
2115
-8193
-5932
7247
6802
873
-321
-7828
-9460
132
-565
6988
-7023
-7882
7825
7627
-9177
4533
-7584
-8154
-3388
3017
-9491
8197
-2355
4376
5474
7474
-7015
7769
5602
-638
-2495
8226
5852
1576
-5143
4574
2043
4390
-4656
2539
-8741
-8902
7059
9997
7579
-7696
9268
-9095
3191
-346
652
-7004
-2829
-4196
-4050
51
-1604
1873
3207
-7831
-2944
8643
3405
3140
-2327
8539
-8970
6388
-7753
8360
-2459
5213
-6848
805
8339
-8828
-7353
5195
3835
6067
-6745
3423
-7963
-9209
-9650
-8018
4039
-8824
396
3885
-7325
1082
5195
509
-9720
4020
276
655
7132
-799
-3822
-1974
-5990
-9850
-715
1849
-7789
-822
513
-6440
8431
-7196
207
5223
-3430
-928
-3326
-7732
4578
-8012
-7741
8773
9496
7558
-2726
7507
-741
-6139
-2620
5339
4263
-2852
-6434
-521
476
4042
-2624
-2038
-7693
-5399
2082
1319
4856
-7886
4103
-4933
7260
2422
-1390
-5435
-6883
-3014
9341
759
321
-6069
1648
-2899
-6303
3215
-9165
-9723
8092
-6159
603
-1833
-6713
-9861
1738
90
-6957
8817
-9865
-3372
9538
2506
2533
4591
-4144
4948
-6790
-6845
1440
3768
-5670
-4800
-8400
2529
379
-3135
-9479
4229
1085
8928
-110
-8821
-245
-619
-7943
-7798
-5515
-6063
4952
-5715
7115
7598
4335
-1677
5259
-695
-2873
1318
1128
673
-2720
-7125
5691
-8927
-6668
7654
-8779
513
-7390
5556
-117
-8790
-3736
6815
-5730
4422
1055
6728
-5091
7379
9195
8215
8722
-4815
-5881
-4388
949
-2022
5712
-2504
-4794
-6358
-1636
4296
-9477
3460
7693
4380
9132
-9498
1655
-5187
8824
-5802
-6387
-5171
-995
6777
-9077
-7117
-7477
-4441
5970
-6051
5
-601
-3752
6101
4139
4999
3080
8220
6407
-224
-1031
127
250
3693
7736
-5038
8085
-9899
-862
2012
-3745
8942
-9815
-3803
-3021
-8602
9620
-8749
-3837
-7881
-5185
4885
2093
-9209
-8761
5298
8130
-6504
6157
-5539
9764
7731
8409
9799
5819
1044
-3722
-2205
-8460
4297
-3537
-452
9708
865
6906
9365
-5858
-8029
-7583
-8433
7356
6658
-2590
-2108
3313
-7079
3873
-7423
-3683
-472
-3334
-1641
-6665
-675
2168
6276
8145
3727
9680
8470
1885
6715
8930
-9313
3967
3889
3765
-2338
-5364
8065
7348
-2651
-7568
2992
7017
6066
-6755
1806
-3645
2217
1244
7793
-5863
5331
6349
4465
9082
-9131
4224
1135
5565
-8966
-9168
5630
-1313
-5462
7790
-9952
3301
6585
-8040
3639
5844
8251
5018
2306
-4932
-8586
-9588
-2302
-7764
5731
-4571
6237
6894
-8477
5779
6899
231
-9978
-4052
-335
2451
-9103
-6225
6335
-4942
-8597
-9967
-9821
-1802
-3901
-6549
9574
-4799
-3349
6684
6613
1277
485
3349
2186
-6234
-7561
4362
-1215
3264
927
128
-7541
145
-5563
2515
4424
-1912
8823
-3970
-375
8317
7595
660
-6355
-6628
-8483
3392
6805
-3089
7034
1395
667
4019
-1132
8987
4177
-3547
-6586
1585
-7587
5936
9613
5108
-2490
1313
-3612
6253
9774
4025
6515
5076
-5821
6202
-4267
-331
-2482
-4645
5013
2958
-8216
5592
-3633
-4217
-5843
7284
-8781
-3035
8463
6095
-5407
9653
-2981
4725
-9851
-6091
-2172
-5715
9494
8872
9852
-3099
-2069
-6351
3669
9896
4745
-9052
-2014
-4897
-5935
-4464
4337
9551
1244
7606
-8593
9518
-9074
1002
-7087
-977
-7385
-8524
3278
-4261
-2636
797
9542
-969
6195
9392
-665
5996
-187
-8166
8570
2024
6498
8077
3522
-5387
8049
-5949
8212
-6746
-3637
6616
-7450
8695
-9968
-7947
-8039
8536
177
-1339
-2355
-2216
775
-4807
528
8839
-5192
-6057
-5067
-3205
4387
1047
-8797
1460
5998
-8593
6454
-5253
3969
1335
-1363
-4402
-7188
-4440
-8372
2383
3346
8460
2400
844
-6691
1860
-9402
276
6056
7343
7251
-2895
4953
-6979
2086
2004
-7245
-2694
-9497
5197
3061
-8916
2603
7026
9982
-9910
8614
7113
-2676
-9882
1693
-5535
-5726
-8467
-4229
-7249
-6927
495
-5330
6167
6103
-9729
2953
-1302
-3195
7321
-7893
-6630
-2480
6274
3210
5462
-2724
-1751
5985
-2208
4268
-4897
7333
-6257
4168
-5274
602
-5851
5229
8184
6358
9339
7726
2830
-2642
4612
259
-5644
-9632
-2226
-6024
462
-9848
-9463
8545
-4710
-1669
8914
-7715
5297
2076
-1144
-3694
8837
5618
3228
-4576
5322
-5135
2230
-4545
-5385
7704
-3811
-3461
-6462
-4607
-7286
7876
7163
9437
-7490
-1217
7471
2909
-8122
-5503
-4473
1873
8464
-2263
8764
4582
4555
-18
-6204
-6906
1233
-2922
-6717
-4425
-706
-226
8176
-1515
8289
-6427
1921
3724
-3908
-7304
-6079
4749
-9647
6394
-4683
6134
-6285
-3899
-6368
-1013
-4523
-2679
8833
6324
8882
2436
3366
9053
4666
3973
-7028
9972
-1659
-4731
-8878
3945
-1279
-5440
-6683
5403
-182
-3874
8627
1922
-8397
-8451
-286
5413
173
-7033
3797
-3121
-8125
-9509
-6175
-6910
3788
7319
2335
2852
7545
140
-9497
-3320
8773
8038
-6455
-6154
-6300
-7229
-1601
-3279
8561
-9247
4385
8233
-8636
-4377
-4890
-6364
-2346
-5233
1521
6365
6812
-1613
-6166
7405
1812
2628
-375
-5320
-3533
-3898
-1406
1324
-8530
-1854
7538
5638
-2604
8357
-887
-8857
7848
9924
9554
9716
7461
-9388
-6498
-772
2594
-6690
-684
9538
-1940
3693
6564
-4087
1793
-4250
9145
9045
6740
687
-4720
5466
3288
-9976
-2213
2089
6682
7747
-4627
-1755
1072
3699
1899
7971
2659
-1701
2469
-5319
3960
-2336
-9504
712
-8113
935
8063
-5899
6044
-9538
-4773
1003
4506
7193
1790
-7770
-4653
5068
5714
-4597
-6711
4076
9162
-2996
2102
-816
-9103
-7380
-6972
-1812
6089
-5266
-6773
5069
1015
7070
-1167
-2982
-2219
301
-820
-8671
6424
-4118
-8963
1778
-1335
4704
3703
7190
5023
654
-5379
-630
9376
-7875
-3952
-3151
-3942
550
6604
1243
-4965
1908
-2280
4191
5149
-6048
2086
-5571
-742
114
4776
1905
4089
5712
-5083
-2590
6057
-7220
-7838
-6426
-1212
-2432
-2446
-3222
-4049
6787
-1079
-1604
4936
8495
3799
-8410
6968
-9871
248
4601
-6952
7632
-5888
-2062
-249
-5306
-6261
-9023
9531
-3141
-9162
1522
-4987
-1017
-1600
-2270
355
4812
-3252
7369
430
7173
-5113
5408
6713
-433
2171
4072
1827
-2540
7619
4525
-9997
7258
7805
8752
-2581
1959
-3618
8288
-7548
-2913
-1127
-8134
5978
6931
6807
-3155
9731
-3839
-504
4168
3268
8100
-7431
1177
6443
-2336
-6111
3066
-8069
2750
-2445
1410
1725
5786
1269
-8989
-5607
414
1644
9359
-8220
6850
5524
-7805
3172
-2614
2447
-7356
-7925
-4008
5923
1011
1986
-4899
-8840
-6931
1032
-7126
5896
-8243
-7350
-1583
5371
-2371
8764
3232
-3723
5113
-2845
-6584
4940
4026
-829
-1458
-1220
-2432
9009
1186
5496
-6234
-3589
550
4960
5642
-3021
6487
-3587
-3611
4468
1500
373
1557
-2847
-3464
751
3705
-9372
-433
-9918
-2194
-9070
8927
5213
-5824
3992
-4959
-6292
5175
809
9177
8276
4417
4896
1840
6245
-5523
5390
-1589
6307
5325
3888
6504
-9455
-8638
-5276
3207
-4334
-7638
-3167
1379
-3469
4628
-6663
-5913
-3123
4374
9356
2854
-3633
4280
975
-8903
-1786
8121
2576
6876
9805
4453
-2313
-9911
7646
7971
5667
5040
-7485
-6098
121
7851
5073
-3485
6150
-5527
-6819
2366
2542
-2063
6809
-330
-4048
1169
-8700
-1916
6486
-3220
-1346
4669
4846
-529
-3923
274
6440
-2597
-2316
1679
978
-5262
-2741
1594
-4658
1508
8706
834
2045
1583
-6867
-1086
-52
-306
2992
-1012
-2937
-1590
9521
5419
4707
-7917
9955
-1976
4669
8082
6845
-1946
1615
2410
9856
-110
-960
9380
-6702
-525
-8225
271
9831
4120
5992
9083
-3241
-7944
-9237
-225
-2818
601
8259
-298
-7732
-349
-6905
1829
-3919
-8349
-6623
-5011
310
-8567
3718
-455
-5834
-2319
5371
6158
-1423
6704
9018
4649
2860
-5573
-7808
183
-5076
1186
-7245
-9315
-8469
7866
-8647
6493
-3939
-2815
-2123
4092
-5054
-7914
-5446
6849
4249
-4120
-3775
-4810
9196
6218
-7655
-7486
-9085
-372
3016
-5611
-6216
9945
4885
-4688
9250
-8409
7612
-4777
-2486
-5472
-9853
647
1672
3742
-1686
9743
-6899
-8047
1113
-1412
-2459
-9396
-8795
1635
899
2082
-40
-2140
1183
-8449
7750
-2579
4420
1298
-6130
9846
7823
-6772
-2165
-5808
689
-8936
1585
8323
1004
-6893
-4758
-3642
-856
4947
9308
9131
-7600
-1566
8730
-620
-3449
-6325
-3748
-2599
-3562
-6602
7003
7580
-4060
187
-9935
5083
-2702
141
6646
-7026
3568
-8258
-1172
-5213
-1130
6324
6561
-4164
-4740
9450
-9010
8032
-6612
2795
-3848
8042
-1973
2636
-9081
-4042
-6416
6039
4317
8336
7835
826
-7429
183
-1539
-292
-891
-1402
-4755
-5134
3078
6107
3160
-6891
-1693
9724
9157
6401
9256
-2016
-2504
-6779
-3879
-4859
-6053
-5442
-1756
640
-8532
8587
-6168
4377
-8981
7166
-1781
-9148
862
-1624
-8138
-3132
7451
-6214
372
7376
1335
1688
9726
3010
-3544
2306
5357
3341
-3398
-3993
-8340
8282
1292
8478
-5680
2436
2745
7987
3349
-7077
1588
-1223
-8927
4579
-648
-4283
9503
-753
5383
1638
-5429
7558
-9798
6105
-7140
-5374
7956
-4249
-4816
4335
-302
-1010
-8481
-1601
4204
2466
2341
-3410
-6481
1299
-8105
1065
-1165
-1120
9018
-6323
-2051
-3805
3099
-7844
-3171
-639
-1748
-5597
-1582
-2278
1381
2728
-6109
7491
1900
-9049
7636
-2008
4662
-5820
-855
-4511
-1995
3284
6031
-5197
-4825
-3881
5123
9310
-4656
-1542
-4507
4937
9475
4506
-1011
-7011
8840
-2794
5854
3605
-9947
-4154
-7443
2586
-2890
4321
-436
3045
7930
9339
2425
8196
-1325
-222
6978
3454
-2743
9734
9334
6771
5010
-9290
-4288
-2796
4141
-3685
-2000
8670
-9233
-5264
3922
6266
-4789
-2089
-3281
-2216
918
4670
-455
6239
-23
-3976
8120
-8100
-6389
-9715
9325
-1486
-3598
4760
-2396
-4835
5767
-3635
-872
6085
-2695
-7340
-4786
-1150
-9930
-8309
-8189
-4609
-7192
1114
-8779
-618
5812
1024
-2748
-7494
4997
6731
9711
-9909
-2002
-9854
-3571
-4321
7924
-8323
-1775
6
8752
7780
7417
1528
-6238
1576
-5042
9973
9123
