4079
8945
508
-3901
-4836
8307
6998
-9877
-9134
-6281
8558
-6117
-2692
7821
2935
9467
2868
-9646
-5092
-1912
7797
-4961
-8414
6523
-5640
5052
-9296
8038
9777
2982
-3333
3784
8976
-44
-4730
1071
-9281
1750
1076
1769
4212
6436
-9146
1721
9534
1149
2951
7294
-3548
8032
952
6104
3565
-7067
-3138
-3276
4183
8040
3185
-7829
-1975
8978
-89
-1266
-4537
-4135
-5160
-2188
-2245
2912
6451
7232
2477
3083
4624
7776
-5348
-1748
-7777
-1882
-7538
-9824
9042
-8603
-8610
2022
8906
-6172
5190
7544
-7289
3113
-2829
645
6761
7646
9547
3606
-8682
-3296
-6658
4132
-6654
-8190
9419
-7098
-800
-2923
7046
5411
1832
5539
-1943
-5544
6274
7213
9416
-1500
8791
6685
6781
9603
-8766
-1481
7795
-7898
1689
6932
-7030
3733
3485
303
-8148
-116
2132
3475
-4110
7898
6351
-9267
964
-1839
7969
-8927
-803
-3394
-38
8241
3271
-7191
-8160
5273
-8176
9679
8762
-6421
-2837
-7118
-7683
-4692
1128
8120
211
-6330
8860
1155
-2304
8370
3798
747
2430
1958
-6453
5827
-7504
5578
-6871
-9070
103
-7327
6202
7002
-3891
-9972
1810
1196
-5268
-72
-5094
611
-6572
-3499
-6649
-229
-3490
-2968
-8117
3463
555
-5303
-3453
9809
4905
-7209
-7627
2821
7390
-5414
5354
9079
-6566
8817
9476
-577
-7214
9661
3865
8488
-6935
-44
1181
6208
-9244
5886
-6349
-2838
2625
-3764
359
3306
1910
7146
-3530
-3306
-3303
9602
1075
3093
55
-5606
8459
6972
4540
-1845
-8765
2923
-4273
8058
868
9710
-3064
-1761
9322
8954
-4865
142
-5189
-2717
2442
7414
-9777
1018
8670
-4806
210
4808
2501
-5075
5665
5081
-1633
6717
-9396
-8467
8187
-4153
-1055
7149
8241
8997
-9720
-7965
2022
2622
-982
-1787
4651
-5481
-2231
-9445
-8703
-5620
3556
-7359
6731
-9064
-9696
-6604
3679
6834
5717
-4561
6568
8591
-9853
-3355
-3427
-8304
9540
3847
-7490
7572
-5971
2374
-4992
8951
-2956
7281
6747
-2973
-9463
-9711
986
7252
-7218
-2912
-394
1554
-5706
6397
-728
-1437
7107
758
3155
9705
-9432
7591
-605
-9168
-231
-2740
-5161
731
-9872
-4946
7121
-1206
-600
-2402
4323
-7351
-7263
-748
-5959
-1668
-6020
-9210
1176
5409
-2866
2981
-6856
-6630
-5518
7253
-8652
4351
-8035
-348
5367
1407
-6609
-4479
-6842
4081
8359
-2533
-5361
-3303
6728
5634
4853
-1232
9893
-2268
6960
7635
3235
-1122
5109
4947
116
-8524
4502
1755
2719
7253
-487
2811
-2668
7413
-741
217
8562
-3825
9748
-4850
7942
2718
-8391
-7634
-5594
7687
291
8345
-8501
736
-6685
1968
914
-156
2740
-6799
-1145
-263
-985
1183
8025
-9551
1734
-8404
-2705
-8879
-4100
-7205
1585
-6152
470
-3001
-9426
-2900
8168
-4813
2577
2283
8436
292
1066
3195
5263
-9774
1785
-3539
6838
-2723
-3455
7469
5417
8402
-609
-700
594
-1112
-8867
2952
-3502
-8574
-9349
-9687
723
2884
-7912
9019
800
9326
-2750
-2260
-913
-1463
-8306
-912
-3207
-4123
4925
7295
2361
-4212
-4962
-725
1908
6410
-5402
-4017
-789
842
9522
-4027
-1067
7427
3540
-543
8831
6987
-1861
8999
4934
-49
7218
3541
7191
5245
3048
6427
-5309
5446
9895
-5955
-2796
1536
-9967
5650
8963
6721
-3844
1288
2373
5239
2779
8408
-6803
-4941
-7486
1336
3915
8504
7655
-4125
9591
3494
-8130
7428
6896
-3249
1774
3936
2912
6825
1104
4281
3813
-6959
9874
-1952
6237
-9372
5579
4060
-582
-8124
9375
-350
8934
2069
1525
5235
-9258
1855
102
-9096
1607
8505
-4154
9269
-5359
-3471
1976
-1187
-8863
-2364
8880
-7033
2730
7404
-2714
820
-5543
9275
9813
1792
-8993
-7129
-2826
1271
-6379
9720
1842
-3874
5362
8617
-7476
743
-5138
1270
-6528
1977
-4174
-6508
8407
8397
5798
-2401
-1589
3319
-1058
9271
-8521
-5022
-9432
6932
-1545
-7840
9480
2719
-6455
-7548
1193
-7399
-7714
6742
-1838
8440
-2441
8600
391
4243
-15
3981
6538
8144
-629
9539
-9846
-4008
-8403
5051
-1314
-4935
4508
-6468
7242
-2371
8151
-1582
9376
-4972
6570
-7458
5299
9524
-2753
7276
-4582
-7162
9383
9155
9219
-4097
8016
751
5703
-460
1583
-6396
1544
2665
-4585
9268
3565
-8400
2611
7047
2909
5838
2845
2399
9777
-9124
-7593
558
1524
-2508
8091
-7466
5003
-4646
4426
1858
9597
4438
6130
4532
9281
6838
545
-9949
-5067
3607
3572
-5086
-5254
-2293
-5510
285
-4152
-4759
-7482
5229
8853
4629
-1038
-957
3715
-3741
8763
-311
-8891
6805
-7179
-8894
-9138
3620
1998
-6922
-9842
-7939
6336
-4064
331
-8312
3047
-229
-9369
660
-4685
-8763
477
7402
8436
-2987
2509
5670
9864
-2607
-7994
-4896
-9419
-1823
-1165
1491
-4822
-891
7062
6166
-6049
-5417
-7395
5702
-5639
1106
8767
8302
3552
4931
-4760
9926
-991
1043
8567
-1743
4119
-3201
6620
4369
3281
-6824
-6767
-8897
-7367
-5329
3877
-8959
-3172
2383
-6252
-1502
6451
7683
6576
-6306
4857
3229
2430
-4445
5351
-4682
9319
-507
3906
-3062
9229
-1568
4605
7587
2248
-4048
5609
2019
-2381
182
-3610
-6908
8365
7536
-2688
-8061
711
-1455
4107
-8315
-9540
7982
-9747
-1083
-4859
-7157
1995
997
-9592
7968
-4910
7818
5683
-1224
-8101
7411
-5210
1263
6267
1764
2730
-2347
-7089
-8982
-1534
-6263
-232
9645
1291
7357
-1447
-8524
8178
-7799
-9106
-20
-7614
8961
-7428
6258
-3181
4507
-8547
-5860
-9920
4512
3301
-987
-1565
-5563
-8631
-1442
2275
-6403
1896
1455
6473
1494
-4757
4688
6653
-1913
1566
2280
492
4342
-8043
8594
-5078
2159
-6454
-8630
-2345
7101
7159
8501
2599
7506
9030
-9190
-5296
48
-3693
3205
6894
-400
-5986
-8633
-4761
-1817
4024
1909
8537
-4446
5529
-2766
5875
-1478
895
-1297
2916
-6416
-7696
-1992
-7466
-1979
-2103
2810
-1070
-8340
5644
-8182
3052
-9009
-2159
7791
4827
-3191
-9676
-8424
-3809
-388
-7363
-3596
-1790
-5649
-911
8331
-8358
3777
-1631
-8004
-2779
-565
-960
7267
6297
-5060
-3679
-9612
1631
5170
-3613
-1185
-2855
3867
4798
-3340
2389
-1986
-4091
-84
-9566
-2652
-2271
-3109
6783
-3971
2156
3303
7412
6338
-9559
-4252
-5145
2434
-5532
4089
3438
-4047
-7424
-4773
753
-6524
2390
-4741
-3815
1540
-5987
-6415
-1426
-2504
-8598
6081
3655
-9734
-4849
-9056
-7086
4512
-2500
3942
1380
6910
5742
3699
-3303
-306
-6277
-1035
-6582
-7131
9516
4894
-6704
9210
2043
9848
4130
9204
9994
4737
-466
-8676
-878
-9923
9238
2700
-3801
4827
9869
513
-5652
860
9328
-4403
2817
5107
-6336
-12
1115
7537
9325
3911
6103
7740
-6523
1578
5519
9553
5192
-6018
-7569
3449
7117
2354
-9058
6480
8885
7032
-5133
1598
7958
-6986
2171
8829
-3056
-1011
6812
-2228
-9629
6721
-1660
7382
8332
3086
6754
7932
8194
5933
-9076
2773
1008
-4316
7164
-4418
9276
-4780
-407
3936
-8279
-3641
-1479
-1507
2328
-7732
-322
-5621
8023
-3081
-7656
2904
3531
786
-3880
-2271
8173
606
2331
-3470
-6924
4966
5698
-8938
6627
-6795
-9421
-1032
-1735
3276
2287
-9482
-3214
-6766
-7524
1643
-4631
-8699
-8936
-9471
3193
8762
7398
1915
7995
8398
-4891
-8724
-3274
8223
3600
-3280
3187
-900
758
-3289
4226
3787
8271
-3273
7223
7586
1936
-2683
-5200
9424
9142
5416
2750
-5419
-1405
2775
8174
3851
1679
926
4106
-5097
-9936
-7646
-4424
-5513
6860
967
-8774
-6869
1326
-725
-2019
-5665
1975
3476
-3549
-3772
9483
7345
5908
-3490
-1276
6715
-4239
8711
-2317
8885
-9728
-1664
6454
-5597
-8522
7435
-8848
-2984
-544
-3589
-5553
7271
7255
3679
7708
-6636
-9462
2423
528
3498
9527
5407
-4145
-1827
-9546
1373
7029
-975
-7042
-5676
-7194
4118
-4290
4538
1992
287
-5346
6689
7966
-4465
8764
-207
425
5163
166
7411
-3538
6595
482
-2213
-2751
-6478
-8199
1376
5828
-1726
7982
-1063
-1472
3919
-654
-5570
1028
8459
9726
6599
6816
-2258
4632
6368
1928
69
2907
339
1762
-8739
-3257
-3316
5881
4499
-9166
-969
-4087
7005
4295
-9929
-3759
5375
9124
-6421
-8937
2885
2016
-8864
-840
-6617
-3482
5456
9098
-2242
-4272
782
5388
9201
7722
-9070
4007
3990
-1309
-6233
-9806
8015
-1845
4082
3129
-6532
-9987
6915
3701
2462
4354
4439
7122
-6784
8430
1556
7947
1793
7898
-3799
-9921
-8306
1236
-9621
-1235
5369
-2867
4928
-7481
-631
-3025
-3806
6341
785
-133
-2554
9897
-639
-1815
3388
-87
-3614
1543
-5098
-1880
-8695
3921
-6152
-5496
2264
-1693
8512
-1191
-250
5279
5763
3218
7344
-5659
8804
1488
1323
-1973
9307
7519
-9985
6883
6203
4964
-6487
1501
8721
3453
-6528
-8469
2629
4804
-8506
4374
-1357
-6693
2206
2611
-1688
-8558
3278
52
9424
-7930
2771
6699
-5154
509
-3032
3145
2825
-3315
-1293
-6927
442
-3189
738
8913
9993
-9499
-283
-5488
-6117
-5018
1263
3273
-1137
3281
-5813
-3721
4880
-219
580
-4311
182
-5887
-4281
-9836
9283
5882
6505
4418
-9529
2427
-2227
4628
-123
5258
-2218
3878
4427
-9982
-3671
7683
-5463
14
6340
8453
46
7998
3793
9289
3013
6602
4880
-6494
9348
609
3812
-2979
6898
3497
-9852
8498
-4409
8031
570
-3163
9751
-1918
3529
-9594
-417
9290
3421
787
-8710
-6794
6110
3322
-4705
9091
6511
9636
313
9184
7954
5306
428
4467
2990
691
-3637
7129
2320
-1090
1480
-139
-150
6147
7853
8022
-1470
3463
1722
8872
1516
-7725
-3655
2214
1103
-1348
9984
-3650
3929
9987
7708
1500
-2796
-1330
-1493
-7381
9100
3423
737
-7070
74
8774
1901
4104
5548
6241
-4038
3248
-7200
7485
-6266
7170
2360
-6467
6537
-475
720
-6118
4618
-4706
-6237
-2840
-4986
6532
1369
-6263
-4530
-8117
5094
9877
-678
-8983
8428
8574
-97
-4729
5598
-9264
-2313
-4367
-2265
-312
-5597
7145
-2228
2512
4841
-4605
7566
-1467
-7534
-7135
4208
-6224
3019
-5244
-1206
-6736
-7761
6656
-113
-6605
9852
-791
2590
-9192
-2671
-2231
7861
5604
3255
8067
9433
6788
-4396
6164
-8875
3145
-5290
-764
8567
8501
8215
-5964
-9968
-5879
6848
-7832
-4751
4076
-326
682
-5290
2481
2706
-6845
-1677
-3395
-483
2879
2042
1654
1125
2470
-8765
9936
-8021
990
5533
5881
3804
-830
-5736
-3468
3503
3205
-4282
747
-9161
-8919
824
-376
-245
-1938
1579
8393
7832
3589
1976
7085
6018
-8772
1573
9538
-9209
-9843
1315
-8039
-1811
7606
975
-1742
-3524
-6288
565
-195
852
7219
-9004
6169
6678
7872
-6299
2823
-9086
5643
6314
7793
4370
6520
3582
-5921
-7580
828
-7955
1589
-829
-5503
1185
-7262
-2284
-6733
6941
1427
-6851
1347
1782
-7721
4852
7023
-972
3497
-6723
2078
-5908
7444
-617
2320
4084
-9822
-2364
6850
-5529
2759
9736
2549
2237
-4357
-7390
-3937
-2276
7776
5857
-3129
5239
8270
-7753
-8654
-3718
3741
-9597
7348
4853
4959
7956
9733
-1132
-8308
-6311
4194
2933
-6054
6537
-2944
-6412
-9648
8215
-7749
-1899
4989
9968
6022
3882
7722
7182
-938
7503
-2833
309
-9715
9583
9311
1698
-588
-9111
-9780
5570
4364
3638
-3585
-5104
7506
-5
2014
-4048
4072
5971
-487
6673
-4817
9470
-7515
4215
-699
8947
-4247
6982
5630
-9179
-2146
-9529
5374
-1793
-1182
478
1808
5217
7655
-7846
-3966
7386
-2775
2584
-6192
-9556
1693
-6550
-5211
6905
-9703
9838
-8743
-7887
-7739
2622
3081
1140
-1597
-7575
8699
5278
2040
-9255
-67
599
1134
9741
-3432
-4978
5903
7572
2057
-5470
1034
-721
-6604
-1304
-9672
-3204
576
-2218
-6427
1141
-2002
-7504
-125
-97
6808
8697
-2652
3671
9389
1253
1047
5436
-5117
-7845
-4615
5603
-636
-4480
-7265
2371
7755
6669
4195
-77
-5717
3058
3744
-5647
3041
-3661
-8803
-4651
-5864
1484
2581
-6988
5620
-4264
-2446
-7313
-4276
9339
4512
9680
8653
-2004
-989
-489
-6269
6187
7508
-4477
8616
-5933
-1865
-778
7888
-9612
-2002
6831
9217
1682
5078
-306
7901
6938
6213
9031
-6590
6442
114
4680
-8768
1609
2274
1906
1161
1290
-2588
2339
-1726
-3913
-9960
9563
-282
8738
-4597
-9468
1172
-3299
8892
1251
7082
7248
-6723
-2245
3514
-9020
5046
-5071
7809
929
-7524
-8494
-8746
8325
-7086
-7773
-1020
3977
2465
486
9915
4747
-2972
-5101
-3289
315
-939
-1051
5830
5086
-1882
-8666
7087
5907
-1242
-4705
-9939
-9333
-560
6031
5366
6224
904
420
9633
-2854
7383
-1047
3697
-9989
-8857
-7392
-7755
4142
3461
5668
-1555
-2744
7643
1023
6224
3098
-9723
5273
-3522
5231
1566
4351
-3948
9222
-9272
5722
-8146
3969
2023
9985
-4504
1691
-3290
-6431
-4530
4076
4855
-6665
-2101
4778
820
817
7660
-3421
-4112
-68
-177
5418
9908
-2281
-8838
-7067
1326
6218
-2930
2686
-4603
6160
-565
-1754
-2407
-8909
873
-1875
9715
6551
-4465
-4233
-9432
4446
-6808
2298
-5364
6784
-7928
9036
7888
-304
154
-7651
-6440
-4221
-1373
3159
-9167
8071
7222
1177
-9412
5449
-5731
-734
-4054
-8670
2429
-4887
8283
697
4007
6175
2473
-1453
4901
-7783
363
390
-1475
-1640
-3793
-4150
7765
4194
-2064
-2988
5491
8038
-2477
-8830
-3845
-4403
-5984
-76
-4371
-6396
6202
9402
1427
7839
748
-9015
-2311
5216
1550
228
-1250
7608
3805
-4127
7765
-8326
-4908
-2492
9908
-7928
-616
-5057
9502
2563
8195
-1856
6334
7445
-2503
-8307
-4550
-9169
8729
-8195
2520
-887
-4119
9380
8275
-5074
4334
-6582
3782
-8123
-7319
-3329
6107
5473
1741
-4551
520
4102
8822
-8207
-9006
-7300
6697
-7349
3408
8929
-4808
9123
9786
5898
8340
-8673
8016
-4333
-9393
8130
7251
7167
9944
7841
-7281
5224
-5254
-9404
9380
994
1776
-9019
-8834
-290
-3884
3363
7841
-7196
-7511
7625
-7534
3530
-9269
589
2846
-8784
5582
-2518
9806
-6172
8042
-2622
-9305
7234
9134
2780
7023
3210
2455
7893
-4736
4144
371
2106
-6032
-618
-3144
2426
-3900
8877
2479
-5580
735
-5449
-58
-8828
2452
4290
-1370
-3269
-1026
-2966
-7333
-1761
-8473
1247
-5792
-7494
-5253
4405
-9158
-4774
8942
1306
8158
-6274
-7771
-1309
-8794
8917
-2149
-5026
3050
-2767
-6881
-448
-9505
9149
5645
-2573
5777
4985
3019
-3194
4292
-5361
-1405
-6106
969
2162
-8928
-5170
-9988
997
-4989
2322
-5618
6128
-6994
-2448
-9914
-4387
-9523
5584
-8419
8215
9842
-395
-3917
-4296
-1139
5723
206
-9727
9345
8221
-9969
596
-7639
-9497
5699
-6521
-3971
-5210
4433
-4705
6585
9713
-5240
-9882
5899
-7168
6742
-7192
5699
-3788
-6069
-7535
-9121
-4964
-3045
9167
9831
-1959
3286
-6935
3313
5408
2845
7833
-3391
-5327
2380
-3910
-5871
5880
-8304
-383
-4982
-7323
-3315
9379
5128
8951
-2271
2585
-871
-2935
-1650
9902
-3473
-1069
7160
-1510
-1722
5233
-6236
-7341
4312
-6332
8831
237
4684
-4532
-1067
-7936
4173
8512
7513
-320
5086
7507
-173
7881
-7414
-8266
-2971
-5614
-7750
-9244
-943
-8572
-5038
6971
-6247
8153
-8920
4563
7670
8880
-927
9610
3022
-5495
-960
-243
7180
2458
-3490
4998
9682
-1429
2743
7146
2106
-504
-6232
3964
-6400
9526
8159
1834
-6948
1102
8048
-4050
9554
8535
9083
-1802
-9986
-1663
-7032
4881
-3832
4121
-2285
-1642
4584
-5933
-6320
8513
-2885
-5465
5941
-4721
-5458
5418
7932
-1452
-4062
8040
3034
-2617
9779
-9439
3200
-6509
3766
7880
2747
-2323
2738
8566
-2875
-8824
1208
1976
-3914
1780
4273
-7898
8005
-3498
-8141
-7863
7315
6912
5807
7261
-2827
-5385
-6824
6843
3514
-2931
-9068
5365
-5983
7772
-4370
7975
-9599
1167
-4278
-3876
-4880
724
-2687
-3380
-8835
-4905
5770
9274
2007
-6764
-111
-1866
-51
-3441
2159
-6165
5060
2534
-362
5761
6747
2700
3146
-7955
692
9388
678
-4327
7003
-4049
1615
-5182
969
-9728
451
5219
18
-5198
-2693
3301
1836
7371
-9826
-7736
-9107
1624
7322
-1796
1845
-1179
1528
-4993
546
2347
1909
-1548
-3551
-4681
4971
6935
-2922
4899
2343
4402
7212
5366
4593
2743
-564
5069
4476
2006
-4532
-9131
-6747
-4995
4301
-2799
106
9297
2727
5618
7252
-1019
-6342
7715
5733
-2175
3578
-6041
5474
5184
-4190
-5849
-527
9186
-5069
-6183
-2524
-8031
4686
-8846
9491
6116
-3656
6384
7806
-8969
3524
-861
-3742
6565
9531
-4627
2393
-6838
7779
5654
643
6114
-8964
214
-7206
-8838
-1334
-2655
3827
-9448
9849
6565
-9162
2219
389
-985
423
-8504
-4664
1488
-6016
4339
-5076
-9865
-1221
-8455
5820
3191
-5012
-3013
1142
-1814
-942
8222
-4598
-3461
-3352
-2517
2939
6765
-7877
-4517
5557
7242
8001
9495
1527
-8408
-6694
-2911
-4499
7851
975
8490
-6816
-486
-3322
-2793
2612
-8371
-6217
-4382
-3366
-2520
-2508
-2948
5755
8722
-5266
-7573
-6206
6684
-8616
-5737
4527
8498
1814
6780
8838
-1142
5872
7799
-4833
-1896
8685
-6155
-5480
169
-470
5200
-4053
5263
-6957
647
-5186
-8197
5407
-4561
6271
-804
3179
-4753
2923
-9934
-9795
1718
-4289
-7904
-4455
4195
4449
-8515
-9177
-9784
-8360
3521
-7886
-6281
-6242
8681
6050
-7062
-4743
-1208
-933
-3809
3898
1255
1324
1077
7332
-2003
-3652
-8608
-6257
9132
-7719
9639
-2711
9848
-7554
-8545
9641
2724
4216
3542
3832
-7725
8185
2165
4035
-1516
-9835
1213
-621
5687
4731
-8590
3131
4660
-7162
7184
-4711
9671
-4075
-3398
2124
-5899
5210
5013
-6368
-4754
4832
-1884
-2134
9787
3532
-3927
-1270
2969
8065
4328
7817
-1591
-6739
-8482
-6755
-9479
5805
-6935
4949
-8002
-379
-4157
-2788
3134
-4256
367
1959
-1609
-5270
-9186
-5510
5092
2405
-7428
-149
-4655
8720
-1305
6456
6026
-1998
-276
-3303
5619
2099
-2319
-5810
6703
5983
2323
-136
8613
-4306
9178
2227
4995
2449
-3381
-4069
166
5667
6267
8533
-1949
-4894
1820
9839
5232
9150
3198
-7426
957
606
-3319
2474
-4643
-9195
8668
526
1648
1254
-6294
9445
8343
8531
-1537
6835
-5318
5156
1632
-1319
4995
3958
4643
4156
3625
-6713
5337
3782
-6362
-8877
5651
5450
-8057
-9710
9370
-7028
-4606
-6833
-7278
-1878
-6948
-806
78
6014
-3401
9091
4474
6925
4813
-1021
-9048
7466
-4278
-7142
-7245
-8803
-186
7753
8351
6609
-9862
7684
1112
1557
-2117
1060
3721
-3178
-6152
3010
8402
-5763
-7595
-9482
9416
1083
-4018
-8661
4046
831
6074
-8066
-9965
-2393
-9827
5156
-8833
-5225
1317
3261
1417
-5487
-3457
-3100
-2463
3040
2625
-2076
9761
3383
-5985
3567
-1515
2979
-396
6693
3452
-7721
5381
-5143
-1949
-4080
-4470
5334
4263
6744
4407
-8955
5953
-9548
-6243
-6965
-5514
7319
1635
5297
1122
4937
3716
-6167
-9763
-2912
-1899
-1740
5893
-8558
-2628
-8430
-23
-7507
-2685
-2002
-3885
415
5858
-5438
1346
1068
8218
-2967
9244
6312
-6302
-8491
5966
2523
8852
-9922
9186
-7784
6706
7864
-8843
9766
9308
-424
8505
-2217
-8972
5870
2280
-2245
-73
-4045
-1818
-2084
1364
5633
9352
-7483
-7367
-9525
-9659
1217
-7104
-7922
-5575
7236
-9841
5986
8170
-2883
4465
-5486
-8754
7843
-4742
6338
-9254
-7198
684
-8643
-4779
881
-8613
6564
-533
-7825
1409
-6787
-235
-35
-4765
6906
8125
3957
6996
3895
-1036
-3218
8898
3127
2581
-9635
3518
9696
8894
2571
9977
3132
2122
-4669
7812
-9493
-7643
5918
6653
-5348
-4898
7905
-5675
6615
-7780
1695
496
4785
-1900
7111
-6599
2435
8076
1218
8780
-7755
2374
-4071
7034
-1370
1614
-5676
-5458
-5575
-2966
1780
-5868
-4425
-3353
-8168
8212
-6265
-9228
9326
8235
-1777
-1510
-4612
-9735
7619
5940
-3059
-9657
2105
7237
-2923
5918
-1463
7088
4022
3712
-8399
-1152
8244
8189
7249
-6687
-9223
3751
-6876
-6460
-9571
9187
5039
2885
5935
7786
9633
1893
2447
1992
1401
8794
5343
-2248
8485
-2833
-7823
-940
5101
-6018
6514
259
1838
8002
-3629
-281
-2215
8582
-913
-1662
-8941
-2704
-4771
9129
-1051
-9741
9736
-897
6064
-3537
-6350
-5960
-2255
-862
7728
-9487
773
-2217
2367
-9436
-7469
-1490
9173
-5070
24
-3386
1906
-1892
-9390
-3956
-5022
-7766
-5105
-2953
9343
-3112
-2913
2546
-5744
2695
-2812
-3573
-414
6665
-8904
-948
7743
203
-3105
9054
-4845
9961
-1558
188
3585
7949
7281
-7313
-8782
2705
596
8004
-3130
8024
6858
3594
-3024
7189
-6406
2111
-5242
5088
5951
-404
-274
8326
6914
6763
1758
-8670
-3584
2329
-9727
1713
276
-6482
8235
-2010
-5398
1299
-5980
-454
-4286
2400
-1215
2128
1436
-4482
-8491
1192
-6190
-6748
-7314
881
8180
-1220
-3029
1734
-7644
-2759
2679
9713
4929
4993
6954
7347
-8442
4831
6989
4854
-4502
6033
-7586
-5617
-7420
-5938
-609
9235
-1048
2534
7442
1428
6594
-4939
-5756
-5025
-7480
7129
-391
1773
-214
3976
-1146
8437
-8469
-6209
2617
-6898
6873
-9121
3691
-5700
7053
-7090
2984
-1794
1262
4701
4596
5756
-8609
8704
-8396
1104
3297
7665
9416
2461
8249
-9060
-8262
8269
-6474
821
6416
-9309
-3070
-6388
-3417
1164
-8350
-9920
-5910
3621
5305
2055
-1676
4485
-9349
-7281
-9
9807
-5856
1619
-8637
-1114
-9895
9858
-4679
4510
-1340
-3512
7518
4381
4898
-8599
2741
8406
-6586
-2617
3840
-6763
3513
2066
-8715
5753
-3432
-929
8896
2336
-3001
-3117
-9866
5848
-3731
-156
-3416
-6750
6506
1854
5416
7015
7041
-2792
5130
-4496
-3695
-637
-4076
1221
1864
3613
7530
-7483
-6982
-1234
-5190
5798
-3300
-2811
-2710
-762
6652
-4792
4510
-4304
-18
6027
-6976
-4007
-8849
7374
71
7312
1969
-3974
-3141
2198
-918
-3577
-8462
-6074
-1962
-1654
-2962
7691
4538
2438
2876
-6711
8839
-3034
7927
7892
-6780
-8939
-7120
6777
-5197
8395
-2965
1087
-8028
6559
-2225
-6329
6306
9799
-6488
-9816
2776
5330
9874
-5957
-641
4637
2781
-6209
4867
2286
-4997
5393
-5179
2768
-5127
-251
-3384
2085
-5609
-999
-2933
-155
2675
-1824
1046
3226
-454
-2363
2933
-8957
-8967
8841
-616
7835
8410
-2605
2069
3964
-2190
2618
2194
3001
3344
-4668
9257
-1062
1371
9927
-276
5798
4567
-7223
-9757
4687
-9263
873
1997
-4784
-6625
-4124
9159
-5586
327
4074
-5277
2554
-3660
4090
7047
5564
4003
2599
1724
-5000
9818
-914
1783
-5401
-7981
6666
-9158
2217
-6545
-5571
6539
-1770
-8651
-9483
-4183
5638
-7298
2684
54
-9321
2252
-5566
2063
-3445
9537
-4734
-5708
5302
9480
8300
-3273
6785
8052
8244
74
7784
7805
5438
2171
7855
-1630
-5028
-5514
7156
3759
5352
-4859
2659
-1313
-4670
-5477
-8012
-449
-2873
6069
2762
9200
5479
4733
-923
-6801
3912
1364
-1416
345
-8334
-4409
2810
-8840
-9584
-2076
4673
7450
-405
-504
-1540
-3891
-8827
4385
8063
7463
4929
-2382
9379
3050
-7916
3436
3421
-8939
1438
5826
-6493
4736
-3502
-3971
-5220
-7293
1943
1021
3169
3616
4836
9587
3891
-8957
3899
7546
6870
7509
-8207
8193
668
822
-2761
7373
3888
8613
4063
1036
1751
7942
-3124
-1570
-414
-7341
165
-4484
-2538
3774
6561
2187
-5670
-115
1459
-1075
-7049
-7500
-6470
9060
-8304
-5165
1718
4370
124
-8827
2365
-4511
-4057
-3369
6716
2153
-6779
6958
-2179
2613
-2329
-2078
-9639
4378
9016
-1670
7782
-7415
6079
-5935
-1371
-2517
1727
9420
1361
-2542
-7979
-719
6991
5117
5345
-5399
-5427
7250
2919
-7560
2872
4099
7771
-7559
1642
4333
5932
8154
-8472
545
7768
-8726
-1256
3550
2355
-5277
2863
-3326
-2296
-7729
3803
6709
-6286
6832
2065
8189
-1972
6874
1186
-3000
-5190
-1869
4817
6229
2376
-5085
4330
-9414
-7384
7309
-7890
-8793
-1838
-1272
4924
-3315
-6743
-8342
-4494
-8580
-139
1940
-1275
-6477
6721
4864
9129
-3
2420
-1581
-2193
-6581
-8361
5137
-1795
-6811
7377
-9981
579
9484
-6855
-5837
-9011
-8319
-5188
-9761
4294
-9821
-3650
-5346
-2671
7451
-2656
-6966
-1213
4725
848
2427
8293
-6329
-4117
5401
4260
5190
5660
-5510
-1443
7963
3608
2265
-2160
-8385
-4555
2952
-4563
-8196
3364
9610
6876
-4943
2283
-3615
-1281
3026
6844
8974
-7951
552
451
1199
3524
-8433
8437
3957
-6011
4164
-202
4206
9399
5939
6682
6187
400
-4919
-4977
-574
-5035
-7527
-9648
7274
-7849
522
-3325
-4885
2038
5783
-4008
3006
6787
-5412
-9740
5090
684
-7944
8574
-558
1900
-8823
-7916
4440
1695
-5122
3158
-6500
-4251
-7562
-1715
-3587
6581
-3130
5963
-286
9715
-7922
6587
4050
5087
2593
2482
-5678
5494
5614
5047
4244
6384
3059
-1186
4010
8071
-9537
-8554
3248
-9507
3582
-6646
569
2957
869
-8523
-7560
7913
3132
1382
-9520
-4468
3337
-4647
-5846
9278
3525
1938
1646
3047
-926
-7682
-7381
3466
5893
-83
-3847
-6554
6378
-5029
-8544
-4085
-255
-7119
-5563
1653
614
-5199
2178
-8130
3196
8147
7821
-9643
8975
-7891
509
8611
-7747
865
-1222
-7348
-3938
4261
-1482
9302
9438
7338
7498
-8630
1310
-6826
5834
9488
-3159
6734
-935
2254
-9718
9970
-6596
-3959
268
-8878
-3731
7462
-670
411
-9453
6226
-759
6058
-1702
1542
2108
-9248
-5693
-583
4195
7166
-7909
-1846
8032
-3366
-7907
-5222
5248
-3067
-5977
-2556
7478
9022
-8571
9750
3055
-3597
-5955
-5948
-4276
-4858
4337
-1618
3766
7989
5580
-7447
-4027
-8894
8977
-6944
808
4779
8707
1705
-2852
4437
