11 171
5 11 559
2 10 166
2 6 649
5 9 723
5 7 421
4 5 825
3 6 785
4 8 188
1 8 33
2 11 398
1 7 293
3 6 995
3 5 715
2 6 486
3 10 451
5 7 510
1 7 408
4 7 417
4 5 676
3 11 843
5 10 178
3 9 529
2 4 327
3 6 350
1 7 374
1 3 206
4 9 639
3 9 77
1 7 932
1 9 347
1 5 798
4 10 757
2 5 90
2 8 150
4 9 452
5 9 841
2 8 254
1 8 503
1 6 323
5 6 15
4 6 757
1 8 679
1 7 797
5 9 906
4 10 396
5 10 912
2 8 439
4 8 741
2 9 651
4 8 445
2 11 438
2 11 355
5 7 520
1 7 653
4 11 438
1 6 343
2 8 822
4 5 985
4 7 693
2 8 58
1 3 571
4 6 517
1 4 933
4 6 774
2 3 914
5 11 581
3 7 637
2 9 947
3 8 516
1 5 269
2 7 339
2 6 984
5 8 876
3 6 496
4 6 139
3 6 100
3 4 245
5 11 552
1 3 536
2 7 356
4 9 522
5 6 942
3 10 795
2 6 568
2 5 845
1 3 867
1 3 134
5 6 238
3 8 843
2 5 585
2 7 759
3 7 755
3 9 650
5 7 201
2 8 418
5 11 424
3 9 803
3 4 62
4 10 120
3 6 865
5 9 482
4 5 117
2 7 131
5 6 452
4 8 760
4 7 15
5 8 451
1 7 884
4 8 501
1 2 883
5 8 81
5 10 14
5 11 561
1 11 509
4 7 578
1 10 115
3 8 926
3 8 122
2 10 211
5 10 166
5 10 439
2 10 717
1 2 550
4 7 744
3 8 934
4 5 962
3 8 991
3 7 513
3 7 117
1 8 25
5 8 31
2 5 686
4 6 45
3 7 575
3 10 931
1 6 769
5 7 824
3 4 58
3 10 764
2 6 976
4 5 858
1 6 499
1 10 311
4 9 623
4 10 975
5 11 392
4 6 714
5 10 90
3 4 21
2 9 419
4 7 765
1 7 118
1 6 118
2 9 145
4 11 891
3 8 820
4 10 198
5 10 250
2 11 451
1 10 633
3 4 504
1 4 708
4 7 19
2 9 510
4 11 367
1 2 128
1 9 830
2 5 216
4 8 127
2 11 276
3 7 864
