100 62
42 84 260
37 77 359
38 75 865
3 67 712
27 46 212
38 76 637
50 88 58
2 80 347
40 82 699
45 62 180
14 66 729
38 48 56
34 39 967
26 78 94
31 90 818
15 25 215
32 86 932
42 65 824
27 77 15
37 56 695
23 39 33
7 20 946
47 85 425
20 61 68
1 66 686
10 28 655
1 50 598
14 97 901
26 84 102
31 32 725
15 54 370
20 55 97
33 68 229
22 92 106
28 55 763
16 44 128
23 50 138
8 87 943
32 83 578
8 63 852
50 100 379
35 56 288
4 85 123
35 66 885
23 42 771
22 42 614
30 49 679
38 41 817
39 48 47
50 85 727
39 65 761
3 50 813
16 88 122
45 68 844
38 67 338
38 65 350
22 55 463
18 58 7
30 99 438
38 50 583
36 98 49
15 21 329
