2
2 8 
3
5 11 30 
5
25 29 9 13 15 
9
36 66 62 88 62 42 26 63 58 
17
67 92 55 63 54 23 43 82 17 69 6 8 37 52 49 70 23 
33
58 30 6 25 24 52 3 4 84 45 92 22 4 69 38 55 23 88 38 20 44 72 40 19 7 66 81 93 89 77 31 33 25 
65
49 47 6 91 30 21 1 57 52 44 99 30 74 35 55 57 41 17 27 82 9 45 90 77 74 38 89 19 33 80 92 84 66 90 9 5 81 28 57 74 87 72 46 75 23 21 30 28 24 48 63 87 91 62 37 56 68 56 25 32 53 51 1 42 75 
129
67 51 48 22 38 18 68 78 64 64 56 70 50 29 2 29 63 37 17 31 34 89 1 42 3 66 41 100 35 88 9 34 6 72 23 31 62 67 45 1 27 2 59 70 19 65 42 65 54 10 19 49 51 9 68 68 49 4 39 54 38 32 21 68 84 85 20 67 76 82 51 90 40 97 69 34 65 89 85 60 100 53 16 36 14 54 54 98 35 74 99 91 59 69 31 47 9 92 40 59 20 68 23 3 79 83 79 60 31 78 19 32 66 59 97 92 23 55 53 6 79 17 63 17 16 54 100 93 25 
257
17 22 59 43 62 12 60 88 7 93 60 6 33 31 11 44 70 42 39 52 80 6 4 33 6 53 6 89 87 48 28 23 93 100 55 22 70 87 90 69 23 66 76 65 30 2 3 76 71 59 84 20 44 60 97 68 50 90 18 77 100 94 66 28 27 17 86 59 63 76 35 25 22 77 12 47 84 44 26 46 64 13 29 33 86 44 57 52 69 17 83 82 75 67 33 90 62 96 61 94 87 65 100 93 40 34 35 55 41 76 90 37 4 5 23 69 69 98 96 39 52 93 56 78 45 5 25 65 75 43 70 54 71 48 28 79 68 54 31 64 99 73 36 33 71 44 88 33 30 58 56 44 25 44 3 12 32 64 33 86 94 66 82 83 43 3 47 15 91 98 51 54 35 21 1 36 64 22 61 7 98 46 71 41 45 26 65 20 26 77 35 99 3 52 7 9 34 22 55 19 95 60 23 31 98 21 27 1 88 31 26 67 58 64 99 25 40 73 67 96 18 8 25 56 98 90 89 94 51 63 13 24 67 68 12 86 86 65 51 63 7 61 37 42 2 72 18 94 61 21 75 19 4 71 92 73 80 
513
21 24 69 89 36 48 18 1 9 10 4 1 68 25 48 9 94 28 12 31 1 9 34 35 16 11 32 55 76 77 43 1 34 26 37 97 27 28 97 98 88 52 50 12 37 63 68 83 58 7 26 22 4 10 10 66 30 3 77 6 94 73 85 85 25 83 38 10 13 64 8 84 12 76 38 29 76 79 24 23 35 82 22 86 40 36 22 81 27 55 46 4 31 9 60 82 34 75 38 85 27 94 47 56 33 89 92 1 54 52 66 36 83 3 62 98 35 99 53 54 47 14 11 84 76 83 59 11 18 73 63 46 10 12 51 39 36 1 8 90 41 86 64 25 62 91 25 99 36 30 33 76 45 22 54 30 56 89 43 68 60 7 42 48 38 92 80 61 64 25 82 48 26 54 84 73 75 72 73 70 71 79 78 85 46 97 9 51 58 28 25 4 2 44 77 64 81 52 40 51 5 23 90 94 62 75 39 3 51 86 76 40 4 63 79 88 25 89 72 75 94 16 26 63 57 89 70 3 90 26 40 55 66 51 26 89 69 21 72 74 13 53 3 68 21 14 52 14 64 28 41 20 56 36 29 24 28 89 44 78 90 14 50 82 89 83 9 81 2 59 5 69 87 91 20 84 11 1 49 18 37 64 46 47 26 9 24 10 65 59 34 60 78 47 45 96 99 47 92 6 66 22 30 67 95 86 75 23 46 24 53 17 29 53 37 47 24 10 25 76 7 63 86 44 76 47 77 92 35 65 27 23 17 59 93 56 96 32 41 52 66 12 58 87 1 51 33 15 34 94 97 93 49 33 14 25 14 45 54 97 49 65 58 14 60 9 51 61 99 69 31 36 82 5 44 77 94 60 43 62 40 29 83 94 25 21 73 94 32 80 79 70 19 100 52 54 26 52 55 33 6 94 69 60 63 9 48 81 82 5 49 32 60 64 16 50 18 20 59 41 12 15 58 26 36 86 41 40 63 39 33 55 96 91 65 55 51 66 2 12 26 80 21 49 54 89 58 43 7 40 64 79 82 1 24 44 29 65 59 71 72 86 55 72 74 48 4 36 89 6 47 40 1 99 10 94 87 31 87 90 18 29 30 35 72 76 97 87 87 77 17 38 32 75 41 57 92 3 62 35 60 26 13 24 35 22 66 83 74 82 7 9 89 
