953 18102
7252 10094 18731
18884 3596 15083
11858 14623 19770
7961 1941 18336
6471 18615 17873
7964 4537 15756
6026 3721 19150
5401 19224 17153
9419 16746 16649
13349 7393 17003
16710 9114 15352
8666 11050 19750
14995 18954 15790
564 14005 19853
16728 16681 15943
10185 2148 16410
1833 12277 16149
8587 18946 18330
15961 14076 18860
4195 2513 19770
6172 12108 17054
19943 18850 18801
18548 5189 15133
16654 511 17624
6159 4678 18438
5633 3413 17751
6899 16239 19430
11226 17103 17901
13853 3253 17799
1214 13946 19477
3758 2495 19553
11237 16906 19520
1120 4673 18045
883 1674 17401
6253 17887 16644
12442 16161 16092
13364 9408 15426
9145 14922 15403
18023 11547 17038
16975 9030 16241
6765 10069 19540
4696 4611 16901
13858 19545 15084
3769 17914 17532
11030 1134 15981
17070 19510 17405
7318 9065 19327
2284 14049 17063
17207 17232 16516
18788 18454 19926
14787 7167 15351
8884 11013 16964
15990 523 19754
14736 684 15296
15541 11485 18102
14848 16673 18642
18341 18006 16273
14187 2185 17750
5960 750 17641
9238 17319 18444
17115 16457 15895
6993 5829 17131
16052 11663 15392
13374 16365 15859
12637 5784 19176
9560 19285 15934
3470 16518 17502
7759 14073 15450
9266 4104 17235
5699 9001 17396
3555 6992 18591
1057 214 18935
8170 17704 17757
13568 8997 17538
2858 17004 15838
19551 17400 18572
2604 13940 15515
11069 7895 19629
16846 2531 19070
3897 2320 15379
18710 5608 16211
6436 6031 17161
5891 18788 18520
3927 14327 17490
16300 6335 18248
3860 4752 19781
1216 6368 19709
2401 16430 16889
8541 2252 18975
548 7221 15748
193 14344 17120
10476 9023 19142
6805 8603 19699
7394 4603 17588
19607 14209 18517
2088 7358 18272
873 6986 17271
10461 555 15062
7140 12792 15453
11835 14868 15344
16442 13297 16626
11352 15057 16375
15693 4657 19510
15349 5470 18207
4244 3332 18512
10783 10180 15375
17154 12205 17973
9672 8748 15294
14974 14311 15330
17926 11565 16270
13748 14893 18679
616 14136 16198
8312 17565 16597
2253 7669 19246
8588 19065 18728
17467 6022 17988
12828 18765 19677
13197 17358 16633
6662 3062 17709
494 17339 19448
7488 14493 17219
13290 14192 15344
10100 9561 16662
10514 17553 15138
19941 16272 18701
5044 15664 16138
2386 18071 18790
14281 16259 16230
17571 9206 18792
7631 14543 18393
14191 71 15931
3141 10609 15278
15559 12104 16673
11122 17229 19676
12691 1693 15079
7622 17797 18424
11165 5635 18522
6759 7807 16285
13483 19858 18032
2060 2870 15238
11331 13293 15529
10807 16893 18691
6514 4996 15217
7532 5155 15934
6214 13932 15279
2568 19628 19929
16672 4950 17479
12374 14931 15011
15256 14993 17705
6440 13224 18973
10376 11855 15792
14990 18290 17052
4047 9955 17398
19314 15215 17006
16456 10326 15342
7672 15941 19043
5948 2325 18400
7407 8004 16715
2825 10385 15508
19827 427 15973
12287 9341 15177
7845 10037 16265
7551 11589 18384
223 8617 18681
5176 9242 19851
1494 2468 17861
8083 2990 15651
12320 17540 16631
4653 1199 17991
6450 14338 17764
13603 7468 18007
9319 6733 17823
12393 16521 18986
3327 13215 19760
13086 2669 19713
4139 5538 19839
8958 10441 16905
4006 5892 16234
5517 15913 18560
8985 3672 19046
18354 9700 16137
17479 14680 16507
2068 1007 17478
6461 16324 18333
6459 17972 18564
17068 16032 18367
10154 5727 18287
18531 8915 16320
3013 17167 18481
19530 10035 15045
14758 5665 17734
11763 1199 18426
10574 4350 18812
16300 16317 17442
17273 3722 17126
4354 10552 16732
10321 5423 18810
1674 4117 19747
12798 114 18740
13166 17087 18015
16088 2671 19182
9513 575 17860
19857 10970 15142
6421 9251 16580
4517 1507 19101
11061 19151 17986
13059 6746 15659
19516 12177 15606
2445 16844 17913
795 11601 18119
4849 17565 16923
3286 16066 19231
11859 13238 15150
4560 3724 17530
4588 7436 18135
13500 7356 19748
13363 4635 19653
10677 2062 19516
11951 4800 17937
16335 3788 16305
10297 14033 18863
2440 4553 18984
138 17806 18712
18194 397 15901
19096 18928 18676
4982 6190 16567
1113 18581 15540
4830 10231 16606
10063 13262 17075
19433 4507 17246
19926 14445 17821
7723 15461 16965
12455 9206 19671
15384 13528 19759
13938 6315 16526
14066 11055 19177
5165 7026 17626
14909 19189 15704
9567 1831 18333
68 6991 17198
179 2822 16837
12645 5278 15074
10039 5563 18976
5067 14136 16012
18996 8938 17358
15313 54 15340
1307 1739 17546
12632 9291 15705
8102 11853 19829
4339 1296 18195
16083 1708 18359
2628 14894 19308
14344 12425 17832
19157 11474 16039
18120 17387 19739
4068 11357 19929
16858 18853 15149
13413 16089 19687
10096 19038 16313
19013 6811 16421
14354 14789 18199
3034 8966 18212
18436 539 18460
12370 12996 16291
8537 14759 19585
1711 4214 19128
15001 992 18473
9937 10782 17724
15228 10873 18603
19944 9694 17284
12808 4548 15406
396 4677 17964
2878 14101 19171
1337 17452 15841
11383 2377 18235
10253 1655 16138
3531 6861 18470
368 2464 17881
11313 1968 19046
11837 16067 15991
477 7762 18625
18957 118 15970
16340 14109 15155
17233 7739 19668
15356 6398 15516
9950 10859 18023
3921 1691 18533
7747 10976 18696
11792 695 19692
8129 6951 15227
6326 1264 19560
4149 7402 16061
15430 16007 16618
13782 2765 16121
14508 3536 16020
1361 11787 19515
16017 16714 16447
9294 13360 18011
2851 255 18128
3945 9456 17215
18163 515 16886
1856 248 18648
13249 5275 18342
12113 13595 16840
18994 12322 16814
6426 15613 18726
13902 13256 16032
13811 5870 16958
6853 8776 17344
3966 16764 17626
561 16250 18459
14703 18119 16508
4001 19748 18432
9052 12313 17981
6203 697 17177
7021 15799 19991
530 15682 15913
347 14038 15138
5275 8741 19442
14113 11376 15744
1667 17780 18455
5558 13801 18618
16827 11343 18155
1961 681 15120
516 2597 19855
3810 14762 17133
2372 19664 18094
17458 19605 19126
3236 2328 17914
6585 9001 19137
12662 2088 17730
11102 18320 19237
7103 1130 18174
17945 14167 19659
5458 6908 17368
3878 1697 16261
16314 4686 16744
19908 12226 17312
14260 18953 16259
14184 5353 16277
17056 19513 19643
5909 13672 19679
16407 16382 15004
19334 2404 19912
7194 12662 16745
8548 16060 16041
10856 15056 18121
35 11625 15133
10872 7616 16282
9573 19707 15330
17283 3883 19199
13955 18855 15893
8206 9520 18428
17213 6602 16147
12018 18143 16807
14868 16008 16384
983 7506 16566
2885 195 15161
4623 10037 17124
19766 6130 19182
12607 12498 15710
19550 7316 16495
10130 15834 19480
12355 16838 15598
16520 9930 15596
16511 9856 15930
1199 2825 17396
3659 18090 17775
18702 1842 16240
3032 7266 18814
14432 3859 17544
14617 4855 19891
13272 574 19130
13781 9212 16724
5101 13227 16775
1724 17961 15771
13441 7980 17745
11063 15280 18032
11925 12450 15276
1039 18251 16714
12162 15592 18837
6140 13095 15205
12196 5002 15971
15309 5626 19243
15871 11130 19638
16607 16497 19129
17645 2885 15638
1011 9369 18006
18240 10218 15171
12867 4801 17665
5036 10903 15555
14373 13566 18020
18394 2807 19538
15853 7180 17516
6350 18953 18863
18928 5994 16877
13087 3719 16396
18630 12484 19540
7879 16928 17806
19437 5259 18499
3427 14360 19423
8733 8825 17901
9265 8749 19051
4336 17252 16016
18901 12660 16744
14998 5273 18445
157 14329 18710
4962 16193 16907
16684 7012 18905
14310 17112 15319
10613 15177 16206
3908 15908 19637
1345 12355 16697
17071 890 18930
11126 811 18885
13861 13343 17230
17622 9354 17175
17974 14264 17593
15452 11054 19980
7747 2001 16068
8410 15826 15075
16188 880 18723
717 9297 17344
17766 3565 17380
6577 1688 15759
17090 17442 19805
14056 5325 17334
19996 16851 15782
9034 3924 17571
11662 7423 18572
17811 8613 18692
3221 881 19253
9822 12268 17953
4466 12561 17545
8983 12793 18715
9343 9588 16344
12022 16758 15556
4724 727 16569
8905 5492 15899
9964 3285 17201
12128 15573 15397
359 13277 15598
7851 19611 17141
6510 9267 16666
5813 3408 16068
11674 13315 15169
6925 18771 16492
17656 10121 17604
7809 19213 16469
2926 9447 18769
19582 15426 16483
36 10634 15111
672 19226 15001
2778 19594 19430
19358 19844 17723
7357 11528 19547
3137 18113 17892
13711 6701 16286
6773 18412 16183
15050 6512 15322
1792 3346 17933
11630 8169 15332
10542 19573 16246
6664 7912 16707
3803 7612 17698
7120 8779 16222
17052 19842 19841
16264 17351 18229
8480 3588 15800
17453 4444 18136
11122 15161 19071
18155 11374 19357
7000 16158 18552
13912 5649 16941
6903 15435 19229
18271 9817 16043
5323 13679 18383
17743 16608 16974
17396 9444 16422
10638 4172 16435
5552 4742 19730
17067 16667 15266
14807 252 19927
17075 176 19899
2504 18044 17198
8384 10786 17546
296 19804 16359
18760 2590 18410
5585 8307 19438
892 10477 18974
5918 7264 17769
129 17790 16869
8782 3196 19012
14756 15322 16328
882 16069 18917
3136 14074 15463
9188 1176 19029
11704 12882 16327
18603 4761 15975
14334 2888 18265
8880 5585 18854
14012 18921 15169
13686 527 15083
6914 8153 19635
277 3236 16117
8770 6692 17067
2684 9354 16343
2004 10389 15607
15081 1868 18233
2619 2851 16917
2392 8795 16657
5677 9699 16469
12145 326 17575
2948 4691 16127
369 18044 18450
2118 3150 15716
14073 19340 17004
7788 569 16630
13728 979 15347
17886 6391 19895
16642 15678 15399
11395 17501 15306
6210 2844 15870
11438 12304 19868
9922 5894 18271
2165 4360 17073
19982 8934 17961
4456 14125 16989
16652 7351 18523
8621 12813 17232
426 11969 15502
19506 4549 17225
11483 2837 17663
1919 5654 16255
14612 17782 15932
13196 8490 17822
11510 12472 16706
4979 4887 15998
8698 8600 18809
4744 17063 17150
5095 9517 16460
17387 11684 16867
8678 15595 19384
16397 5725 19641
6079 17052 16822
6575 3999 19263
7577 16942 18325
12227 7846 15380
18399 3691 19100
8288 12769 15807
16695 968 15320
8864 11340 19593
9673 19569 19870
6819 18401 18976
8220 13127 17966
18833 2081 15617
14097 726 19249
17355 859 19752
19547 9989 18058
7935 13274 18786
17849 19497 19630
4363 14464 19600
15880 10830 18335
3553 19453 18951
55 14074 15761
19493 4902 18835
8326 19978 18975
302 14704 19391
4505 9428 18356
1487 19479 15796
6988 11737 19490
6626 2017 15823
7285 11414 19626
14687 14432 15459
14844 1485 19960
18561 10797 17231
17229 11187 17499
13779 6864 16382
17507 10046 18594
10673 377 15887
6854 19690 17783
19116 16918 18761
1706 12661 19645
147 19146 17309
4993 519 19127
17465 12595 16263
9782 12985 18406
16053 12379 19467
19819 8853 15393
8432 12245 19177
10500 946 19594
4588 17587 16133
15331 1831 18778
12550 17395 19341
3557 15987 19159
11893 3239 17001
16766 13910 15546
4576 9222 18321
6475 18998 16201
2780 967 17055
5768 13737 19551
3320 19505 18772
14001 9617 16517
18222 7106 16659
16885 1053 16319
18833 17159 16308
16112 5870 16832
6539 17691 16698
19661 4987 18917
6415 18706 17799
14591 3886 19766
495 8248 18837
15240 14926 17770
15728 18665 16632
15167 2664 19057
13047 5714 17707
4931 7423 15008
9878 9476 15717
19350 13228 19735
12832 19982 18361
15999 9604 16416
15171 17066 15669
10805 3974 18890
3808 7724 16117
11729 7723 16407
13524 4219 15987
13106 7743 16802
15280 15278 17959
9054 856 18106
4932 6513 18857
1694 19162 17490
14925 7875 18719
7353 221 17035
7488 7359 17864
19090 2488 16429
6718 18283 17436
3728 5787 17281
5672 12575 16254
3531 15728 16343
9179 2231 15877
4757 18799 18492
12284 3662 16427
19037 1216 17553
9388 18287 17920
14282 13057 18509
10570 16540 17126
18873 4391 19531
14233 16211 16681
1851 4788 15280
15471 8152 19470
7386 12013 17751
3320 10855 18661
6608 9052 15343
14395 4627 18337
18083 16564 15151
13760 4282 15924
712 14646 15800
19202 17413 18258
14290 10799 19171
14125 4989 17165
11399 3759 17708
978 11413 18965
2126 19928 17832
3747 18241 19203
2496 18716 17920
19772 13629 19488
11645 7940 15174
10659 6334 18737
14280 6081 17411
12219 9733 19961
4673 4596 15123
14485 16341 15573
6743 2008 19263
9299 1413 15610
172 16830 19510
3983 12119 17015
953 10020 17194
1362 13193 16157
12692 18761 15977
25 14016 18623
8274 14252 19345
6273 15506 16792
14537 15530 17693
7210 4615 17491
1099 17102 15365
7469 11497 15779
19275 2318 18849
1950 4354 16292
4351 18838 18900
5727 16759 16747
2487 9040 15366
10413 18529 18358
4908 9392 17680
14260 11350 15430
16807 19572 19632
471 5408 17777
8171 11899 18157
17463 10133 16973
8009 2116 16657
8352 8438 19952
16773 10237 15475
15706 17182 18980
9258 5577 18668
15339 6542 19903
7259 15111 15573
4070 14504 15308
15281 13610 19853
12881 4085 16793
4863 18303 19550
2596 14501 15880
19145 8288 18646
9731 9857 16883
9284 14295 18843
4637 19086 18678
17465 645 18290
19599 14009 19510
5570 13526 17162
3414 5657 19934
16955 19690 15661
10499 19346 15205
16734 11861 17683
16836 19858 16133
19466 13342 15935
2040 19939 16161
8561 4496 18663
9072 18991 16866
18809 8754 18498
3383 2063 15108
12473 13123 15992
467 1420 18574
17527 13047 17211
8597 12228 19110
6470 13674 19671
7011 19582 18698
12221 2189 16527
945 13917 16650
4601 6162 17503
12433 14082 15221
3783 17784 15351
9354 1696 18028
9144 19215 19105
16044 18772 19828
7101 11158 16606
3310 3574 18678
10521 16443 16705
13135 11198 17388
10496 3721 18792
2007 19534 16331
4831 17783 18118
2658 12717 17646
4702 17972 18354
14620 2031 19530
19682 15053 16012
8240 17047 18066
783 1736 17173
16430 14201 15326
3190 16513 18442
13690 10262 17234
855 15663 15824
10583 2896 16306
19277 19410 19548
12036 8041 16599
3544 13086 16534
4885 8001 17324
15748 9055 18255
8163 7861 16831
13095 13688 16396
9693 11090 16890
1884 13002 16634
18027 148 17183
8802 15286 17117
4129 16393 16044
15902 17836 15091
17606 9530 16446
13836 4961 15288
14638 19503 17754
6299 15712 16150
15130 9552 17351
2380 13899 16831
9752 17273 18164
12001 4611 19283
3485 7965 15227
4493 15927 17909
18594 19872 17962
2062 5142 18880
13022 11954 16679
19265 11164 15516
15200 6640 15195
14062 3195 18249
7716 13827 15160
9928 8602 18908
99 16182 17288
15438 7679 15878
12509 14097 18779
3783 12403 18295
5622 11425 15791
19567 5844 16172
13490 18689 17755
1496 19510 16176
628 11404 18806
9731 11462 17143
14662 761 16621
4678 1002 17637
6880 14267 16651
9082 3166 17540
10011 11885 19760
17011 15786 15922
16895 924 18719
4515 17643 18969
12795 17497 18606
3922 3582 19573
7417 15964 16638
7315 13532 18505
5028 14517 15822
7577 6410 19367
149 10702 16223
10300 992 19266
238 17427 16911
19187 3585 19063
11887 18128 19148
6058 6143 15156
1111 15134 19339
14101 772 19751
13685 7108 15392
725 5319 16545
12440 648 18191
6780 1946 16391
5063 682 19489
7604 11728 17231
14324 18502 17613
7924 3194 17089
1216 6327 15889
3151 5468 17761
8252 11783 18967
986 19170 18572
11299 11245 15244
8494 491 15666
698 10711 19037
8305 6907 19883
11415 12080 15612
1498 5209 17309
9365 9117 19653
2694 838 16289
19318 18229 16915
4843 8955 19105
5982 376 15065
3107 12194 18245
14937 4227 16802
505 8056 16602
18742 18424 19480
11688 12306 16249
1925 4660 18723
16778 2906 19833
10038 10179 17524
17836 4893 16611
12440 6661 17203
11605 2555 18694
16873 4969 16982
18280 13040 15447
5769 13051 17809
2678 12335 17468
11935 1672 17364
12072 10758 18849
1624 14496 18402
13225 16009 16937
12467 13235 19792
1253 13038 19722
13811 971 16208
5017 7999 16393
19364 3923 19688
8528 17788 15048
1607 16937 18521
12054 11149 19139
14829 12746 15613
11135 19070 16535
7522 1648 19243
2005 555 15572
11482 2356 15083
12874 17432 15029
11063 11043 19959
14232 6502 16368
13211 4021 16087
7168 13444 15348
2517 6958 18455
1742 2405 19853
8477 1280 16957
11786 11317 19900
18416 6351 16431
12331 1557 17032
14264 6156 17753
16406 9687 18678
11989 14716 18963
10821 8403 17457
15047 7107 15359
607 18530 18548
12973 17394 17650
596 19813 15902
18293 16646 17017
7487 9761 17323
7398 15731 15947
7478 14773 19570
3284 14007 16836
6509 662 15090
19434 5713 15758
10995 5935 17040
13256 8942 15462
1343 4701 16790
11560 5017 18702
19316 13540 17553
5564 12771 16467
19387 16170 15830
7084 821 17470
1061 4531 17319
16618 8580 15646
5053 11765 15782
9879 2712 17727
14105 11681 16044
19975 15441 19684
63 2401 18528
15642 15782 15911
11366 18584 17505
2675 18209 19068
14183 11739 18357
17599 8097 15282
1084 11526 17054
4326 7644 18685
18742 4696 16479
1827 5306 19413
14299 7161 15675
2393 17295 16204
14895 19473 16841
18901 12009 18878
7928 15347 16863
1076 12004 16314
8371 18790 19741
15817 2270 15753
1618 8923 19225
1317 1329 18234
5943 10139 16470
12223 9835 15186
9944 3155 17458
4412 2657 16990
14623 13710 17600
19295 11516 16991
848 7181 16015
12912 19401 15434
11135 14738 17566
17364 14793 18080
16731 10618 19542
11330 3190 16128
18896 515 18024
1356 8773 17401
13351 13556 15464
