916 19102
5716 14726 18421
1524 14952 17689
137 6055 17348
13337 7586 15410
1430 338 17614
12866 6063 17322
7330 19553 16571
15640 17422 15632
2761 13831 19842
9862 6526 16456
11275 2796 17412
5918 18315 15249
18719 3454 17000
1609 8924 17923
2934 14539 15401
7515 10159 18034
1702 19209 16794
11581 10242 19489
10676 11328 19895
2662 19298 18438
5948 7555 16614
1183 10716 19660
19669 1948 17772
9213 3911 19971
18810 18442 18519
3380 2252 17856
14893 13229 16543
18245 13842 16543
10493 12097 15962
9574 19096 17575
19415 1065 17697
14439 11993 17850
10105 1507 19283
15940 11989 18116
12626 8650 19554
5909 7553 19713
18574 11992 16303
13058 18672 17578
2239 9357 19436
1761 17767 18721
15563 14397 17643
14682 14273 18416
5526 16635 16950
19215 3960 15705
7114 19797 18578
595 19655 15389
13228 18936 15894
1992 13147 16135
169 14353 15890
18007 19607 16508
2509 19343 18266
6510 11924 19442
2629 11273 16094
11552 297 19540
11378 4721 15391
7578 11906 16032
5256 17960 16351
4965 19869 18205
1149 15773 17299
12687 17178 17613
7187 13339 18439
1620 13038 16767
884 7603 19814
10041 8023 19734
17274 16147 17148
9872 5633 18003
1727 15401 19789
15243 11195 18693
83 9461 15412
17106 6533 19742
3949 4507 15903
9942 1287 15630
3142 18377 18803
11346 7150 19500
17842 38 16817
40 1213 16772
19935 19875 17800
14875 9482 16827
3012 1010 18796
6217 14037 16409
19437 14914 16251
4128 8369 15544
15882 4364 18264
15629 10310 15549
10614 3344 18476
3826 14656 15251
6251 18644 17018
868 14256 15939
19350 8745 19657
9858 16146 16390
6896 15456 18136
12000 785 18956
3333 19150 19158
10658 6922 19633
3987 1135 18573
17164 19506 17526
12114 14041 19138
9232 5848 17666
10327 18122 17108
19381 15155 16448
13667 2340 15520
12800 18579 16517
5232 16590 17582
14444 10228 17729
1474 995 16748
3007 8094 16847
2094 9285 15211
12141 2497 15611
19667 1106 16989
518 2392 18164
3541 7747 15802
9486 4813 16257
8742 8944 17805
15014 8915 15129
1836 964 19964
4175 5051 17800
11862 19423 17580
6074 12307 16640
15337 10549 16259
11009 18206 15747
15112 11734 15085
13745 13788 17682
10076 9780 17264
14058 8519 17242
19489 12262 16832
4194 17872 16622
3706 11619 19793
18348 18444 16458
7968 14885 19143
12561 14030 18925
17124 4953 16028
15686 18068 19068
10629 18621 17850
16291 16984 16150
3602 19026 16146
14657 947 19377
1889 10048 16874
1006 8761 16726
9667 11169 16519
3070 19334 19022
13252 8400 16665
8891 16893 19874
18099 14264 17237
3415 12286 15824
2215 14487 19369
8345 8521 18857
1645 15401 17472
13260 3992 16567
15153 14409 15081
1301 2233 18098
3083 8851 18972
7441 18182 17943
19286 7789 17289
19053 1399 17848
8968 19783 15926
5171 7885 19180
4485 3550 15087
15956 10086 15927
19756 8350 16185
13392 1527 18717
759 2439 15739
10717 13858 17272
11800 2645 15079
13187 3056 16387
13108 8252 17333
2071 1234 19836
6834 12666 18428
1465 3081 17950
18434 11674 19867
6950 2630 18255
14489 14798 16544
16075 11512 19431
520 9391 16102
8949 1281 18767
10955 13082 18337
6213 163 15297
13298 16710 19341
7070 2157 17356
9787 19668 17239
8880 1722 17168
7938 4700 17186
2711 13102 16812
13228 16809 19285
18927 19748 18777
8364 16325 17912
8638 6366 17759
17450 4280 17708
2975 8105 16649
4188 7965 19777
18519 12205 17158
11094 4579 16616
15180 17730 16387
16178 5885 17142
9608 200 19391
12131 16784 17213
11089 875 18578
9879 17537 19084
5244 2089 16390
15895 7759 19285
11743 1650 18053
8031 4194 15099
5276 15250 15641
15695 2506 18630
14515 7987 16593
7170 1236 19837
5442 4427 19180
1593 17472 16157
11647 18772 18003
17889 1269 18590
9915 18674 16893
13645 4272 18712
7186 14751 16669
9562 15644 15308
16729 18126 15886
14494 18320 18072
12132 12047 19281
4854 10941 18535
9754 10253 18032
17804 689 16597
5280 8297 15133
19359 2602 18402
12928 2724 19800
15197 6445 18448
2839 666 18467
17754 11934 17567
16311 15391 17116
10268 1322 17517
16394 3428 16706
1578 8831 16541
5235 16408 18928
17716 7082 15453
18847 1371 15733
8631 11051 17078
14306 6560 16750
17612 5249 18197
17409 17787 16481
5111 18214 19437
15418 3509 15774
11847 18293 15717
1306 9657 18598
6133 7082 19096
18506 10682 15487
13900 8022 19372
18941 11822 16956
3378 5149 17013
2610 16612 19426
19417 4270 17095
13204 18226 16627
2892 18253 17070
18962 2727 19622
1373 19055 19284
577 13305 18767
9647 10542 15302
7581 16943 17284
19913 6588 19986
7344 10481 16688
14632 5818 17232
13866 7230 15052
1454 9495 15762
9680 12544 15065
4973 13866 16552
16081 15312 16897
2767 15114 15558
18582 19780 19753
17925 3515 19288
15558 27 19867
1938 18026 15703
5805 1701 18420
9643 2106 19652
2906 7122 19422
16217 19008 19251
15930 19215 17441
1386 4755 18931
1025 9152 15288
14462 14437 17874
16165 17758 17614
5850 17296 15800
11151 19748 15494
15958 15541 17456
10 13135 15856
402 17438 19747
11791 11910 19133
14935 11812 19768
17380 7100 17777
4518 12057 17904
7080 7691 16252
7214 1394 18687
8298 13293 15260
4348 1519 17732
13741 400 18468
19274 4527 17336
3061 7995 16143
7976 1562 15273
2753 18682 15283
10427 10910 19151
4825 17846 15368
17319 5566 17439
17871 15264 19460
1673 11561 19722
5837 18441 19450
6853 17087 19919
16777 670 19492
16835 8557 15983
5764 9077 18820
7056 4179 16627
16 5391 15013
11586 4382 19855
1175 902 16342
339 8129 15790
19847 4921 15156
14188 19247 18031
995 8041 19420
11878 573 18472
5321 19945 19833
10772 1273 19255
9168 19465 18683
977 1837 15868
9473 6052 19095
12751 10226 15188
13738 15441 17253
11481 4843 18260
11679 480 19044
6684 17206 17366
12829 17066 16128
9117 1711 16833
4764 17955 18764
19112 12602 17454
14854 7366 18288
17692 17787 19421
9611 13288 18895
16812 11809 17476
17324 5973 17685
12211 10074 16402
13912 16029 19753
6855 12521 15706
467 14203 16038
13735 7638 18600
11053 16035 19426
1389 5868 18611
1668 11506 15746
4360 15920 16092
18417 12908 18646
1164 12174 17141
3084 9229 18909
13720 12526 16516
4260 4489 15548
7649 18439 18635
869 6030 17304
18901 19362 17630
9341 2273 18148
11237 2457 15838
19621 3573 17837
4944 1723 18816
14722 1826 18996
7093 10814 16658
8068 3218 16913
10568 620 15997
1963 16248 16369
3337 10889 18922
2383 17897 19087
5600 1004 18803
8235 12260 15003
3537 4483 18488
14780 1377 17789
9170 1642 16257
11792 6822 16145
6900 11531 18426
14270 5227 17178
15195 616 17297
6492 326 15349
1540 10335 19461
16195 7455 17724
1640 15981 18550
5056 3582 15893
860 1661 16061
17459 9991 18117
9800 6222 16930
15030 16764 16043
19752 12548 15592
18414 6103 19198
4499 13566 17797
12975 17971 17359
3941 13621 16050
506 12268 17730
2311 3037 18936
420 15430 19825
1899 7043 16034
14640 12780 18322
18102 3616 16997
10409 9688 17999
5980 9858 17517
12810 1036 16811
15185 9048 15305
14041 8756 18743
1622 2710 19635
8055 3024 16448
6494 6196 18676
13326 2441 15246
7203 11199 16515
14408 3367 19814
830 19897 15743
15599 13167 17144
18726 3763 17578
6932 13932 18648
17519 5834 15356
16363 4189 16890
8643 9861 16779
17810 6313 16664
18501 2944 15276
17918 9768 18579
16340 18444 18512
18138 1962 16859
15889 3676 17150
894 8087 15780
17558 13019 19957
11642 6415 15918
13999 15584 19847
1387 16507 19644
17805 8159 18664
2326 19666 18333
2591 15336 17692
2740 14940 16464
5708 12315 15548
15389 17572 18110
5931 11024 18245
16860 19161 16101
14897 951 16728
19376 3580 18587
10763 13983 19804
170 8191 18633
18234 6639 15853
17864 8173 16112
687 287 16000
9830 12961 19324
413 12639 17245
8992 10985 16312
14007 7463 18712
19796 2026 15394
3623 16182 16048
4065 3792 17045
18625 17824 16010
3397 3196 17120
1977 4640 16805
14508 1519 16091
14413 14672 16340
3297 962 15326
1099 8953 16316
317 5148 16037
3210 17189 17666
787 12122 19966
5336 13894 16885
15736 17297 16135
9684 8201 16683
1825 10826 19307
8554 8139 15273
4250 4483 17315
8866 11773 19213
12084 12180 17928
16055 5893 17169
9493 4202 17792
18002 17616 17071
3777 6580 17123
7219 8313 16932
11665 3499 19974
5942 16858 17757
3801 2536 16850
14781 1346 17193
5634 1517 15530
7435 8430 16579
11660 6120 16595
13330 2647 18215
773 1033 18969
4889 18349 17757
11870 6801 15098
10850 1455 18019
6986 1358 15019
7489 686 19941
19282 9266 18867
15979 15725 15019
19080 14090 15691
15246 16866 16010
6386 14787 15624
13903 12873 16834
10782 14046 16464
16082 10723 19151
6132 279 16244
2557 9934 19258
6124 15898 19784
491 8076 18879
18225 12338 17332
8096 19483 19621
12880 1972 15825
8512 8046 17962
8095 16600 19997
18891 3376 19231
4344 5781 18611
15391 18306 17848
781 19536 18986
5338 19836 16748
15088 14535 19530
9721 17928 15240
7003 15392 16244
6463 17684 18934
4501 1928 18982
16901 4121 16638
4683 5422 19485
14836 1064 18085
1987 1963 18942
8628 11465 16548
8482 5363 15177
2113 1516 15772
8793 13094 18724
1858 4732 15297
2294 19123 17114
1331 7343 17213
10836 16149 17753
132 18671 18386
10011 4551 16998
3199 3156 19388
702 6644 15889
6782 11145 18653
7155 9008 16550
11515 15065 18514
18311 5953 17602
19529 15565 15588
11099 13679 15430
16904 3616 17793
7103 11213 19250
15540 226 19982
5462 2382 17785
13354 17039 17603
16326 14234 18542
9456 123 16379
10018 16905 17618
10914 8377 19179
19135 4437 15883
3322 17480 15808
9325 18346 17543
10276 12830 18130
19667 15668 15332
7809 17628 19669
2789 18906 17148
16645 7730 17824
16681 3910 16787
2654 1430 16541
8642 5983 18657
14936 14 18370
17168 12371 17657
12745 4393 19301
10542 7401 18316
3627 4835 15587
15389 3203 16866
14756 7465 19417
12889 8690 19676
10483 115 17916
13761 11630 17762
6698 1675 19326
16696 7536 17301
4851 351 19104
10867 15428 17107
5051 13964 16774
19924 16481 16281
10769 13912 18486
13992 4717 15738
15345 7968 19587
11859 3027 18558
12762 14956 18136
15465 7002 19499
13041 17099 18212
19299 7833 17739
2344 11010 15803
14142 9510 16169
6708 3017 15368
1787 5955 19682
678 15568 17895
1136 10008 18593
10948 18103 18449
5791 6504 19271
477 4474 17692
6692 3037 17641
7226 11826 15813
17456 14782 15014
14853 12142 15891
12458 13640 19191
13767 4760 18603
7558 13690 15872
9956 13598 18626
5443 9226 19983
11631 7667 18413
8013 3919 17095
10519 15158 16111
1277 13593 18001
18707 3774 17087
3576 19705 15588
14807 11074 17535
19660 5397 17530
8125 16258 15731
19813 15219 16995
2029 9188 19666
7168 3300 16095
5007 11262 16211
19049 7713 19708
1589 2825 19235
10206 7447 15185
5249 5154 17340
5555 9963 19643
8465 17196 16924
19392 3773 17584
8282 6281 15746
6379 17739 18280
7702 17198 18272
9434 1456 17948
2812 13922 15188
12512 12560 19960
8705 16623 16680
2934 6961 15517
5474 18760 15430
13400 12795 16746
9725 14491 19978
10238 11183 19625
7100 8680 15413
12154 12370 16038
17511 15404 16583
12292 13775 16282
10705 10440 17203
6534 19838 18418
4811 18093 15031
17096 7292 17959
16247 8055 15738
2403 18233 16966
18354 7813 17689
15107 14461 15932
3323 15903 19127
2939 11517 19778
16529 14299 18281
13355 4117 17123
10379 16913 17692
5440 6156 16970
18425 13210 17766
16377 10515 15125
3946 3332 17296
647 13270 17075
17698 8807 15461
14017 12771 16489
189 18702 16080
1102 16876 15262
4425 10074 19928
12436 414 19189
18558 19219 19606
99 9820 17345
4175 2209 19002
8058 8092 17818
16372 4116 15338
19776 14618 16554
122 2277 16064
17567 5152 19239
13939 10877 17010
15691 5102 16066
19135 12200 16729
13124 13513 15011
10152 18327 15538
14187 19613 15111
2535 10262 15590
7533 4473 16422
18605 17253 17354
14325 11399 16900
10745 17974 15120
12195 18181 18311
11179 19723 17170
12009 7389 18910
9568 3238 18353
11892 16909 16732
13791 1496 15065
8904 7986 19707
5946 3892 17452
15130 6658 18919
1326 4722 18020
9002 3707 15967
7047 1218 19645
13532 1288 18947
11166 6313 19118
10369 17734 16366
18322 17442 19999
19672 17084 18108
1620 9123 17495
14434 11138 15319
11974 10922 16972
19375 1682 19592
13476 1659 16820
19364 4373 17671
15483 16380 19635
6994 7155 15129
18792 14443 16639
8691 6102 16341
10840 3913 19358
4347 13882 18520
18294 10274 16667
17232 905 15724
11251 16844 19528
3977 17160 19771
6863 19632 19084
3114 15237 19623
6687 7891 18576
5840 9435 15694
19089 19659 18918
3470 6380 17535
2121 16090 16448
191 7530 19671
15341 13730 19592
14033 9733 16062
10021 3196 16522
19790 2539 17095
18767 13503 18084
4240 7538 18025
14750 10847 15546
1570 2993 15174
2169 1667 18744
18703 10225 17096
16599 5562 19177
3361 6085 15724
1516 7454 16691
5704 1330 17190
2712 2972 15649
10650 15556 17430
3605 19444 19523
3609 2415 16721
11601 12228 18801
8423 10044 16140
7410 13169 15481
6126 10513 16317
4538 15830 16636
13577 8530 19021
16117 3062 17572
10055 12821 19161
3565 7759 16647
3759 15652 18986
11197 14870 17435
7242 17863 15344
6284 12664 15731
14360 59 17841
9276 9675 17905
10240 1007 16111
15666 1294 19717
6882 12643 18487
17801 12021 15853
8751 11814 17793
9159 7404 18517
398 10370 19001
6952 16674 18953
12462 13208 15332
14533 7748 19092
14950 2446 15398
18400 10250 16911
8435 3362 17873
11230 7100 19364
19124 18801 15503
8184 7393 17256
3531 14749 18954
4894 4120 17897
7466 16849 17346
14576 7780 16181
10440 13175 19258
11268 4084 15590
12540 1303 17970
19893 19197 17213
3177 18066 15319
13079 17423 15233
6721 3046 18816
5575 284 18696
1117 11918 16794
17928 8450 18093
11168 15259 18128
7481 19369 16847
13692 2411 15324
15486 6425 15002
1436 12544 17010
8209 6762 16314
415 11862 19243
17275 2677 15191
7606 3800 15979
970 19221 16484
17792 13927 18123
4604 19479 18125
5272 1478 19743
11435 9849 16708
3190 6447 15175
4496 14884 15555
8073 10778 19711
14343 3547 15409
11907 13100 16816
3234 5535 18900
13193 9937 16040
1795 9255 15820
11779 4436 15869
6498 5051 16894
14234 17465 16207
15464 10563 18688
12831 9014 16319
19236 362 17092
13559 3390 15401
7311 9661 16821
1407 9990 17659
6759 9762 17421
12919 14303 18183
18396 8968 15204
11842 10298 18979
11914 9189 19365
16826 606 18307
18754 8431 16012
7592 9317 19007
8146 15672 17598
11720 5792 16152
19087 8682 17511
6724 5755 19728
4728 15265 17091
10995 1628 17912
5100 2209 19881
14886 16873 18310
9672 17277 18435
3306 3063 18486
19186 2075 18018
7441 8568 17858
11234 6103 15078
9287 13620 19343
13047 3549 18559
9735 13253 16217
19655 17762 18516
14165 12958 18235
6038 9965 16603
18756 12716 19786
7430 3626 15794
19494 15890 17338
12015 3120 19538
7268 7887 19028
9935 9161 16260
5582 11955 19295
391 12368 15922
15710 15209 16857
11247 17662 15474
6907 17339 16842
13568 13003 19859
16077 16079 16621
19638 12462 19506
2796 5926 19073
11025 8328 15822
19910 6559 17085
11230 14373 18322
17755 12227 18151
11968 8106 19414
6663 1157 19339
4251 4919 18655
7093 10710 16082
17555 16424 15502
15970 6120 17347
3199 13784 15072
8432 16782 19723
6083 13862 18897
17042 6333 17308
11144 8818 17117
147 9130 16869
1326 3372 19269
3158 2666 15635
2360 4370 16872
19398 9785 17605
4606 18530 19280
16140 12834 17804
16237 7632 16053
11887 888 19128
17673 1051 17258
8636 18824 17793
17320 3774 16479
10221 7724 19560
18911 19015 15623
1497 19994 16287
1608 4898 18973
3786 1340 17381
12613 10209 18606
6287 7873 15221
7444 8781 18409
7726 13240 19700
14713 14219 18434
19390 19098 19129
833 7812 15818
18967 561 19776
6538 11011 16680
18886 18370 16213
7803 4679 18277
10179 11561 15401
9931 4981 18498
17938 11903 18728
1310 2836 17488
12127 12459 15586
913 9374 17793
10417 952 15911
5246 15373 19240
8713 5653 18263
11846 15962 18409
10284 15248 18258
5294 16122 18777
7043 6485 18487
9504 11955 18595
11814 10693 16636
17310 16441 19844
9244 18649 17089
1059 19784 17463
13948 8680 18318
18458 11349 15287
10304 12809 16904
19612 14276 16070
9066 16409 17348
8627 1038 16827
12394 44 15150
10503 16663 19427
3226 16319 16413
19501 13726 15643
18695 14446 19456
