996 19565
5055 775 16465
9358 19780 15839
12333 3341 18873
8094 12585 19975
6732 13017 18387
6459 16470 17513
12166 9318 16313
19220 7392 16381
11461 8808 19556
19571 16511 19499
12086 18487 19342
19779 5950 16423
12964 11085 15466
4723 13800 19955
4432 14137 17724
19607 19857 15356
19178 3547 19876
15907 6035 17569
18460 7488 18959
17953 14792 17461
14057 913 16000
18435 14139 16052
6270 18098 18793
10440 1173 17726
9565 1259 18026
9699 3144 17153
19340 14308 15459
16879 6954 16950
1100 4101 19293
14921 18965 15555
15444 13923 19314
4774 16119 19251
12564 8120 17313
1520 7954 16687
12782 19262 17148
16013 7782 15326
5326 2184 17134
9523 19969 16861
14422 19358 18041
1374 1872 17049
13506 2245 19534
4566 4756 18156
9739 1120 15376
15274 8632 16055
11904 15053 18895
6568 2326 17336
8755 13435 18731
18033 685 19707
15185 7536 15628
15357 2907 15217
6583 8080 17865
4195 13903 18248
12424 7137 18485
4462 9225 18505
16420 12515 15803
19298 874 15879
7136 18945 19513
3965 11054 18830
6273 7427 16931
10669 2556 16656
16311 12791 18574
14633 9419 18849
4804 13875 17024
14504 9969 16067
3665 3757 17316
9011 17583 19188
1487 15650 17474
19936 17982 15172
3529 10748 16068
6045 4698 18396
15811 11370 17818
6315 14503 18131
6950 1475 18779
15946 16014 16509
16032 18923 19835
2938 17087 15515
17643 18686 16783
4363 16363 19558
5654 15856 17197
7705 5191 19241
4670 3291 15147
14983 4082 19576
17469 15604 15106
18641 10206 19104
10418 12713 19693
11577 15065 17428
3238 6207 16941
7421 10701 15982
18063 2365 16838
14794 14841 16129
19045 5973 15836
4638 15059 17244
6897 10534 15447
2132 6431 17840
13039 17843 15486
8307 14024 16511
3870 3468 15105
10340 11080 17667
335 7748 18149
1646 4749 16434
5821 7841 17021
14161 8420 18641
16624 13182 19641
2026 19497 15679
941 1674 16090
7879 14972 16002
3417 5060 16058
8506 18879 19654
14936 7025 17502
6551 1333 19353
11067 15202 16802
17064 6001 17893
18428 2692 15511
19962 18633 15983
4550 1493 19411
18009 11076 15616
4494 18314 15582
16654 13051 15378
9659 886 18316
1998 903 15041
11116 12360 15748
10818 10833 15115
2255 8268 19088
3345 11656 17600
13462 11059 16321
9595 13855 17654
5027 3221 19830
7872 11505 17134
5145 13548 16912
17777 8602 18256
5041 11457 15596
5257 19346 18461
14808 4121 15048
11761 15256 15041
13224 2989 17925
7363 15839 19568
4978 8908 16684
11196 1839 17869
19360 13264 19904
14062 6610 16455
16876 6453 16621
6090 7158 17894
10111 7349 16327
12562 5366 16919
3222 5258 19087
19339 12992 16180
11005 19174 18495
3538 8649 15012
1601 9513 18377
1363 6293 18103
4875 4784 17168
18183 14569 19391
7439 13212 15600
2523 6568 18658
3929 17344 18826
16193 17175 17473
15509 3353 18469
8248 7740 19923
17318 15010 18594
6608 16724 19660
19361 19312 16447
4255 17832 18315
8027 3510 16907
5133 8549 15836
5671 3826 19564
16656 10476 17041
1039 19952 17238
10627 12470 16773
15196 18109 16533
164 2995 19554
7696 3871 17285
4786 11600 19916
3636 2561 18993
18866 18815 17044
19514 7096 18335
6147 6886 18299
9546 2645 18046
5376 4715 19891
13777 816 15001
7740 8768 17208
8557 3011 16585
10147 17154 17260
18162 13811 15949
903 18424 17071
15006 1867 17761
4755 10139 19129
12072 8078 15311
18390 960 15767
4792 13556 18005
6605 1692 15708
19834 19049 16545
14759 15338 15426
8774 11748 16873
7136 6329 18646
5637 8470 17551
1034 17752 19249
12341 12329 17327
12415 7644 17171
9741 4862 19469
2664 10309 18028
8663 10062 18302
14655 19706 15631
12222 10375 15397
16785 12529 18911
9709 60 19671
11726 10500 15286
12374 6634 16735
9983 7162 19301
3093 18583 15906
18296 19906 17280
15215 16694 17994
10479 5662 16391
2379 11856 16519
18861 3720 18212
18391 1141 19925
18029 6188 15131
10096 18361 15036
5642 16706 15202
848 10262 15404
14432 6445 15508
10322 9788 19011
16994 7220 18490
3910 17172 16397
13140 19315 18637
6904 11450 19502
1605 15934 16637
11663 18296 17901
12965 8345 15297
12334 8434 16491
10534 12265 15753
17501 18571 19079
2538 10480 18580
156 17922 16967
5117 10644 15468
5422 3570 15684
10992 19005 17607
1661 12712 19407
14268 6874 16858
16015 11387 19063
6382 2213 17497
19619 14307 17583
9259 2271 16739
12088 19288 19563
17088 3897 19112
4176 10392 15977
12020 1024 18926
16280 14560 17322
3806 820 15728
1008 15970 18456
12021 14962 19003
8462 5910 17182
8132 5660 19726
368 17562 16025
347 17326 17151
6013 10310 16356
3177 15475 19843
4958 4242 16002
8080 12060 19709
1398 13205 19033
11510 14436 18723
5610 12556 18144
12325 11324 16030
5426 13097 19383
3760 19906 15211
9715 3734 18553
6474 17399 16043
345 9384 17344
17058 5953 16544
19316 8720 16970
1685 3783 18346
12708 4675 15257
15322 2911 19690
9234 15184 19613
14274 6887 15095
8038 12412 19410
366 1609 19346
8055 7270 19905
17796 14444 15381
10589 16643 15236
12929 4143 17065
15893 788 16759
12758 6117 15986
9896 19280 15626
9212 14310 19651
12406 19211 19332
6341 5728 18516
7140 11290 17418
9134 7751 19905
11639 13438 16001
3651 7768 15900
2056 4094 19542
7926 16550 19439
9939 15660 17143
18312 15921 18356
17524 7388 18570
15352 494 19338
2529 15530 19536
1051 6192 16721
5089 13408 17091
7900 13753 17353
16375 12971 15019
12741 2759 17085
3915 4657 15078
8184 15056 17292
2637 13606 16397
18451 13058 15509
16227 1782 18045
8123 15014 17341
47 10969 17728
8037 5791 19513
14175 11345 15406
18086 5073 19032
19902 18891 18519
1941 17228 16954
18830 12632 16499
867 17754 17344
7610 14141 19253
10415 19519 18435
12752 18002 17837
18195 1143 16538
1383 7910 18605
1592 4338 18502
18070 2596 18323
16931 181 19085
7783 2212 17197
8184 14365 15256
1655 8271 16075
8478 2861 15021
9554 9016 16756
19507 17187 17930
19422 4513 17597
13935 7494 16543
6763 114 19660
19025 10415 16941
3872 13196 18010
14292 19433 17682
13116 1242 18491
13958 9760 19672
16363 15918 17551
6008 14460 19810
10123 1268 15090
9544 15155 17461
5747 14867 17730
10766 6878 17477
16398 9052 16459
16201 10177 16922
18591 19953 18249
3048 18190 15929
16835 13061 15229
69 9788 19787
11140 7643 18521
16399 642 15633
2281 15738 15012
11778 3240 17752
15611 4600 19374
6868 3091 16401
4788 16042 16214
1670 7645 19320
10686 9474 17089
14988 7770 15874
12473 13006 18677
6848 336 16847
17653 4696 19688
2632 12049 19326
9848 13200 19642
8485 3173 18925
3542 6224 15427
8146 4252 16230
6630 4218 18719
3634 2857 19724
4439 10981 16058
5958 14177 18679
3035 2523 16688
904 13836 15146
15718 1125 19525
14702 4532 19874
12113 12691 17248
9170 4823 17194
12206 11825 19010
4053 9878 17184
9187 19040 16822
19539 15092 17726
8046 6755 16379
15767 16779 16930
18406 17420 15958
14894 10804 17113
10713 6235 15542
12752 18171 16052
3734 16881 17716
11124 9616 15335
1330 9646 18797
3372 14461 18915
6848 12546 19021
19263 13309 17551
10117 3401 18123
8306 17475 15456
9071 1866 19172
13461 2335 15654
12746 16898 15001
1925 9127 17478
13898 2283 17370
1387 10778 17090
1057 19429 16583
11223 1024 15387
7769 6886 19781
11113 4058 18608
4410 10902 19164
7029 13042 17836
16873 10429 19426
8575 441 18903
12519 2362 17815
16247 17083 15683
7329 7589 19814
12002 5371 19875
3984 17130 15067
4966 10242 17881
2168 12862 17368
13740 3998 16822
16608 12220 15935
15880 5828 18334
7687 18531 19721
1316 19991 18304
14795 6678 18149
17333 10680 19849
14960 18002 16028
5408 7719 16085
16640 17307 19408
4962 432 17594
2051 2815 16688
15467 3361 18712
7502 9213 19383
327 18893 16895
2139 8503 18163
17145 14539 17909
2087 14380 15799
1553 8785 19866
18649 18957 17006
17848 19765 18019
12893 2014 17894
431 16602 19195
14180 16922 16275
8645 18261 17755
17494 4573 18225
18000 16991 17965
11144 16534 15392
14613 7234 18650
4617 6600 17505
13864 2409 15195
13214 8441 17454
9400 8643 19510
9590 4702 18723
193 8393 18544
9732 12759 15462
18157 12696 15886
1044 4551 15591
17610 17935 15696
9902 248 19085
4827 1919 18567
7841 1062 19887
1367 17811 16185
11632 5658 16683
3092 16970 15619
15882 6304 19389
3257 15618 16597
5380 10914 15825
3732 17910 17582
10837 13237 19156
4168 19061 15750
13548 7587 17182
5300 14951 18080
4908 13210 15200
13073 11552 16245
8612 12869 17848
9905 13626 16998
13444 496 18733
5518 10198 16082
10490 1026 18076
17817 16828 19636
8814 10679 17946
2147 4190 15092
13883 10883 18634
4442 1427 15573
5625 289 15318
10162 14979 19496
7356 13700 17361
12422 1 18396
16964 1062 16945
18935 219 18828
16647 6252 16135
6033 14966 16237
17988 339 19642
18494 3003 16577
18931 6035 16341
3101 19752 17794
13325 18205 17840
18535 9659 19296
14186 1499 16014
8890 14662 15747
19281 7515 19008
18330 10575 16975
278 19489 19730
15804 12336 18440
18247 3166 16883
17161 5498 17660
12956 3082 18738
5469 19365 19691
19908 1040 17502
11694 5132 16874
7335 6239 17290
8625 11425 15336
14907 16220 15312
13881 17196 18788
6195 10149 15698
15113 1436 16102
4352 8968 18665
13445 186 18236
4058 17454 16750
8272 19759 19895
13753 9835 19236
5866 15865 18069
12406 7405 18310
8313 190 16429
15649 10737 19724
17158 9542 19435
12982 4482 19848
18719 4251 19386
915 14513 18982
7255 7182 19707
3628 4595 18176
1296 10297 17131
4417 2823 15119
7463 5721 15916
16863 10299 18641
8311 1452 15566
3570 8047 15563
6556 3191 17610
14969 6985 17567
13586 11391 18236
4791 9646 16083
2197 16104 18373
4413 9689 17207
11623 389 16700
16422 13792 16121
1044 10963 19977
13817 18121 15822
9755 1915 15877
3869 4497 19682
18345 2334 16996
11596 2004 18868
8513 13881 16821
18836 19408 17293
18168 15388 19623
13309 7516 19849
3310 18374 19717
2795 1804 16355
12078 3919 15461
17267 9098 18168
19515 17966 16921
10336 13297 18988
18708 6777 17793
15566 4151 15764
12623 12754 15075
6422 16987 19505
6852 1045 15108
4345 12539 19469
15871 9942 19783
14534 11949 17910
11454 14488 16139
9566 14796 17784
627 5759 17844
14198 5218 15894
19964 1755 17377
11099 2042 16997
8266 14051 19204
16916 4783 18915
18548 17549 15357
4375 1032 19498
5365 15142 17941
17960 19414 16051
1123 2724 18181
6374 8528 16286
17347 18271 17320
18301 19001 18535
8016 18256 19620
8322 9417 18580
16605 1320 16315
5795 13727 19847
16227 18944 18920
16201 17713 18601
1076 15946 19686
5289 8834 17003
13017 1045 18342
11737 12452 15076
16772 5696 19612
19734 3013 16382
7970 7725 15655
10428 19517 18929
9024 12634 19030
8048 11726 16161
6826 10376 18113
19046 15270 18274
17242 3175 19884
3818 244 17220
8357 19023 16223
13401 10853 15421
16394 5986 15291
12307 11976 18241
8655 15340 19893
10574 4005 17971
2253 12865 15466
3381 6955 18685
1458 14333 19114
14203 2824 17043
1196 16537 19637
10522 11466 15002
4888 15815 17502
19328 626 19392
15446 711 16751
7796 1416 16497
15468 6871 17852
9685 899 16640
17049 11601 16736
10889 7730 17331
8266 12224 18395
13273 11408 16850
16728 13666 16699
16544 18262 18419
6172 12697 17118
15746 16594 16427
16822 7340 17624
9002 15905 17065
7970 14049 15673
14658 5273 19312
10750 6050 16137
19041 14981 16373
9102 10615 19492
3478 13744 16080
15416 2322 15153
10517 10039 19279
13533 17637 16148
5947 7462 19736
3047 5032 19191
4311 1027 18420
16176 17106 16905
1434 5341 16298
6968 6274 18374
4467 16550 16197
5274 7209 18774
14437 3514 15016
18316 3499 18165
16036 12703 18057
15394 18035 15197
606 17154 19211
13724 10668 18672
9329 8198 18319
5715 2267 17943
6676 6301 19513
2859 217 16229
12850 5121 18810
19128 12858 19594
2011 13323 16207
3713 8527 18801
2160 13840 18223
3915 13265 18558
15066 4920 16182
5248 3258 16470
17321 11766 15351
18568 16118 17618
12004 12119 16216
16253 5904 17438
18312 19515 18295
16852 8071 19764
11184 794 18087
3522 10654 18816
19053 11067 16234
14861 13104 19999
9465 1045 18691
11460 5104 17905
7603 7833 19403
2590 1684 17213
19695 15612 19710
6413 11385 15244
391 2258 18691
19715 1898 16017
7788 19554 16677
14532 6986 15992
10282 11657 15425
16314 742 19396
17182 12293 15763
11507 8190 18356
8177 12254 17327
13697 5581 17583
12938 19641 17174
18516 11361 19998
1132 4179 17809
10165 7058 18477
13149 19801 16326
11404 17328 15288
9130 7717 17397
18339 15373 18561
16017 14573 15552
6719 6082 18374
13374 4208 16774
9154 10109 16519
9704 5443 16716
16771 10985 18626
4428 13470 17230
17940 10041 18825
14530 16117 16648
9305 14775 19038
10678 10329 16473
14961 3166 17376
2224 1426 18270
14245 16820 17082
4405 19054 17478
7944 988 17309
3990 15945 17377
18800 2512 18692
9702 19895 15667
1556 2424 17406
12618 18020 18615
14873 11564 19943
3209 6468 15680
9411 17960 18937
19335 904 19055
294 17019 16908
17364 2207 15653
8351 13353 16396
17417 10829 15879
17434 619 17025
15114 4946 16708
16625 3547 19561
11954 14979 19351
10278 9077 18405
3964 15569 15908
12539 479 17405
17565 14915 16100
5157 15328 18284
2875 5173 16150
8971 1249 17566
15853 11146 16351
1086 1358 19914
3423 15090 18180
2769 2804 17188
7435 13636 16184
4116 9018 18999
653 16678 19987
10278 17250 17618
3011 3111 15281
6520 9238 17803
14457 11209 16982
7334 5468 15781
6614 14930 17651
10425 17848 16492
11551 16505 18305
2215 6515 17844
17028 7996 19544
9639 11624 16194
67 7497 18570
15266 5016 17846
16116 13421 15349
5874 10330 19197
14773 17747 17325
19752 7577 17269
8561 2730 15807
17176 5252 15840
16498 7067 18591
6211 14206 17933
19106 6150 15679
2168 3575 19794
5349 3789 19773
11629 19432 17276
18760 1509 17422
19902 5691 19431
16487 19266 19095
6315 11446 19665
9968 9631 18226
6531 7204 19773
879 557 17692
2167 17966 16522
8675 1782 16056
10143 7660 18702
8688 2815 17475
18084 8019 16064
4733 14753 19417
13563 11104 18354
14334 8574 17462
1199 6902 16136
19423 1945 18751
15999 3918 15839
17122 10514 17854
3637 12194 19166
953 6311 18151
2305 8756 18064
17965 8694 17124
5117 10641 18006
2796 12312 18919
1362 9750 16134
14812 2045 16355
3561 9577 17469
8257 5915 18689
13547 2617 15249
8570 9790 16485
14199 18978 18011
10812 10030 16021
13580 2017 17026
4664 10403 19735
9965 15670 18639
3472 7340 15623
10594 4068 18290
8915 14638 17616
6461 3108 18974
3458 13503 15633
4862 13148 15108
9160 16758 16276
6706 2145 18865
10691 14422 19224
3927 5359 19503
5378 6698 16860
14135 14217 16094
12150 17690 16643
15104 4878 17158
6246 6411 15603
10108 14130 17610
2495 7411 15345
8732 8460 17912
6965 10605 15580
2394 9748 19142
10880 8718 15262
5304 4042 16360
13038 17072 19576
7711 5964 17315
10673 14759 16609
3489 10629 18902
14413 12286 17638
18657 4460 16370
19804 15019 16212
11698 7074 15838
17033 13290 19813
1889 18129 19321
2390 12976 18850
17492 2967 15732
6277 15456 15003
13237 13524 17591
11802 13294 15074
6460 4078 19757
16489 18798 17855
9258 6803 15917
13486 19384 16034
14163 9612 17163
19516 6387 17754
18370 12183 18635
10628 6748 19106
120 17467 15553
13649 14479 17683
888 11928 19602
3801 15219 19742
4799 8322 19507
5447 18340 18845
3992 17965 19914
3596 17790 16662
16789 3868 18967
456 9861 18283
16298 13866 15650
4998 1064 16387
3204 19739 15222
167 6934 19777
11450 8266 18567
996 16891 16109
15741 2744 18610
9622 16475 19338
8759 11620 17125
3006 13270 16587
1527 11836 19518
11253 14581 18032
12585 9584 18231
15026 16096 18379
2699 16807 17719
17974 17796 18981
7420 3606 17847
16883 14389 15648
5066 6862 16042
7282 7365 19138
8413 17967 19138
1682 1384 16864
2984 2006 15007
10731 15731 17148
6878 6562 18900
10803 19581 17675
2427 14459 19132
4999 4871 16372
17327 17358 15371
17667 9213 17161
515 15766 19073
15878 8401 16805
1130 14229 15282
3177 8789 17293
6029 9692 16647
7997 3669 15999
9996 2148 16930
13067 5496 19596
16816 4123 19751
18287 7999 16430
889 6646 16284
5058 17324 18373
1421 5311 18764
12646 4825 15338
3057 11897 19118
16961 18776 19541
18032 4232 15542
15707 18326 19361
6803 9764 16696
13519 9267 19832
12730 9354 17027
16946 1072 17545
1320 8830 16582
2884 5699 17724
9135 16467 16551
9105 2416 15646
14228 1030 19955
10966 2875 18136
15748 1373 17583
9493 11374 19411
2163 19686 18372
15436 1908 19478
14702 15212 19478
12593 8787 15543
15248 1336 15476
12861 7845 17860
13068 9975 16704
7348 4126 16319
13521 9803 18607
2154 9614 18328
6893 14978 15628
1543 8699 19290
4331 6274 16156
18352 3210 16431
1018 13610 18350
11704 11946 19836
11807 11452 15095
1045 2449 19080
4735 17489 18916
8172 1483 19195
6808 11661 17394
12751 6951 17331
19924 17648 18027
12540 4740 16868
17474 15060 18783
3913 7545 19931
6266 6324 19923
5776 16603 19953
7906 3202 15203
1326 14542 17032
11321 1459 16967
17309 3082 19991
15796 13303 15210
18298 201 19112
13113 15800 18843
18215 17583 18800
16958 4240 19580
18587 15078 16778
10538 16649 16190
17386 10296 19655
8791 8730 19740
7057 6776 15065
17377 879 17365
6600 11211 16878
131 2888 15603
18126 11422 16405
4717 4607 15732
3863 4712 19885
199 10578 15559
2637 5722 18535
13909 8081 17762
13711 10731 17712
1092 2381 19412
2874 12151 19520
5024 14927 19675
3349 18000 19000
7348 9375 18343
13510 7891 17608
15327 15517 17063
6863 2358 15773
19509 18918 19458
1361 5284 17152
13040 11668 17173
16509 3383 18510
435 356 18419
19932 18333 19500
18233 11187 15463
4475 14601 19028
18457 12486 16702
12095 15972 16985
8311 18100 15973
1073 4286 16576
11054 8629 19106
