994 19873
14135 7261 17639
13004 2400 16670
14375 3352 17996
19601 3846 17957
18920 3020 17774
7815 9987 18306
14426 18500 17832
8894 12628 17368
5397 4732 16876
6033 10216 17464
17503 18769 17827
1116 4324 18589
658 611 15423
2338 6644 15066
13256 220 15983
8687 11794 16835
3356 196 16848
15442 11663 16511
13893 7173 15519
9786 13951 16044
9285 18286 17970
13871 17762 18454
249 18705 18886
6778 15289 15455
2647 10757 19121
7130 9070 19297
19552 2068 18814
16830 19285 17867
3036 11856 19136
4174 8494 16213
224 19630 18769
11193 13210 19239
6420 13233 19590
12903 10912 15139
17756 4947 16555
384 1789 16906
14338 3835 16229
2114 14633 16195
8690 3959 16624
10376 11650 17697
14341 16850 18467
14483 9899 16430
16308 1211 17928
17553 10290 16901
19347 12907 15526
9724 2815 19835
17852 7912 16356
4037 1039 19861
19486 16721 16627
18766 17253 16003
6494 14725 18916
9322 13374 16353
3730 9768 17681
8802 19766 17224
15744 4883 17826
12237 10190 16320
6110 16534 17799
8895 4257 17401
13607 1052 17116
2990 13655 16612
8790 13361 16996
6336 1018 17923
6735 1473 16288
4522 15050 16995
4311 10431 17295
6007 11465 19949
2298 18420 18359
16453 1309 16784
19670 3269 18828
14528 16702 15691
10637 5699 18637
6950 6730 16919
6775 9948 15152
5962 11188 17579
12234 12760 18896
5180 16125 15933
7408 3817 17124
1502 10911 16751
7122 7979 16024
1547 17454 19604
12093 1900 17198
2 14405 17171
8054 15805 16903
3729 837 19717
13166 235 17713
3159 8547 19462
12607 9627 18255
6205 3093 19893
14614 18130 19166
8183 19251 17408
15438 1088 18169
13359 949 17275
16226 7554 15968
19288 16670 17911
6646 242 16575
6135 14000 19515
15217 18136 18437
4654 104 17904
14632 12280 19890
10555 8093 19650
14410 9819 17730
8427 18589 19346
1533 1738 15222
4568 4400 18720
4043 6216 19694
19602 14983 19462
14933 2366 18819
15637 13245 18778
12599 3440 17386
10317 6303 16517
2923 9699 15066
1512 9727 16613
641 17380 19583
10295 13612 18300
16203 1000 15529
16814 8421 16527
5062 11705 18830
3721 19005 16639
9446 16244 17847
3773 14097 19562
7193 19394 16075
15050 4446 15772
16266 4335 15523
15602 1719 18532
2987 12336 19744
8232 13706 18314
12222 19779 15706
610 12005 18495
17869 13795 19775
10092 2552 15363
4934 5280 17206
4587 19635 19005
14057 16348 16265
2152 14106 19293
17759 14941 17053
480 6406 18792
4085 7241 15324
18988 13407 19701
12298 13861 19444
19102 2560 18705
12396 7610 15003
2471 2016 15052
19481 12690 17364
9917 15623 18623
12407 9037 15549
11091 14340 19918
2830 10473 17202
19385 322 19292
11225 350 18197
2073 13652 15318
7977 12825 16393
16873 3799 19799
8546 12713 17840
8642 19153 18457
8775 281 15077
6929 15222 17878
1253 7492 18951
12554 9274 17151
2347 19602 15544
19823 19261 18969
10049 208 15063
18514 2991 18405
9630 5821 17014
4957 9978 16990
9915 4671 17246
15847 15738 15382
11948 523 18418
9108 10922 16881
44 4812 18624
14006 5265 16335
6965 7393 19192
3784 4070 16718
13828 15621 16743
7725 10799 19434
16680 11141 16194
5497 2181 17273
5489 3434 19998
1508 1782 18370
17000 6484 17060
13721 6969 18845
3140 18360 15810
19242 10203 15213
980 14578 15559
17378 11474 19182
12257 7025 17722
1977 10533 15309
18745 7776 18676
16080 11996 19121
6423 18471 15101
4500 9834 15133
3356 14850 18729
2246 12015 16013
9261 5419 18740
10462 12462 17694
9925 14510 18618
7876 19750 19834
8995 5818 15400
10282 17355 17601
399 2030 17717
1394 18246 19490
14792 2245 19590
10915 4899 16131
1573 2882 17097
3487 8627 17071
15346 3849 15232
13693 14015 15160
991 19789 16526
9692 919 16490
1190 7872 19789
6192 13286 18073
7741 6793 17323
15036 11953 16728
5003 700 16937
13067 19546 16600
10567 2613 17828
17958 18811 16429
17802 13921 16938
5523 6059 16707
3395 6492 19958
5692 4084 18678
7562 9370 18179
13493 16717 15862
14652 14152 19464
5482 9015 17829
14319 16416 17312
520 18481 16803
11250 17299 19513
2473 4065 18384
13433 15219 19828
19556 5230 18632
12107 7792 16581
7057 3622 18857
15984 2476 16252
915 1187 16612
8994 11647 19641
3825 12872 15300
18308 19438 16372
19743 15889 17641
8236 6257 15426
17116 14729 18796
584 19463 19068
11174 17129 16843
11609 3523 17932
11469 9257 18523
9811 9476 15107
15489 17277 19564
7769 14882 19062
13272 14400 16448
5568 3318 19034
12184 13708 17213
19159 19356 17065
17350 13015 16806
13377 558 19608
281 16676 16269
7082 2088 17230
9276 5307 17228
15975 1989 15698
17736 7049 19681
19995 587 19308
12809 4629 16038
6133 10247 17427
14898 6856 16620
8766 6112 18016
12197 2838 17519
2471 1937 18834
697 10644 15529
496 18460 17254
14364 8343 19181
18082 12648 15893
736 17892 19429
79 19638 16297
18021 16426 17295
15048 14345 19072
17517 13447 15022
15232 11393 17373
2966 5589 18567
3443 17957 16037
1471 2253 18982
9261 1520 18921
11378 5792 18367
8059 7337 19080
8549 13598 18869
14714 18148 16270
11417 4223 17702
2613 4353 18191
14305 9108 16059
15223 1413 15905
10004 8873 16594
15623 8449 15211
7960 7282 16421
12698 18031 18241
13865 19973 16112
9063 18274 18265
14100 16009 16005
6725 13370 19269
12196 18365 15388
16861 7620 15150
7312 19194 19070
2058 14154 19449
19780 5832 16791
8696 2662 17523
14772 3576 18057
16875 19970 15020
18366 3145 15874
9191 13652 18081
13417 1377 17323
6994 12470 17630
8584 10077 16560
16120 19836 19148
4828 18879 16254
2144 2808 16329
2695 13949 16573
14733 16246 17671
11168 10511 19723
7876 16578 19919
7156 13164 18455
2501 18641 16258
4901 15909 16950
11497 10917 19344
206 14924 15878
10347 2614 18467
7829 17872 17987
5653 4243 17814
6390 3705 15282
12706 18156 18134
2137 14604 18102
18321 13417 19885
12188 1732 18216
7526 10638 17339
11108 6273 15640
9291 17236 16521
19885 3836 19131
8081 16939 18442
5476 5680 19112
8551 10387 15271
7546 6900 16469
18207 17518 17124
19348 1568 19084
8155 8013 17758
1373 630 17416
734 6285 15833
10880 6121 15547
1628 15095 19390
14699 656 15587
13715 14847 19050
13179 5341 15997
5006 13821 15879
534 5225 16377
5823 15945 16917
6078 3456 16378
2944 723 17010
13929 18441 17720
4263 176 19735
12324 19209 15155
750 2835 16581
16788 13600 17388
8260 12640 18774
2077 8621 16121
18607 17765 16046
236 7917 18448
17641 12123 15932
11099 10564 17853
8323 17456 17988
12455 5526 16097
18647 4372 16903
6299 3384 17422
6639 9135 15021
18348 14549 17230
18454 3620 15259
3152 13437 17584
17078 5243 19914
2273 14003 19579
12724 8041 17564
8219 875 15028
1857 13454 18911
1736 7438 17432
3025 13891 17094
4409 7304 17709
6893 398 15096
4602 10864 18039
6909 10883 18423
9079 12414 18178
14441 7196 15409
10794 16664 19982
7097 7918 17510
10969 10981 15766
1393 16598 15956
13353 14609 19974
6939 16254 16790
14915 15842 15511
15416 9068 17259
10802 7743 15548
5788 17728 18409
15466 1779 15812
9311 17453 15389
13694 10968 16553
8823 9622 18926
16245 13301 19356
6895 14774 17926
10347 4501 15204
189 17451 16670
13287 9777 18195
409 8133 15339
6262 6969 16966
9490 15946 17074
7436 17346 18809
14875 12979 19515
4676 11543 18892
13327 2983 18038
12623 19959 16630
1602 14629 19261
18689 10318 19599
7476 19291 17340
10195 13389 18892
7930 6763 19007
3641 8785 18338
18801 8751 15528
7054 18941 18272
4490 15380 19803
16196 8543 17548
7511 19003 15156
19417 10088 18028
5563 8427 15490
7342 13726 17421
18641 16250 15759
798 1307 18850
1792 15754 18837
12092 15320 18311
17333 14963 19717
18967 15720 18034
8155 17442 17475
10998 19840 17053
5885 13861 15717
385 10948 18728
14912 1773 17228
12766 3371 18713
4070 5681 15032
10792 5090 19477
7999 18114 15155
426 7230 17827
10682 14818 18890
13243 2934 16645
2582 13324 15172
10148 9720 18918
2344 14218 17296
18910 962 16682
4357 1900 15774
18653 7791 16427
17799 19947 19047
676 14263 16174
12604 10460 18960
17912 18911 15282
3891 5361 18098
1960 10802 16481
16384 18805 15067
11335 1342 18367
3129 7762 15221
6062 5747 19605
19940 13110 15378
194 14052 17003
12040 4574 16545
10990 2169 18048
17332 1740 15123
5425 19265 18317
12963 15613 15953
12484 18403 19938
2952 19946 19158
8581 7615 15022
12947 14106 18500
1401 1597 16805
4339 2790 16215
19947 12969 17080
9020 1256 16443
1906 1274 19847
2875 18370 19624
9085 4765 19987
8144 12842 18257
16652 14992 16832
11598 11404 15432
14710 18228 19823
18563 4941 15380
3300 11054 17195
2530 4261 19444
4775 1930 19012
2705 18209 19828
19362 5538 15850
7872 8511 16520
12595 1503 17118
11972 14108 17872
12912 2711 17855
12983 4728 17947
469 9141 18145
15638 14520 15295
6323 1082 15584
17448 11480 15148
1275 10969 18779
5059 8348 15233
4893 5489 18559
5503 17588 16365
7150 6576 18915
15502 12196 16491
4514 11508 17645
8398 18938 17365
15967 10690 15463
11285 5353 19374
8676 11125 18803
6063 19395 19130
16070 8703 17227
2738 16232 16443
3041 8413 18269
1255 14540 16002
15039 18347 16403
14930 12747 15229
4500 9159 18230
1120 10927 16259
6969 4825 15797
3075 10299 15074
4039 16399 15845
15266 3510 18336
3029 18581 15784
2802 787 17026
14905 12578 16299
15779 9870 18436
16235 615 18341
11636 2184 19146
7234 15318 19136
19995 11439 17211
7482 1816 16257
3102 12557 18031
12762 8777 16057
2348 6493 17517
16821 18332 19705
11274 13774 15954
4909 18733 17231
11526 476 16974
19097 11211 18718
15207 9403 18109
4909 18405 15730
19489 16563 16337
3314 10157 17475
1118 11535 18537
11292 5980 18484
13400 3478 15758
13233 10957 17385
16212 19692 16471
18572 19230 17653
8727 9976 18576
8328 3642 15856
16410 3476 17734
18863 12334 19564
18465 5548 17120
4964 4359 19554
15379 12865 17880
8703 16221 19812
4305 1870 15035
8628 4546 16900
2621 2107 19195
11949 5465 19735
13731 16196 19052
3395 635 18584
2693 482 19273
7508 6877 19865
1750 10484 15138
17321 9128 17887
9238 159 19526
19568 5435 16582
7108 1431 15579
7965 19129 18597
17438 16835 19098
16587 15867 19479
8671 13005 18911
18283 1163 18107
18498 16841 17355
2446 4162 15903
13068 7845 17858
15271 1649 17824
12720 19752 15751
22 18972 18300
1709 9454 17449
1537 10789 17206
4168 10944 18757
11828 3368 19897
16549 6027 16009
3731 4728 19695
19789 2896 18626
15235 4641 15100
8879 14331 19808
285 5681 16235
7716 2721 18158
11522 16816 18011
17326 18160 19283
12568 2465 15063
12598 11804 16787
11522 5997 15002
15507 8277 17205
1425 8466 16547
16587 17240 19218
8937 4475 19997
12353 14983 19262
11595 16214 18174
18971 2603 19881
4276 12399 19105
10227 15005 17198
18609 6555 19182
2844 19325 18764
19877 12553 16108
3301 19417 16735
13884 16682 19999
4051 2977 15389
13917 13944 17559
8045 8857 15747
752 11937 17687
16725 11249 17862
3007 11107 18839
4497 14884 18667
14625 3521 17848
9167 4586 17873
17003 17697 16785
14101 18170 17972
9255 6944 19610
17014 6690 15310
10348 852 16825
6792 558 19782
4115 18068 17976
15918 11869 16126
14584 12827 15268
13587 14793 16825
1585 18256 19879
10473 15489 19253
650 16875 17211
15342 6418 18688
6484 7489 16810
19140 18211 17263
12140 797 19292
6977 14093 18513
12742 6208 19161
19815 16433 19433
3413 8161 16898
12802 18187 18481
2128 1720 15045
5419 18738 15488
17174 5720 19457
18879 7763 19603
18381 14666 19441
9042 11229 17487
19617 4525 15229
3892 12592 16213
3203 16017 19031
11497 3591 15260
18291 18038 18324
5702 152 18281
8806 6540 19368
1979 17129 17674
8213 5745 19052
2801 6829 18044
19238 15820 16944
19816 12374 18074
799 9401 16614
7278 12736 18606
11223 2715 18404
13229 845 16632
15283 18981 17331
4367 6477 17446
12258 14743 19121
6962 85 15102
12134 14965 18651
11373 17828 19662
13215 11991 17686
733 12955 18261
6640 13401 16910
10512 11882 17925
11797 7117 17763
15447 5531 18491
18777 12655 19505
10779 17398 15270
14644 19507 16889
6645 9327 19585
5578 3260 15349
1399 12783 15376
8049 11207 19797
11618 6407 17900
888 8615 18830
5271 13583 16462
9309 15671 19594
9272 5613 18691
7094 9043 17068
13666 2478 16303
4006 15304 16153
15250 2126 16110
3623 6069 18083
11490 5689 17715
15203 2843 17865
7263 5275 16613
6669 11920 17666
19035 9368 15383
19619 2802 15365
6311 15303 15590
16341 6652 16125
4422 10613 16704
958 2964 18484
11082 14719 15639
17053 18088 15120
6621 7468 17371
6002 16771 19846
2756 19492 18006
2240 14414 17127
17857 3977 15048
7176 17296 18091
10757 4377 19222
8287 11832 16059
8622 10218 15621
7794 14617 15094
9400 10028 15777
19189 1763 15581
19808 15495 19013
12601 2933 15115
13132 9466 18823
7540 5106 18887
9736 14403 17352
9358 17359 19247
18893 4624 17200
10985 4946 17802
11738 10512 18443
13775 10253 18634
10224 18450 16443
2966 16581 19608
686 3531 15585
1189 4524 16344
13328 14910 18242
10386 9823 17076
18733 4999 15737
17527 7713 19671
18794 14356 16583
14886 11883 16928
3847 10209 19495
9331 10772 18175
9648 8217 15039
11271 13211 18944
15074 1810 19356
15882 179 17998
11670 7622 17993
2247 6869 16164
14370 4359 18194
19464 356 16775
5628 13978 17410
1687 13347 19582
9275 186 17000
1489 19345 16183
9766 15876 17535
5365 790 19148
18205 4845 19132
10423 14587 19429
1217 6256 19806
16065 5044 19221
5979 11153 19768
17625 19840 18414
1972 16516 17896
10793 17270 19560
8853 17379 16100
1049 16338 15979
9367 9287 15018
17944 5152 16108
14566 6306 15938
19836 13423 17139
1679 13495 19467
7777 4796 18441
17578 17367 19759
14660 10676 18856
10360 542 18881
7956 18799 17985
4771 3705 18858
11636 8933 19250
9211 3672 17992
10774 14674 18260
3805 8451 16826
2551 1873 16408
7446 442 16897
12014 6394 17276
13627 19705 15303
11862 15952 17715
16118 10095 17290
16876 19824 17453
19417 19726 19052
13179 11295 20000
2596 17400 15908
5092 18617 15626
2856 17383 17254
7751 325 18223
8731 19725 17051
14142 6585 17434
7562 10249 18748
9680 28 15754
19558 1856 18152
16457 1123 15780
15539 5182 17837
12053 3746 19073
14723 2533 18229
15339 17471 18823
7884 13984 18051
1796 7934 19860
5844 3006 16128
18602 6830 16845
1223 19538 18190
18883 17524 15206
7563 17729 17422
3886 9051 17695
4414 16327 17867
19904 9727 18505
19177 17446 18320
14095 7355 15562
1373 3367 18605
17035 3977 15131
11954 4610 18391
11077 963 16308
12593 11410 15256
19297 7443 18589
19389 13671 18187
11454 7072 16994
15264 3038 17371
961 73 17445
17704 16744 19235
12720 11259 18242
4308 19317 18315
8263 18424 15330
8548 15494 16932
14715 4943 15665
18823 7570 15818
5986 4768 19532
2307 4792 17043
17720 1261 17280
3350 19141 17799
11265 7572 18676
1994 3026 18885
17630 12120 15496
9798 5822 15234
11617 14541 16009
9359 19152 18949
7113 18586 17455
12257 15932 17577
1490 2419 16463
15132 19487 19542
3405 18489 19807
5226 17111 16639
16997 4354 19778
18875 6078 18913
10619 12570 18962
5384 1976 16460
5327 10964 15838
17024 8179 17389
18307 14952 17957
7315 5903 15617
11899 1379 17524
3208 15784 19714
19500 14518 17501
12169 13454 17941
16935 6810 19414
6273 11668 18724
14502 8773 15395
2683 12197 17993
7324 11908 17864
12222 4575 15954
16248 13228 15870
17714 517 18567
7660 15602 18293
11103 2457 19951
18818 2552 19728
13424 1419 18521
2876 17745 17867
19529 17725 16116
433 4441 17515
148 6243 19022
16518 13264 17953
9410 4049 17226
8016 4054 18778
2222 11462 18336
12887 2602 19427
1316 546 16687
17533 18667 19648
4514 11704 18292
18555 10152 15266
18528 10657 19134
3985 12957 17935
17675 6801 17161
17318 7153 16414
5141 4774 17994
5827 330 15245
8178 11741 17469
14633 3840 19889
14263 2002 19466
1496 18275 17583
18865 19268 16557
5939 4157 17935
17297 4312 19929
15276 15040 19673
12356 18950 16209
5071 19108 16180
14901 18609 16591
1500 5001 16157
18428 4942 18195
5580 13042 18986
10472 4287 15059
16085 16649 15837
13274 5485 17754
4487 5418 16855
17788 4777 17351
15549 13390 18438
16586 14022 19155
18690 8775 18119
14234 15118 18436
4454 327 15292
9958 9063 18127
2780 5388 17371
13028 13933 16045
4509 9252 17630
12327 10181 16341
11941 3849 17833
4081 3440 17670
5746 13912 15729
8695 10843 19793
12688 14670 19402
2226 18738 19283
6700 12773 16262
18370 12804 15756
19888 2541 15415
19948 9944 18770
19594 15368 19505
5515 15443 15833
15138 6591 19836
12937 5782 15527
10485 8705 16573
8992 19124 18820
12182 13778 18181
15532 1193 15268
17880 16223 16603
3420 17450 17426
5679 7111 15241
14416 2975 15935
15530 14131 15276
7961 3117 17863
16095 9033 18729
15924 147 15660
1010 8705 17186
17277 11069 17438
13444 12653 16330
7794 11557 17360
2151 15685 16885
14224 19202 15031
1016 19238 15370
6235 222 16292
13657 13134 17603
2836 5048 19894
17817 17897 17444
14815 9952 16088
5479 2108 16011
6201 16101 15986
4538 16557 17906
4279 16564 15468
8389 975 15527
16548 14053 19863
10912 14588 19840
19 13719 18799
3361 10219 15316
12233 14830 19531
5939 18613 19765
6300 16287 18543
5607 3846 15221
8833 1680 15047
11676 11580 17641
16739 8724 15220
6335 12348 16736
1896 9838 16313
15252 18431 17043
12325 2144 17036
6623 2637 19794
10944 3759 18028
11903 14792 18980
13629 5003 17963
17460 12006 18907
6204 16291 17323
5672 4894 17039
17853 10602 17091
7619 11250 16763
799 6946 16470
2104 13191 18085
17040 12705 19409
3116 15454 15607
12275 19984 19234
8142 1338 18333
5236 7782 16349
6949 1770 15088
4726 18818 18630
12582 6223 18978
6684 9242 18953
13107 16354 19249
