1367 6376
17 157 495
509 807 154
1023 1122 28
147 575 361
36 550 343
676 1316 308
689 31 816
672 1014 283
1048 611 482
553 81 659
573 957 65
1041 297 149
233 1043 196
640 143 799
1229 729 4
251 199 257
1364 380 744
911 841 168
111 1272 398
1045 356 458
1184 346 279
929 835 261
596 1155 60
1259 16 842
564 798 311
114 972 462
349 444 983
1181 1051 404
787 774 188
1232 564 983
1234 116 361
1189 53 740
762 638 689
929 916 430
318 844 828
604 1234 59
174 651 40
71 791 503
784 585 252
345 1159 315
664 993 23
270 316 314
852 568 900
230 1308 842
1347 564 659
835 849 332
729 903 279
89 1321 488
459 324 580
104 998 629
1221 976 508
503 1335 848
655 658 157
341 258 865
457 1034 532
603 1210 10
1327 761 507
501 400 451
1190 1204 596
141 612 575
1057 1003 564
1080 941 447
1366 544 716
1074 1039 427
208 779 248
877 782 877
821 347 437
681 350 501
984 270 494
504 423 241
162 715 522
939 1046 929
525 1142 631
186 741 921
142 804 12
836 120 836
547 16 447
656 452 646
1290 549 216
394 639 215
474 87 735
353 984 556
1234 938 442
47 1094 439
1007 797 234
573 4 517
1274 614 28
853 33 815
725 1354 126
846 780 669
1154 206 574
940 861 396
1283 646 894
731 437 141
534 44 959
828 1105 450
164 62 593
1095 889 78
446 1010 726
396 488 92
421 418 909
818 891 937
1190 474 682
1194 439 549
182 554 182
1314 224 887
610 1012 255
61 148 491
462 1262 890
1203 965 142
489 871 599
360 1074 595
76 414 556
809 387 913
270 939 185
246 399 924
1065 486 310
609 362 935
1067 717 975
119 54 702
1150 840 401
806 5 484
1096 495 771
978 1007 330
266 155 637
629 1275 700
51 772 630
290 248 759
1017 609 -10
1123 731 742
638 357 290
1314 1133 715
225 583 489
948 1054 322
698 1088 150
1195 799 764
285 557 420
1266 1183 379
1298 73 278
608 384 296
619 809 650
247 529 508
963 181 973
1348 1350 984
1058 458 893
870 1295 979
900 44 524
598 212 206
272 1036 -4
360 1004 82
618 489 117
1168 1154 15
106 1200 1
219 1357 380
829 481 116
471 1214 396
386 892 4
415 1163 290
1234 404 255
2 1153 159
259 765 420
200 257 459
261 920 355
1331 539 694
760 306 667
682 1312 214
184 602 945
1160 203 584
946 81 553
253 432 751
595 815 175
1036 491 516
709 1099 323
337 594 672
1328 1210 508
995 238 965
790 5 819
542 469 543
844 1363 995
322 957 179
21 1311 830
1056 880 746
958 1362 630
628 922 534
920 1290 379
569 1129 850
1230 1322 984
1139 1175 594
98 179 223
360 847 574
812 620 910
808 730 131
917 214 775
822 318 139
467 528 648
6 378 515
845 313 660
1126 643 641
835 122 620
1054 519 904
528 425 724
319 424 546
225 157 749
628 392 353
398 1111 306
206 420 329
534 562 756
1265 473 779
796 1103 623
1304 508 744
387 687 449
1125 240 474
222 285 837
926 1173 247
536 1015 902
486 34 667
321 1130 913
783 610 301
443 671 32
210 104 181
1283 357 22
29 759 259
912 1320 261
589 728 138
570 1187 789
618 291 965
1275 65 630
920 730 969
1077 143 685
1318 140 488
883 789 680
1311 308 268
1087 511 491
432 82 629
935 668 588
603 1345 415
1362 373 867
628 60 1
118 1215 281
246 234 122
819 667 11
87 290 94
413 1108 774
642 42 235
147 972 275
468 1163 581
935 451 391
1113 1268 239
1131 628 200
727 509 343
524 398 317
990 314 132
288 115 6
1242 267 456
1057 530 58
674 398 303
1093 1154 822
889 1001 761
829 18 30
506 44 673
538 957 806
802 843 755
320 1193 23
1021 253 887
142 1155 384
1212 291 344
1320 1255 288
566 1114 569
449 1063 53
1128 133 721
1281 704 750
654 912 973
1047 1250 693
384 1068 333
578 38 867
1234 246 620
705 378 326
633 433 901
219 732 962
683 246 637
1184 844 80
998 516 966
1137 895 315
1249 681 817
275 428 800
794 310 707
998 865 971
986 115 692
1323 1205 222
565 110 395
1199 666 961
273 135 496
711 1235 416
237 1318 -9
975 200 295
674 830 827
898 485 617
722 154 289
573 1069 306
504 1367 412
317 683 822
196 1297 440
718 503 623
858 1177 446
222 754 664
148 108 662
612 68 712
495 406 334
1002 872 330
148 1143 867
1053 1008 162
461 933 794
1130 301 1000
499 1353 136
856 1335 611
169 1214 318
1347 613 655
922 500 162
310 1184 860
998 646 997
637 7 983
863 322 555
598 64 954
572 1241 682
969 1143 16
712 614 646
876 220 102
1012 568 543
914 721 110
516 1353 500
941 264 247
1356 621 963
946 1036 771
707 1028 862
258 869 37
588 120 902
1227 1133 468
962 299 841
1071 307 668
1124 1158 592
627 986 302
1314 491 212
1183 685 123
171 1047 129
587 1068 820
643 397 660
49 27 78
1163 59 90
1363 1351 939
37 578 875
480 161 453
1256 544 514
1214 345 910
691 1360 682
317 950 459
744 680 981
168 863 494
981 88 290
513 21 241
270 1346 904
1116 1234 835
216 247 675
339 875 291
1347 279 699
210 640 932
225 238 713
177 1062 67
1184 607 795
446 888 943
991 412 355
1077 174 977
418 697 726
360 1158 873
1278 1232 542
1277 150 241
756 1141 559
1310 1011 652
360 1002 85
717 178 5
526 1258 567
1206 590 291
977 388 747
1047 749 687
662 268 663
783 890 104
124 220 574
656 677 94
635 1164 816
625 164 153
953 40 348
266 106 687
1194 505 385
618 601 302
1077 727 645
23 1123 143
295 816 901
797 610 673
685 739 694
420 715 943
191 1128 284
355 684 892
102 1111 797
1250 1025 659
1091 714 428
844 637 146
213 158 310
103 483 733
1153 1195 715
513 633 399
580 442 268
73 1123 732
107 339 552
1140 478 593
1353 478 127
1020 270 683
610 790 142
223 1078 185
315 745 762
722 139 727
420 61 490
391 852 959
564 595 752
167 373 29
212 1174 430
1069 805 823
342 739 423
1111 1178 478
880 1117 313
430 195 14
228 386 166
487 813 365
961 594 940
249 122 303
991 624 652
290 893 477
164 199 753
717 1088 348
1274 1246 718
502 1181 376
729 993 442
797 1190 704
754 816 121
1011 1041 962
492 570 927
973 914 961
917 179 88
1166 357 457
872 485 234
185 1269 203
1201 543 467
188 566 389
719 660 169
726 314 496
1043 662 609
804 793 587
1069 630 470
771 19 261
625 365 767
142 1138 45
957 199 685
734 283 933
623 1252 -7
968 852 116
583 176 841
141 124 113
414 20 120
297 462 597
883 87 755
780 431 506
502 724 318
338 1187 434
564 800 172
195 1152 331
803 778 689
852 1009 562
61 1239 558
273 214 700
893 392 350
1353 700 739
542 641 483
569 76 964
165 200 356
671 69 332
870 148 449
790 120 331
727 805 90
312 309 332
808 554 817
809 373 900
1028 832 957
1275 100 825
452 606 26
96 510 338
606 1354 392
990 45 753
758 807 991
40 525 524
1192 614 586
1318 262 309
355 237 495
1276 316 420
212 137 442
1038 319 927
1184 1023 647
276 528 103
21 724 437
1022 574 121
84 5 59
568 1145 518
117 665 399
646 688 910
210 1355 119
87 454 772
295 1011 779
277 775 792
610 648 144
707 450 241
336 407 385
351 36 713
687 182 820
649 1164 746
603 4 293
708 315 435
173 636 594
84 1071 132
341 526 389
154 981 539
1128 330 474
377 747 607
629 920 659
603 230 574
418 615 987
785 1174 459
236 864 106
370 1293 399
841 960 936
913 500 831
1073 892 94
184 38 865
326 243 829
1085 673 809
772 37 835
1213 421 118
985 640 525
146 840 496
1189 483 608
276 310 407
978 1229 746
1207 724 191
1259 200 54
534 886 154
1228 153 570
490 1263 665
381 1146 457
418 109 226
1151 289 786
399 741 534
13 134 399
1053 160 618
1158 84 416
563 1170 150
841 857 51
1130 541 185
870 1048 562
1239 967 539
681 591 490
320 823 640
1120 791 317
1061 272 361
119 336 251
400 788 753
641 1314 14
1185 176 359
467 1284 955
677 1209 83
417 595 813
175 568 792
1042 331 707
1000 1353 774
1255 1335 164
372 1240 922
473 213 340
394 742 179
11 577 38
689 1282 474
1166 1150 453
499 1240 504
1168 31 12
631 911 448
282 810 327
1146 1340 320
512 556 868
256 602 10
787 1053 517
956 1234 173
1016 1037 553
968 415 116
1126 1236 405
1195 690 604
200 394 562
827 110 119
804 286 505
166 256 186
867 473 646
159 556 552
205 66 581
1094 968 745
352 22 206
520 741 257
491 1316 656
197 1280 492
552 300 108
465 545 105
412 408 917
425 1155 715
351 1029 794
937 130 960
341 872 433
658 1000 469
138 757 848
411 247 0
179 21 608
755 669 240
1163 928 862
796 1082 547
1147 1099 895
957 996 535
663 1257 16
191 458 422
253 419 38
1065 1248 391
277 958 499
273 1251 726
927 106 783
741 624 719
204 782 286
742 364 409
363 227 625
161 1108 531
811 982 799
534 364 162
1032 569 199
1320 1105 341
728 648 330
1311 970 725
539 509 169
1022 694 600
431 1116 644
450 888 438
537 563 392
1092 448 746
576 36 889
1129 90 238
80 1218 527
1277 824 760
1318 1032 396
660 1008 804
188 1275 185
811 134 146
962 517 47
982 912 302
822 870 130
532 1185 244
1187 379 459
182 380 223
1149 887 837
761 1085 656
528 1354 568
862 1203 852
29 660 49
799 942 541
828 988 769
516 623 518
447 1224 656
651 990 131
223 119 299
1206 1365 795
1072 181 271
965 285 133
404 566 850
661 584 426
1009 1033 641
1190 220 999
452 329 743
362 913 -10
375 600 561
446 355 198
200 740 437
849 956 369
1074 577 546
296 365 364
1191 726 748
942 559 763
1152 1029 720
1366 1209 431
644 929 186
628 306 958
719 570 805
561 1065 378
474 1113 288
1176 131 744
259 1136 854
642 381 734
1006 581 944
904 1285 630
419 747 974
98 971 498
624 1088 614
833 959 215
1225 884 267
531 950 768
1123 1319 418
204 31 860
768 1073 290
900 1018 939
1208 1067 349
324 653 906
993 1298 774
484 441 333
226 731 446
819 468 607
566 254 430
1039 333 604
230 657 179
885 691 194
678 1197 50
179 714 646
788 518 801
1356 1319 708
721 1145 836
771 44 304
548 1020 186
1235 374 615
1349 759 740
21 1035 121
727 337 278
1333 582 400
1154 521 211
1093 585 532
420 553 107
264 920 85
1169 173 257
298 472 699
484 188 801
94 1137 -2
1049 1174 531
842 1203 931
429 1309 126
1121 4 593
1185 864 419
436 76 106
380 1294 45
883 1005 798
518 700 961
596 17 432
90 327 238
1285 1350 368
564 217 816
468 425 658
1108 567 885
64 106 541
210 991 986
746 333 178
241 281 681
471 1348 135
830 588 913
615 187 911
203 213 2
217 258 53
1271 165 239
946 281 914
1103 805 172
851 567 306
336 750 196
1264 281 49
789 28 505
1305 181 206
357 636 475
965 110 109
679 1050 626
506 321 10
435 393 63
363 1292 960
271 765 556
1129 1224 470
1275 1228 630
131 980 661
218 426 574
251 9 366
10 121 19
735 669 216
514 444 939
663 1251 572
1005 580 870
735 188 836
1065 237 551
63 971 206
1300 194 673
36 1124 755
467 1066 500
856 262 501
822 418 812
930 1242 747
793 1302 13
40 955 467
542 934 793
808 1332 852
94 830 996
875 13 647
1178 1316 1
988 1294 90
1301 1343 139
1304 176 779
1121 183 157
844 608 392
791 837 669
488 462 403
482 1052 380
994 485 399
312 129 632
248 1304 742
392 1272 240
787 345 548
141 306 747
629 789 7
1004 428 691
114 524 830
557 939 66
508 876 484
36 617 183
803 127 188
426 1146 -6
994 1050 71
598 591 91
1335 930 873
873 1004 542
312 1179 486
1123 582 293
505 259 190
589 592 928
528 196 926
550 183 156
332 412 435
302 23 765
804 1324 173
1342 398 418
788 97 990
1108 529 480
213 674 424
1001 201 955
470 299 655
1365 702 572
1208 1167 711
556 1289 614
1081 1118 547
1011 1283 24
135 935 301
1141 780 313
1201 1056 302
1220 596 809
985 826 -7
165 413 634
1053 178 541
617 1350 955
173 500 891
726 99 273
93 766 229
24 640 574
469 41 928
355 658 440
1326 826 620
431 478 454
166 1334 247
341 1059 920
987 397 426
1219 1042 118
91 455 692
1194 551 240
1082 1256 113
305 1367 683
606 1299 746
1042 400 345
290 83 562
538 890 721
911 391 970
938 550 572
1077 683 235
492 1358 181
632 652 762
496 756 167
611 839 279
433 464 476
972 368 384
1264 62 998
591 961 687
899 570 605
909 212 531
14 1331 12
344 1239 39
631 570 391
711 1296 965
1007 488 578
328 1273 190
285 1053 624
242 342 239
423 411 535
478 459 363
967 115 198
404 533 211
48 783 980
1045 563 715
65 2 -8
1215 434 753
607 1046 681
1153 1034 -5
413 537 386
880 557 581
429 455 535
1055 485 304
611 1190 241
671 380 972
65 1226 505
381 176 652
487 550 614
818 441 956
1049 813 73
446 875 445
510 701 900
859 508 346
879 1253 325
1326 968 817
1367 766 287
40 1184 523
139 1016 820
701 592 574
637 866 516
665 356 366
235 901 410
800 1028 178
1191 201 791
1330 981 968
197 669 970
656 482 474
1325 1072 229
1161 1226 925
570 1059 348
275 22 847
762 1237 0
635 1197 584
593 171 448
9 1310 99
687 1044 390
1087 873 294
21 276 607
484 875 579
571 1244 456
889 136 531
23 217 273
1029 1261 718
317 125 343
1254 234 734
540 1213 786
1235 807 837
1189 865 151
544 1345 399
923 233 970
95 263 328
791 1038 430
971 813 15
330 553 918
391 301 969
202 406 368
303 1269 159
1238 1237 165
220 15 301
503 426 693
1228 1152 501
320 646 955
985 352 325
938 536 615
1036 951 112
79 473 634
556 29 593
995 473 245
986 456 310
798 27 853
579 190 783
202 500 252
581 1309 248
340 287 369
1164 181 11
745 1329 867
129 608 969
1246 666 331
996 639 369
664 446 894
897 1331 849
613 43 516
984 829 128
590 1031 917
1357 723 878
905 568 270
734 358 101
808 764 736
1061 1229 401
229 516 656
510 20 577
589 555 954
531 1135 635
1367 635 882
238 388 504
25 247 174
193 266 543
1105 769 642
854 1018 761
834 722 498
29 438 939
1053 224 551
1199 589 605
453 851 896
1192 1301 187
380 507 831
1117 357 548
816 1044 341
1225 271 942
1069 343 755
280 1234 298
233 283 597
550 475 532
624 929 863
29 441 909
868 662 971
187 1013 837
35 223 971
348 64 87
655 1009 531
808 229 84
1069 530 139
572 780 960
151 789 520
9 303 324
1176 147 582
57 1246 163
394 601 637
838 756 378
1084 1327 242
167 701 347
528 711 498
299 1039 487
800 392 112
1293 744 971
788 1364 640
1037 108 507
823 1192 841
671 568 801
1058 525 971
959 201 472
241 644 890
940 1054 423
1010 1158 926
1075 1011 263
412 284 49
683 1201 907
1180 1111 561
63 365 206
231 31 824
603 1287 752
896 1201 813
845 418 456
275 1131 447
1209 874 15
260 58 700
1028 1360 991
688 912 268
325 1254 131
1260 306 842
410 620 865
180 944 916
941 1023 376
83 386 78
256 133 188
372 947 660
57 937 717
315 838 108
809 763 936
260 572 202
627 605 984
735 819 762
1122 585 380
1265 745 464
1103 505 902
743 854 438
618 813 321
1171 659 308
1104 483 99
338 1049 99
877 999 170
1052 751 121
962 1058 922
483 614 997
1245 395 949
395 1147 511
206 582 972
971 654 25
147 1163 423
942 111 177
407 1278 498
461 951 888
405 556 828
232 239 858
51 1121 936
390 1293 719
532 803 352
613 1282 566
652 711 830
1139 260 719
438 456 642
271 856 344
1094 826 760
258 94 380
1360 1339 296
309 901 477
98 1103 921
568 2 751
950 789 240
1338 968 609
571 801 832
790 1046 33
434 406 353
920 1314 873
775 1292 500
811 776 475
675 70 312
1068 335 625
1273 707 938
1058 373 825
142 529 381
1348 273 746
652 882 118
713 1222 468
153 1184 946
435 834 582
1243 263 174
807 304 555
871 1337 12
806 450 251
1321 1269 851
142 812 265
1078 1053 99
76 480 934
1155 1242 461
1353 538 799
188 1171 224
1128 619 596
993 66 325
1111 294 2
155 649 492
85 263 670
838 977 54
828 1038 731
1207 147 771
1122 111 882
1323 558 419
1148 397 864
38 127 796
542 350 979
1280 695 14
929 560 515
246 845 456
480 720 380
668 507 380
377 1080 136
513 759 334
388 172 948
1060 328 124
311 934 93
1367 1117 445
867 140 161
790 971 909
140 1062 645
676 1151 358
965 640 616
714 228 528
1292 111 250
299 937 124
1234 1276 226
67 1096 108
1079 191 29
65 121 976
1353 1034 410
545 281 934
335 785 966
302 774 5
510 200 132
1004 1125 405
661 369 -5
584 719 221
568 563 282
458 546 781
271 618 753
1045 1061 119
1202 126 686
253 677 555
2 1188 32
362 81 793
1014 229 759
305 274 302
905 243 231
856 161 961
801 1323 518
424 113 42
771 1051 26
627 361 63
883 1010 302
918 77 511
648 603 233
1232 1018 113
752 563 735
320 535 625
961 809 916
639 627 451
168 721 522
1257 105 677
286 250 544
869 1157 145
697 423 877
357 107 445
1306 64 985
268 151 976
712 148 290
933 812 441
1073 635 427
68 410 507
111 1348 623
905 905 229
681 1181 358
422 1061 218
1276 1131 709
150 634 172
263 335 746
49 721 480
808 669 790
314 128 503
249 966 509
981 523 225
174 802 432
190 1177 15
704 1364 340
1110 339 500
1119 615 381
663 539 660
324 661 894
268 242 608
955 718 280
1041 10 41
126 695 36
1105 212 328
1065 968 48
109 1366 510
333 756 839
365 616 507
158 102 555
877 532 511
718 306 232
978 1293 37
559 100 762
330 730 329
931 13 735
1243 907 652
994 68 782
85 73 611
290 1011 800
736 1194 965
974 982 298
658 1288 279
181 114 614
1255 1367 691
354 558 407
66 258 443
705 475 893
1084 959 556
331 222 926
1016 1347 478
976 16 421
367 442 179
386 430 837
639 530 255
47 984 804
945 707 836
191 968 200
856 399 504
121 533 421
1206 786 960
260 1197 356
426 514 588
331 1211 411
1020 967 666
1125 101 877
738 224 164
1099 645 474
1164 35 21
245 40 493
80 669 319
1049 669 252
1019 528 221
718 140 727
942 1164 639
1238 781 757
334 841 557
112 217 345
33 528 53
1057 244 836
529 1187 99
1065 191 672
229 500 61
957 452 476
336 454 875
710 53 397
1176 933 142
903 20 617
227 675 332
721 754 214
1205 312 355
333 404 887
69 1053 990
440 613 551
61 305 429
351 1058 772
500 418 899
364 1014 5
516 689 925
469 1083 254
2 1010 597
641 891 178
891 1294 662
644 620 337
1189 332 609
419 1322 858
449 1311 284
584 292 679
1317 842 316
1137 284 641
153 191 482
674 74 617
276 160 -4
972 545 117
216 443 405
693 373 146
265 1237 138
1139 938 404
312 155 281
608 294 413
1040 1079 908
1186 280 452
204 739 747
936 589 765
69 510 281
1312 658 155
264 217 594
399 434 506
570 202 551
938 1166 589
571 977 84
141 11 397
1220 379 566
60 327 880
229 511 521
975 531 840
905 33 289
148 1022 27
903 809 13
456 994 232
1349 1315 319
541 633 471
1125 56 209
967 216 131
107 374 129
1272 228 659
943 1181 909
527 1273 877
862 337 -3
932 111 480
1255 867 806
1068 452 388
1230 815 316
529 47 299
501 252 583
384 444 258
365 440 198
288 254 397
179 115 118
648 793 722
1057 221 933
52 940 237
530 174 68
703 820 517
885 1244 29
161 1008 245
700 1016 573
1008 1257 872
1071 450 54
116 422 930
822 217 245
375 1260 -5
556 169 517
97 249 970
224 722 608
205 292 448
294 398 961
119 85 422
1103 249 939
382 1276 713
1015 729 406
1073 629 327
687 597 115
188 344 43
1081 1107 756
307 1350 107
89 232 685
839 211 815
672 443 275
431 221 963
783 194 981
205 1156 236
795 776 651
462 1012 -1
1228 793 95
482 449 423
681 221 601
290 1248 507
764 844 5
873 1331 202
461 304 277
264 523 0
298 885 43
234 62 1000
68 970 691
380 826 802
320 1008 771
811 879 449
1290 766 892
605 1070 421
42 784 633
1172 144 178
669 656 727
83 746 831
255 1316 423
409 1315 236
1108 907 580
373 141 232
1069 464 701
688 945 608
1182 1210 319
719 912 357
891 273 373
693 950 467
1081 194 747
804 1273 195
167 373 939
235 500 795
276 140 50
681 548 940
899 786 314
204 731 311
1278 812 667
273 1056 346
208 730 578
947 332 989
694 633 524
837 903 955
192 1005 284
1100 127 783
915 157 370
148 1296 517
973 710 531
487 678 430
177 387 583
488 620 587
672 699 322
28 1297 545
982 282 789
1212 252 320
1348 1227 976
1268 222 750
67 732 876
543 13 422
455 831 55
75 200 190
1107 595 140
968 739 261
1086 594 824
240 1013 340
709 797 188
1325 689 455
1093 351 565
980 1195 889
95 235 515
1015 746 485
1012 541 728
569 380 424
240 18 608
1168 503 207
519 1090 539
289 897 647
1058 62 724
1355 742 43
800 1008 268
43 1173 407
1102 1018 772
360 1360 244
1219 369 727
584 696 153
765 1338 916
1263 360 312
27 167 615
610 1122 521
606 286 829
46 1343 915
585 1234 142
660 1158 446
8 875 728
590 1163 334
1084 45 335
1231 1016 931
781 453 41
437 238 532
1057 356 251
1071 650 207
1211 1069 517
399 653 580
1002 607 127
483 548 240
560 900 -7
410 186 173
293 623 549
347 256 352
917 457 915
877 516 6
276 780 343
775 1344 843
796 822 798
465 266 948
721 996 55
122 270 124
362 923 916
748 736 399
294 135 153
596 638 434
1224 636 77
391 1009 462
1294 3 251
10 468 741
90 284 813
335 315 705
468 1197 461
264 1363 880
525 1177 635
1148 740 693
398 1139 143
548 384 444
1341 1348 837
1324 3 979
266 143 733
196 776 742
975 705 718
7 330 409
433 17 584
1058 194 569
929 441 290
74 244 985
698 124 148
566 164 256
1278 135 588
304 1102 285
1068 15 689
764 347 155
190 1052 677
191 1151 553
859 210 906
707 1071 328
587 426 348
1136 338 174
1113 618 885
530 331 545
27 491 893
635 136 783
703 813 862
697 346 718
113 14 369
755 282 284
663 523 32
624 609 821
402 1249 10
1270 178 772
1290 6 382
437 1247 757
1254 928 32
1237 656 559
183 1228 39
298 278 640
404 144 939
645 555 -6
1269 47 39
871 92 582
394 1051 407
862 1045 897
723 655 70
1214 1289 675
1267 170 168
1246 1139 48
782 1025 280
117 75 176
581 421 718
506 55 145
44 942 240
1081 1075 279
180 364 657
150 735 579
1362 1239 997
1006 859 502
939 974 303
794 305 793
1364 39 888
1255 228 936
1031 1157 35
793 852 633
346 581 731
326 627 582
1141 451 545
687 180 605
571 59 -10
506 739 575
675 244 395
206 472 421
1304 1066 696
1258 60 570
70 823 797
10 363 41
982 770 963
263 1273 904
56 1298 267
430 373 31
402 616 473
646 1308 158
343 1252 972
331 384 613
1203 513 949
410 788 77
1035 1287 107
36 1115 533
227 767 673
1043 1214 223
862 371 120
564 907 109
189 1067 229
152 1056 558
186 129 41
414 1191 808
327 503 246
1063 725 393
392 1195 369
513 1254 119
1019 1293 980
1114 133 251
363 313 969
1178 917 96
292 1061 394
870 929 351
139 361 363
730 1241 524
454 1270 170
757 1234 674
1281 582 630
74 1151 455
1356 600 30
1166 834 212
217 1034 655
549 1015 584
669 541 960
957 710 588
465 75 424
402 1322 121
811 1213 913
219 568 186
1011 1084 393
96 483 642
1191 628 440
809 72 353
490 744 419
1114 653 272
1254 110 310
251 1320 356
1141 812 578
1336 908 84
1 321 477
252 200 468
22 274 69
1103 1181 967
492 501 281
461 400 21
671 903 766
499 488 344
510 128 375
108 451 290
1258 811 288
676 1131 309
116 1019 143
1258 224 48
623 489 710
856 611 585
766 1100 460
1176 341 363
1047 756 153
1320 872 379
673 360 42
546 1212 798
845 870 953
964 839 213
775 1167 497
359 246 614
1180 1019 275
181 513 326
498 1181 921
1298 749 242
1332 1195 869
606 1322 61
1124 737 693
99 1094 827
637 380 314
680 873 114
1173 319 352
97 35 537
415 984 759
1201 1364 520
700 399 873
775 1174 881
115 338 193
730 1160 480
887 1158 194
1009 1006 662
419 395 1
1333 1040 232
817 254 235
1270 492 137
532 837 885
1363 1265 786
594 463 558
115 819 931
690 1091 256
900 1007 289
1365 1245 653
838 877 232
659 1334 412
50 1021 204
1315 1328 825
247 231 952
1218 1039 622
795 436 557
1061 949 457
504 685 657
855 294 933
594 245 344
1318 1015 50
19 1244 809
728 2 631
731 34 66
975 970 725
1177 210 373
605 916 22
1033 461 691
23 7 722
1201 62 -10
34 72 845
1139 293 559
145 613 278
424 386 407
1213 325 924
406 384 214
933 997 495
1259 1132 114
329 280 101
1251 1015 299
857 36 857
754 1357 874
134 189 688
491 1043 904
829 100 687
1363 282 20
1229 134 329
1210 1124 505
1029 77 61
814 598 487
7 405 919
676 300 632
74 940 779
134 163 251
1151 824 430
34 97 172
302 606 904
467 93 159
1137 1289 144
428 1234 135
552 1188 809
1359 538 101
1272 157 795
635 609 155
720 1035 11
756 96 875
721 433 196
166 1151 380
626 1050 793
1279 776 933
86 958 506
507 143 579
1054 496 18
374 308 655
436 1332 898
197 1040 603
229 327 535
308 1072 521
209 286 225
1154 1280 917
746 703 359
1241 885 392
335 824 717
976 188 779
1292 1194 150
502 1059 634
260 518 433
318 683 25
235 344 39
276 833 558
1182 923 378
585 208 678
1187 203 356
411 439 687
1053 680 59
457 744 574
90 672 592
1094 776 922
844 966 529
578 844 535
1111 586 989
344 1096 287
390 480 225
523 615 490
87 1038 189
814 592 141
924 651 835
94 273 918
1248 365 955
547 1000 115
639 401 215
114 827 61
983 497 397
1079 1070 596
100 1355 135
447 965 91
1143 1178 722
885 105 692
1354 1293 558
884 1314 147
44 740 153
949 130 524
136 950 165
333 442 664
547 363 578
180 1120 938
1144 583 938
389 91 716
995 1292 48
663 1205 894
352 176 226
152 126 101
1321 942 107
1088 1035 747
1055 1251 521
389 698 590
888 1141 877
1306 968 463
262 739 78
805 1237 403
792 887 983
90 1227 422
411 834 744
873 870 380
403 488 517
725 700 307
844 805 223
1055 171 174
124 649 565
87 114 743
132 372 782
1067 101 278
563 1155 990
255 1220 165
213 270 878
13 1088 726
529 1028 27
223 1338 544
277 994 20
906 1178 199
1078 1072 554
1048 1077 782
76 724 294
1283 1212 681
129 1352 351
1245 296 689
641 286 995
55 351 690
1032 255 348
961 492 260
178 616 700
392 559 854
828 486 174
1096 949 457
298 910 703
1052 627 276
813 877 855
587 651 258
388 1054 111
133 443 311
725 480 87
1172 919 956
1336 820 455
1258 845 693
282 1030 413
360 883 249
298 683 960
27 576 212
591 915 720
341 751 296
468 461 507
430 189 368
209 1330 716
473 1317 99
954 21 342
203 1299 480
660 673 549
1278 864 396
1025 1179 193
93 1040 974
598 598 861
158 241 190
1048 278 48
143 453 848
1043 858 304
23 539 507
1117 928 76
696 307 68
348 1213 220
806 159 198
1206 495 105
469 973 382
396 1226 959
685 1261 429
482 157 833
257 150 896
1271 889 59
618 390 379
1112 811 904
979 1273 451
1101 358 732
625 210 877
1221 557 256
419 1029 527
1110 1042 856
1154 110 515
468 191 257
380 1328 640
20 273 845
417 81 441
1233 1127 182
622 908 308
1045 176 245
777 58 806
169 344 468
915 595 396
413 73 209
1223 186 230
1277 746 463
638 528 73
275 905 136
308 194 141
1184 1318 22
1003 466 689
333 321 227
612 178 758
1121 881 528
246 965 331
443 777 471
87 1151 167
1243 629 87
308 367 804
1059 1049 218
138 306 250
90 1159 117
976 99 951
795 465 271
978 995 91
1245 688 514
27 765 886
819 616 494
412 50 -4
798 339 843
254 295 871
335 958 244
1283 326 605
71 453 67
86 163 164
998 1362 858
151 866 810
899 529 208
279 32 51
415 1271 574
1328 902 891
468 647 52
1316 164 57
765 1094 229
717 4 33
525 263 217
1033 1132 240
940 267 507
907 828 424
186 986 551
115 242 338
619 236 452
356 1217 889
362 385 891
531 281 933
1102 16 726
1285 1337 602
781 851 573
1066 736 522
983 846 826
823 547 885
1018 716 971
142 478 639
1113 386 267
321 470 698
221 430 508
1343 609 577
205 863 388
1284 1240 331
569 1075 477
283 886 826
598 935 536
418 740 681
163 1073 900
1064 1120 13
34 1226 253
310 845 928
524 713 806
867 1217 788
955 976 237
255 157 916
547 816 176
481 1184 555
152 353 623
502 532 32
730 37 793
733 542 431
1130 240 814
438 591 267
1181 470 120
830 189 45
183 412 884
1260 882 410
561 85 291
761 1091 599
1198 195 686
147 255 885
860 1111 20
930 437 77
116 1178 975
322 539 80
717 865 944
1293 1100 467
1280 458 191
1274 998 273
549 435 12
1057 903 172
700 162 94
808 122 755
123 423 197
985 1027 60
69 473 955
1010 274 191
1170 931 272
826 805 633
410 534 888
776 959 494
308 699 700
1315 887 370
784 72 736
81 604 835
989 1164 882
99 1282 6
124 1102 679
308 604 279
839 497 496
652 954 347
1095 977 673
100 28 950
723 911 419
616 1081 891
742 223 873
438 723 548
801 1212 438
1077 1110 381
241 1354 502
1311 312 726
1005 803 238
957 1112 146
247 844 81
555 786 159
728 488 642
9 180 165
1026 737 813
937 1143 327
747 94 383
28 1154 980
965 822 494
553 875 639
543 781 453
1098 675 110
230 875 1000
1276 611 379
764 514 551
696 563 183
76 609 529
1107 104 258
470 629 218
417 844 20
956 622 799
320 750 735
927 704 588
411 1051 205
869 1068 190
70 1008 20
1363 629 703
1254 655 127
143 1252 704
267 286 224
81 49 919
841 488 126
663 743 226
807 575 967
679 481 511
1047 662 338
1311 571 237
1346 1032 395
91 343 489
1231 1310 454
875 351 778
56 54 817
369 522 988
1231 539 73
1303 711 893
1167 308 408
1230 132 710
422 356 744
1238 1214 631
468 232 625
442 457 101
177 1279 33
661 1120 428
765 1198 102
494 476 555
859 922 856
228 77 668
8 1056 594
338 778 221
751 91 36
1254 860 104
367 247 654
832 1281 295
179 102 785
570 1172 617
879 958 831
1227 617 929
662 739 636
303 1297 714
1034 1035 822
809 811 564
1023 302 263
1146 399 306
931 816 44
942 419 598
1153 932 272
996 1001 235
902 537 241
855 1219 450
146 146 623
953 43 594
233 989 856
869 658 778
368 436 507
954 263 165
255 584 868
72 958 782
552 747 956
911 851 152
1338 853 735
967 292 731
277 1087 918
662 1000 462
1310 623 234
486 688 139
478 1082 640
870 208 432
938 228 518
523 1253 44
1284 1228 48
992 1358 873
448 436 395
67 1320 499
754 972 496
1266 1202 122
1155 825 2
232 641 94
317 1295 612
1232 959 642
407 527 989
250 886 670
1147 178 262
923 275 963
165 427 308
454 106 505
797 272 -10
705 660 84
454 627 358
449 26 699
811 996 905
1085 328 949
564 687 887
1106 1348 313
238 1220 399
9 78 197
288 326 965
25 875 217
570 838 615
1219 348 912
860 602 461
1105 185 585
758 46 958
459 1028 429
103 681 374
373 574 40
120 336 130
543 833 829
845 790 255
9 1334 224
831 983 218
863 481 593
220 1188 768
1041 950 830
312 949 563
1215 1288 933
160 482 597
1138 1269 613
942 176 805
625 441 4
781 823 78
673 1167 627
1188 885 417
1188 1341 156
432 462 657
1062 99 537
1011 1359 82
869 1301 149
471 168 783
1209 1317 529
399 71 91
1275 294 778
1089 1084 886
15 508 764
486 610 156
569 963 541
747 1364 183
1022 113 270
323 283 675
1256 580 347
587 527 466
1322 420 300
103 1066 921
37 504 469
1272 814 518
123 1204 816
1239 971 967
368 1136 327
481 323 477
114 1041 663
1134 152 71
330 1256 26
1145 859 248
1236 1012 496
151 302 776
42 163 217
545 241 629
1344 1083 916
499 1203 389
76 185 551
40 1287 634
308 520 877
472 790 565
1329 814 751
435 1215 567
365 273 55
164 971 477
859 86 782
166 218 8
654 1066 787
1240 1335 981
1231 718 845
228 876 243
1148 1261 533
617 1136 270
206 1058 831
513 1179 997
1058 935 263
53 686 441
731 90 166
1199 339 365
618 761 936
1017 766 520
232 621 580
340 155 194
332 1330 951
270 604 370
15 705 668
870 1295 674
231 460 991
507 1086 83
1225 486 189
961 988 353
415 1197 870
819 1187 869
1365 25 432
618 1099 617
482 784 328
674 786 748
197 181 914
1112 1331 505
218 624 416
466 720 961
676 1293 144
1169 902 711
368 1065 469
347 1162 694
622 1110 560
1130 1350 759
447 208 802
591 953 852
284 1246 775
117 229 861
972 454 902
1040 705 831
667 928 345
238 106 519
354 596 976
921 715 455
1349 1144 271
34 1201 547
351 572 987
21 708 555
196 559 738
722 1351 674
41 609 646
1221 627 118
699 1074 373
491 1237 83
808 980 362
1124 204 73
558 412 81
580 823 640
1085 86 47
804 1305 642
1084 640 492
226 1271 288
1281 283 808
270 1018 843
935 1300 325
1202 460 784
669 150 896
418 1015 347
312 528 237
990 956 863
1262 183 813
111 871 53
608 331 670
375 453 551
465 1056 593
1061 747 16
200 1111 877
186 241 906
1146 1230 815
887 1247 209
501 1322 30
1159 302 929
1135 1298 879
993 167 391
748 1076 441
695 958 350
748 415 270
1028 1121 422
757 274 298
154 1140 492
1300 438 167
1232 1051 581
1149 987 645
1022 149 789
1135 122 656
549 339 369
1126 739 302
767 537 937
976 1329 251
1109 225 232
187 210 317
736 757 399
355 952 405
1298 799 956
1339 515 670
230 248 832
92 416 883
881 1304 27
605 493 507
154 765 411
1118 781 812
25 1032 208
907 1068 373
1315 461 345
228 684 876
921 920 438
821 1283 395
615 464 648
1195 85 850
571 780 873
1084 1124 510
489 768 17
1191 456 601
1262 761 426
256 59 456
164 1062 421
205 330 107
600 526 645
105 1174 297
451 838 365
874 1027 318
1210 1224 593
777 537 -9
974 273 285
211 940 259
481 304 605
967 1311 938
1047 126 769
1198 86 97
1108 847 520
1061 175 448
95 644 612
706 213 853
937 787 900
310 820 947
1300 1117 130
1343 1304 918
93 805 465
1098 77 954
1196 986 276
669 1299 -4
84 184 382
50 337 853
1043 1164 898
616 844 948
665 292 144
226 734 375
790 1282 776
1188 1201 662
282 548 952
1009 88 1
641 889 692
448 1270 381
1223 920 400
1212 742 671
418 51 597
1140 646 473
163 10 28
1355 1351 123
1076 1281 916
1239 471 988
293 422 676
815 501 588
1236 1061 488
1246 42 316
291 1170 486
372 1347 698
1021 367 701
1011 1307 112
799 774 422
1224 542 405
224 306 7
148 69 523
1303 270 352
1256 992 702
176 1211 433
550 312 348
1260 1094 728
294 1122 723
964 353 751
503 355 780
1206 484 139
399 852 497
109 285 944
1261 1054 532
500 152 910
959 964 495
1266 230 80
626 1102 857
120 1113 132
283 383 329
526 317 507
1366 732 442
1247 1313 852
973 111 817
627 146 879
816 32 921
989 58 34
874 1250 663
778 237 113
638 195 337
899 718 754
1323 1278 986
1078 1009 760
53 652 13
591 1267 176
779 907 607
707 432 632
722 1014 653
1144 974 71
557 65 474
299 68 279
77 1132 546
981 895 104
1336 1099 648
92 620 14
1304 1072 987
48 1174 38
102 470 250
419 1009 358
7 769 728
194 702 303
553 332 287
826 100 510
197 641 3
129 829 33
1072 206 915
479 913 272
963 86 185
209 286 46
174 844 598
1072 716 773
915 221 240
1280 355 128
1162 605 826
121 1346 486
51 373 118
682 191 775
908 1308 825
74 836 452
465 244 691
1169 391 295
36 624 470
652 498 742
404 964 215
1082 1312 385
732 17 555
14 212 320
568 128 633
603 595 923
278 1135 239
1199 1087 853
263 1099 614
1103 1250 365
1072 872 777
776 142 383
520 1301 59
236 950 244
432 284 728
1040 594 980
820 273 284
459 303 -2
1056 1271 131
504 895 382
1251 441 445
1071 707 953
1274 902 882
143 1202 35
518 539 -4
618 204 255
975 449 345
98 1247 799
1319 217 292
1296 141 887
665 819 173
451 1152 7
731 335 296
574 11 942
1110 245 307
175 959 386
105 590 580
1346 880 858
182 66 256
751 176 868
697 318 298
202 57 863
1292 620 882
672 990 761
1277 22 861
501 364 574
1125 683 548
46 758 617
418 1256 641
640 512 961
926 1016 24
288 1316 158
1092 420 876
656 344 51
1290 778 739
16 545 147
515 738 366
1245 217 384
45 446 374
535 158 564
625 1341 32
571 257 498
10 694 617
226 424 660
544 972 741
51 430 323
360 569 30
1291 416 415
1155 285 421
1360 1345 598
188 253 509
1057 316 785
540 884 983
200 818 451
366 1128 429
535 551 798
957 305 961
342 1079 843
941 1010 724
140 637 453
669 1169 309
387 1076 70
490 228 536
1288 149 139
808 940 586
610 638 468
754 1176 87
1278 462 313
865 245 36
408 451 600
634 981 949
1126 737 351
109 878 510
851 1160 -5
962 1068 684
542 334 253
499 893 449
1252 320 405
1 1062 544
675 868 94
958 1321 472
98 977 430
775 1296 752
472 1085 458
1321 1245 120
286 530 187
253 967 980
1232 638 217
1189 1059 184
878 441 702
981 19 463
709 1313 743
931 292 929
411 237 559
1280 13 536
889 1216 17
1255 715 779
1170 1133 628
1105 1005 726
307 25 781
1143 187 38
452 373 881
1259 449 1
372 297 601
850 466 801
1131 361 386
709 559 310
521 105 885
1057 1159 982
1110 1348 896
685 780 57
3 270 305
198 997 814
1357 1264 -1
418 720 98
101 1348 185
134 296 638
1282 458 390
1156 1235 127
863 1250 554
188 165 339
176 210 184
301 357 877
1305 340 299
277 563 711
76 469 852
1135 632 170
400 616 352
874 450 674
1222 282 337
1101 588 848
323 271 263
92 593 52
493 618 491
306 1268 85
1313 717 577
447 1218 709
1331 1243 751
1217 424 685
295 287 200
630 427 555
1242 313 439
1004 1282 671
795 1277 167
1141 256 815
770 33 259
92 644 134
1057 505 22
478 344 425
1291 504 629
261 455 273
157 1224 793
357 315 446
207 1168 330
1193 41 256
649 932 481
1290 210 941
1048 1175 810
1086 785 890
561 129 69
705 703 459
1355 577 135
961 212 74
1110 877 315
950 1229 858
315 1256 744
585 117 924
200 721 789
830 444 73
1168 1123 154
914 506 76
763 541 186
55 1154 488
962 468 571
938 683 -6
1344 533 422
827 1244 889
313 1211 912
567 881 784
588 1110 652
1244 1329 217
419 280 887
367 1347 840
1146 798 981
248 815 268
283 770 408
990 360 846
1259 94 678
1153 1222 0
633 1337 877
674 250 139
640 490 555
1268 528 404
89 690 705
1134 784 839
1220 912 748
458 1336 932
1316 191 371
647 1102 682
1001 794 911
1344 1164 877
958 1260 949
116 1167 961
109 834 505
710 121 442
686 179 101
967 879 849
163 225 131
934 682 770
924 1330 575
1091 804 95
1183 363 325
630 1163 195
534 385 174
1169 209 36
988 996 845
342 271 812
922 1268 513
857 1282 779
761 507 935
687 1160 620
240 275 230
177 365 467
296 207 249
126 1313 868
1051 186 336
309 1007 848
1234 320 752
1307 1232 771
981 468 233
589 1267 75
23 606 511
365 551 160
325 492 487
844 459 696
325 438 857
1059 885 368
1042 1153 754
8 468 60
817 628 862
866 511 390
621 1345 964
1174 1320 116
301 531 373
1020 259 435
1243 906 658
432 1070 62
993 896 41
1139 144 661
362 640 720
828 180 13
540 381 966
780 60 707
1333 1255 99
498 170 900
922 1035 119
1210 1007 853
1328 653 1000
461 453 375
1292 373 266
194 620 590
1083 571 638
208 430 43
256 806 433
427 1347 57
993 1366 426
370 715 62
779 598 239
967 89 662
530 947 895
469 1011 627
552 1361 574
245 347 91
1245 188 410
1259 557 235
402 1339 484
718 1063 822
97 865 125
600 852 422
528 1097 169
1077 171 269
315 957 972
1192 1274 367
650 87 905
688 744 125
672 383 482
512 579 820
1192 1275 -9
438 645 559
1042 1022 728
663 1282 924
957 727 782
1266 949 984
1092 420 212
1306 921 415
1358 727 238
1276 940 230
79 100 962
362 670 588
805 291 140
644 1147 637
108 568 550
879 463 275
604 757 627
1268 89 864
447 33 140
1316 714 687
389 507 259
1149 735 699
98 913 335
1255 914 965
1141 1036 337
27 365 212
384 570 734
382 937 789
123 905 426
204 582 35
530 753 254
1247 1109 15
1060 442 551
939 653 31
1084 66 251
909 62 837
755 1248 912
791 1009 676
876 773 363
446 209 762
1142 771 784
1305 402 759
514 1184 706
1016 387 9
1286 416 392
1123 972 172
160 1031 705
1186 688 657
1208 477 647
554 967 535
58 611 400
257 344 819
867 720 443
1171 659 868
904 1344 356
349 390 964
673 752 810
1165 1047 53
26 354 937
27 592 948
1152 1328 900
216 1022 281
712 138 552
32 925 936
600 152 793
158 48 298
386 999 247
254 837 473
310 969 859
1138 201 711
761 77 713
230 646 691
1032 982 262
1284 1013 689
337 599 622
847 1026 -8
1314 1024 126
1254 864 944
1366 679 461
579 335 505
851 613 575
989 455 966
1059 449 379
259 54 422
944 490 211
594 409 285
334 405 137
920 90 760
499 882 669
910 94 927
329 955 688
1249 803 474
344 1088 275
861 565 645
462 164 716
591 936 176
52 289 353
1235 618 248
483 19 377
894 621 213
528 1143 293
460 578 390
1037 169 200
63 1254 -10
491 419 195
65 241 387
150 319 828
1049 626 133
1148 1085 970
1339 929 462
794 830 500
695 464 163
1248 841 500
1004 748 62
1049 641 164
645 674 641
1299 487 296
1349 394 405
838 869 144
1059 277 141
339 297 474
105 1273 41
626 652 977
1336 1181 254
97 677 378
271 447 809
1283 117 44
1163 1327 326
963 1110 593
936 166 237
25 367 248
1135 1169 33
381 368 891
605 745 588
434 1152 591
333 706 825
968 1044 775
1088 1349 789
31 241 950
963 336 316
417 1057 480
49 779 116
381 119 333
441 619 967
1086 267 145
204 996 909
271 943 571
470 611 294
957 1027 986
118 489 941
1131 53 646
758 730 224
1089 350 811
246 203 687
798 18 703
1260 1062 811
788 449 131
522 1249 813
773 658 997
111 881 46
245 676 918
668 560 356
44 1084 808
891 841 796
806 1230 32
549 178 373
1234 816 404
1338 645 384
821 1090 446
750 327 687
169 813 451
1187 983 813
1051 493 141
1228 759 525
655 1045 244
535 413 688
870 87 775
1190 881 166
169 1306 327
500 676 228
1 511 278
1044 1329 763
262 535 810
917 1102 40
586 800 800
595 1145 600
1251 1241 31
973 710 865
434 472 119
574 78 739
867 572 101
346 292 146
27 1206 774
561 652 -6
533 1152 668
1057 891 827
706 907 875
973 1275 263
442 495 16
911 1178 0
918 1222 968
150 242 377
823 1182 534
1031 322 752
1169 624 913
392 188 879
1364 1180 873
461 1271 547
761 300 575
120 500 387
879 1096 278
702 1182 72
272 1265 700
1103 545 196
906 115 141
14 122 135
923 592 27
1223 824 464
567 241 279
1012 308 491
688 376 110
151 216 932
375 970 274
7 945 294
1054 639 503
1350 898 302
51 813 392
1344 1116 299
242 310 570
1112 20 115
1325 393 456
127 571 44
76 401 359
641 729 954
762 831 68
1058 832 54
906 455 -5
831 1281 127
627 1169 822
854 209 -5
884 317 946
907 1015 878
607 424 188
469 795 288
345 763 103
761 200 66
144 825 874
792 1034 610
509 916 744
152 1102 900
457 425 18
759 175 252
575 810 591
55 1228 97
647 242 315
329 1102 920
447 361 573
1224 1346 551
85 172 669
1203 1343 346
492 518 718
604 782 403
394 1319 162
564 509 686
34 155 606
241 154 629
1184 578 947
670 666 231
18 935 41
791 1231 549
1142 1266 632
243 644 388
37 479 233
1214 289 403
417 1215 539
1204 1289 367
987 563 252
666 1118 102
1214 491 928
464 1312 17
983 402 101
494 1027 97
813 967 80
1313 786 526
1276 106 383
933 437 77
783 442 386
998 26 426
1337 228 62
46 195 696
546 261 821
1034 1005 149
977 21 -9
1269 689 568
173 1007 295
895 898 873
554 790 778
714 365 129
152 269 132
1321 142 956
1197 581 454
1042 1170 337
183 133 274
41 40 442
572 429 945
1134 628 553
877 926 826
999 971 558
352 1283 747
1 1189 666
30 250 489
401 1234 270
837 1013 36
36 730 715
1236 787 62
507 1236 64
419 666 379
186 1354 169
1068 347 150
22 266 257
590 798 764
1077 1032 282
469 594 621
1180 479 82
937 736 714
761 197 662
926 316 700
817 1071 103
122 1365 567
1326 1326 569
401 1075 786
131 891 290
1108 204 833
530 1305 465
1314 725 -5
221 1160 685
84 1094 759
885 6 855
40 68 396
463 700 58
908 836 769
737 740 -1
591 1045 786
465 503 797
1318 1066 829
537 294 361
156 685 471
184 694 292
1079 40 237
604 396 233
510 249 71
240 324 476
404 247 975
693 814 670
815 277 984
812 1116 941
7 698 325
371 1014 479
775 317 648
214 245 652
530 1333 284
538 542 106
929 10 793
482 1352 234
295 1287 163
113 210 848
360 968 29
1008 67 677
1030 836 802
1219 438 484
330 279 495
746 850 436
1282 1073 943
177 410 119
153 764 773
875 431 246
47 643 379
887 271 31
1240 872 36
1243 624 883
778 251 856
507 143 614
465 422 688
232 878 786
1218 1359 975
884 1034 998
414 278 577
513 576 335
335 1313 878
101 473 -4
541 1124 129
959 721 227
1170 1286 761
311 459 210
520 84 90
667 383 515
105 1288 7
640 1282 295
1313 1084 706
408 885 507
572 726 483
780 1217 934
1363 1256 185
141 194 458
381 442 8
752 181 348
398 909 729
60 1189 319
1042 410 168
475 1022 966
791 76 444
337 195 391
457 305 514
222 691 156
279 1247 744
246 967 -10
1176 217 280
1029 1214 844
1021 140 29
422 1183 893
520 460 13
8 311 212
272 226 742
1115 461 636
371 623 994
444 653 345
272 382 944
610 1286 982
742 1316 167
50 407 44
338 1363 545
1140 312 185
513 1237 523
585 724 339
509 1220 716
242 1044 242
1042 838 72
1033 973 319
283 1339 445
472 935 304
1126 237 188
898 1060 964
962 881 922
1101 48 931
324 268 388
971 757 521
615 504 8
1075 580 320
487 615 504
884 827 783
72 654 12
870 1255 263
16 1214 824
685 816 268
576 967 191
623 9 376
1250 768 769
365 17 462
519 375 890
624 257 956
977 583 738
1284 683 935
623 953 605
965 680 121
1305 885 58
117 459 675
413 1014 664
722 604 350
563 225 509
467 202 317
588 1101 917
1333 821 722
940 456 107
1150 556 513
830 1342 596
1234 1225 922
1261 692 453
1357 1026 698
57 424 671
975 893 495
1270 897 821
551 1325 295
227 952 18
582 289 657
1208 601 242
262 776 33
343 310 991
368 743 440
400 694 289
1160 1174 794
678 733 684
662 323 492
164 1335 930
81 1357 442
581 950 -8
416 447 975
587 121 625
472 1279 15
819 972 934
440 240 384
953 1300 535
370 1114 19
1044 600 625
851 945 834
775 1116 342
463 1338 497
537 41 103
799 1207 854
1245 1029 982
1059 728 793
877 356 892
1190 839 409
160 792 217
470 245 958
536 786 92
1249 473 816
945 329 158
583 1137 775
437 944 91
991 1103 823
382 1356 376
6 446 771
66 126 980
898 677 424
711 82 463
909 971 161
304 791 331
336 542 933
907 346 544
1222 1178 577
143 335 157
662 960 991
1016 318 66
147 1303 869
1295 448 145
23 494 113
403 1294 329
734 1265 59
471 17 942
41 433 114
451 1254 923
220 486 858
30 621 634
616 906 393
232 830 676
1201 578 804
796 262 698
1105 1271 250
1312 305 108
1040 215 78
254 332 962
445 149 783
274 1049 551
1218 1219 447
65 958 34
510 237 811
1297 994 43
7 999 139
898 721 6
1234 363 650
1048 746 535
232 1168 525
592 1088 716
548 847 845
1124 147 456
86 701 934
134 860 328
769 968 459
320 747 127
63 337 617
854 777 3
825 656 249
36 744 735
764 507 950
926 1112 538
956 858 906
169 1349 413
1 70 470
1000 934 664
53 818 444
1068 182 214
118 383 504
657 412 832
257 1104 49
906 1239 372
1009 479 343
49 853 284
170 525 634
287 847 491
613 370 800
1146 169 418
33 138 875
1213 614 136
1140 1209 36
211 813 434
690 108 36
458 23 580
629 1202 100
368 1159 21
1270 103 25
1218 502 750
95 1334 74
145 184 903
1367 506 152
907 543 29
195 1302 486
174 1349 117
796 1222 129
1304 603 447
802 144 -7
995 593 919
1025 714 735
1077 71 41
243 763 381
1113 468 802
1130 1045 521
131 753 114
508 150 351
280 175 85
630 1218 880
479 708 292
609 1247 997
392 1350 815
691 388 343
508 256 355
76 538 128
433 309 45
786 605 302
1055 693 531
937 1293 116
437 542 875
1093 299 893
44 1085 59
53 1190 178
688 741 341
1070 346 95
781 178 319
385 977 427
848 1300 726
643 269 335
697 769 896
723 655 553
262 1145 739
93 674 152
123 165 380
863 289 793
199 231 531
552 31 7
198 336 256
20 276 235
605 817 946
967 1169 534
365 1231 26
683 1210 193
115 358 299
912 168 425
901 251 843
110 1120 681
947 807 802
847 155 802
365 1099 108
284 172 246
848 959 296
1284 33 144
912 434 888
410 1059 625
51 848 246
722 955 503
571 869 838
640 752 924
220 998 553
1053 164 696
602 417 509
755 1137 7
349 455 208
522 736 250
1139 518 364
356 1333 730
875 537 139
1318 1317 59
1034 796 590
549 571 930
96 820 747
579 802 222
858 581 386
612 159 970
651 735 386
1317 831 523
508 529 549
1263 1180 839
1032 810 214
1129 991 742
200 874 269
445 541 61
33 139 706
884 1015 903
403 579 602
356 20 686
1307 727 738
346 1224 756
287 970 190
135 1357 763
636 952 572
755 668 18
740 604 550
156 997 631
395 1168 -5
1021 179 656
2 946 186
531 870 197
438 648 571
2 521 770
835 605 156
337 100 740
437 325 468
43 181 638
940 452 503
961 1234 75
1329 739 837
799 250 100
929 1212 168
1098 1114 234
1257 1048 978
1291 932 114
367 735 174
346 696 737
565 687 486
1110 1180 288
68 1229 894
451 535 106
1317 1035 489
713 859 54
375 719 639
1120 332 434
1099 858 586
337 1361 620
153 977 750
622 1188 581
337 30 202
144 282 759
483 722 485
441 1264 971
651 1026 451
252 669 560
1221 542 945
192 658 524
304 441 324
525 1317 265
1312 119 934
111 1177 848
72 551 391
290 349 924
638 646 770
824 806 655
1079 665 104
323 259 305
1254 134 394
1178 594 165
151 686 -8
608 212 463
977 1103 53
1312 620 142
929 111 751
522 1105 287
152 7 391
243 1342 441
972 1080 476
733 814 299
1013 689 295
1139 668 143
1243 834 458
733 518 906
756 283 303
1087 894 479
409 1294 422
835 222 118
266 108 128
293 562 5
470 548 387
1333 784 189
476 342 779
302 1165 293
703 416 961
153 599 708
1205 1256 428
377 935 40
678 1085 912
220 1215 245
994 1043 181
981 663 624
694 1275 21
1289 643 951
932 678 98
827 1261 74
1253 731 169
717 1079 216
1189 40 240
1008 1002 946
987 1044 672
956 628 630
1149 706 939
978 579 653
267 465 488
743 501 809
950 729 717
874 877 402
1007 272 760
1250 92 387
1188 602 242
1182 470 567
81 108 116
46 262 452
983 1229 554
790 1151 955
749 517 194
147 1035 633
345 176 629
1159 1246 679
774 135 72
1033 1359 234
367 682 821
820 1072 903
377 897 429
458 1088 658
144 691 320
1 1084 952
1219 451 608
907 757 843
1315 1172 639
1053 406 327
545 217 951
296 390 193
157 779 869
857 1048 43
963 22 962
1078 625 255
1320 751 721
1005 693 120
1160 1168 131
1238 602 391
65 84 179
1336 894 0
1276 533 183
229 1362 275
1279 458 715
1095 87 171
1175 835 422
712 948 686
964 398 621
347 1329 773
727 351 36
879 1030 128
190 116 175
168 646 361
567 277 692
584 330 981
26 561 797
289 698 352
953 1251 41
307 787 595
1318 972 268
1245 1255 348
153 1365 10
1034 413 319
391 212 952
1297 243 939
1076 347 988
114 537 940
1281 102 249
1061 1036 993
283 728 40
668 1301 564
330 1238 833
308 49 693
435 134 219
796 79 30
937 1312 325
715 1102 732
952 698 450
1265 62 394
905 680 402
327 211 713
839 469 29
451 425 383
1260 398 805
1346 875 387
1043 1286 458
672 229 56
831 521 710
654 695 14
755 811 272
742 832 -10
705 78 916
487 1072 82
1010 1203 172
263 427 981
1178 1263 25
1320 625 504
1165 39 321
877 667 768
408 832 621
970 557 818
837 1276 602
323 150 489
455 508 -7
333 1042 514
569 1093 621
1269 194 27
399 1337 519
817 1139 892
1052 785 277
58 823 121
1010 922 64
1276 522 468
754 794 192
198 866 130
216 268 644
979 47 -8
406 953 333
724 996 47
1256 444 613
626 1134 151
895 834 551
642 1184 274
90 1006 160
365 1341 607
1278 665 607
731 653 63
243 691 417
404 980 849
1209 36 70
1293 24 153
549 97 639
427 1122 955
839 911 242
761 218 351
178 93 92
809 104 363
409 1149 231
234 368 218
1195 52 275
489 1269 406
655 380 612
926 829 411
342 1111 636
757 716 208
1053 129 650
424 31 570
190 218 219
571 795 420
855 680 238
171 848 323
709 246 125
94 588 208
245 483 731
590 276 178
881 1365 208
133 1096 383
1307 753 601
1245 127 140
731 313 375
637 673 419
1121 923 372
6 801 119
619 435 738
80 255 879
1259 915 739
1229 1059 665
173 771 273
138 1253 527
573 922 569
1141 1274 167
798 1210 604
153 64 229
252 276 30
538 1119 324
60 532 385
703 935 77
1295 1082 583
1068 1242 994
645 534 367
1047 420 753
1073 955 500
249 1235 449
624 410 486
622 181 623
1183 315 430
349 119 544
247 464 645
1060 1089 822
641 341 505
1296 95 996
732 776 735
1204 1118 144
3 310 261
6 663 557
793 1089 304
295 1222 366
1361 1070 419
973 388 852
94 578 221
1303 1319 64
677 838 824
429 315 553
181 8 992
1262 1169 352
226 478 263
370 504 769
696 806 591
678 1251 362
950 175 306
686 553 282
365 712 78
1161 697 557
1205 118 843
159 382 67
1314 826 557
1238 543 566
820 968 112
1184 1197 159
503 457 928
809 1340 902
807 370 941
1277 896 686
147 1161 459
471 318 73
187 337 602
1290 633 162
338 123 964
853 896 671
1181 293 854
334 729 108
1076 64 568
1164 753 327
466 381 369
239 8 999
77 541 176
465 1293 760
460 556 731
1011 1225 950
1300 1079 878
61 942 764
349 468 346
98 508 298
434 350 904
898 874 723
906 335 255
513 410 212
1212 1109 621
613 66 707
368 340 145
290 868 714
1018 804 122
998 1133 696
171 740 363
110 918 414
201 721 644
872 325 601
504 459 861
707 872 495
117 833 128
1210 1074 158
1142 967 582
639 1292 882
1116 608 670
1156 1182 109
109 1032 706
764 817 140
207 1320 161
899 138 204
703 760 361
783 366 373
82 953 694
841 1129 573
797 633 923
94 921 909
728 364 -7
42 1255 254
1341 1084 678
839 246 401
509 560 174
1328 622 628
682 489 148
61 1305 17
805 1065 129
537 820 355
443 999 486
1079 154 626
71 923 282
571 621 418
505 435 343
777 593 150
388 351 549
904 787 654
1218 1094 230
263 110 178
751 424 738
1327 648 10
1104 627 665
1088 1145 966
786 1320 330
589 1146 70
113 797 104
258 1067 360
961 160 730
330 1077 637
671 1127 635
1209 16 513
219 1340 763
508 581 747
1128 1047 547
248 324 458
961 1093 754
488 453 535
852 344 184
442 132 167
261 1316 273
769 159 119
309 1125 937
901 606 186
1060 1020 524
956 803 239
831 489 302
941 20 914
345 978 848
228 568 297
892 645 89
695 784 357
1081 844 794
778 1132 615
860 234 887
279 820 -9
852 980 130
775 721 775
1305 1087 368
1195 199 41
372 227 151
1183 1034 116
669 780 535
1363 430 794
368 627 699
322 958 24
1349 961 189
214 907 93
223 181 701
1355 1180 32
754 976 840
1213 1218 305
879 1032 854
115 686 835
1190 732 300
141 564 889
964 915 996
351 1155 99
769 1281 909
188 1191 522
815 947 171
928 779 446
454 679 223
18 596 846
1324 721 753
1333 847 861
461 1251 835
953 1021 60
1069 611 913
671 1238 774
90 814 41
640 435 623
957 452 555
157 76 160
669 636 773
1212 394 425
951 1101 601
325 1162 318
1162 594 523
317 313 434
65 767 303
1154 873 820
1009 658 404
1188 129 467
1134 780 561
524 433 489
1158 1054 -9
355 629 851
1100 1261 267
576 1069 173
289 234 362
721 976 485
528 1286 715
297 960 897
9 678 849
42 734 309
761 803 648
907 313 144
829 157 469
930 1211 65
1255 216 801
458 1319 28
1188 901 328
1296 486 936
958 1215 431
417 365 328
103 935 114
57 20 784
952 393 621
103 1030 786
886 313 280
832 1319 568
1059 384 457
939 567 272
1008 1087 231
791 1249 48
474 563 316
467 378 540
388 730 996
619 913 741
1241 228 994
1187 204 48
1296 852 207
653 36 123
26 1301 83
988 372 856
313 818 750
160 822 170
46 830 780
732 1062 952
107 787 960
695 792 722
159 145 291
153 1222 381
101 482 475
668 261 244
361 1126 152
198 372 134
506 482 333
204 895 361
1160 1176 966
449 213 981
977 365 588
96 398 683
206 553 403
19 113 268
1256 943 239
1071 1315 951
1154 1062 640
824 69 620
588 1182 374
310 958 582
1104 449 188
1132 724 505
1157 1199 171
1101 1154 228
1353 373 486
1210 272 211
327 271 725
719 990 466
812 1286 997
82 1258 693
643 1224 297
317 607 394
516 1234 159
681 853 222
1106 717 308
470 1122 226
7 356 698
897 789 486
1241 13 525
973 850 369
610 1072 185
722 320 523
424 400 439
284 1226 589
305 619 792
1083 259 931
1013 76 834
490 250 529
330 491 744
484 178 308
12 1001 361
1049 1289 471
423 829 287
820 18 251
789 948 411
1242 346 610
845 480 248
493 752 116
588 507 10
498 987 837
462 1037 923
864 753 136
994 1100 626
168 856 491
942 344 285
1040 46 922
79 584 428
26 1126 788
294 162 907
1174 422 974
838 963 568
77 1269 129
143 462 935
530 117 415
1304 1362 660
211 379 780
126 632 965
1294 456 236
729 1080 157
614 175 951
1001 1014 808
644 1110 560
1092 401 14
118 1195 809
1131 1181 193
953 273 615
476 391 962
1198 1277 872
1139 230 727
168 1264 884
914 306 290
327 1348 286
447 132 27
350 263 959
1276 718 369
1133 617 792
565 1076 837
38 81 995
1335 208 156
780 1069 537
511 1355 855
1005 121 98
397 891 471
1061 169 282
40 294 98
1163 14 788
468 343 869
855 76 286
198 1257 877
1051 462 234
705 314 797
696 1113 406
1186 590 29
1240 1235 681
1209 790 286
241 612 797
1306 1132 534
1217 690 220
349 1213 113
381 316 163
268 798 718
715 1367 365
1242 545 870
872 509 195
1198 507 938
446 922 615
515 1156 91
826 480 87
426 240 361
691 148 917
1306 1151 41
839 1272 104
1128 459 429
1323 1261 629
715 188 336
291 35 594
94 903 735
971 351 583
697 51 329
856 1114 53
317 986 48
1327 868 916
1219 21 311
261 1202 513
330 540 908
1221 820 450
571 276 888
1228 663 391
776 1006 426
482 1288 305
220 1179 90
1269 600 617
941 41 419
1071 970 84
923 846 961
842 1362 891
1101 204 904
184 280 963
1287 35 777
632 1072 846
1044 848 484
957 757 894
820 129 944
161 1272 259
652 864 81
475 725 18
1152 211 126
1234 1311 993
844 294 924
467 664 887
896 237 951
1177 391 385
149 1051 93
645 770 518
546 1105 294
913 560 377
29 1116 29
133 966 78
1072 181 760
142 1092 216
949 157 477
1295 904 277
948 108 460
276 970 949
463 524 152
290 326 719
120 571 772
430 893 285
438 337 193
390 553 985
420 794 423
30 747 961
1203 3 49
930 451 279
865 642 268
664 278 74
621 468 534
723 169 65
1042 1049 703
42 1017 300
1359 401 899
61 434 985
1150 484 9
645 1173 48
1020 73 605
828 983 969
763 841 417
563 1043 441
729 1309 495
950 898 782
696 188 621
626 517 244
66 659 433
950 861 361
1051 348 382
1310 1145 895
66 672 980
1109 617 385
351 494 588
1254 1115 513
596 619 665
1082 126 877
313 92 817
1191 704 136
613 412 117
1231 174 242
595 923 862
1105 51 683
380 1279 807
53 1312 60
565 471 523
37 1238 82
1182 322 241
355 792 878
575 1085 648
908 394 211
539 733 305
961 1239 766
1108 745 608
223 908 37
933 402 207
1334 1157 850
417 295 780
14 1322 738
174 1029 257
444 477 208
921 168 56
1215 645 631
356 395 185
257 355 397
169 779 336
594 982 665
997 1314 96
384 168 562
71 463 216
567 372 589
93 810 949
77 380 297
204 522 925
1179 251 347
1052 1296 247
235 310 310
1220 40 974
1014 1079 247
520 790 188
1336 297 0
256 1321 987
1219 697 543
389 621 7
364 780 589
1264 728 332
1165 246 996
221 1273 342
651 59 212
725 811 805
995 648 805
374 493 606
98 1022 31
517 1323 628
1307 25 992
333 542 941
674 1149 54
289 1264 508
646 743 211
905 501 982
1033 306 653
35 1363 227
1361 428 602
13 656 759
226 1180 769
1286 1301 806
697 148 862
189 817 826
586 791 437
459 973 129
834 1026 483
803 702 502
877 658 56
989 763 574
149 1034 959
1116 1044 235
1292 502 290
1111 498 106
1161 1178 220
1285 810 118
70 748 939
933 861 744
245 277 772
231 732 422
589 60 539
786 365 289
315 978 588
1121 1060 66
848 155 405
153 1137 10
604 1072 257
143 683 452
902 923 668
798 254 90
1184 318 852
1261 1185 626
963 987 767
1130 107 618
756 60 715
1323 89 571
1231 1149 322
38 683 42
408 945 407
541 1002 244
508 759 33
160 95 926
970 1014 273
1174 1242 966
338 1052 907
841 759 490
991 767 542
54 752 959
37 1135 284
749 1224 924
1164 893 714
1185 185 407
798 555 516
430 252 662
195 1060 160
1311 745 712
790 323 504
125 567 236
46 878 885
22 548 567
870 1035 962
956 386 213
129 278 -1
42 735 570
1232 608 402
199 346 369
491 1337 26
1086 472 459
781 470 880
628 1219 926
1190 522 456
982 1188 176
145 674 261
297 584 257
1 1109 638
1143 458 62
267 810 361
1281 204 679
59 1067 495
972 476 557
361 1283 536
430 1303 454
1067 193 5
213 1151 989
441 805 440
630 12 794
501 640 934
389 756 812
593 847 -3
116 864 92
157 1018 971
741 1267 500
240 227 323
540 279 256
533 678 469
653 511 728
71 601 946
473 771 557
155 878 822
619 1019 356
508 620 206
1163 565 832
956 387 120
813 1175 483
44 429 258
1336 229 32
1026 899 647
46 683 583
730 1153 155
69 367 488
759 227 659
996 750 152
697 957 603
1354 1319 779
323 993 501
1012 296 160
1362 677 273
808 6 602
121 14 235
448 1216 416
347 1336 264
231 772 29
819 985 771
275 293 64
1193 1256 409
835 614 697
190 589 513
978 1049 749
1352 3 698
430 891 933
18 128 295
891 1212 295
816 262 509
702 737 769
773 924 596
757 1105 86
848 1316 860
865 608 884
554 234 945
1135 888 124
455 1008 268
37 961 128
267 1064 553
243 588 941
22 886 646
1196 531 147
757 1062 153
1094 1110 587
1038 612 725
451 1293 162
1144 580 923
631 1185 905
299 563 387
1070 207 878
970 352 4
480 1110 774
1336 1151 613
980 44 125
1272 546 341
398 1318 988
1027 1003 893
177 801 754
507 1138 966
841 1142 333
378 957 285
645 610 56
832 448 204
27 274 763
878 1340 118
240 824 840
1113 1245 231
1266 442 538
831 715 246
367 1326 921
1024 792 688
213 458 804
540 235 29
266 1292 25
253 676 474
478 314 98
1031 806 9
73 987 747
64 1097 960
824 199 935
836 637 865
150 849 274
46 1217 359
1349 1068 306
844 875 910
738 400 196
932 1014 730
297 295 336
474 611 92
689 57 906
597 172 699
624 629 864
1283 58 412
479 595 4
101 283 33
1142 588 952
1125 726 480
966 732 915
412 647 914
824 450 668
1221 237 745
1247 536 554
1200 698 217
823 789 17
1108 594 613
417 279 417
642 274 426
1311 771 289
582 362 471
1172 453 282
380 31 465
1287 819 416
468 317 151
1033 669 85
1098 457 810
382 34 705
3 963 317
1199 722 839
363 279 201
359 1329 478
855 401 505
520 122 160
184 1057 147
1285 231 537
976 170 511
1285 663 958
1238 390 406
1159 687 76
340 859 94
562 427 316
457 1211 599
1313 66 259
409 334 825
1050 536 215
858 599 718
255 431 454
1065 1285 317
1051 399 118
768 1145 258
133 1184 858
1104 774 328
1065 707 772
1280 1161 281
94 138 908
769 113 525
666 233 678
194 901 430
1103 924 869
449 1169 857
120 886 570
973 263 210
872 997 469
79 1291 715
1249 999 932
1008 922 653
737 50 367
688 1059 683
144 1114 -1
144 1364 266
453 524 631
458 136 473
554 608 831
1133 1089 570
474 813 94
129 315 775
458 760 31
312 1138 551
137 147 582
1050 104 147
520 477 674
684 613 183
1194 104 114
667 401 346
196 1352 536
314 362 606
1020 4 571
746 385 184
252 973 823
1120 706 432
832 538 867
269 930 746
372 97 996
310 818 27
1206 1168 599
106 1240 324
1137 744 729
691 157 786
493 78 549
1006 1067 735
711 799 124
5 291 777
1146 1365 952
552 961 381
248 566 611
609 378 138
876 6 880
788 157 100
964 801 939
567 525 229
569 893 868
88 993 478
1325 861 524
1286 314 179
536 763 931
860 50 812
1309 1260 399
1175 796 523
346 440 339
333 664 567
325 597 321
1181 1246 957
742 334 880
498 418 97
101 913 996
197 1036 195
364 259 828
304 28 523
270 31 303
926 596 870
500 94 668
1281 55 269
474 749 846
387 1177 110
1321 1203 703
380 704 548
1210 754 69
298 1304 835
192 643 272
837 174 107
238 944 -1
31 520 875
1276 300 93
84 221 985
1284 588 538
735 343 870
1166 859 842
1202 337 755
269 1077 630
441 739 236
521 677 413
962 982 725
292 291 266
777 73 247
160 799 254
851 1321 725
861 944 102
821 381 50
213 1077 182
991 647 286
771 572 731
332 549 632
1227 692 546
502 676 267
92 1265 861
862 1324 451
224 158 695
348 335 870
607 362 388
74 611 684
747 206 798
1008 604 114
163 1042 465
834 1219 616
594 506 669
263 695 189
377 1244 34
795 803 981
29 1355 204
1057 556 64
1195 296 330
357 734 546
868 933 397
369 1068 737
422 850 100
1104 1355 917
627 142 525
609 1065 743
1055 660 931
658 1071 360
109 756 631
1236 1309 891
304 956 449
631 32 989
928 1330 697
477 1070 289
1007 1161 954
985 283 480
149 454 196
1290 340 381
1286 459 97
559 711 223
418 272 64
779 1005 774
698 336 88
1261 401 329
734 125 956
1258 439 154
1100 343 223
1091 838 28
175 1257 264
230 374 607
1297 894 945
421 1203 252
439 1077 732
1008 1076 704
761 1019 396
920 1161 457
599 181 563
728 1013 342
1193 910 119
731 906 367
1329 1031 89
934 1026 753
661 949 362
73 994 456
670 1321 9
7 377 398
169 1333 48
1224 679 108
1116 1029 348
314 392 563
927 64 190
556 609 406
793 320 799
285 868 868
971 721 729
1164 1265 896
308 670 215
1031 308 382
98 173 827
45 775 603
93 754 143
972 851 503
59 856 636
909 728 727
788 1074 36
597 854 324
570 790 283
573 920 371
868 451 826
894 1025 810
944 1057 896
347 51 719
1153 393 436
255 806 891
39 919 156
207 477 534
557 1114 148
956 778 733
1349 236 468
1236 872 431
640 40 1000
1281 1332 997
509 78 621
560 2 39
613 1266 818
1322 1156 288
958 938 869
450 328 399
155 104 28
906 893 168
1058 700 378
1303 1066 466
851 72 81
1036 98 369
472 1069 177
1326 1118 987
385 920 463
1177 1103 633
490 469 55
226 1085 751
618 956 310
142 701 762
377 1147 631
61 1200 764
1191 161 120
964 1194 582
804 1058 80
773 278 611
462 717 384
489 996 600
438 470 938
27 351 710
368 979 492
773 1076 802
380 1053 62
1116 1141 668
577 1202 811
828 634 80
60 641 869
192 875 351
103 1346 416
1313 875 436
653 178 995
475 1089 699
754 162 617
1049 124 683
549 768 134
523 1188 289
847 529 739
787 184 489
538 970 605
927 366 312
814 767 918
206 160 833
577 127 778
87 1148 560
568 1052 784
180 820 92
517 897 334
1144 184 4
144 202 310
983 908 338
723 822 822
305 125 395
814 333 622
1007 52 891
414 916 556
311 474 26
1195 376 513
499 1118 994
1101 235 630
1167 1316 415
979 1330 227
461 549 269
682 829 50
755 440 161
761 149 860
943 909 109
453 986 244
9 874 924
1046 968 508
673 961 631
665 973 42
498 980 78
1117 294 69
67 628 817
1227 1022 261
915 276 138
674 937 714
1202 1051 386
514 321 506
1158 289 629
1019 163 706
12 833 6
1266 107 978
1258 804 80
1351 496 597
1079 146 613
368 529 624
500 1047 727
935 545 433
823 959 595
11 704 263
223 87 947
383 1363 90
906 1038 192
867 1275 52
415 784 163
1089 337 639
411 113 602
76 599 273
718 1311 414
771 350 22
694 584 986
720 493 459
517 44 51
1186 359 469
288 81 387
1189 1232 559
1225 1304 194
616 873 589
529 506 960
706 983 240
80 959 592
509 1278 554
1030 1160 505
1238 495 739
660 744 105
80 740 411
1201 1316 830
500 855 427
319 387 571
523 1152 375
451 271 693
41 887 950
157 404 528
370 705 894
442 184 888
1014 761 75
565 291 965
1272 825 775
221 494 205
369 13 65
73 984 170
44 402 717
1092 1317 103
1364 88 668
45 1354 257
1230 1324 791
47 336 681
868 598 830
382 377 220
663 96 739
681 1068 544
1280 323 380
422 358 293
54 590 140
763 1157 534
855 271 414
390 380 367
403 109 421
466 362 906
467 455 715
1060 552 594
1333 226 884
639 1092 174
328 1127 522
455 546 410
212 1156 7
651 1299 232
899 286 386
612 44 -3
824 137 370
1228 170 194
277 963 290
339 239 279
323 1107 366
360 156 383
1251 686 994
903 994 849
562 1020 471
1232 1248 928
1333 896 596
802 1240 976
995 614 311
1230 51 555
718 766 641
1230 205 76
1080 187 346
504 426 480
500 1035 585
706 1105 785
240 738 254
1128 1045 40
891 264 928
99 410 932
103 44 202
340 1019 752
1301 106 632
277 1059 877
1332 1311 175
1221 1311 537
636 329 701
698 342 312
235 277 541
888 127 347
355 909 160
1235 337 714
135 168 889
1133 1298 401
991 1015 210
1080 1332 212
482 1104 240
402 665 80
874 546 694
356 142 522
1351 700 912
1038 741 136
170 942 802
697 1021 144
214 926 548
372 452 521
978 1048 142
939 265 614
227 863 970
1091 1332 134
161 559 915
1043 626 976
586 1160 630
425 820 744
419 450 549
741 155 443
966 1350 410
457 733 685
368 748 775
984 29 62
562 868 322
1170 488 87
537 253 528
846 449 434
837 483 139
18 1103 363
641 1292 158
732 334 669
995 1153 162
666 790 392
1117 758 660
832 746 539
174 46 715
735 891 425
359 528 570
1187 1220 940
20 592 985
24 1261 783
1290 447 580
699 596 767
407 605 48
698 586 662
1253 645 149
342 899 961
881 1246 1000
664 73 470
1337 505 675
517 652 520
274 617 34
369 879 175
1347 916 598
953 64 19
1014 1102 341
775 408 -3
661 314 518
225 398 611
989 411 517
707 1055 409
456 1017 291
457 738 317
276 791 965
372 412 597
676 1027 1000
341 1278 381
456 396 3
553 25 227
722 460 405
69 1289 258
170 944 606
30 378 512
685 104 283
1055 511 376
379 1181 411
454 1294 115
884 960 -9
1016 693 728
69 1282 338
1176 783 182
1348 1245 172
789 309 241
24 1341 651
726 980 69
644 856 425
1309 74 335
372 1215 937
1011 465 216
337 228 842
422 1193 664
1215 689 728
994 675 233
985 628 613
496 483 401
419 1344 808
376 726 710
630 749 458
361 1309 252
427 66 271
232 553 900
263 947 611
123 642 66
570 979 41
759 875 236
529 221 24
280 7 537
1100 749 612
1020 368 259
140 819 282
626 1334 393
934 970 586
938 990 459
662 485 708
712 1014 973
809 452 125
1129 1315 25
18 1197 386
1245 1302 773
186 1081 785
146 271 333
1244 732 338
856 28 326
462 626 365
1206 1133 19
701 1364 426
726 487 261
691 359 996
452 83 860
846 1260 403
879 939 440
915 1049 994
1323 826 621
297 1216 362
432 625 353
951 1132 505
289 1044 969
65 605 54
248 778 89
370 587 907
1297 570 973
817 122 264
935 519 7
1326 781 208
487 354 516
180 876 207
39 1083 959
968 310 637
67 401 707
572 273 168
379 358 393
1284 352 2
646 837 121
412 1321 690
153 436 120
228 1002 297
581 1123 119
227 1145 201
562 1107 770
443 1236 803
287 1310 -9
910 1234 419
395 519 285
711 511 961
878 1088 556
105 198 520
1114 223 326
285 804 991
1036 912 679
1082 145 552
316 487 407
594 167 289
707 27 485
680 549 400
546 220 731
82 1139 423
1032 1358 337
140 250 206
196 288 774
754 802 776
1054 1055 885
982 12 26
761 72 718
629 52 846
1325 568 772
1069 414 736
1285 1198 659
974 1237 512
697 953 437
362 620 851
1146 568 637
128 607 186
532 969 475
247 649 954
943 63 491
749 558 550
752 1084 656
218 578 679
655 251 -5
325 1085 740
681 1201 684
775 978 195
1212 581 834
1218 687 796
651 1240 591
1056 780 738
125 1050 237
842 14 312
312 1343 451
948 931 122
1287 1008 297
975 1062 352
979 1254 272
416 865 26
1011 9 452
157 368 341
568 246 148
924 1230 477
714 713 821
1027 35 582
26 1013 785
402 932 746
81 830 393
1204 559 990
783 965 699
689 568 917
1117 656 935
1045 1003 535
1243 483 138
742 456 64
857 127 542
1245 641 229
1181 681 15
1302 438 568
1135 739 76
1121 715 562
189 593 127
1106 536 750
492 862 348
1036 1173 754
1069 632 87
1149 103 517
159 271 999
698 70 641
751 938 255
1052 1012 431
1188 1267 733
502 715 65
553 832 921
668 1318 65
1075 417 720
671 607 339
1269 425 853
111 919 762
1104 967 948
1271 782 772
954 1120 682
369 86 470
534 998 183
721 244 451
705 803 221
927 136 608
554 629 286
150 780 756
797 392 881
686 29 237
1357 415 465
102 616 110
171 1214 103
1271 986 809
1343 880 865
297 849 812
929 1087 826
1011 454 875
924 470 321
4 348 259
735 1024 277
455 140 549
115 587 367
640 1294 860
1263 74 756
657 22 122
1248 1366 371
1269 1009 487
46 656 723
428 934 172
383 782 403
178 1243 830
1157 1076 931
1276 717 617
751 1139 468
792 559 789
1228 1271 266
994 1308 186
681 174 -1
338 838 497
528 179 27
1149 749 984
961 798 768
245 549 851
652 158 158
1331 428 92
1150 424 396
375 423 357
366 711 44
1195 750 843
543 488 59
499 865 824
912 295 681
262 653 878
162 677 382
1023 561 768
248 801 780
429 468 779
471 113 901
566 1182 749
950 1130 819
572 1319 46
604 1264 847
1325 1000 193
1039 969 60
1188 1127 402
452 862 955
640 979 145
682 895 499
226 544 381
462 381 431
1343 1282 195
585 280 331
112 198 583
261 226 85
1338 1102 403
768 299 103
605 1178 -3
841 413 356
1119 763 326
259 1115 294
860 943 267
224 1073 276
1153 35 254
666 272 231
1243 8 15
1340 1219 558
575 29 896
96 142 309
1122 184 204
184 188 229
60 594 90
1207 228 328
1103 888 190
618 507 253
1298 15 368
1278 395 354
180 1281 723
442 231 189
1232 367 992
441 633 864
430 512 428
209 345 844
586 784 233
831 970 48
617 364 391
473 91 235
1257 206 339
191 938 286
19 1168 407
1028 935 894
1019 344 478
1149 1093 121
804 818 162
186 420 747
205 257 598
615 1231 232
289 963 20
183 442 607
1034 170 352
469 356 840
913 1002 484
413 466 0
976 942 890
374 56 27
827 790 14
1247 104 148
1022 1154 219
419 565 351
643 1157 212
657 1363 629
98 211 87
154 874 898
371 945 705
1165 1090 874
75 807 419
1329 934 821
852 1246 185
454 868 390
513 1077 0
1237 1056 471
405 565 739
695 135 136
182 200 495
637 485 169
210 550 785
447 1339 265
1068 203 573
1301 1106 478
1051 100 184
1088 1273 794
891 952 277
251 362 175
822 1120 983
303 1294 463
704 1040 919
190 1115 300
205 993 100
24 276 307
1232 1362 12
650 1056 326
1210 838 57
594 622 233
542 314 187
1316 18 251
674 761 693
190 165 79
638 515 506
1068 87 556
304 445 612
1046 1224 182
1143 841 620
68 880 491
1022 96 46
707 268 679
1024 50 900
577 1367 230
440 878 711
1151 367 67
1220 892 792
406 1315 470
1082 1346 824
40 1101 919
58 966 740
994 651 204
249 994 325
30 637 430
1239 365 580
348 755 969
404 136 858
532 266 500
69 1316 262
698 626 407
896 511 976
552 920 86
1281 1081 882
908 1299 291
1143 295 847
368 819 26
419 402 764
925 9 773
92 256 793
67 870 17
278 880 961
72 1130 234
186 317 12
1007 1233 650
1046 605 584
35 1087 684
329 38 507
392 1080 651
47 741 151
217 1345 253
837 1020 764
815 442 761
373 368 769
939 747 553
1129 92 848
1328 149 260
627 438 877
280 80 386
546 22 89
1161 40 433
779 658 396
195 131 398
542 1295 539
193 1130 31
790 659 965
40 1351 468
1358 1026 69
1234 384 710
570 1048 471
295 920 28
37 960 457
940 960 576
1080 1299 93
577 1076 39
68 393 835
548 984 987
754 3 788
12 362 327
792 1059 329
93 1322 55
163 1349 88
1127 1171 7
1134 612 585
661 872 578
1194 93 979
760 697 660
600 1 515
913 755 75
1006 937 -10
221 352 576
1163 52 31
991 93 480
1128 417 488
816 280 607
817 1059 891
1099 23 924
671 495 662
222 1088 477
1314 1024 215
315 769 147
400 1166 498
710 178 818
195 162 848
819 371 121
983 1172 14
1191 651 951
1178 672 432
880 1164 94
1155 578 805
449 1257 258
677 419 89
135 464 446
708 1186 171
1335 901 354
229 1305 358
1212 670 782
107 1047 516
1127 862 274
271 286 278
1163 1325 833
566 536 209
1198 350 285
585 151 338
255 1063 152
313 551 720
884 771 295
827 728 740
1184 401 909
336 848 417
1348 447 709
943 44 208
994 1132 736
811 1226 992
1277 910 338
1042 720 109
1362 969 928
975 1221 306
1184 245 860
814 1243 614
808 285 850
871 692 869
354 586 639
196 561 816
469 856 516
558 1342 331
369 529 728
488 376 605
1064 1347 815
1196 428 13
456 251 625
40 1161 617
18 1140 851
203 340 87
138 886 332
340 832 310
116 850 313
964 551 592
962 1174 552
1353 674 653
1047 1089 619
1247 420 20
899 444 483
798 613 27
255 762 99
372 653 709
751 735 803
655 966 844
101 536 384
477 1008 347
1170 29 163
791 785 408
613 1082 395
1275 754 250
933 820 296
872 513 68
504 224 851
902 400 493
598 1279 368
822 838 718
1331 743 57
686 625 822
624 1326 485
413 587 81
892 1093 360
310 1274 730
828 76 221
1127 1221 135
691 64 688
32 1298 608
270 368 734
874 1331 354
478 314 797
698 585 803
530 1363 742
176 550 704
674 1000 486
942 1062 684
1163 594 842
178 395 819
1195 304 85
64 73 -1
444 1308 798
925 1198 325
275 425 609
9 1108 107
453 1294 634
800 64 340
262 785 949
843 583 930
1000 429 404
1186 1130 63
1253 300 343
784 276 374
168 733 529
1281 868 819
596 459 437
1123 1360 601
231 1288 378
503 1005 927
356 807 198
1021 1261 996
116 593 324
1221 1158 950
811 980 300
27 1263 790
1318 1035 867
635 696 892
1273 1196 91
1164 990 582
1209 552 395
825 318 922
1025 307 550
482 348 360
736 224 694
1190 1352 170
804 336 965
1228 1070 145
150 163 545
248 157 155
1333 290 27
670 1092 549
346 46 181
851 935 499
991 937 341
991 1303 357
620 1080 714
799 1352 371
786 554 918
1287 589 588
451 401 838
965 1190 483
1096 962 422
441 745 457
190 214 419
1205 12 937
823 1311 918
1030 499 732
603 447 694
48 1212 633
1315 747 447
595 995 988
1177 290 802
1013 362 510
822 309 689
1069 203 592
209 441 649
422 29 733
872 590 467
641 1112 835
286 1181 142
1346 807 234
933 760 83
1028 177 288
18 1180 643
199 1169 765
1151 1055 410
230 234 446
361 1183 69
1233 1130 676
147 1066 190
702 1165 43
280 772 787
732 709 534
605 886 488
488 432 146
95 772 241
1243 231 565
373 1216 340
866 575 383
583 446 64
1081 1110 766
741 483 354
952 1167 969
1240 767 717
1184 328 890
1204 1000 870
1101 23 228
719 1003 475
704 987 92
401 768 234
1100 1092 499
409 685 683
646 88 619
160 691 736
189 835 127
542 598 688
133 102 399
1149 41 711
574 761 378
1150 1327 686
659 678 745
843 177 141
758 403 750
48 1090 956
776 459 1000
910 1109 786
653 82 299
1261 585 964
75 74 474
951 159 948
896 729 168
1269 145 505
337 469 171
1328 275 469
444 1037 156
626 1161 574
327 344 613
898 931 222
1075 899 480
768 833 378
287 871 256
1234 726 984
505 634 8
748 1167 511
977 300 268
1077 311 443
1137 1354 116
259 239 495
729 8 683
581 201 668
1227 522 618
144 1259 589
502 251 710
988 1192 476
759 122 330
452 167 591
1299 1354 101
866 15 200
773 1366 634
290 1187 466
998 1092 887
1146 430 805
1115 214 195
1110 370 106
1349 608 574
457 517 285
519 493 485
358 496 835
995 805 349
501 439 32
1340 1010 350
1048 1103 473
693 367 649
415 814 144
587 842 671
1251 100 988
1294 1098 14
140 1113 18
1227 900 706
1136 313 947
1041 1076 697
804 352 455
208 1150 102
1031 36 255
121 179 890
1049 531 204
295 160 51
535 394 453
633 46 218
664 283 109
90 980 411
1177 1021 985
185 1336 454
165 950 601
533 184 875
791 1172 474
922 499 653
1205 210 697
511 671 51
20 1292 399
1258 759 895
1341 1301 764
1089 1219 33
788 554 559
1174 10 614
880 901 -9
936 442 672
617 555 522
861 911 47
542 1008 298
445 518 752
1045 1206 967
332 1205 371
1053 891 6
511 495 288
514 1070 951
699 1312 868
921 431 216
1220 854 363
45 430 660
248 1015 764
510 709 427
1299 12 365
158 916 758
344 275 46
519 305 255
102 632 711
843 1047 115
768 1181 846
339 303 133
674 427 672
1302 134 694
190 364 125
868 28 803
317 690 95
879 96 412
420 310 752
68 491 709
1164 392 500
827 237 442
117 1219 789
466 800 959
888 1328 117
1153 1168 993
721 841 428
817 270 263
116 414 767
708 1161 223
528 963 309
1219 1345 13
170 186 284
1312 88 906
529 686 167
198 1366 198
334 1212 652
774 1007 848
110 1009 404
988 880 615
665 1156 755
177 1129 828
897 1102 449
833 1109 694
868 1213 38
692 306 231
1341 456 715
866 792 546
58 530 228
672 1172 429
298 167 966
616 47 936
1148 195 539
710 1016 999
107 135 932
163 794 429
875 632 584
399 136 821
498 219 370
191 719 178
1307 168 822
1350 462 790
309 553 971
1048 640 85
70 1128 718
23 513 94
358 60 574
131 223 662
207 1223 56
603 744 952
883 1129 517
738 389 593
90 156 878
163 415 845
110 158 59
775 516 324
48 449 133
888 359 -4
1029 1071 845
489 482 26
423 535 190
826 596 880
487 820 729
1111 513 32
1177 171 885
464 1031 106
599 117 46
665 357 227
102 913 658
369 869 242
891 1266 -7
1187 1091 944
315 1228 663
24 557 793
1178 423 770
774 1048 368
1198 887 745
804 199 825
688 1048 136
634 667 422
530 504 321
499 445 720
1196 1112 508
1346 916 120
616 324 5
811 729 238
226 1114 505
774 912 962
714 62 476
141 112 255
392 172 669
76 67 322
844 82 932
1017 1108 160
318 482 475
1149 608 46
1164 1208 790
26 805 986
318 536 519
316 367 939
184 567 660
268 1003 124
203 1126 72
54 1129 414
993 39 627
870 533 891
854 1290 167
689 1187 929
514 711 437
724 1067 232
1079 736 946
95 247 103
137 644 760
1277 795 100
747 975 933
1034 800 699
270 126 129
1274 1076 180
1030 1120 816
322 665 434
808 220 111
880 17 822
423 653 497
1296 1273 547
708 545 178
649 1013 729
466 1297 648
1328 558 486
168 606 29
845 296 59
34 938 350
640 439 594
597 869 402
252 1014 185
15 337 718
1132 165 647
154 1330 291
897 930 853
465 461 905
1306 792 289
5 844 986
868 745 545
1355 547 262
809 268 763
191 125 97
525 490 341
925 1006 854
569 212 578
445 1049 969
1331 821 631
875 421 735
1308 1023 113
1135 784 101
872 1005 471
279 1045 660
149 172 252
1050 996 771
851 1128 573
836 434 -3
109 995 584
1093 459 853
406 367 820
669 1364 82
205 1048 352
77 93 823
65 512 841
572 151 685
1332 455 262
631 818 641
166 1183 968
41 830 299
170 79 328
334 721 886
1047 330 811
670 144 1
116 1105 475
398 746 958
737 409 533
243 541 638
1205 829 474
411 794 38
940 74 285
425 504 920
398 1152 430
27 536 143
22 1005 336
48 819 647
383 598 641
507 671 942
500 261 628
775 450 432
775 141 250
757 1270 817
904 1022 534
283 652 22
1220 928 722
774 713 507
1244 1213 392
583 1031 562
223 148 382
149 1253 74
749 357 956
1179 573 649
628 151 863
398 601 651
91 88 219
433 1200 961
351 1147 252
1137 1205 555
692 1087 977
682 128 712
333 1351 474
1241 96 857
791 1205 266
246 241 277
719 316 638
169 1008 453
534 294 589
387 1364 798
980 1167 699
564 1186 380
72 950 56
1030 1126 591
517 845 150
1127 349 37
790 1173 287
1176 598 664
732 756 308
1015 393 165
1073 705 297
989 308 426
50 310 213
825 248 703
877 682 227
183 1193 796
1305 509 482
397 455 515
1003 299 92
682 474 227
9 1148 405
741 1001 914
512 421 51
135 418 488
173 455 987
755 697 835
1031 1252 644
44 498 442
971 100 889
947 627 7
513 769 404
1178 917 381
547 571 443
1008 948 569
788 931 370
1323 1289 881
470 637 376
1351 831 407
575 100 236
1290 243 885
708 941 892
831 279 316
942 1129 480
1169 33 873
470 267 713
1212 1144 10
722 962 150
593 709 351
420 658 755
434 994 269
515 445 489
103 1075 970
1278 201 341
1191 300 491
366 811 741
1077 305 682
663 27 329
1340 529 639
213 1176 91
616 1276 784
849 408 469
224 211 370
1120 153 633
558 813 737
882 1149 724
1348 676 731
307 317 990
251 814 448
1329 1187 366
255 410 168
353 1274 81
36 40 850
128 1148 935
619 1186 110
901 29 793
812 537 920
1245 269 462
1160 1244 158
715 1164 331
160 818 530
330 567 490
478 1111 117
203 1053 273
1134 871 148
244 1279 85
103 1232 684
588 653 204
841 66 200
1142 246 637
291 273 430
991 117 400
1324 314 344
887 114 22
572 49 947
1253 1104 780
965 852 501
508 4 282
472 596 230
752 1021 737
418 155 332
1034 921 182
374 1050 615
322 645 -3
645 452 435
972 101 754
251 1343 450
299 1158 53
163 1161 210
668 53 319
978 318 858
261 269 946
738 632 358
734 434 24
820 1179 800
1086 101 563
814 710 180
1281 840 229
10 1240 251
1175 1277 315
786 875 346
1019 779 308
438 747 817
907 1352 79
357 530 212
1248 958 339
1028 396 652
74 278 565
405 1320 479
1050 1094 649
469 618 322
144 1041 410
1119 930 934
1118 79 681
916 315 235
899 333 450
470 553 379
160 388 731
1225 1279 778
710 427 753
1255 467 101
656 1204 340
393 454 503
420 162 836
774 272 101
753 1152 319
456 1087 592
733 42 607
603 1328 657
1193 734 946
978 529 551
724 875 378
932 102 808
1020 850 274
1015 901 429
572 1366 979
835 209 231
1074 1088 905
489 215 955
594 252 121
254 148 39
209 565 81
911 824 672
956 442 725
1196 1254 416
399 162 507
22 789 976
1023 546 271
11 510 794
846 275 464
1182 565 985
841 666 697
1070 849 342
1211 309 399
223 147 915
916 1122 88
1344 797 824
421 932 602
756 199 544
328 1073 619
952 1098 792
952 439 817
85 1305 993
991 1112 768
579 564 106
804 351 709
254 294 940
649 313 958
1176 490 592
1219 208 917
1193 57 862
215 1219 426
671 821 610
9 949 675
134 266 718
894 693 81
840 878 172
126 1011 987
469 351 555
1097 555 720
1112 1108 332
915 1087 703
922 1272 593
1179 1003 229
474 822 498
939 1037 560
326 137 844
339 318 586
1223 347 401
32 1064 536
433 896 592
132 1227 350
84 769 36
438 714 81
588 175 816
961 3 926
273 1012 74
606 560 824
1092 728 560
1046 397 806
43 123 47
731 1045 -1
132 633 828
495 1266 675
622 643 921
664 1207 401
386 1235 399
1149 171 110
122 1251 110
979 768 362
84 304 38
359 786 725
535 1293 719
1354 350 109
557 1272 137
376 996 503
493 346 707
764 26 697
1223 1297 518
893 458 774
892 166 576
590 697 837
848 128 45
938 1221 251
873 869 241
201 1301 62
1243 67 825
