500 500 500
476 152
208 238
193 312
75 363
156 370
250 95
24 437
499 451
61 385
398 254
465 222
162 344
296 88
248 59
360 221
446 144
118 298
206 117
25 36
263 317
454 12
308 357
228 486
97 51
480 226
224 414
13 252
165 185
115 321
463 76
237 130
89 141
6 214
88 406
374 15
247 167
483 60
23 65
119 403
343 267
290 273
314 211
202 443
116 475
145 359
8 233
159 362
188 380
258 4
487 201
37 90
369 179
442 464
443 8
95 322
396 477
468 68
473 499
10 168
214 339
282 121
131 80
26 325
146 439
90 303
219 332
393 431
471 127
279 457
399 352
180 471
386 495
226 86
305 2
99 278
67 54
152 177
196 122
287 358
485 184
179 94
404 166
479 212
38 250
68 242
140 330
295 73
375 92
83 444
242 366
7 423
460 148
133 109
340 237
301 313
184 64
178 266
366 353
276 428
14 404
84 191
44 249
307 57
478 96
234 102
493 383
74 204
134 485
361 106
256 402
349 41
190 260
304 328
261 67
411 378
424 319
455 210
215 374
381 100
1 202
285 335
81 175
394 240
246 274
359 205
109 292
415 164
327 326
494 314
66 413
142 72
395 487
171 302
355 123
197 297
153 16
312 132
16 213
18 449
238 55
192 355
55 472
148 257
452 338
33 365
20 458
70 162
320 116
255 467
418 149
209 441
429 145
222 33
253 134
300 101
147 492
324 181
189 139
170 277
318 456
221 398
2 448
456 220
341 156
430 215
470 433
158 426
412 494
417 34
163 135
204 38
205 244
315 157
358 172
56 61
332 290
108 7
457 243
406 309
211 21
373 97
80 396
271 356
160 490
59 349
362 248
232 84
157 93
379 280
447 217
413 482
121 271
194 291
448 143
451 432
402 450
498 114
107 35
130 196
331 66
29 228
244 22
72 323
397 419
467 255
101 216
127 83
65 159
30 340
103 171
77 200
28 225
124 229
273 199
297 37
150 420
63 70
249 230
492 305
225 389
262 245
423 286
390 465
167 405
149 208
257 39
15 264
342 18
391 462
34 165
306 140
422 331
3 115
11 411
50 296
251 81
93 348
426 415
425 129
21 155
71 316
278 26
139 484
53 25
435 42
436 194
105 425
19 91
236 251
353 481
489 56
500 82
85 343
36 304
323 110
309 219
356 188
453 300
241 124
229 391
200 28
288 247
176 125
143 29
334 418
154 20
472 281
325 112
161 337
76 137
345 50
135 301
409 354
42 270
230 384
440 394
60 223
346 373
173 197
31 104
49 52
218 161
382 307
439 58
168 232
313 293
243 195
488 474
104 47
45 422
73 176
392 461
449 417
481 85
92 265
35 43
233 269
252 180
155 368
254 294
212 390
419 71
291 459
450 79
370 336
477 427
403 253
183 187
128 49
239 126
240 183
368 147
385 466
120 279
329 48
136 31
496 429
444 334
106 87
377 375
459 209
207 410
438 98
57 392
216 446
317 163
198 30
213 190
191 372
414 409
144 182
289 108
100 388
275 44
260 361
137 206
51 463
445 435
298 327
437 346
185 478
427 75
428 282
46 447
335 500
497 308
364 45
270 452
354 170
461 333
344 119
458 118
299 480
272 17
421 107
217 9
102 382
441 138
110 133
195 261
267 371
123 154
58 454
5 150
91 142
347 158
316 246
265 74
166 386
98 23
326 491
286 78
220 178
283 276
172 113
284 131
245 360
420 473
138 19
96 239
466 236
22 241
352 438
113 387
186 169
339 198
328 479
431 315
348 275
259 434
129 272
47 347
112 299
187 120
336 207
52 483
351 40
174 401
389 489
94 146
387 496
407 258
231 416
203 421
280 306
292 310
169 287
293 13
41 235
182 136
474 27
235 377
227 345
69 24
48 289
125 3
311 218
380 234
408 288
310 259
469 160
199 318
337 11
151 227
367 498
321 369
363 263
40 151
32 311
181 455
405 285
330 32
86 493
495 400
371 231
486 430
433 381
111 262
54 153
266 445
475 341
365 476
416 350
490 329
223 351
126 1
27 105
281 469
376 488
141 440
383 46
350 342
264 442
322 424
4 63
484 324
268 412
64 497
9 376
17 364
62 407
175 399
462 203
274 77
372 193
338 192
117 14
79 174
294 295
177 189
12 395
269 408
432 436
114 284
39 6
400 62
87 99
210 468
357 379
201 393
78 256
319 53
378 186
388 89
82 397
333 470
302 320
384 10
491 283
464 268
132 103
164 5
122 367
434 128
401 69
410 173
43 224
482 111
303 453
277 460
