37 221 4077
13 6
21 92
20 103
33 169
5 141
27 182
27 109
17 191
20 199
30 157
17 50
3 109
29 49
29 165
5 76
27 130
28 24
36 32
2 145
34 197
12 194
13 158
1 181
3 59
29 157
13 73
4 209
2 106
4 72
18 98
36 150
4 13
34 134
4 144
18 140
9 57
18 13
3 218
33 141
27 38
4 126
31 181
3 70
27 104
32 30
34 136
17 181
5 121
5 206
1 113
21 33
18 144
9 8
20 194
19 4
1 146
33 117
34 218
30 98
21 175
34 19
28 217
31 128
34 44
4 6
35 6
28 205
28 39
1 5
13 21
27 115
21 112
28 69
29 147
1 129
32 28
17 174
31 140
5 132
33 54
17 52
20 72
34 186
3 57
30 186
18 24
13 151
32 75
1 105
34 202
5 169
9 37
36 63
2 179
20 152
27 196
29 22
32 156
2 220
32 149
36 148
1 33
32 150
2 213
36 143
1 116
9 178
28 34
13 123
28 76
32 33
9 123
21 40
4 113
9 133
29 139
29 116
36 89
29 212
21 157
20 119
21 190
7 214
17 116
21 2
17 147
4 220
4 12
1 99
33 5
28 2
2 78
20 83
7 179
9 111
30 45
12 10
28 193
7 216
2 73
4 118
27 119
18 14
13 165
12 145
9 53
20 134
5 111
3 13
9 27
27 140
27 50
32 58
27 5
27 135
27 99
28 156
28 47
36 90
34 163
36 23
29 184
29 210
29 153
17 141
30 35
13 42
30 161
7 88
28 71
34 17
2 108
32 36
4 8
32 198
5 202
2 75
7 202
5 139
29 7
9 68
4 201
27 160
4 133
21 165
28 191
27 177
3 184
29 124
12 60
7 12
30 210
1 190
20 104
31 11
36 104
29 190
4 43
3 176
28 199
17 85
7 32
18 199
1 21
7 129
28 15
5 72
21 79
19 69
33 176
1 45
34 100
28 74
28 86
34 151
29 121
12 176
21 170
20 67
13 188
3 105
20 124
28 168
9 179
21 6
32 44
27 151
32 52
3 128
5 219
17 106
32 49
7 61
3 217
13 186
1 174
4 122
21 141
34 10
4 80
21 202
5 124
31 169
33 214
32 180
29 39
1 144
13 120
33 42
21 143
31 180
4 23
32 176
33 75
29 38
28 54
18 50
9 9
18 108
1 211
32 43
21 209
4 66
2 94
31 50
21 96
5 151
21 176
18 95
36 108
1 218
7 85
33 62
32 102
28 174
12 164
20 186
17 137
20 66
21 201
30 15
5 160
1 41
28 103
31 166
5 41
33 116
33 115
28 19
32 45
18 55
9 192
12 160
34 212
17 151
22 208
17 69
19 25
31 193
31 218
32 195
30 203
29 175
3 155
33 8
7 119
31 178
27 15
28 136
36 136
34 28
34 24
5 31
36 175
27 32
36 83
29 172
9 115
13 127
9 20
34 152
9 48
1 48
33 190
3 213
20 162
1 169
30 60
9 135
36 135
30 33
34 64
18 37
36 94
9 204
7 213
33 57
27 168
18 63
7 110
9 150
9 65
2 90
7 203
12 22
36 131
9 128
4 221
32 124
36 130
7 125
32 139
2 99
12 157
36 99
5 8
30 121
21 66
5 209
13 178
18 51
18 197
4 25
12 177
20 40
36 125
3 149
19 204
32 167
20 51
2 30
18 210
34 56
29 214
3 103
9 64
17 187
21 77
29 122
18 91
30 57
1 142
13 219
9 164
27 101
2 125
18 90
30 9
13 138
9 39
12 19
36 122
18 200
29 56
27 211
29 92
17 47
7 181
3 78
33 149
13 51
13 168
4 205
3 165
21 194
3 110
17 211
36 174
3 154
27 138
28 181
28 131
28 210
36 41
2 48
3 129
27 217
20 111
31 194
12 61
31 152
12 29
4 109
3 95
30 187
13 214
9 130
12 73
3 119
5 106
27 89
21 203
4 157
36 53
21 119
1 133
31 220
33 128
5 10
5 36
28 195
31 59
32 125
33 9
18 15
1 150
13 125
33 72
27 162
12 6
30 142
21 115
2 1
4 86
3 153
4 19
9 177
2 184
28 17
2 127
27 194
1 24
13 23
33 162
27 147
33 148
34 101
32 42
18 21
12 115
12 216
22 204
27 25
3 193
29 127
18 167
22 88
5 165
31 182
30 26
13 69
5 46
30 44
5 155
27 183
30 79
32 154
13 70
18 92
20 15
29 211
30 155
4 193
34 174
5 130
20 108
18 12
20 69
12 213
34 167
31 4
37 6
21 73
20 27
3 15
30 123
33 92
12 88
29 111
32 144
28 83
28 61
12 156
34 118
4 24
35 69
1 19
13 124
31 198
20 2
28 91
18 150
28 173
29 110
2 206
20 196
9 38
4 107
12 165
32 90
1 155
27 185
13 177
29 132
4 182
18 205
2 154
28 152
33 216
30 21
33 41
27 216
31 85
17 5
17 45
1 107
30 86
28 41
33 63
30 131
21 142
33 31
33 196
32 212
27 72
12 28
31 32
18 138
28 6
36 179
18 10
36 73
4 169
34 12
30 102
13 197
4 112
21 187
3 56
5 11
12 103
31 103
32 109
29 135
20 203
21 43
7 151
21 26
18 213
30 206
29 162
7 209
20 11
28 53
27 19
5 218
34 4
9 149
32 132
5 39
1 6
13 122
4 203
1 193
4 31
20 175
31 136
21 181
28 96
7 18
12 201
34 102
2 187
28 43
27 85
4 91
4 81
28 196
30 189
13 45
17 18
17 24
9 126
31 186
7 128
9 62
5 134
20 176
1 31
18 9
7 101
28 133
28 215
1 77
3 94
32 17
21 46
36 9
2 123
33 135
22 4
2 31
18 137
20 42
31 187
18 39
28 145
1 15
32 122
2 111
4 156
23 6
29 100
13 200
29 24
5 55
20 78
13 84
34 92
3 90
21 215
30 133
28 177
27 95
21 12
4 210
5 211
7 185
13 198
31 43
20 123
2 138
21 29
29 213
31 6
30 112
34 61
21 138
2 149
21 45
4 21
29 219
9 80
34 129
7 84
3 189
18 180
9 200
25 69
32 219
29 97
4 36
28 23
2 19
13 20
5 26
9 40
13 79
36 1
34 90
17 94
29 101
36 220
3 25
3 204
32 69
20 139
29 78
13 81
13 91
1 164
27 30
30 180
12 76
30 141
34 54
20 114
13 105
17 190
33 59
28 167
32 64
36 21
31 184
1 71
33 193
9 151
18 48
20 107
13 129
34 175
30 87
29 43
4 128
29 99
27 164
9 106
1 97
12 127
5 97
7 63
20 165
21 98
29 90
9 180
30 75
3 87
3 38
21 217
28 16
31 39
12 49
21 121
4 208
7 157
18 135
1 14
9 77
20 25
31 211
36 71
34 180
28 77
13 22
9 169
20 61
27 215
3 83
20 9
36 24
9 122
13 106
36 137
17 109
9 161
5 114
13 172
29 118
17 22
31 110
21 113
17 3
27 35
30 8
13 139
30 74
33 44
2 5
33 201
17 132
18 54
34 6
30 119
2 210
4 95
28 102
4 51
9 23
28 106
34 89
12 179
12 129
28 129
33 25
29 21
15 6
2 150
3 187
18 36
4 215
4 212
27 48
2 180
32 21
27 61
18 132
18 58
29 69
31 204
34 37
34 173
32 143
34 165
17 38
18 68
28 20
34 11
22 182
17 144
12 78
17 86
34 158
18 168
7 111
3 74
18 165
29 17
36 214
32 77
7 154
5 158
21 219
1 138
36 42
9 134
27 112
31 28
36 38
32 32
1 13
34 66
18 104
34 147
13 107
1 216
4 60
36 112
18 181
2 134
3 5
9 185
17 188
32 131
2 83
31 17
31 78
17 146
33 217
30 117
9 171
13 103
1 38
17 114
28 98
5 118
32 215
36 177
20 141
21 154
31 44
30 62
2 196
20 220
12 43
3 2
29 174
5 110
2 29
9 70
34 143
3 170
30 24
31 46
20 206
18 209
27 31
17 37
5 190
1 95
17 57
18 164
2 59
1 141
1 53
28 72
30 77
20 30
21 183
4 173
7 21
32 57
29 170
18 129
29 142
28 67
28 180
12 199
5 28
4 69
29 208
28 51
3 123
2 85
28 119
30 113
30 140
4 34
17 75
36 46
31 219
36 154
28 42
1 59
1 4
13 46
20 113
27 106
12 133
2 200
31 109
7 86
32 218
33 65
4 41
31 16
36 157
1 159
7 11
31 64
1 108
1 168
2 35
31 173
31 63
7 81
1 32
30 89
28 40
27 190
5 64
18 73
27 116
32 20
7 160
18 101
18 22
29 152
4 10
22 45
2 109
32 62
30 73
36 160
20 132
31 210
17 125
21 148
17 119
30 109
30 118
32 48
32 211
5 135
5 194
5 62
36 75
28 38
9 147
20 77
27 156
27 11
4 83
32 88
3 66
17 107
32 68
12 162
32 1
34 209
5 195
21 84
33 66
12 191
7 4
31 214
31 84
36 17
3 210
17 186
12 80
1 85
21 8
27 184
28 140
24 69
27 74
30 32
3 130
20 65
21 48
29 14
9 181
13 204
33 195
3 127
20 153
18 18
12 120
20 151
34 25
34 41
2 103
4 167
12 139
28 82
18 128
3 76
29 179
32 157
36 149
3 173
36 182
34 109
3 50
21 81
5 70
29 186
3 167
27 205
3 179
30 150
28 64
18 206
19 47
33 89
12 83
31 151
2 166
20 26
21 9
32 194
5 21
4 195
34 34
7 108
30 56
27 82
9 221
17 30
27 193
33 168
5 65
17 48
13 166
9 3
33 15
30 115
17 25
5 13
3 195
2 105
30 101
31 137
12 101
3 182
7 220
1 52
1 126
34 36
7 147
28 138
2 14
31 83
21 17
28 3
9 86
21 59
29 57
33 20
12 203
28 44
5 187
28 31
5 22
28 139
12 92
5 177
3 107
30 190
32 19
17 34
9 2
33 124
3 143
7 165
18 127
36 65
34 14
27 86
28 122
30 23
29 3
7 107
32 6
5 191
2 114
5 146
3 18
1 179
30 134
18 183
2 15
3 86
30 82
36 171
21 64
28 147
27 129
5 82
18 163
1 183
4 90
30 12
4 94
12 180
5 143
29 13
33 120
1 154
20 22
34 122
36 186
5 168
4 198
2 42
27 20
17 17
36 86
33 218
33 144
5 47
2 66
5 20
33 220
20 207
36 178
31 23
13 74
7 142
28 127
3 51
9 58
12 30
17 71
1 139
20 12
31 116
1 60
4 189
7 120
31 201
28 185
3 1
22 69
5 185
1 199
20 62
12 212
2 49
9 121
17 79
20 131
21 76
1 207
20 14
20 180
5 63
2 21
29 201
4 199
3 101
30 128
5 3
5 156
9 89
31 20
31 2
5 83
29 51
1 91
17 196
34 86
17 100
33 145
36 98
28 99
36 61
34 125
28 187
7 7
13 148
31 65
27 94
4 68
18 59
33 106
9 28
30 19
12 198
9 162
18 152
18 119
18 220
12 50
34 137
13 104
27 163
13 207
2 13
27 165
32 91
4 59
1 28
20 214
1 208
4 26
21 135
27 77
5 69
32 160
9 125
32 106
29 183
34 59
29 114
20 110
33 73
32 97
30 58
9 114
36 70
7 215
22 59
33 207
12 56
30 37
1 115
3 10
34 29
3 16
13 77
36 145
21 38
31 57
32 117
17 26
32 53
30 132
13 108
28 59
37 69
13 216
1 39
13 162
29 94
31 157
29 64
31 41
4 67
12 95
4 174
29 202
7 200
12 87
9 46
18 121
9 79
29 181
7 140
30 106
30 63
3 4
3 111
4 160
12 170
7 5
32 79
20 171
17 208
21 127
9 5
29 66
12 81
13 98
33 35
7 158
10 69
34 57
1 114
5 148
7 96
20 188
5 52
7 9
12 108
18 111
34 181
31 40
3 202
13 131
27 100
31 206
9 107
3 219
7 98
30 178
32 127
30 114
32 170
36 77
21 100
22 218
20 198
31 167
17 198
32 152
12 5
1 66
28 142
32 112
21 191
34 103
28 163
29 55
36 170
1 121
21 177
34 164
27 21
3 168
7 143
34 105
31 104
4 154
28 1
27 133
12 46
34 55
5 138
1 80
2 84
7 29
27 134
13 37
7 135
4 137
9 163
20 58
20 184
20 219
17 113
4 153
33 28
9 129
18 16
36 194
7 191
17 124
18 107
32 63
22 210
30 92
33 206
31 162
13 179
12 90
36 119
34 146
31 119
29 58
4 82
7 106
5 86
36 54
31 138
2 205
2 177
7 70
5 117
34 216
18 100
4 55
21 220
2 27
18 19
7 42
36 205
27 202
2 156
13 217
34 9
2 129
20 217
29 19
2 217
4 3
18 215
28 182
33 199
31 158
19 14
29 126
34 189
9 140
29 206
30 27
27 195
33 88
5 163
31 171
17 11
28 186
17 62
3 46
21 65
27 117
4 142
32 103
27 83
18 208
1 2
12 23
9 82
13 4
20 100
12 111
32 142
34 70
4 114
13 31
33 133
1 219
36 3
34 20
36 176
17 164
32 209
17 209
17 203
29 93
4 32
20 135
9 19
4 178
27 204
4 85
18 171
36 72
31 163
33 205
20 18
13 213
29 194
12 113
34 112
32 173
12 193
36 218
7 186
31 176
32 120
4 105
17 127
29 161
4 180
20 166
4 170
5 71
7 56
4 217
21 214
4 99
31 112
32 179
17 21
29 46
8 6
4 77
12 192
28 87
12 116
36 26
12 3
21 123
3 33
3 75
1 63
1 50
9 76
3 126
2 56
1 125
36 48
3 151
2 34
34 33
3 211
33 125
2 79
27 58
29 81
21 27
13 109
28 207
9 29
31 38
13 2
28 198
18 179
2 93
28 5
31 113
27 180
2 221
18 114
3 17
20 80
7 28
17 108
20 191
20 39
5 16
1 3
32 5
27 125
2 142
27 34
7 183
29 89
2 7
28 4
1 72
7 122
29 4
29 54
34 27
33 48
34 144
1 170
4 73
30 202
36 66
29 52
12 70
20 218
20 155
7 116
33 114
32 193
12 47
21 102
30 129
7 59
29 27
20 95
1 124
21 18
2 147
19 218
20 97
33 77
1 120
34 42
17 197
30 4
31 124
33 171
3 79
4 87
31 79
20 133
20 96
31 81
32 186
30 173
12 105
7 204
21 184
34 217
36 124
32 140
5 197
18 204
3 72
18 78
2 16
9 190
34 135
13 92
1 55
7 114
1 191
27 206
1 75
9 191
28 169
5 125
34 120
18 196
17 99
4 104
12 126
18 122
17 88
29 138
7 102
3 190
28 58
31 172
5 104
27 65
27 18
33 19
34 80
30 83
33 38
12 221
36 211
32 217
28 172
36 18
12 53
12 20
9 188
33 78
27 13
18 46
36 141
7 190
4 132
4 100
27 200
21 118
31 30
2 52
4 219
5 200
13 7
33 11
17 204
32 177
21 218
7 104
3 131
9 212
18 212
7 162
34 219
32 81
27 192
34 183
3 104
4 29
34 98
3 12
12 150
36 84
21 109
15 69
33 134
9 167
3 188
20 160
5 80
36 76
21 104
9 198
13 85
31 200
4 5
17 205
4 185
17 221
13 66
2 95
2 174
20 4
27 54
9 33
17 23
1 157
27 120
36 183
18 82
31 95
3 150
29 156
13 59
31 120
28 121
32 46
21 208
17 51
9 32
13 86
31 121
29 26
12 17
20 187
2 136
13 206
27 44
13 132
13 203
20 29
5 189
31 132
17 179
28 27
4 129
9 102
36 105
1 167
2 37
17 105
7 152
21 101
31 70
17 27
18 166
5 44
2 185
4 50
2 141
31 42
1 88
12 219
13 65
33 67
33 153
7 3
12 57
17 138
9 31
12 138
29 28
30 14
20 177
4 140
4 162
18 174
30 52
9 201
9 120
18 149
3 164
2 116
34 99
17 68
20 145
2 190
5 213
21 117
31 153
33 58
32 54
27 67
34 110
29 29
34 169
28 208
12 158
5 73
27 132
13 83
34 123
29 41
27 188
32 164
31 133
36 203
8 69
5 40
34 208
7 207
21 37
17 10
29 62
5 149
32 35
30 95
18 184
18 194
29 80
32 55
32 151
1 101
18 188
36 164
12 143
33 139
5 220
32 185
20 54
29 125
9 60
31 3
27 191
34 200
31 207
32 174
9 90
7 58
3 180
33 161
33 118
34 95
33 174
5 75
1 106
32 59
32 141
5 128
17 7
17 217
29 141
29 71
13 195
33 204
20 147
29 105
31 208
30 108
12 21
13 210
9 136
3 19
1 54
27 166
2 195
36 97
29 83
7 103
2 202
12 197
29 63
31 96
27 131
1 30
20 24
21 88
27 87
9 25
5 173
5 171
17 70
22 6
3 112
31 118
9 12
28 176
34 48
25 6
2 152
4 168
21 180
20 17
9 166
12 2
13 114
4 152
20 126
4 106
28 157
1 29
2 163
7 57
18 47
12 204
17 32
9 24
12 104
29 76
34 15
3 69
20 82
29 87
3 35
31 164
3 160
7 60
17 207
5 94
18 201
4 96
7 144
5 181
3 122
27 55
30 11
34 140
1 100
1 162
36 189
21 124
1 185
28 162
36 151
34 38
17 53
2 57
9 6
34 16
13 157
13 117
29 45
5 175
17 6
9 168
1 215
13 16
30 66
28 212
20 79
3 115
27 23
9 10
5 48
17 165
32 118
36 85
18 216
2 10
29 102
2 11
21 80
28 93
34 63
30 214
29 2
36 165
18 83
31 155
36 146
1 158
12 153
12 65
36 74
21 105
2 50
9 182
28 203
31 15
32 84
1 35
33 91
28 150
20 128
33 188
34 132
3 97
21 41
33 24
4 181
2 118
17 212
5 215
9 205
28 36
7 148
13 193
12 25
1 62
33 131
12 175
17 140
5 34
33 51
3 209
7 13
17 218
29 167
32 3
33 14
29 120
18 177
27 51
2 164
33 102
7 132
21 67
33 146
32 169
3 113
20 212
20 45
20 209
9 50
29 134
2 148
5 131
3 158
18 116
3 41
3 82
4 52
12 208
1 156
27 57
36 56
20 32
33 132
13 95
13 146
20 122
33 80
36 45
28 200
33 166
9 67
36 96
1 149
21 39
32 203
36 144
31 175
5 208
21 150
36 28
3 139
30 146
28 75
7 184
9 109
17 185
21 15
12 98
22 47
33 85
2 77
12 135
3 31
30 94
2 113
33 99
18 44
13 150
20 1
4 79
29 44
4 37
27 107
30 1
34 153
36 219
4 20
12 209
20 28
17 40
29 47
7 23
9 172
20 91
5 6
30 38
5 14
13 181
34 108
34 71
21 147
21 145
13 75
30 183
33 119
1 69
34 142
2 76
17 121
34 84
34 194
31 159
9 206
30 185
5 59
21 131
9 26
4 116
33 107
30 169
30 100
2 121
12 168
21 216
7 175
13 134
32 181
13 94
17 9
33 40
36 30
27 153
13 130
17 194
32 123
7 219
31 31
30 54
4 123
27 118
9 210
12 152
20 192
29 31
3 99
5 198
29 25
5 172
29 187
32 66
9 47
33 181
9 99
32 210
29 75
28 149
33 182
21 47
17 167
29 11
32 178
1 90
21 54
7 71
28 90
12 31
30 59
34 32
5 50
7 37
36 111
28 125
7 79
12 214
34 30
4 138
9 159
3 197
2 176
36 100
12 136
29 207
36 106
2 117
34 210
13 152
7 24
3 141
3 27
18 89
32 133
12 16
7 109
36 167
30 28
2 3
4 204
33 32
9 13
2 45
17 102
20 44
21 70
12 178
27 126
7 80
29 154
30 99
22 15
4 171
27 97
29 155
4 151
6 69
17 15
13 24
32 65
28 170
1 76
22 25
3 125
9 157
17 170
32 204
20 81
12 37
20 112
12 27
17 145
19 50
4 135
36 169
36 212
27 210
32 137
4 39
18 60
3 81
5 167
17 84
4 187
4 179
27 154
12 123
3 159
5 24
33 55
29 68
12 66
34 179
3 88
3 156
5 84
13 41
17 12
32 189
1 178
18 7
28 95
17 136
18 214
31 89
5 108
13 80
12 217
4 64
31 213
3 106
34 117
20 178
5 42
12 110
4 16
20 34
12 36
17 134
28 107
33 147
31 144
7 6
4 218
17 202
2 139
29 195
27 37
12 184
30 65
30 93
4 111
28 213
3 157
7 44
4 74
27 136
33 122
27 84
12 86
29 108
30 36
31 105
31 135
34 79
2 92
7 170
3 137
7 166
7 193
1 93
9 87
34 161
12 205
32 129
3 47
2 115
32 138
2 216
17 29
4 158
12 45
33 110
12 58
32 38
4 61
2 22
12 137
31 160
30 64
9 11
5 196
2 12
7 192
20 115
28 9
12 96
30 70
9 203
21 182
36 20
2 192
18 147
2 119
17 129
7 39
17 64
20 161
17 4
5 99
5 204
7 105
20 70
17 215
27 208
30 152
7 134
28 52
5 45
27 221
9 209
5 123
3 67
2 102
4 56
7 40
31 125
20 117
32 161
20 41
2 197
14 6
13 78
36 58
33 71
31 18
30 196
7 54
33 90
29 36
22 33
21 133
9 100
4 172
21 192
9 176
36 68
12 144
5 103
33 37
5 56
13 145
22 212
5 38
36 173
18 207
4 176
5 178
33 74
36 49
31 195
33 23
3 63
17 142
34 47
5 27
17 98
21 97
32 56
9 95
34 115
36 93
3 40
27 176
34 119
36 44
21 68
29 9
4 155
2 173
31 168
36 147
2 96
13 212
3 8
17 101
7 198
28 190
33 30
12 119
12 39
7 211
33 138
27 218
36 166
17 200
33 79
31 10
12 93
33 60
21 140
20 138
17 112
36 139
30 165
36 215
5 184
21 114
30 49
21 11
20 215
19 55
12 118
34 77
5 37
3 98
3 220
32 15
7 94
31 139
1 51
3 142
13 163
27 98
1 81
18 123
7 197
2 120
29 137
33 94
3 120
30 20
28 144
18 112
29 158
27 158
28 81
2 104
13 62
34 50
5 92
27 62
9 84
31 26
31 67
7 145
31 165
27 148
5 89
12 59
3 201
9 118
30 145
7 89
1 137
1 132
5 12
17 139
3 71
33 26
17 13
36 52
17 213
13 97
7 38
36 196
1 163
2 67
20 87
9 175
22 17
36 10
29 53
12 32
18 118
30 61
9 7
29 144
21 221
31 148
13 5
33 154
18 79
20 169
13 201
32 87
13 182
33 183
1 8
36 118
28 68
31 73
30 216
31 141
2 28
32 104
22 20
31 134
21 99
31 170
12 24
2 208
20 85
29 115
21 16
36 198
30 143
1 110
5 23
32 92
31 75
34 76
9 208
28 137
3 171
1 196
34 206
1 151
9 116
9 61
17 183
18 120
32 74
18 219
12 40
4 117
12 63
13 144
9 219
34 121
17 154
5 61
29 136
7 155
17 44
5 35
28 94
13 102
3 52
7 205
34 138
36 213
21 51
31 68
31 69
28 56
1 64
12 124
31 1
19 15
30 215
1 40
20 140
18 159
17 175
36 187
19 33
27 90
17 56
28 189
31 197
34 43
34 46
33 97
27 102
33 123
17 33
9 156
3 23
7 137
36 158
31 98
17 80
12 7
4 65
13 112
32 175
18 117
5 109
21 196
36 216
31 179
1 140
18 42
17 176
20 90
36 64
17 82
19 212
12 220
20 53
3 147
4 1
9 160
4 147
20 60
5 2
13 160
28 155
9 15
29 15
18 32
17 123
33 137
3 124
7 118
1 182
21 136
29 73
32 83
27 76
7 73
20 92
12 33
17 149
27 114
36 116
2 98
14 69
18 162
18 4
7 149
32 135
30 78
13 17
21 24
21 13
3 216
34 94
5 140
5 193
32 155
2 168
32 95
20 189
9 71
3 186
18 125
13 173
3 39
2 137
7 206
19 187
12 64
13 12
9 186
18 26
34 69
31 12
9 154
12 218
7 117
33 69
36 27
20 86
12 35
9 54
29 176
17 168
21 166
27 179
27 9
18 221
18 70
31 9
3 6
31 145
2 68
34 184
20 8
27 170
29 150
9 43
2 2
9 98
9 211
30 193
17 166
27 56
13 215
27 157
5 113
13 44
34 204
21 197
5 179
34 130
34 60
33 165
17 8
31 127
31 47
1 82
31 154
1 123
12 38
4 14
29 131
9 74
9 42
4 27
13 82
28 49
31 143
18 185
31 56
31 177
7 75
20 127
36 91
28 108
20 205
34 21
17 111
20 102
9 78
13 126
28 45
13 196
22 142
9 199
33 187
4 141
33 167
17 110
4 146
33 158
1 23
27 159
28 188
27 68
29 192
28 158
18 45
36 115
17 91
5 98
21 200
36 207
36 195
5 19
4 200
2 204
34 207
2 182
33 159
17 143
3 178
34 193
9 63
13 194
21 132
36 128
29 48
36 204
20 7
3 32
1 161
3 42
31 107
3 199
29 67
21 189
5 122
12 167
28 141
30 53
2 215
21 204
1 73
29 12
17 131
27 16
27 17
1 36
4 4
30 107
4 216
9 145
27 4
5 180
33 202
3 80
30 205
2 70
32 196
34 177
34 68
21 87
20 195
7 113
3 92
4 62
21 149
13 61
36 133
13 39
21 152
7 35
21 25
3 177
21 49
4 48
31 123
18 195
18 145
17 83
13 30
13 176
3 192
13 184
30 88
31 21
27 43
17 66
3 20
30 156
2 214
30 154
5 120
5 85
9 189
4 40
28 124
21 134
12 12
34 157
18 192
12 100
3 68
32 51
31 37
29 173
31 34
18 186
18 142
30 200
20 94
12 171
27 1
33 13
30 164
7 127
28 26
20 200
33 1
32 221
30 126
33 130
27 212
7 90
17 171
18 75
36 123
9 34
13 141
18 126
1 134
28 85
30 51
4 175
5 43
30 177
20 6
17 118
17 93
18 11
1 117
18 193
1 11
18 169
30 176
4 11
7 91
32 25
2 89
32 172
4 134
33 49
17 63
12 48
33 100
13 187
7 16
5 188
12 189
2 193
1 214
9 94
12 148
18 8
9 88
7 189
2 171
1 160
32 34
5 5
7 218
33 143
12 15
4 7
4 28
3 36
33 3
34 190
13 211
7 123
4 121
34 67
34 171
4 148
18 56
32 121
33 82
7 182
3 208
36 142
5 142
27 155
20 146
17 192
1 47
27 33
17 156
33 64
5 9
17 214
34 5
4 139
33 21
28 92
18 106
4 127
2 219
4 130
17 220
18 72
32 134
32 146
32 199
32 13
19 182
1 212
27 47
31 188
2 20
21 205
31 8
17 54
34 107
28 218
20 36
9 22
17 42
18 154
5 87
20 3
28 63
4 44
5 68
30 25
27 92
30 22
9 196
4 165
20 170
16 69
27 91
1 111
31 202
7 210
32 37
3 11
7 112
7 51
1 172
7 174
9 184
21 5
20 20
30 208
34 96
21 57
12 82
30 90
29 185
34 150
1 173
2 8
7 66
20 181
3 85
12 114
28 105
30 67
9 45
34 23
27 105
34 195
18 217
4 103
27 49
3 58
7 115
1 43
12 89
34 13
17 117
4 183
31 221
21 21
2 157
20 221
17 59
7 25
12 155
32 80
32 29
2 44
5 58
4 75
7 10
21 52
28 10
31 185
9 14
9 194
7 74
9 165
36 82
30 212
9 36
21 4
34 192
33 93
12 51
18 155
29 217
31 13
2 81
20 101
18 71
17 16
21 156
7 45
13 68
5 66
5 112
1 119
20 88
36 155
27 27
5 119
4 30
36 185
7 53
20 154
1 201
1 200
21 44
2 80
31 183
12 52
32 7
31 189
32 182
28 115
18 153
27 198
12 84
12 163
34 18
1 131
33 155
29 32
21 210
13 11
13 9
27 81
32 201
12 188
33 150
4 115
34 148
29 123
7 126
27 172
36 193
36 172
20 156
36 162
27 42
27 59
9 110
36 2
34 1
31 126
2 161
9 108
12 215
4 46
18 41
13 93
21 164
27 203
33 61
29 166
20 10
30 182
4 190
19 59
13 58
9 197
29 140
2 122
32 26
5 81
2 86
1 1
32 191
17 43
2 212
3 206
4 110
12 94
32 23
31 82
9 214
30 194
21 146
9 141
1 57
12 149
1 171
13 156
1 204
27 213
7 146
33 39
16 6
28 70
33 10
21 167
30 166
30 31
29 50
21 10
33 121
7 77
30 80
5 162
28 161
32 105
28 66
34 203
12 207
27 197
28 134
30 147
34 49
18 176
2 218
7 164
20 163
12 182
1 70
18 80
4 58
18 190
4 213
21 14
7 177
31 156
7 8
20 168
9 138
1 112
32 24
33 12
31 196
5 54
13 199
36 80
11 6
21 139
2 65
33 215
28 143
28 118
33 189
36 40
30 48
34 162
1 10
7 92
20 13
28 120
2 39
17 19
34 7
3 102
1 209
5 161
30 96
21 186
34 91
18 17
36 103
2 128
33 4
29 145
5 201
28 204
28 166
32 47
27 122
27 149
34 65
20 121
21 159
19 208
36 126
36 33
9 195
17 150
30 69
18 38
13 110
17 148
17 46
18 170
28 25
9 142
31 48
33 27
21 53
31 33
28 37
2 47
12 200
27 175
33 164
27 69
1 49
27 199
7 163
31 150
17 199
34 93
13 191
7 52
36 31
28 65
33 29
3 175
33 22
9 72
13 128
28 12
32 114
5 95
1 12
28 202
27 143
30 2
20 197
9 187
30 217
5 74
33 160
36 113
27 189
2 107
12 174
34 73
31 99
2 151
33 17
7 47
7 194
32 205
21 108
3 140
24 6
30 135
17 58
32 70
7 199
5 145
9 143
9 75
20 55
28 57
34 81
21 195
33 7
33 211
33 221
1 202
20 167
7 172
2 36
1 166
9 91
4 22
27 181
1 203
17 20
13 101
30 16
12 128
36 57
4 42
1 79
32 214
27 123
1 61
30 71
4 76
7 121
18 146
3 181
12 67
5 210
9 218
3 212
21 95
30 42
32 197
32 202
21 120
3 194
21 110
33 36
20 21
27 124
13 185
21 158
28 104
33 96
34 31
18 28
36 37
9 216
33 18
36 110
1 68
17 173
32 101
3 37
33 101
32 39
18 211
12 74
3 133
31 203
32 100
31 122
3 96
27 186
20 182
13 137
13 49
27 219
3 132
12 9
36 55
13 1
20 158
12 62
29 40
9 173
5 176
28 89
29 180
1 9
2 126
4 18
19 6
30 204
1 27
30 84
36 22
2 191
2 188
4 101
13 47
36 60
18 124
27 22
5 33
21 20
1 128
36 121
7 173
34 52
4 92
9 105
21 82
29 143
31 53
7 17
33 180
32 76
9 97
29 61
3 9
3 172
7 78
13 175
17 130
1 96
28 97
4 145
12 166
30 10
2 201
20 33
27 88
29 119
13 25
18 130
21 35
33 109
31 209
18 109
34 97
13 38
4 150
31 52
31 80
29 191
32 200
13 174
9 132
12 196
3 162
13 67
4 184
22 50
2 17
31 199
36 92
3 61
3 44
31 131
27 80
30 43
7 221
20 116
1 152
1 44
13 111
20 74
18 84
28 73
32 16
4 93
17 161
30 168
2 46
33 142
3 14
28 55
34 160
1 83
13 90
20 174
1 18
32 72
34 53
2 124
29 209
12 146
11 69
30 137
20 63
33 76
31 149
30 207
31 215
33 210
18 52
29 59
33 173
7 83
9 18
27 3
1 86
36 8
9 137
33 198
3 166
27 209
20 213
28 206
17 210
20 38
36 95
5 183
29 182
1 26
28 211
29 113
17 97
2 170
1 56
32 188
21 207
32 22
29 215
20 179
2 33
21 28
9 35
17 159
7 19
1 143
18 43
3 116
30 55
21 213
2 72
2 18
36 50
20 47
5 157
28 197
7 27
30 13
4 108
13 34
1 220
21 188
34 221
31 129
2 23
1 22
34 3
4 194
29 35
12 142
30 163
34 127
4 71
33 163
18 40
1 205
21 86
31 100
33 46
4 102
18 87
31 91
20 137
21 116
3 200
2 158
31 27
30 148
2 88
21 125
20 76
32 41
27 40
1 67
33 34
12 154
29 197
33 151
13 76
33 185
28 179
2 112
30 199
36 43
32 192
32 73
4 98
12 186
20 148
1 189
17 95
21 32
7 76
31 217
1 186
20 136
21 128
18 1
13 35
36 134
27 207
1 46
12 4
9 55
27 139
30 116
33 172
3 214
13 29
5 221
29 109
7 65
9 41
9 207
30 130
3 136
36 180
12 102
9 124
13 119
4 211
31 216
4 9
5 133
20 59
18 81
31 114
3 148
30 211
36 210
21 212
21 162
29 96
1 122
7 195
33 84
33 47
36 107
12 130
33 87
19 88
9 16
4 97
7 187
36 152
18 3
33 213
29 203
32 147
33 45
31 51
36 190
27 64
34 141
5 29
17 153
29 117
1 147
4 15
27 173
18 2
31 60
17 103
12 44
12 77
3 43
13 171
28 183
33 200
12 147
1 188
3 144
2 175
5 88
28 171
3 21
36 19
17 74
7 31
1 34
5 205
3 174
21 89
7 141
18 34
3 114
9 69
7 188
31 174
22 187
13 135
29 221
9 93
12 181
29 84
33 203
17 65
31 205
30 34
19 20
13 147
28 60
30 30
12 55
28 209
13 27
4 54
22 14
7 20
9 52
4 70
2 71
31 97
18 143
5 107
36 200
36 129
19 17
2 63
27 26
36 39
33 175
32 165
4 202
28 111
20 109
7 156
33 95
13 218
3 163
13 18
13 40
30 172
30 76
12 18
36 87
18 25
27 142
7 201
5 53
3 169
30 50
18 93
21 151
5 116
9 85
2 4
13 170
29 159
32 220
20 99
3 207
5 4
31 55
7 26
33 194
34 198
31 49
9 144
4 191
32 85
18 85
18 99
34 133
5 49
28 160
4 38
31 106
13 136
32 168
31 88
33 136
1 221
34 214
30 220
9 17
27 178
28 130
7 49
3 117
28 32
30 221
28 79
30 105
30 159
17 122
21 153
9 217
20 173
29 149
34 170
12 134
4 186
4 47
9 193
9 56
18 139
21 31
17 41
4 197
17 133
33 156
20 57
28 35
7 15
31 111
32 40
31 117
34 35
28 84
32 208
18 33
34 2
31 24
29 6
21 122
12 42
27 14
28 28
7 130
32 60
5 79
12 1
21 144
32 9
1 118
21 75
29 106
18 110
5 129
33 105
12 26
34 111
33 86
1 176
12 11
12 13
4 125
36 184
34 182
29 85
28 33
28 126
31 25
20 68
21 90
21 126
17 78
3 49
29 16
33 103
33 56
20 125
7 67
27 71
34 215
2 165
32 50
33 53
30 175
2 6
34 185
7 1
5 216
2 169
34 58
20 185
13 118
5 57
29 79
31 29
7 68
7 43
5 96
1 16
31 36
20 35
12 71
6 6
29 205
28 50
18 151
9 139
21 36
13 56
2 38
21 155
34 166
32 136
32 11
2 181
32 71
29 146
13 63
34 176
33 16
5 159
30 153
3 45
30 122
13 96
18 97
2 51
2 43
13 192
1 42
13 180
1 195
7 150
29 200
28 18
32 10
34 213
5 77
18 198
3 26
12 195
34 106
21 7
31 58
29 171
12 187
34 139
29 77
33 191
9 131
29 216
33 209
32 113
22 55
21 22
36 221
33 6
17 128
5 100
20 159
4 192
21 111
1 74
13 89
21 94
1 148
36 202
27 201
5 115
28 153
5 199
36 159
32 78
12 211
34 87
13 142
5 166
32 183
4 166
19 210
27 137
9 215
9 119
21 206
13 43
18 69
33 81
27 169
31 77
1 25
3 138
30 174
5 93
32 187
28 48
13 3
31 54
36 67
3 64
3 60
34 51
34 62
12 185
28 194
17 35
20 150
27 152
17 160
31 101
7 93
28 221
36 25
21 83
20 75
7 36
20 193
4 124
2 178
5 192
27 111
2 40
7 176
21 91
30 46
1 217
32 207
4 88
4 49
5 212
33 129
18 67
17 67
32 12
20 211
1 7
2 24
34 82
13 99
13 153
31 71
13 55
5 170
27 41
33 179
17 163
2 54
33 52
2 133
4 120
3 183
4 57
3 93
30 41
27 187
29 178
36 117
12 121
7 46
34 113
30 111
30 188
13 14
36 132
32 107
18 148
3 191
28 192
17 155
32 61
17 31
30 39
7 48
2 62
2 55
1 187
9 73
28 14
28 13
2 60
36 88
20 5
21 137
3 73
31 191
31 72
28 175
20 31
1 206
32 98
27 161
27 214
29 164
2 91
