212 182 6592
74 118
84 161
2 50
203 179
152 12
40 122
195 107
47 122
206 17
175 8
31 40
212 68
195 138
51 10
5 23
75 33
170 29
45 76
164 101
207 175
71 14
5 172
52 51
131 160
39 161
41 76
203 92
93 160
99 137
177 36
140 50
72 154
47 87
157 68
16 168
67 92
209 41
5 121
182 20
7 33
182 157
152 144
60 36
140 150
93 73
24 96
99 15
48 92
35 83
185 128
140 106
158 75
39 147
74 159
33 8
73 25
160 20
2 136
191 42
35 140
51 28
198 138
164 46
135 72
112 7
122 137
172 40
76 4
37 124
135 51
207 57
126 55
99 142
131 61
27 28
142 138
164 116
31 76
105 130
164 9
191 63
33 96
184 145
29 122
165 2
159 40
78 102
47 70
93 91
99 72
12 59
170 28
126 140
27 21
47 130
104 99
98 40
47 112
148 14
7 166
185 141
163 135
24 1
198 83
203 149
52 108
131 114
73 55
198 28
170 86
158 106
198 1
160 146
185 137
202 169
135 170
155 93
73 57
206 111
76 146
30 74
148 178
8 141
93 50
162 182
198 88
209 127
149 23
206 174
27 91
64 163
200 36
75 79
209 137
47 119
126 152
182 59
181 63
122 107
112 178
149 101
96 122
209 155
44 40
204 36
181 14
75 43
71 16
62 128
51 43
175 104
205 40
73 46
54 61
51 166
192 165
206 179
5 35
133 113
112 95
16 179
62 91
203 93
99 111
76 81
74 141
70 118
154 73
209 120
163 11
203 152
93 96
96 68
16 34
152 24
82 85
135 14
209 174
198 92
112 169
99 146
165 24
131 6
24 12
31 45
149 38
75 97
12 136
66 143
75 117
9 92
203 29
181 41
160 6
5 91
51 86
164 176
31 74
94 76
54 57
207 60
191 101
126 144
190 92
114 1
163 45
37 157
164 173
182 60
47 45
162 57
37 156
184 110
185 156
105 38
206 69
24 104
16 111
152 136
155 30
24 118
170 6
206 96
114 148
126 126
72 54
31 111
126 84
101 122
2 162
24 65
39 58
12 28
8 39
105 129
158 145
47 55
47 105
35 99
31 2
122 50
78 101
182 78
175 148
54 182
170 117
89 118
175 62
119 24
31 68
72 114
92 163
138 135
27 14
149 22
119 106
9 7
20 36
148 81
133 169
210 106
73 135
135 57
210 12
59 142
47 38
155 151
182 94
206 104
12 41
175 98
191 146
8 62
54 28
74 99
131 82
27 50
160 115
203 139
4 28
206 43
146 40
149 108
195 145
26 122
177 180
17 161
195 34
197 92
195 157
119 117
54 109
52 91
175 83
203 37
76 102
93 143
119 85
30 113
209 102
47 177
170 12
52 159
76 68
152 105
93 16
78 41
35 78
195 67
72 174
16 117
164 30
16 140
93 138
88 36
105 115
138 96
31 99
73 75
203 131
162 31
72 81
21 36
209 43
211 110
149 46
99 117
177 77
47 145
9 129
131 128
147 122
146 110
99 101
142 62
75 116
72 152
121 57
8 65
47 27
71 15
206 124
72 135
41 182
95 36
30 153
33 109
71 38
126 130
8 126
126 110
210 16
140 49
182 84
104 163
148 122
30 133
52 174
7 22
177 126
118 40
30 121
31 21
177 117
170 93
8 108
191 12
35 72
59 166
189 143
160 102
67 110
92 18
133 42
201 139
82 107
28 76
16 70
52 59
154 166
78 179
148 96
7 24
155 150
64 7
185 31
137 143
163 141
140 63
142 53
59 5
53 123
99 52
51 51
74 113
53 172
27 97
140 45
135 106
92 74
209 159
12 128
195 80
12 66
205 145
53 109
21 139
68 110
53 48
9 136
2 63
30 122
52 173
5 66
206 88
82 48
183 65
53 114
126 62
104 35
59 73
154 142
8 120
122 157
75 8
31 19
46 92
126 2
119 148
105 49
149 169
114 174
73 142
148 73
52 100
152 21
69 139
158 25
203 43
104 182
162 10
198 93
155 136
207 101
57 122
126 30
209 14
92 180
47 139
177 145
97 143
149 102
105 167
87 76
183 75
94 36
164 60
39 111
185 63
123 55
119 145
47 47
152 42
119 12
24 3
155 68
138 47
142 123
18 122
162 30
140 51
119 129
123 51
112 164
76 26
71 104
92 54
163 32
114 127
5 90
1 52
53 54
7 118
134 71
59 101
119 175
5 1
122 178
71 83
175 89
155 122
209 151
8 1
72 117
148 13
155 149
9 97
64 175
92 14
41 75
119 64
127 68
131 56
206 100
206 158
203 96
59 151
53 100
143 122
135 91
78 37
112 19
27 132
53 78
12 106
192 155
9 59
64 159
35 121
5 21
59 57
64 165
203 28
123 123
98 92
206 59
198 113
123 98
131 155
135 154
111 40
1 83
82 42
158 112
154 132
59 102
76 139
165 67
177 165
99 60
7 145
210 138
177 46
51 48
64 96
191 111
153 145
210 155
170 162
114 120
99 88
53 73
126 104
198 13
27 179
63 40
112 170
131 10
47 172
202 182
175 48
182 68
35 37
52 86
173 143
4 139
208 161
9 168
12 92
202 41
62 14
209 24
99 126
148 124
185 70
51 64
179 28
133 178
126 119
189 76
114 87
155 90
2 172
206 101
107 76
160 11
151 36
181 82
149 77
170 38
191 45
1 101
12 169
203 159
37 6
143 143
181 110
73 37
203 167
30 136
154 20
33 119
160 59
52 50
8 130
27 44
149 54
192 137
30 95
181 179
191 35
206 54
113 110
62 155
133 123
84 118
121 122
185 158
177 89
163 167
209 73
151 76
121 54
158 77
183 28
24 24
183 122
148 151
5 57
64 17
44 161
160 54
134 101
74 131
24 10
198 34
163 13
82 159
17 76
38 145
177 82
38 110
204 145
54 130
164 28
119 104
210 119
93 31
35 50
29 68
35 15
122 73
185 97
1 144
52 148
17 110
170 177
105 154
163 165
53 24
134 182
181 158
210 145
154 109
72 172
126 24
52 124
89 36
177 95
164 84
81 118
8 159
192 71
7 28
39 42
145 28
162 177
165 51
126 87
170 76
16 1
35 155
129 68
148 146
1 118
7 14
126 162
170 96
1 68
51 146
170 104
35 118
142 27
206 141
163 127
2 119
37 79
27 33
181 54
200 161
30 128
37 42
30 125
100 28
195 33
121 26
202 98
182 29
177 99
211 28
99 83
129 40
54 132
70 92
122 13
65 139
9 91
1 96
54 148
119 99
82 140
160 125
1 64
8 144
164 144
207 54
123 96
119 169
142 80
119 108
12 50
93 34
16 30
192 40
35 137
22 118
126 145
62 67
155 146
59 127
167 122
198 134
162 83
134 125
135 177
74 98
26 110
51 83
162 156
160 150
62 27
183 118
71 181
35 133
112 143
78 79
162 88
182 121
191 177
209 77
154 82
123 111
209 30
73 111
31 93
148 92
104 79
33 85
39 169
82 13
59 138
93 23
33 51
152 10
104 91
175 115
114 57
3 118
83 36
30 11
59 130
163 136
184 68
163 83
148 56
162 14
206 80
62 106
72 39
165 145
1 150
75 59
9 142
73 24
209 113
17 145
160 128
9 105
112 6
30 97
160 176
149 115
183 153
191 7
123 132
164 75
207 14
177 24
135 48
121 51
149 96
39 71
57 28
138 106
16 18
101 143
148 121
211 92
39 175
210 111
62 37
33 76
33 167
181 160
33 173
92 140
75 22
123 16
27 123
59 51
152 45
135 153
59 55
162 125
149 111
138 26
131 48
138 120
164 165
209 116
82 151
37 78
42 139
131 172
160 104
170 136
71 150
24 110
30 62
30 32
154 49
9 132
7 94
149 84
180 143
170 167
135 53
1 46
64 160
37 74
206 149
134 102
30 92
9 153
30 53
15 110
15 76
155 41
185 87
112 159
33 35
27 128
210 15
155 23
16 155
64 90
93 149
210 112
135 89
119 171
52 157
177 71
209 173
210 50
30 120
182 92
126 63
206 126
139 92
104 28
8 88
82 98
135 10
154 153
121 138
133 175
133 47
182 15
126 74
82 11
71 163
162 28
6 161
133 117
154 154
75 155
142 33
5 62
119 75
67 40
196 139
7 127
31 179
105 14
138 164
87 145
84 122
53 20
9 84
59 123
90 122
162 96
27 110
203 36
71 113
182 125
191 155
72 124
119 81
2 24
71 90
148 11
54 127
148 84
169 161
76 63
160 95
170 34
203 130
71 169
135 93
191 96
47 137
24 125
177 39
66 76
33 25
122 86
8 153
27 23
73 23
93 140
82 39
195 35
195 169
12 145
203 115
162 61
59 135
76 122
54 25
53 65
123 122
175 149
74 115
93 35
64 19
46 76
122 88
207 33
181 31
31 5
5 180
155 167
154 167
37 155
74 107
48 118
206 26
121 161
75 134
126 173
182 166
210 28
53 14
24 46
9 110
15 145
47 93
202 95
191 148
71 138
33 83
31 160
148 145
133 131
35 151
64 162
39 95
52 107
152 173
149 127
185 18
133 67
64 119
143 76
53 128
74 79
135 139
35 101
78 168
181 152
35 25
160 13
59 149
53 6
148 103
71 124
149 151
122 173
178 161
7 77
203 74
162 161
75 37
119 180
99 14
203 133
135 171
138 89
8 163
119 163
33 60
85 143
39 87
7 116
76 54
33 17
39 148
5 37
71 136
119 126
22 139
79 68
129 110
140 91
8 81
155 119
146 92
1 6
182 98
192 131
185 155
198 22
112 103
163 132
150 145
99 37
105 81
114 29
183 86
37 20
153 36
104 140
56 28
202 60
133 128
191 174
42 143
210 71
140 167
62 6
99 161
43 76
93 114
135 166
54 123
135 137
188 145
134 57
74 168
182 95
191 80
149 41
37 163
74 128
62 75
175 75
62 103
104 138
112 66
2 137
5 51
71 107
76 58
39 124
33 44
170 9
131 149
16 86
1 81
64 32
73 34
160 38
192 81
72 171
119 54
82 18
10 40
54 138
59 150
195 152
160 172
141 161
1 127
181 49
170 87
198 165
88 118
170 7
181 5
167 40
148 23
71 37
164 10
59 159
105 62
153 28
162 91
99 94
121 50
119 179
59 125
82 112
62 150
51 121
47 81
7 15
30 175
198 29
148 170
142 145
12 173
152 96
64 136
175 44
181 118
162 63
121 131
79 145
93 41
175 163
33 158
121 181
12 52
198 51
160 21
119 57
59 15
154 170
77 110
203 101
181 87
11 40
152 86
208 139
177 84
33 43
185 154
210 160
206 64
72 110
148 79
71 8
140 76
27 4
1 130
99 51
41 153
29 28
185 165
51 47
42 92
1 132
8 150
209 7
160 80
59 111
193 161
72 99
23 118
78 75
149 81
82 136
140 114
46 122
149 26
52 123
164 86
135 82
74 169
37 56
52 25
206 40
39 146
191 179
75 110
119 93
138 37
37 52
168 118
121 75
164 6
206 128
51 145
149 176
164 96
82 56
164 178
203 49
93 167
2 166
119 158
34 36
5 81
90 28
206 32
160 4
160 10
195 134
155 91
154 11
12 98
182 143
192 125
80 161
210 14
52 37
12 75
143 118
60 139
78 4
177 64
152 32
54 172
51 7
3 145
82 12
119 173
114 66
182 106
140 174
72 40
203 140
73 68
133 37
138 46
134 75
7 86
72 98
30 57
120 110
164 24
73 137
17 28
92 76
75 173
175 175
92 161
142 74
104 180
148 7
64 54
30 150
53 124
73 56
155 135
51 36
40 40
41 5
149 181
75 66
33 22
182 79
195 121
100 122
35 136
64 104
105 56
9 101
28 139
171 36
52 43
76 12
112 149
183 38
80 92
62 21
47 85
5 132
104 73
52 39
86 36
160 136
92 182
164 80
195 143
72 52
76 112
162 159
177 129
44 36
36 76
37 84
73 26
48 122
203 89
33 169
149 35
124 36
17 92
2 9
138 81
93 10
54 30
91 118
16 79
35 13
155 101
35 168
31 91
73 66
52 164
5 114
33 91
122 114
27 17
74 55
1 65
112 76
16 2
131 25
3 68
181 131
138 50
119 120
46 145
95 122
100 40
12 87
122 172
71 62
163 25
126 106
93 109
5 122
131 95
164 72
17 40
54 3
183 119
3 36
207 111
183 33
16 146
53 62
160 40
126 143
30 56
31 86
59 71
207 28
190 68
182 76
175 49
186 36
210 18
191 85
148 51
112 152
142 65
75 157
170 94
93 98
152 37
39 44
152 111
198 69
62 16
41 146
114 76
58 28
181 50
204 76
85 161
165 25
160 19
27 48
30 112
104 92
76 92
135 12
41 38
133 161
47 133
93 171
123 170
1 152
135 109
177 48
138 53
128 28
126 151
158 9
185 172
5 146
185 57
149 7
82 143
83 28
99 129
165 92
104 154
99 40
206 180
175 14
135 43
121 84
16 170
31 155
126 175
31 62
78 152
54 160
119 30
37 176
75 105
39 127
182 108
134 63
35 114
12 119
62 133
107 40
39 114
27 87
53 135
64 121
164 108
8 35
195 178
119 109
142 72
144 40
99 116
37 70
206 50
24 74
156 28
131 1
170 163
47 136
209 177
12 15
119 133
112 111
27 83
152 91
184 28
41 54
191 164
5 105
155 168
5 73
131 44
53 173
155 57
39 5
123 52
177 163
51 163
71 137
104 139
122 69
20 40
33 23
202 110
52 14
149 50
105 53
185 42
27 2
64 83
131 131
122 101
145 118
175 91
154 61
93 32
142 174
104 108
165 180
181 124
203 81
39 103
172 76
9 36
73 9
93 60
5 162
72 158
155 65
16 65
112 102
27 8
149 152
191 2
206 5
123 24
24 126
193 40
127 36
64 152
133 20
91 92
27 164
47 100
151 139
54 93
195 16
47 149
163 53
151 40
1 18
138 137
160 82
41 155
155 121
154 134
35 81
152 13
54 4
8 117
191 84
158 146
37 29
71 155
30 81
28 28
138 58
155 155
54 124
180 40
9 1
138 152
18 68
52 57
52 41
8 51
31 71
59 56
149 15
209 26
123 147
123 171
8 8
54 139
152 50
35 9
155 27
35 6
152 31
160 121
53 21
112 118
123 41
126 47
104 104
47 180
41 71
210 95
114 143
2 2
209 82
76 136
73 60
31 28
206 132
76 120
78 22
54 140
170 150
62 179
203 83
12 37
112 4
27 121
185 69
52 69
75 64
185 65
27 75
74 9
78 43
170 53
23 139
133 180
35 43
154 7
39 63
151 68
105 45
25 118
163 122
12 118
133 149
140 170
202 147
72 88
122 128
78 120
59 54
9 166
160 60
173 110
158 122
74 137
198 145
76 116
24 122
31 96
175 113
152 139
158 50
158 74
75 48
8 93
203 57
27 94
34 40
162 131
200 122
126 39
126 112
51 99
114 97
136 28
75 5
109 161
105 174
182 159
142 154
35 76
73 79
206 146
104 48
183 161
129 161
78 118
202 157
8 101
24 94
9 154
53 74
140 2
182 24
209 44
154 35
131 39
8 97
99 145
202 26
195 39
177 27
198 116
123 101
182 129
39 77
12 114
16 81
122 131
111 110
163 140
209 37
112 37
192 50
185 11
54 134
209 48
31 121
2 143
185 83
207 125
123 141
202 179
37 7
52 74
30 64
177 152
41 101
73 14
162 171
52 141
1 71
62 70
97 92
5 85
59 143
163 117
75 143
175 61
126 23
152 163
30 143
152 59
27 62
149 158
52 150
175 162
112 44
202 4
209 16
202 108
86 28
41 106
148 111
8 31
195 112
160 157
30 96
105 138
114 133
182 56
8 43
14 76
51 171
119 162
192 60
51 69
112 154
182 25
163 54
75 95
191 121
152 138
112 61
170 26
142 137
131 79
195 61
59 167
112 81
53 80
131 120
53 53
170 171
104 37
147 28
53 105
126 51
82 36
182 107
12 175
138 173
104 100
40 161
134 146
209 80
24 61
116 68
149 76
163 50
164 43
160 149
103 145
12 137
75 144
114 78
191 64
105 2
74 152
185 1
62 84
54 146
135 172
74 77
160 163
123 47
154 159
182 130
74 20
106 92
75 146
191 34
160 55
30 167
26 92
25 40
74 143
116 143
135 70
5 170
140 146
196 28
170 169
140 89
27 181
162 43
162 144
52 13
202 109
71 61
93 2
203 51
33 123
163 116
82 161
41 145
12 132
165 131
8 133
114 140
64 78
198 31
175 17
51 126
72 9
158 156
202 131
53 88
205 36
122 119
149 121
139 36
142 91
158 143
198 59
35 182
155 15
93 13
48 145
170 13
152 169
154 136
51 29
72 166
138 155
154 102
47 114
73 113
119 154
149 78
192 180
71 96
123 53
207 76
131 86
30 93
148 5
154 57
52 138
104 120
209 126
121 15
9 52
59 120
33 24
140 130
75 88
93 45
209 132
27 78
47 14
9 160
170 100
119 91
27 16
138 52
54 153
16 178
133 90
170 154
71 41
31 43
16 160
12 107
148 148
140 108
177 133
78 87
15 92
164 73
39 155
8 84
198 49
7 18
16 31
28 118
74 151
78 1
164 45
45 161
119 150
9 106
202 50
74 148
185 30
206 86
202 29
195 84
78 59
206 35
160 111
8 166
181 8
74 58
30 180
170 107
133 26
1 67
157 139
181 125
53 55
191 44
5 89
39 53
114 178
200 118
140 55
59 6
7 60
12 93
170 50
57 145
33 53
135 49
140 125
66 92
154 16
191 10
126 124
149 57
131 139
104 110
140 24
37 51
37 60
158 76
31 164
166 92
182 5
209 165
64 72
175 139
209 117
42 28
71 65
203 4
207 18
54 154
140 159
59 27
53 129
121 156
198 20
198 159
71 10
121 180
13 40
192 166
138 142
206 74
207 25
158 65
164 41
122 83
47 72
152 90
207 94
163 26
191 39
41 143
140 15
177 42
16 71
131 164
52 85
33 106
34 76
80 36
30 67
59 28
76 131
122 7
99 18
51 160
104 95
5 5
1 109
30 28
37 95
181 24
131 54
191 109
54 43
51 170
202 111
5 175
208 76
152 29
166 118
82 111
53 34
181 151
182 177
180 145
62 4
1 24
71 60
202 71
192 110
82 155
68 36
170 157
1 62
16 100
105 41
9 180
51 25
138 139
131 111
39 110
62 42
13 161
73 146
170 133
163 84
31 98
93 161
159 110
195 86
71 57
191 175
138 165
5 82
123 89
99 69
99 3
12 35
209 36
149 52
93 175
203 22
192 21
155 109
181 9
9 179
123 60
5 52
71 102
62 96
123 139
73 129
71 95
148 66
35 148
127 28
208 143
27 109
73 41
195 96
8 118
33 81
92 94
23 110
148 20
33 41
35 122
64 23
162 12
78 11
176 76
140 11
35 166
209 112
119 176
99 54
123 31
49 145
39 26
160 65
74 69
154 38
112 141
198 67
145 161
104 86
78 180
33 132
50 145
138 118
35 26
52 78
92 175
88 68
177 26
31 36
197 36
104 169
1 113
112 120
30 84
72 111
149 63
138 95
105 72
52 117
52 111
9 27
82 93
4 118
114 54
185 145
172 161
62 145
202 48
64 9
53 52
60 145
181 148
52 166
199 28
135 100
163 56
206 160
78 57
94 28
210 74
155 79
16 130
5 71
174 161
181 2
159 145
62 117
175 105
134 18
154 103
143 40
138 1
71 12
71 112
198 11
15 122
47 57
72 153
178 139
181 138
183 57
71 132
163 111
104 124
31 82
160 48
1 163
182 172
7 165
163 109
33 166
159 161
206 147
62 127
123 135
198 53
123 18
35 36
112 70
203 54
104 165
163 68
149 95
39 30
7 110
162 59
8 19
203 129
73 153
1 105
162 155
155 56
122 32
78 156
16 108
155 160
30 149
182 58
35 87
173 68
89 143
71 130
183 15
165 136
152 114
39 57
142 76
163 93
209 67
59 116
209 2
203 86
24 35
12 162
152 40
8 114
78 109
112 64
160 116
131 72
53 44
51 161
24 14
164 172
104 46
75 122
202 101
191 60
7 122
72 77
12 14
126 135
33 14
123 36
78 14
126 73
195 116
27 72
62 159
64 123
170 88
154 86
170 52
39 40
62 56
179 143
181 159
207 75
27 36
140 27
93 42
133 136
162 148
73 2
64 171
201 28
203 67
53 77
78 53
76 65
202 177
71 75
37 55
64 93
92 106
9 117
99 38
31 129
122 111
195 78
45 28
149 45
135 85
26 161
82 61
112 167
149 72
182 109
148 158
54 94
160 120
34 28
119 96
135 140
74 161
165 71
181 62
162 70
51 41
8 107
155 81
121 76
54 111
47 117
9 29
203 172
83 76
170 92
60 68
158 140
5 159
39 90
39 50
126 163
149 80
53 67
192 54
5 181
170 158
8 40
30 104
181 85
160 123
75 91
181 3
126 150
19 118
74 130
30 106
182 155
126 76
202 83
1 76
10 143
122 81
75 30
78 42
99 1
185 146
206 49
130 118
140 119
131 33
119 139
99 182
72 123
154 131
53 58
12 150
103 143
24 136
31 84
52 60
175 141
37 111
175 174
59 103
72 116
33 6
149 154
99 57
62 180
16 118
33 162
64 118
76 167
195 129
27 105
92 38
39 10
39 11
209 47
202 154
1 4
64 98
111 122
134 137
195 5
2 75
140 95
41 40
37 182
123 143
33 129
80 76
142 89
202 73
177 23
160 119
104 22
59 29
177 144
41 18
82 3
82 110
131 29
112 1
59 80
185 107
7 50
99 5
142 11
52 119
74 31
163 4
122 53
164 79
37 144
149 147
101 28
74 42
152 162
99 172
114 100
92 24
73 80
9 87
122 113
99 151
206 82
209 85
8 160
59 65
182 105
39 52
73 30
51 172
131 182
37 130
138 160
5 68
126 153
39 156
126 164
176 40
164 162
135 138
16 144
8 137
198 25
141 40
3 110
191 3
133 171
164 160
37 152
59 153
142 182
72 25
140 72
131 52
64 138
200 110
202 59
181 101
73 28
59 49
192 18
47 1
37 77
196 143
82 49
72 53
133 151
72 2
149 159
162 76
27 7
102 40
37 80
37 120
149 156
41 160
47 142
155 144
114 83
206 28
47 16
82 78
198 23
64 50
47 103
195 20
78 124
134 94
78 40
77 145
30 107
74 19
140 104
112 93
122 29
189 28
164 29
131 180
5 145
195 63
47 116
8 83
82 145
164 118
5 97
50 143
88 122
42 118
138 62
53 37
12 70
75 161
27 139
156 118
135 149
37 167
112 52
2 65
8 11
24 42
155 100
47 146
194 40
9 39
73 121
33 56
177 150
162 167
134 16
181 129
39 135
203 38
112 116
99 45
12 142
38 161
99 99
128 118
93 40
203 166
38 68
53 121
131 34
80 143
175 95
8 155
175 156
99 43
73 132
195 165
140 29
119 144
12 7
82 163
170 22
138 57
105 166
158 118
122 106
155 128
152 134
133 110
74 23
112 83
122 154
42 122
41 172
50 118
212 110
31 140
67 122
71 126
112 153
182 176
27 10
207 110
105 24
12 112
175 154
39 65
154 135
27 63
104 134
160 90
52 3
105 78
116 110
51 85
7 74
37 62
149 88
81 161
123 73
175 7
175 33
76 95
99 48
39 79
152 44
30 75
193 139
185 148
35 147
119 141
152 8
62 65
30 151
133 51
191 166
59 66
9 104
138 72
155 161
78 74
133 114
191 123
160 69
54 145
12 134
195 40
31 16
172 122
163 169
170 127
150 118
16 19
1 20
100 92
112 89
27 174
35 28
202 125
182 93
79 36
132 92
64 174
149 53
140 44
31 163
158 101
33 140
59 35
210 51
152 46
104 52
163 166
163 161
47 19
64 149
134 141
160 99
75 96
126 166
159 122
162 118
12 163
138 103
130 36
151 122
148 125
33 16
9 161
1 146
64 95
75 179
185 121
53 43
131 70
72 69
47 13
192 167
114 38
35 163
18 145
119 42
133 93
102 143
123 99
73 62
47 161
92 26
166 110
181 53
195 119
142 77
12 120
152 153
138 86
8 71
30 47
195 31
126 90
126 101
185 25
26 68
105 164
138 102
181 83
33 31
152 180
71 34
12 111
96 161
155 116
155 22
114 52
164 151
1 44
37 129
105 117
78 26
125 68
165 9
64 117
92 33
71 116
148 27
26 40
133 7
64 56
149 128
92 51
163 73
212 122
114 36
75 9
112 155
16 13
127 110
2 94
9 181
51 137
185 23
149 166
8 82
183 22
1 78
177 65
27 25
64 88
64 143
63 110
145 76
72 26
40 76
203 26
75 69
122 35
2 4
30 141
158 155
207 181
135 50
160 61
64 79
51 133
88 40
54 90
149 39
170 149
203 11
131 174
160 139
123 97
99 143
181 134
52 131
71 101
76 118
1 167
78 86
149 4
35 31
122 176
1 87
149 55
195 14
133 81
183 141
149 155
119 79
25 143
98 139
52 177
37 30
16 9
202 81
62 28
206 93
104 102
78 82
54 84
35 93
163 34
131 161
131 15
191 134
131 26
175 73
122 49
92 165
164 39
203 157
26 118
98 36
154 78
192 127
16 177
207 155
7 160
104 141
31 77
138 51
31 50
76 156
72 143
135 31
8 95
191 28
207 37
140 129
135 131
123 43
76 180
54 8
4 122
93 181
134 58
78 10
164 93
105 89
64 151
131 36
158 2
135 141
33 95
140 1
160 167
198 91
82 45
162 128
54 116
51 111
73 102
133 172
47 28
160 164
160 33
182 127
53 131
73 11
47 121
210 167
182 46
198 76
133 79
72 38
104 149
165 101
4 145
74 33
149 174
137 68
149 34
198 71
148 159
74 104
149 58
5 33
62 173
152 89
114 72
74 45
121 77
24 21
16 37
195 100
35 35
31 85
154 68
72 73
8 36
75 70
75 108
191 135
177 182
59 61
191 81
75 16
134 40
119 8
209 140
105 140
159 28
109 68
54 52
203 56
155 172
162 51
35 156
181 153
47 123
209 147
74 144
206 91
195 69
165 86
35 4
126 29
177 148
75 47
104 117
170 116
175 158
24 30
1 28
163 49
1 142
5 75
12 167
138 70
39 126
112 43
191 69
74 13
75 89
170 3
154 64
78 9
198 78
123 83
112 91
73 170
93 168
78 137
202 43
175 70
9 148
202 89
206 22
112 137
133 109
209 163
73 106
202 170
185 80
156 110
8 168
174 40
5 67
133 162
16 99
195 56
195 123
8 179
54 75
126 27
54 6
53 116
198 84
126 109
30 137
64 168
71 50
126 77
52 49
155 108
24 115
73 160
47 134
39 29
194 139
5 79
53 66
62 97
82 30
154 150
71 24
37 23
158 94
16 96
1 114
52 178
162 66
76 14
72 34
39 166
191 154
92 118
164 61
78 182
148 55
2 25
182 16
183 131
131 46
187 161
123 20
30 66
154 36
14 143
1 133
131 21
62 83
114 35
75 111
62 87
162 86
64 120
76 153
104 145
10 161
59 140
165 26
78 171
210 81
7 21
35 173
162 72
35 44
31 17
73 173
206 110
30 140
202 96
170 173
74 101
8 138
202 77
135 108
9 78
99 155
12 153
152 52
140 73
148 28
1 15
177 33
122 25
198 52
113 143
122 171
8 47
24 59
126 57
114 18
142 161
64 2
153 161
9 35
131 77
24 163
72 149
160 58
185 73
170 176
114 22
71 122
39 158
160 129
99 148
175 103
121 81
209 138
12 2
16 26
53 31
154 54
182 170
71 11
160 97
152 61
195 62
160 47
75 141
209 69
1 94
142 90
200 139
24 165
82 175
71 129
35 68
8 127
122 27
181 89
16 165
16 3
47 120
23 143
131 132
191 57
30 46
135 179
9 178
207 138
5 4
12 180
120 92
106 28
33 110
33 12
99 32
24 36
154 181
112 35
160 132
75 170
140 48
161 110
31 134
154 74
138 132
134 110
75 92
1 8
105 23
24 69
24 87
24 135
119 20
52 134
72 170
165 125
114 46
27 58
59 76
74 25
133 182
183 181
59 14
202 10
99 139
1 99
114 56
76 107
138 22
122 48
177 167
53 9
135 23
62 160
8 26
62 138
203 134
160 138
155 113
1 86
159 118
71 58
195 135
163 72
154 47
114 121
8 89
164 76
195 110
31 78
175 160
119 19
200 40
185 164
207 153
198 160
155 87
51 23
126 97
185 29
135 27
35 55
75 76
93 144
23 28
152 64
9 121
207 50
104 146
203 27
7 71
154 51
135 127
202 119
163 3
177 108
126 171
162 115
72 92
8 139
165 81
119 48
75 109
135 124
181 19
47 104
27 51
5 94
73 48
123 104
114 13
202 178
154 28
114 62
52 152
160 178
155 1
82 92
74 111
150 28
104 171
104 21
52 97
122 39
59 115
5 42
53 70
93 17
27 146
82 134
185 78
158 180
192 102
52 155
192 14
74 95
92 58
8 87
119 152
33 59
152 47
71 131
142 132
210 57
155 112
175 179
203 102
2 54
9 23
185 95
35 92
72 16
142 71
202 18
104 43
105 142
72 150
59 121
165 33
30 65
12 24
53 132
192 140
170 30
131 162
133 111
122 77
154 22
29 145
163 131
163 16
93 155
59 41
192 24
135 155
154 161
114 111
182 152
181 141
1 166
182 116
9 66
105 97
1 45
163 85
65 68
128 145
62 9
78 161
16 6
5 48
138 124
126 31
114 175
93 43
9 41
155 115
177 56
64 97
2 57
140 39
195 82
64 80
35 27
37 118
126 103
182 144
181 108
99 164
131 159
142 36
129 118
182 45
206 13
155 103
119 68
195 15
74 28
119 95
59 10
30 33
163 129
5 22
98 68
195 117
24 16
195 81
148 18
177 153
202 74
156 145
177 174
202 167
114 65
140 20
93 6
142 148
121 22
62 93
79 161
16 75
37 162
31 149
155 180
31 13
206 157
192 65
164 95
209 4
135 81
78 123
202 80
105 120
114 159
156 40
93 55
8 75
62 40
71 36
121 120
199 92
93 162
164 65
154 179
135 164
191 55
183 14
74 86
11 68
131 105
160 142
175 135
181 119
89 161
93 36
59 24
16 59
134 67
154 165
24 28
32 143
140 33
163 95
30 6
16 27
114 138
112 126
30 44
163 123
202 31
24 91
105 8
7 161
133 48
193 143
8 12
164 130
99 87
9 100
122 11
170 101
182 18
71 156
135 9
62 98
59 104
8 79
55 118
35 96
78 84
5 58
13 139
155 9
82 53
24 101
110 110
81 28
163 145
58 161
112 168
74 61
182 120
71 176
104 17
47 83
160 118
83 161
27 176
135 41
47 67
131 76
9 90
9 44
126 132
8 48
182 75
54 176
123 128
154 151
104 118
202 44
92 57
93 176
40 36
131 106
16 91
148 32
164 152
133 132
114 81
16 10
182 96
113 139
76 37
68 161
175 155
33 36
202 140
165 160
114 96
163 57
5 20
31 63
119 72
74 73
157 92
7 101
99 177
123 151
112 39
114 61
149 36
71 26
162 100
64 65
31 144
78 111
135 116
170 181
59 126
116 122
82 32
94 161
35 77
74 117
82 87
206 150
131 151
35 24
73 50
158 136
121 112
16 78
9 95
84 40
133 107
54 96
51 135
191 130
25 145
41 24
164 40
162 136
99 79
131 129
53 35
30 60
149 148
12 76
51 58
64 20
135 11
206 171
175 52
99 34
202 156
31 170
104 65
54 147
62 166
9 157
119 136
160 68
175 36
51 57
39 48
82 109
41 50
22 145
71 85
209 23
5 182
66 110
27 137
203 125
148 31
140 143
123 173
185 53
35 67
155 50
51 4
99 144
9 141
99 124
16 134
123 174
93 28
35 117
54 126
8 63
119 25
53 93
73 63
183 95
195 155
93 22
73 13
135 13
23 76
53 141
12 9
8 54
206 90
39 140
175 172
82 16
203 177
149 153
164 71
126 48
155 80
31 18
126 134
78 21
112 57
119 89
64 127
191 131
93 3
78 147
2 15
135 175
175 93
152 176
33 120
207 172
99 106
9 19
30 4
121 67
75 20
53 102
51 110
39 130
206 27
27 57
170 114
6 118
62 108
209 66
62 126
136 143
191 151
39 22
152 20
121 139
126 43
82 130
92 102
202 138
142 125
16 76
135 174
122 24
46 36
177 169
12 73
149 100
59 108
64 77
179 76
209 75
113 28
24 8
155 111
185 19
170 70
27 171
195 132
78 121
105 32
121 63
142 32
52 45
162 143
148 133
185 5
18 161
160 41
206 77
162 104
104 3
175 128
62 32
148 97
32 68
74 182
8 132
162 19
149 130
2 146
191 38
191 65
160 131
193 36
78 166
73 78
82 75
181 64
52 42
197 139
75 131
210 22
164 175
147 40
207 5
162 94
124 161
27 85
146 76
78 89
182 86
54 133
210 165
188 36
104 94
149 103
52 126
181 44
119 131
138 180
105 60
131 81
170 125
177 112
162 145
12 101
94 110
14 118
178 143
126 169
124 28
155 125
154 6
31 151
71 106
185 54
33 124
202 42
177 122
5 133
27 113
104 14
165 163
54 167
74 112
66 145
54 22
131 12
105 127
198 9
126 86
212 161
209 101
164 145
73 174
33 87
202 160
64 11
210 38
120 36
175 118
152 7
174 68
47 17
51 149
142 156
152 36
160 153
35 179
112 100
131 178
209 38
181 88
105 114
154 127
7 51
191 37
37 109
133 135
105 158
105 180
138 182
44 68
75 119
175 15
47 54
75 62
112 92
155 69
27 142
5 100
192 161
24 37
82 77
30 25
126 139
161 92
202 27
154 92
112 23
114 91
149 129
182 140
162 163
166 139
51 63
2 18
123 100
47 125
170 57
157 36
149 124
9 24
49 161
39 131
53 119
18 118
131 118
105 3
9 60
35 180
74 17
54 121
47 78
123 140
33 131
82 116
165 4
131 40
93 97
162 22
95 145
13 68
131 150
126 60
21 68
175 125
181 132
183 76
185 130
112 69
202 79
123 145
148 154
78 61
73 12
155 51
164 34
134 12
99 74
24 121
78 165
4 76
140 162
56 110
152 115
177 22
35 2
209 129
140 85
175 119
27 131
163 130
191 6
92 92
105 178
47 46
1 33
27 182
198 148
85 68
122 26
153 92
152 33
82 101
195 27
192 162
118 122
191 23
38 28
16 112
207 12
181 136
123 178
181 150
161 161
157 145
146 28
202 35
181 70
39 92
131 90
6 92
30 130
35 7
127 145
162 36
142 175
122 21
8 30
72 160
140 53
64 111
95 28
71 59
50 76
191 14
133 10
22 110
152 55
30 89
109 118
209 135
118 145
8 98
170 160
2 153
177 51
195 167
209 40
8 115
54 5
16 39
54 129
13 76
53 84
112 13
164 177
206 165
148 132
119 134
16 44
119 115
158 21
27 175
30 39
51 44
195 151
175 39
12 109
155 162
1 92
27 124
75 107
33 80
143 36
148 36
54 125
105 5
64 36
165 77
152 92
185 41
164 12
182 39
181 94
78 16
173 161
9 51
175 99
39 46
51 68
192 181
38 40
71 22
191 11
92 65
195 150
191 94
74 50
73 133
24 64
114 30
30 82
43 143
202 149
122 170
78 178
37 139
154 23
1 148
181 117
53 169
152 27
9 175
76 141
94 68
203 126
181 59
86 139
93 107
134 68
87 68
206 12
113 122
23 122
147 143
163 180
149 168
164 67
67 143
73 108
119 116
162 103
51 19
205 122
72 156
105 82
149 94
191 24
114 126
38 122
149 136
142 14
30 68
2 138
27 111
162 18
31 90
33 108
160 93
195 103
58 68
208 122
82 121
158 110
135 77
168 36
52 153
131 145
75 149
211 40
158 127
121 116
155 4
202 180
33 62
54 170
160 124
27 88
181 84
181 103
27 162
202 103
182 64
175 31
47 150
140 86
181 96
63 28
135 157
112 77
139 161
133 49
1 180
52 105
1 160
160 107
82 137
48 110
209 170
9 32
175 171
112 166
9 174
76 60
149 144
117 110
152 71
111 68
105 179
75 132
74 123
173 118
74 166
105 37
164 90
119 17
41 119
131 7
47 42
27 56
53 94
73 105
140 137
59 129
64 164
59 39
203 53
30 171
185 59
93 14
170 55
35 145
24 145
162 180
76 101
105 25
202 133
175 82
75 77
155 17
120 122
119 157
148 98
160 14
126 174
92 25
27 69
142 29
30 124
191 22
181 58
154 123
188 118
37 54
54 120
7 131
198 14
105 132
192 16
177 34
26 139
135 115
105 6
51 5
74 135
163 146
207 139
162 20
9 25
53 91
72 42
206 2
122 30
209 125
72 137
191 163
112 24
30 77
8 73
154 117
104 15
202 168
104 181
105 58
78 48
155 75
185 75
122 4
33 67
149 47
27 152
19 28
133 78
122 175
8 103
27 32
162 38
148 26
82 67
140 40
126 83
162 4
82 102
162 105
93 77
7 167
163 61
1 66
47 4
12 126
37 179
126 125
202 163
1 75
195 11
62 78
209 5
15 36
16 17
1 10
180 122
122 72
175 30
8 162
76 57
185 111
123 177
163 64
170 134
13 92
114 177
92 146
176 110
104 115
104 153
51 71
163 20
164 97
203 181
83 40
182 57
140 97
99 122
35 171
51 178
37 19
131 66
160 106
35 34
52 54
150 76
114 14
162 15
27 95
135 65
47 84
155 85
12 62
148 17
131 158
80 118
209 21
182 150
27 120
142 178
31 9
31 15
191 9
162 45
37 63
72 63
33 171
16 137
198 32
54 180
164 114
138 161
84 110
160 158
134 84
33 111
104 89
53 81
62 172
123 92
130 122
155 35
2 58
189 68
47 49
196 118
209 169
7 141
10 118
191 104
175 57
33 45
112 148
64 35
138 94
28 92
11 92
105 91
178 122
148 3
104 107
30 181
118 118
51 24
172 36
52 84
74 160
203 155
163 39
41 175
37 137
149 167
182 33
152 56
123 8
188 28
59 7
185 56
104 83
170 68
183 165
54 117
37 103
78 128
152 181
163 173
192 74
176 28
74 24
30 139
212 28
178 68
150 122
195 9
104 67
138 151
24 62
5 160
170 56
52 127
154 12
203 70
24 85
16 53
31 128
73 10
160 101
144 68
198 179
12 158
195 49
131 57
170 145
71 162
82 25
82 81
76 50
206 67
54 97
112 133
53 144
78 132
183 71
210 24
75 50
133 18
104 20
7 143
12 164
9 43
147 161
105 40
24 137
138 156
158 54
142 6
207 145
148 46
59 109
140 158
104 177
112 162
104 31
101 92
22 68
52 55
24 106
118 76
74 142
170 175
126 146
76 145
71 168
44 92
122 123
195 4
164 169
177 164
8 37
71 86
64 141
20 139
8 14
203 121
133 139
198 33
33 73
175 142
177 119
62 15
35 123
112 172
5 32
206 154
207 160
73 124
34 118
121 21
47 102
152 132
69 143
135 182
197 68
122 110
53 51
52 161
71 165
72 180
170 21
5 12
8 23
30 169
112 171
46 143
183 175
92 156
115 145
175 28
82 41
93 129
198 156
39 163
24 29
154 88
28 122
163 55
53 162
206 139
183 156
142 73
27 39
142 39
105 71
104 81
148 117
35 10
5 106
74 176
114 158
108 161
112 12
93 8
5 30
12 123
92 120
112 25
181 93
54 34
135 61
39 31
7 125
152 103
31 56
182 73
72 11
154 118
75 56
33 1
160 25
114 131
114 170
52 98
133 40
34 143
138 5
177 4
195 93
53 71
82 66
16 116
62 54
182 85
134 28
50 36
160 110
210 94
133 145
102 118
142 122
82 106
123 124
54 51
24 38
165 21
126 95
5 24
31 114
131 140
11 161
130 28
112 104
145 110
62 43
119 167
133 35
131 102
75 166
140 3
37 175
54 46
126 115
122 57
206 62
122 133
51 95
133 97
93 99
119 63
31 102
75 174
191 49
154 67
207 92
154 25
6 122
104 173
105 109
99 131
120 161
53 32
134 26
139 110
209 45
59 114
92 131
185 168
152 68
37 21
202 139
78 142
170 102
191 120
175 11
119 3
103 161
128 68
181 167
160 160
71 177
8 134
152 133
142 46
191 83
206 98
59 98
27 19
123 54
72 128
142 5
16 135
202 166
115 76
2 84
177 104
170 65
41 162
148 65
64 129
195 108
164 148
133 144
12 69
4 92
112 114
195 91
30 5
175 12
53 181
92 167
43 68
139 145
59 137
164 7
202 40
119 159
74 26
192 94
202 54
21 145
181 22
51 53
206 94
138 3
1 27
54 54
76 127
175 92
152 3
123 142
206 169
33 72
27 169
163 178
131 107
11 118
177 147
79 92
191 62
64 157
142 87
30 105
76 33
39 37
202 57
133 125
82 162
52 58
142 40
78 159
93 68
53 163
177 74
122 63
52 172
15 68
195 18
8 66
186 28
203 9
33 33
74 173
114 161
75 84
9 18
181 21
61 76
165 40
138 73
182 83
136 68
78 76
64 26
175 84
134 172
203 85
53 27
78 103
114 95
90 145
114 109
4 161
168 92
20 68
160 24
206 75
39 80
37 99
27 81
9 75
5 61
158 71
175 173
133 61
181 130
122 18
52 120
160 182
53 61
75 120
119 47
112 84
15 161
1 121
209 143
164 87
163 70
31 104
35 19
121 140
82 124
94 143
155 130
119 84
142 141
71 29
170 138
74 2
153 76
163 172
105 63
9 10
44 28
203 14
177 137
152 151
149 109
54 149
1 2
72 106
71 143
74 52
5 134
202 46
164 154
3 92
93 142
5 64
163 108
198 85
165 137
207 95
140 74
104 74
30 20
148 71
9 49
131 166
195 53
154 53
138 114
209 145
62 52
142 126
59 36
41 2
112 175
104 116
75 100
136 161
133 66
78 148
47 76
31 153
126 142
52 137
133 38
59 43
209 20
30 49
105 48
122 118
209 136
109 40
1 40
52 16
72 5
5 137
47 65
152 58
1 41
5 76
105 121
24 23
133 146
185 12
59 124
166 28
119 1
122 74
93 83
9 16
203 112
37 87
33 100
54 89
170 99
134 81
139 118
191 173
37 168
162 150
52 30
185 50
185 119
54 64
128 143
164 14
53 160
209 105
51 152
102 68
114 4
52 151
154 50
133 27
181 79
203 161
198 131
170 16
16 164
202 159
108 68
62 168
30 79
135 146
31 23
163 59
73 92
71 39
93 27
102 122
198 135
48 28
71 139
192 160
160 144
155 74
126 96
122 167
123 119
75 40
201 40
31 37
144 76
75 82
152 129
105 100
192 9
202 94
93 4
5 40
71 77
168 122
99 125
170 82
110 143
54 24
2 68
177 155
2 33
195 47
60 92
105 182
73 5
40 28
31 130
186 40
104 27
35 23
69 36
52 128
33 15
195 42
72 65
200 143
71 121
134 166
194 36
116 28
185 13
201 92
131 99
1 74
114 71
9 130
93 37
112 75
39 35
210 77
152 165
93 63
172 143
135 56
82 1
123 64
209 55
149 150
1 43
16 8
210 36
162 13
191 17
156 36
66 28
149 171
163 155
209 131
105 67
203 88
165 118
185 150
74 126
202 2
191 79
181 168
1 25
184 36
31 70
74 97
140 7
54 107
73 159
195 59
5 142
142 81
24 177
134 5
35 71
53 75
148 50
152 2
202 55
114 44
185 81
76 76
155 94
154 107
30 179
7 111
165 122
105 36
195 181
64 44
12 55
93 101
75 159
126 111
181 99
73 7
175 102
12 74
12 16
126 80
54 141
64 147
131 88
27 158
170 135
181 133
160 137
185 3
185 132
123 6
148 53
123 81
59 2
175 94
54 76
73 154
195 136
133 63
198 77
61 36
114 164
132 139
72 23
99 128
27 15
140 128
9 47
73 65
72 125
39 133
82 126
9 149
119 147
177 15
99 123
14 68
64 112
206 108
53 170
126 64
114 124
51 70
12 154
198 41
202 7
193 118
72 89
207 26
112 67
53 98
142 134
148 182
135 1
59 25
210 181
93 90
24 19
5 83
131 153
103 36
53 159
140 69
54 18
135 125
175 136
199 139
99 8
138 31
154 100
93 76
139 122
163 17
9 99
170 132
182 91
74 125
5 98
47 69
160 67
9 122
51 34
198 152
39 129
174 36
191 18
122 58
149 1
209 12
155 10
148 10
123 181
74 29
160 108
140 122
5 84
203 91
1 85
53 111
191 67
206 81
8 136
140 96
30 35
98 145
140 168
1 106
30 10
112 99
198 123
59 105
163 80
127 122
170 153
140 54
149 69
37 171
92 75
134 181
80 110
31 7
53 7
101 76
148 157
152 83
37 153
164 112
37 97
30 164
37 82
151 161
164 2
35 153
135 16
191 93
37 2
56 36
53 76
98 143
31 181
140 127
154 29
155 126
131 63
202 113
149 179
59 17
154 99
16 50
39 182
5 125
182 27
75 17
53 36
148 85
1 119
142 17
52 2
92 143
33 176
93 30
140 140
1 34
24 98
53 99
71 20
131 22
181 60
30 145
75 90
126 75
124 92
192 12
198 161
173 40
160 81
202 14
67 68
195 85
16 4
46 118
72 50
116 145
195 156
183 84
141 145
152 126
24 162
14 161
78 44
138 68
39 32
24 124
5 86
203 145
166 161
55 143
122 3
182 168
114 104
64 110
52 176
2 145
119 128
212 36
5 41
31 41
16 181
84 36
82 164
108 145
162 106
158 141
25 161
72 109
62 132
64 108
59 85
59 38
37 75
30 115
74 110
27 141
52 90
138 101
27 140
209 157
41 161
16 42
35 39
72 19
177 160
158 138
8 143
187 92
141 122
5 143
51 175
51 113
35 49
182 81
206 143
175 117
142 49
114 26
55 28
69 110
82 168
114 67
51 92
135 88
12 61
31 10
60 28
54 71
85 28
138 8
122 162
52 146
33 28
107 68
182 117
203 168
62 123
62 134
47 94
142 64
142 30
112 36
164 140
47 156
164 68
146 161
140 135
16 127
5 104
163 38
104 129
33 21
114 9
202 123
163 126
76 140
154 106
134 65
93 111
3 122
30 142
39 106
93 49
64 116
72 58
52 67
39 178
149 177
66 161
138 15
129 143
114 92
1 47
135 18
198 27
16 84
206 136
59 93
1 91
175 108
154 164
82 58
164 138
131 28
126 11
8 151
209 83
7 12
92 4
82 138
107 36
122 136
27 99
93 116
133 36
54 137
133 54
71 108
126 56
114 172
209 95
170 112
122 84
112 33
192 2
142 104
198 149
154 45
140 182
27 166
62 53
72 118
202 173
99 104
15 28
79 76
134 167
105 162
131 69
138 171
138 98
122 182
27 80
27 77
93 33
182 31
75 73
152 78
182 36
9 102
203 178
143 110
39 132
112 174
121 5
62 95
99 113
121 60
73 8
5 9
131 53
112 101
33 82
138 79
27 92
55 92
207 68
122 47
185 82
27 46
149 83
174 145
37 24
33 178
24 171
30 63
170 36
209 17
162 135
9 4
73 53
114 182
30 168
163 35
52 27
58 110
24 180
14 92
134 95
30 178
183 125
163 162
35 102
133 103
152 75
54 1
153 110
75 32
8 111
71 51
31 35
138 6
74 140
64 99
182 49
142 35
75 101
1 80
24 88
191 21
39 20
202 112
181 1
72 78
78 94
131 58
33 48
207 116
119 94
71 31
126 170
62 5
209 56
165 14
107 145
104 143
142 7
2 74
74 109
82 139
131 117
5 139
198 10
78 68
2 76
139 139
74 90
138 23
202 174
75 6
158 111
170 146
192 67
154 113
35 158
173 28
61 145
92 15
131 127
142 113
31 167
181 161
37 76
165 60
53 145
160 78
49 139
207 131
55 36
158 28
105 118
58 139
9 76
162 124
182 113
64 133
92 145
94 139
12 48
27 147
93 180
175 69
163 104
152 175
93 56
195 30
164 100
140 65
142 106
93 103
199 122
206 58
155 83
92 111
203 108
112 34
89 40
93 88
142 142
195 2
37 73
60 40
195 182
75 28
54 143
155 38
75 24
195 26
82 97
82 100
71 105
14 28
62 44
71 33
41 60
114 86
126 7
166 36
184 40
8 21
5 141
82 83
123 110
195 29
191 26
24 22
140 70
98 118
202 17
2 181
39 15
170 63
195 12
183 110
162 64
33 144
8 102
30 86
122 156
1 168
198 101
128 36
162 77
160 94
52 4
172 118
1 161
209 61
177 29
122 54
119 27
35 132
192 76
39 72
170 43
35 90
53 147
195 97
189 36
39 84
182 43
49 40
142 55
27 119
5 55
82 29
39 23
191 110
191 116
210 162
71 148
16 47
192 51
52 139
16 154
74 67
139 143
175 132
5 92
203 30
5 140
46 68
137 118
9 98
123 88
35 48
54 144
198 128
203 182
117 36
31 116
156 139
183 5
126 52
62 45
202 45
2 182
51 2
135 19
75 12
30 148
191 126
99 59
134 143
185 174
163 14
73 21
7 37
198 7
189 118
164 82
76 21
114 79
73 161
8 3
74 65
202 117
62 156
54 163
119 71
202 132
122 55
133 176
27 161
119 138
62 104
9 57
12 46
185 138
16 169
148 168
47 24
93 118
35 45
63 68
202 130
76 182
33 177
81 143
74 62
8 29
134 162
105 159
185 167
54 58
51 164
175 23
185 114
112 2
105 106
40 139
181 33
160 28
35 165
27 55
160 30
155 98
181 137
192 111
5 179
110 161
39 101
27 34
126 72
82 44
81 36
133 4
51 162
52 101
41 111
182 40
85 139
39 4
51 59
75 175
165 36
122 153
164 1
31 117
36 92
160 177
64 33
135 46
177 37
122 115
95 40
138 131
167 161
160 88
207 71
130 143
119 74
112 27
54 33
47 153
207 9
123 21
62 71
74 38
1 17
73 141
192 95
2 127
2 167
52 56
77 92
169 122
138 133
35 160
78 127
187 145
142 131
134 14
30 126
104 39
185 91
138 66
75 19
148 106
165 165
126 6
33 172
71 97
210 5
51 78
31 165
1 90
2 111
195 74
191 149
24 117
170 126
24 134
142 119
54 66
33 40
93 106
37 50
203 80
74 170
204 110
62 177
72 155
206 159
164 52
140 134
74 175
93 117
24 49
78 55
142 136
74 114
208 68
71 13
207 40
35 70
207 141
42 76
123 109
99 90
71 89
133 118
160 162
12 32
74 88
9 53
39 100
185 112
74 124
1 165
36 145
142 54
201 68
182 66
119 102
135 119
87 92
12 110
92 125
152 28
75 83
51 42
202 148
54 98
187 118
207 21
169 68
195 44
82 178
185 9
82 84
149 125
133 70
92 155
33 64
50 92
183 2
112 182
114 50
119 101
138 28
42 161
140 155
7 107
64 125
8 175
99 181
16 21
178 28
195 158
47 97
114 7
75 139
196 68
114 43
33 55
104 44
123 175
114 20
126 158
7 58
31 97
52 94
148 141
39 75
54 45
152 88
24 72
47 124
177 83
181 100
177 47
64 176
135 152
206 172
99 118
30 3
154 111
142 143
170 42
135 102
16 121
164 17
82 57
104 78
19 68
71 166
160 133
202 162
36 139
73 94
47 32
148 47
62 162
114 27
138 122
12 108
177 142
82 158
203 35
142 181
73 114
11 122
74 180
112 22
138 121
198 64
185 100
93 52
123 118
52 143
148 140
71 6
177 140
177 149
93 108
59 161
73 4
155 156
163 15
64 177
84 139
29 161
8 17
59 165
126 85
93 182
35 144
133 5
71 119
160 170
1 135
122 166
24 176
140 171
177 10
35 127
105 26
175 32
47 173
185 60
133 22
82 26
210 140
16 52
198 82
8 5
105 128
133 165
134 112
112 157
31 142
33 151
53 83
74 70
78 164
131 137
148 113
12 68
16 142
145 139
117 40
160 134
64 3
191 113
160 17
133 104
59 30
133 159
182 134
24 99
148 114
148 109
35 174
123 48
112 119
158 37
181 43
39 145
126 108
167 68
164 70
160 156
78 63
160 51
163 175
53 63
12 95
104 5
182 70
163 62
72 94
191 5
114 180
168 143
181 30
198 172
195 128
206 131
126 113
155 117
106 40
5 129
148 9
82 40
160 1
47 15
114 37
165 140
12 170
182 14
175 165
206 97
177 113
73 64
149 29
140 16
71 125
61 92
122 85
206 121
182 7
59 170
196 145
181 163
99 81
121 18
31 132
155 36
191 153
91 28
148 87
149 140
9 40
185 88
177 49
114 176
119 172
24 131
126 89
138 175
114 119
37 28
45 118
1 115
148 107
24 102
76 75
112 134
9 128
8 22
185 149
33 84
138 93
150 110
62 23
148 6
198 58
39 139
9 33
122 93
93 57
177 6
92 2
148 105
54 40
207 86
182 50
155 60
2 51
16 41
54 60
76 77
177 178
162 158
73 71
33 57
33 78
24 139
123 136
202 78
118 110
93 48
123 154
140 136
9 67
202 23
71 100
64 58
138 111
181 77
27 71
112 5
195 168
16 159
140 19
9 5
7 65
191 72
133 174
16 138
82 154
203 100
112 151
80 139
59 97
170 129
138 158
47 99
211 143
78 56
5 46
158 119
162 23
177 118
54 49
22 161
37 5
54 112
37 105
67 139
9 144
82 15
33 52
181 76
122 127
198 2
162 21
31 29
62 76
93 178
60 110
160 85
114 89
154 85
59 40
52 95
41 14
155 28
169 139
203 66
142 23
160 127
35 167
27 53
114 157
59 3
185 152
209 144
54 119
170 180
203 94
171 145
140 138
99 107
76 163
55 161
72 148
99 150
91 161
30 117
134 25
152 48
138 107
53 133
105 33
165 138
165 63
53 104
149 66
181 32
74 36
105 19
181 65
31 139
140 153
33 143
59 32
33 50
126 177
142 170
163 168
82 166
16 64
133 2
163 176
82 89
72 57
181 48
82 170
164 25
203 132
47 113
138 141
155 127
104 18
74 4
31 42
12 12
5 80
59 50
162 99
209 175
82 64
135 112
141 92
7 2
140 57
39 34
202 24
105 112
155 120
175 170
62 85
197 145
152 145
103 118
53 115
2 101
110 36
53 49
24 138
62 61
72 8
12 147
53 140
54 105
105 175
198 3
198 26
112 32
201 76
112 177
7 163
62 178
114 114
33 49
158 139
62 164
93 121
37 102
177 176
71 74
123 9
209 164
203 24
140 181
203 1
163 139
16 105
8 173
30 85
163 92
113 118
1 181
31 47
185 55
30 101
105 123
121 175
142 52
8 60
123 116
101 161
126 168
1 154
39 74
31 79
175 60
209 78
81 145
160 100
191 13
75 38
182 3
206 129
23 40
177 179
210 166
119 77
74 94
114 145
17 122
55 122
99 105
37 9
163 66
105 153
104 93
9 152
114 82
62 174
195 175
122 62
202 137
93 38
65 36
114 49
54 68
181 61
47 176
186 143
82 86
123 152
7 153
99 100
162 179
93 54
93 148
122 80
152 4
181 98
64 170
177 134
16 46
1 134
148 108
138 115
89 145
30 76
16 122
114 68
142 162
75 51
165 127
160 109
19 110
47 101
64 100
93 87
132 36
148 48
165 22
64 91
52 130
169 92
114 93
170 89
114 63
185 39
19 40
100 139
160 52
135 45
181 78
191 167
170 90
82 76
192 33
174 143
162 65
57 76
182 162
181 140
78 32
54 32
133 1
58 36
78 181
140 38
114 8
165 156
181 174
202 66
177 62
168 76
198 15
74 132
9 17
64 137
74 11
133 34
95 110
105 35
31 49
131 144
177 61
180 28
119 140
154 39
142 159
206 47
181 66
54 100
149 25
160 117
73 18
148 69
50 139
105 181
5 78
71 147
155 34
71 123
207 120
104 97
135 128
198 104
59 64
154 114
37 27
181 120
149 182
74 16
24 77
164 117
162 5
116 40
148 90
1 136
209 32
202 120
52 63
64 15
16 101
99 154
104 25
140 180
27 13
191 61
105 146
185 64
181 74
71 4
148 104
75 25
30 34
71 94
202 37
131 108
53 148
93 125
162 74
47 106
71 151
202 126
148 60
185 86
73 109
117 139
82 113
133 13
104 1
158 175
112 9
209 1
59 9
122 148
72 112
202 9
197 122
20 92
149 91
105 148
99 103
31 122
138 159
47 107
123 57
163 156
119 90
82 62
11 76
8 124
5 123
52 71
39 61
170 103
47 109
93 66
100 143
160 168
183 120
59 44
31 138
112 20
152 80
62 109
164 143
39 96
62 94
162 69
112 123
119 67
192 37
123 179
30 1
181 155
90 161
99 175
45 143
114 168
104 87
191 41
54 69
39 138
195 94
123 33
170 47
59 62
84 145
162 11
185 10
162 2
9 112
112 145
52 167
133 119
180 161
203 5
8 69
5 111
99 39
198 5
207 112
93 136
99 7
198 79
182 151
125 143
71 153
206 65
24 174
131 43
12 53
105 46
99 163
209 139
27 40
62 139
12 78
164 21
59 87
158 68
27 180
203 69
140 161
64 179
30 118
121 119
198 17
33 136
105 30
137 92
140 75
104 148
72 7
138 69
24 179
191 56
133 156
170 37
185 102
149 60
121 86
202 72
160 175
1 173
74 21
208 36
37 108
138 64
134 116
114 12
203 44
7 175
5 128
1 178
64 148
163 164
187 122
177 115
177 161
105 12
192 163
59 78
12 49
155 20
202 19
154 145
149 119
82 34
7 112
194 143
160 2
41 125
123 37
148 83
191 169
72 51
59 34
75 45
51 74
54 59
175 55
148 176
198 121
78 167
46 40
163 101
49 118
54 23
177 120
162 164
54 91
142 108
51 46
114 101
12 131
103 139
114 51
135 160
54 171
135 20
138 128
64 126
160 166
122 179
8 58
145 36
84 68
200 28
5 88
35 130
39 83
72 120
134 153
24 181
142 41
62 169
92 101
191 180
31 60
162 178
152 130
170 79
33 152
119 34
121 38
77 40
140 5
8 6
141 28
164 81
33 150
152 161
78 8
2 16
182 42
2 118
27 27
203 10
54 158
73 81
72 22
99 73
71 88
206 155
112 110
51 120
74 138
73 17
146 68
6 28
74 74
124 139
155 171
202 76
123 75
187 40
162 169
136 76
82 69
133 59
37 177
49 36
114 45
39 36
62 100
182 114
163 149
78 144
207 24
165 162
105 52
105 116
135 54
35 111
62 105
160 135
35 57
164 8
148 12
183 107
81 40
109 36
82 99
78 71
119 11
52 133
53 64
133 179
183 140
117 118
87 40
16 141
1 116
24 52
134 156
207 136
1 145
160 43
160 66
52 125
198 139
182 89
79 139
203 110
164 20
152 100
123 166
181 147
104 10
162 134
20 28
52 52
104 96
133 122
99 178
127 118
202 99
51 100
26 76
30 155
148 142
73 52
135 79
121 36
104 162
27 26
41 94
206 148
75 13
142 110
93 137
47 171
122 33
33 180
210 156
103 110
137 36
74 1
71 114
148 164
198 74
74 154
163 148
27 118
12 6
191 157
170 139
54 135
73 175
5 155
164 55
39 118
185 92
30 102
12 130
192 118
131 18
9 42
83 68
30 110
177 20
51 131
104 70
191 181
76 138
71 54
62 80
16 104
59 84
82 157
78 90
1 82
160 143
51 155
2 81
131 78
163 151
54 63
185 173
159 36
59 172
162 107
164 136
119 113
197 28
104 12
88 145
