317 128 1728
54 76
118 23
243 30
279 23
198 21
4 49
255 20
98 28
307 117
124 106
268 93
256 106
149 85
176 15
231 79
162 125
39 33
26 92
37 19
78 40
182 25
268 35
77 112
79 17
232 84
44 99
82 63
56 34
241 113
140 44
107 45
188 77
150 24
228 86
306 12
146 33
154 115
150 4
238 24
142 128
30 50
277 70
34 100
206 115
231 108
270 4
31 6
26 18
256 24
231 54
189 125
209 21
34 27
255 105
238 111
211 127
79 26
23 59
229 76
297 102
25 10
26 15
184 66
239 100
101 113
255 113
35 111
38 51
9 77
303 49
170 67
239 32
14 84
187 119
288 17
293 77
141 49
141 78
98 4
239 80
11 76
71 90
288 12
19 94
121 49
144 86
114 83
145 60
269 99
179 76
138 89
154 94
233 3
79 13
121 55
239 41
294 26
235 91
62 97
247 39
54 4
186 16
3 60
309 94
132 127
58 50
192 126
93 8
175 98
316 34
309 76
4 86
121 92
2 91
269 85
172 34
126 84
196 12
139 12
97 15
227 91
112 26
135 54
235 82
230 98
145 77
41 45
83 27
205 125
15 67
249 97
138 61
238 119
171 6
92 82
35 120
24 116
268 87
116 84
22 26
91 33
63 44
114 98
91 117
103 62
284 73
71 126
273 68
306 34
261 25
267 67
296 25
209 95
161 90
77 85
112 24
15 107
37 4
2 12
109 46
17 50
167 54
33 63
106 92
74 33
145 119
199 29
300 111
141 125
38 3
307 97
273 102
60 57
129 8
270 33
81 113
98 46
154 95
311 111
88 82
98 47
205 43
309 116
84 106
54 65
124 100
23 22
58 119
161 73
4 77
89 20
15 78
277 67
69 68
23 79
243 63
168 94
58 36
204 107
80 50
182 115
54 20
41 73
271 33
284 4
35 99
81 57
205 25
236 32
189 111
159 73
45 44
20 86
20 24
59 70
76 20
66 101
156 109
112 119
248 79
25 36
194 90
186 94
217 61
87 126
288 42
87 23
3 94
8 15
54 107
90 6
72 5
268 18
175 106
66 8
244 113
227 65
164 62
98 40
153 25
123 115
1 104
20 3
98 121
130 81
145 102
73 25
203 12
91 79
104 15
296 78
60 100
266 20
310 44
277 73
172 29
120 33
295 55
13 19
94 84
230 117
253 125
212 105
206 19
271 4
102 50
226 113
34 125
205 101
5 61
174 66
228 59
57 84
199 123
134 84
41 63
104 29
192 8
15 34
299 63
273 46
149 89
74 50
226 73
79 124
195 67
249 64
191 45
146 126
231 24
78 94
182 12
152 8
216 54
99 76
202 23
267 42
150 107
266 60
183 100
55 81
135 55
233 73
317 45
289 36
123 37
149 111
279 19
256 57
82 79
170 105
152 126
55 57
209 28
48 63
189 95
125 63
1 81
65 102
289 15
194 86
78 100
232 22
17 55
77 44
124 10
191 122
316 73
100 107
94 2
161 86
66 96
43 100
16 31
130 50
64 12
253 93
77 127
300 15
157 106
292 105
65 100
46 20
254 127
265 26
67 94
249 117
36 8
44 90
77 58
132 52
275 45
266 68
278 116
247 62
302 34
27 75
89 70
312 45
167 42
243 95
313 73
42 49
220 119
101 96
214 27
130 24
134 113
64 15
80 93
59 67
53 12
107 61
79 16
94 69
237 82
93 56
159 12
132 20
76 119
303 34
163 124
109 42
152 1
286 77
244 50
299 73
23 46
150 116
85 84
43 24
240 86
50 115
242 107
207 23
153 9
38 103
205 29
16 29
111 57
195 25
123 31
254 60
54 106
26 5
116 62
138 106
252 98
129 78
95 88
272 126
264 84
6 44
152 70
42 123
59 4
124 14
75 117
270 126
180 65
105 111
154 34
173 46
233 40
81 24
50 2
55 75
304 67
103 45
315 73
181 79
94 63
156 77
122 33
117 46
260 27
14 23
230 23
227 15
161 85
226 34
209 54
278 30
86 62
26 32
188 106
179 111
205 30
186 37
19 89
35 11
305 33
201 119
40 47
306 8
269 17
21 39
101 56
102 105
206 44
154 25
112 18
189 8
116 67
210 23
223 9
266 111
19 82
187 102
13 55
265 83
4 39
34 83
257 102
278 43
153 126
82 62
282 115
276 91
205 126
91 112
265 89
132 37
47 84
294 111
65 63
249 9
2 9
149 7
5 91
310 89
316 29
33 70
168 86
240 39
131 115
169 76
250 39
156 116
147 68
38 40
164 17
243 98
102 8
165 57
296 55
152 80
302 109
164 119
186 81
215 19
174 27
225 8
48 25
169 100
42 40
233 39
33 15
294 36
97 23
54 111
174 5
169 97
121 128
177 20
90 61
205 65
50 23
205 60
67 82
305 42
76 34
38 63
282 94
236 45
43 49
156 92
252 116
100 4
313 25
157 34
163 91
120 106
269 108
224 65
162 96
220 16
34 115
53 119
127 33
115 78
228 100
111 91
167 56
42 94
166 60
66 82
112 104
209 58
207 91
134 24
191 11
208 34
202 119
244 39
65 19
161 69
260 55
288 26
314 106
157 108
112 110
167 118
130 112
37 57
126 15
218 27
227 70
114 39
192 23
170 55
20 68
36 15
293 62
91 124
209 36
41 91
255 97
288 76
198 32
101 78
298 102
162 106
35 104
29 26
267 111
285 49
178 20
66 50
118 82
39 119
35 30
288 61
36 33
79 87
154 2
10 67
168 63
80 55
62 91
151 125
300 24
27 113
243 14
285 61
43 116
271 45
210 26
139 62
298 65
297 45
250 46
91 1
252 50
231 118
176 117
37 68
218 94
82 29
23 125
119 65
306 78
55 14
279 126
239 121
80 112
55 5
236 80
235 36
132 19
271 102
38 14
248 73
163 80
194 119
190 125
246 119
150 91
51 36
65 60
44 14
278 3
32 26
154 9
132 86
135 87
162 78
305 61
25 85
123 60
253 61
255 60
50 66
150 127
198 39
183 19
12 116
294 23
289 89
30 68
184 91
146 45
81 119
196 15
150 68
135 4
26 50
199 90
220 111
118 39
32 36
153 102
112 34
87 44
247 6
302 63
295 68
91 54
230 125
237 15
142 5
189 29
16 45
259 15
133 26
174 70
237 12
77 61
20 62
197 57
146 82
215 111
238 36
248 80
82 30
140 94
178 50
221 113
77 51
40 44
23 3
130 32
218 107
233 60
30 89
260 111
15 27
150 72
92 86
214 8
239 54
104 45
266 102
155 61
232 18
278 84
239 105
293 70
28 50
172 57
2 125
53 98
272 97
286 39
193 119
25 51
208 89
112 93
307 6
134 6
183 63
154 24
240 19
23 38
130 71
119 106
130 4
123 102
78 29
14 126
171 77
238 89
218 34
138 25
216 108
294 77
11 78
105 26
172 119
132 47
88 15
301 13
229 49
123 63
186 100
183 4
248 27
69 84
102 73
236 108
279 15
29 12
175 27
193 55
162 22
236 84
236 12
306 73
280 4
145 33
7 12
264 5
138 102
204 20
167 69
152 59
177 59
229 77
209 25
126 9
199 121
57 4
49 111
213 8
121 116
299 68
14 50
123 118
30 26
104 91
115 84
145 99
298 110
160 63
298 80
130 115
139 25
219 83
53 83
4 65
155 86
162 119
189 38
280 39
81 98
26 31
264 80
71 25
296 84
81 82
42 98
79 80
174 60
76 91
32 9
176 20
207 94
247 84
288 86
218 67
193 78
180 113
32 61
309 102
273 97
194 43
57 12
117 67
170 98
54 27
294 94
234 25
5 34
87 19
130 54
51 67
155 70
246 68
251 78
281 125
96 117
112 115
147 98
264 15
19 46
200 113
259 78
120 93
210 86
233 83
247 55
40 23
202 7
217 82
194 101
78 57
95 89
220 100
162 46
204 42
234 29
189 68
283 97
132 18
296 65
118 6
225 6
260 102
234 49
48 111
257 4
291 32
231 35
289 91
107 65
154 17
20 47
225 102
120 30
302 100
167 113
106 96
187 106
130 120
162 5
243 47
142 97
129 75
243 81
34 77
219 76
191 79
184 90
58 23
205 40
232 104
182 97
112 76
135 19
295 34
265 44
4 55
216 95
50 71
317 115
101 84
204 102
141 80
296 86
297 23
83 125
189 88
90 34
150 67
118 106
120 23
201 108
287 61
142 17
195 8
269 36
91 62
26 121
147 44
179 44
278 83
279 91
226 23
130 20
99 9
114 94
280 70
106 89
129 117
226 55
191 62
205 21
263 78
233 109
129 5
242 98
298 126
121 107
35 97
134 1
221 36
101 99
86 111
252 9
14 119
107 55
95 110
233 28
251 98
56 9
269 59
295 39
218 36
198 66
232 122
141 54
141 25
46 107
54 105
270 115
118 49
79 25
163 119
150 45
75 105
278 79
282 61
124 99
168 36
111 70
220 6
256 100
7 59
223 94
285 12
253 8
316 36
212 83
93 57
86 12
181 38
2 60
211 117
44 100
98 34
164 75
264 49
233 46
239 50
141 101
39 29
282 98
40 57
20 12
205 128
24 12
302 54
112 30
104 59
98 91
251 106
203 29
229 46
298 9
94 61
73 107
156 106
272 100
181 89
283 12
27 56
138 20
270 9
123 24
232 11
26 12
231 53
52 111
71 4
174 101
167 61
49 42
88 50
198 14
126 8
189 75
190 89
162 62
275 15
232 76
150 12
293 107
44 106
209 112
98 27
135 105
100 86
264 102
244 42
92 102
84 119
222 100
72 105
1 95
162 86
38 24
17 57
194 20
59 119
203 78
28 76
281 1
213 57
194 16
42 63
98 14
210 57
40 14
25 34
205 12
186 74
262 8
209 12
269 78
131 70
291 68
183 77
22 45
136 116
4 19
96 49
253 117
95 5
38 66
286 113
114 27
18 29
120 56
88 98
205 17
239 16
143 26
297 115
25 42
232 44
258 100
106 17
286 40
167 77
78 121
10 91
96 62
50 56
262 55
159 26
35 128
82 88
94 39
112 52
253 120
203 33
77 77
222 55
195 84
189 1
179 105
191 14
306 115
223 46
88 100
286 95
287 34
286 108
242 39
134 23
142 31
236 50
141 110
194 94
26 75
236 107
149 107
220 79
125 77
193 102
145 19
276 59
184 20
291 117
192 60
211 32
133 39
130 68
122 57
220 42
154 6
32 113
172 82
238 65
35 8
96 73
317 19
149 31
301 122
119 98
186 113
205 33
103 65
165 46
250 105
246 59
237 117
181 96
63 6
138 75
113 83
194 1
152 40
189 80
130 67
202 11
124 121
226 36
205 23
35 68
286 102
58 33
157 16
307 100
258 78
315 39
3 26
145 56
265 60
19 19
109 115
132 13
223 17
251 36
189 58
142 36
30 33
158 25
260 77
181 36
248 45
164 101
56 63
35 61
124 64
100 45
81 15
81 61
171 82
290 111
191 39
12 59
255 77
45 107
26 2
24 23
39 115
189 43
253 73
28 12
312 15
236 19
271 106
112 14
67 98
82 42
311 77
192 111
249 73
154 13
230 105
61 25
136 23
276 62
94 31
194 78
234 33
22 60
44 49
222 125
93 44
216 120
71 105
118 67
196 83
248 127
243 89
88 117
30 66
182 89
1 66
38 19
69 26
62 6
130 101
3 9
106 87
231 89
213 68
193 77
77 19
173 50
202 81
258 20
124 5
170 19
159 42
116 97
201 116
101 30
306 15
244 117
93 95
135 127
188 24
120 43
254 120
38 8
202 82
316 97
124 38
75 73
284 76
265 61
156 86
128 126
15 2
268 72
241 61
245 68
131 126
213 70
175 125
264 115
127 57
147 119
278 99
160 125
72 54
66 2
122 26
66 49
72 79
135 70
283 33
298 90
280 61
76 77
195 46
37 59
2 111
64 46
128 65
202 111
309 50
134 62
138 56
316 60
202 62
194 42
297 5
95 22
286 120
246 100
26 1
106 57
251 44
260 50
186 115
96 105
205 1
14 42
6 65
244 116
183 27
286 27
153 6
131 45
271 56
254 69
287 44
214 9
310 62
117 115
84 70
94 24
161 58
95 19
50 109
110 77
286 55
41 12
254 96
144 27
28 62
112 117
61 29
132 70
67 9
243 11
253 6
154 88
123 78
193 12
72 116
1 76
213 117
303 60
161 81
104 49
291 128
123 23
37 107
29 78
228 116
107 59
242 9
80 126
247 4
262 15
13 9
210 84
302 105
99 77
32 62
220 49
271 92
276 113
167 75
295 36
297 17
191 93
193 108
132 106
204 36
287 68
29 44
40 68
239 24
147 105
194 30
85 61
236 78
89 39
86 105
161 84
46 78
218 77
135 66
211 128
80 34
259 46
165 59
151 82
16 43
253 57
269 75
130 46
144 84
23 63
100 23
233 20
198 55
199 20
189 51
163 84
229 126
101 24
249 106
281 9
141 3
276 77
286 115
211 39
20 21
167 44
227 20
63 117
288 66
178 97
27 127
132 67
276 98
204 70
41 19
143 76
297 69
149 43
280 33
266 115
299 34
177 49
107 67
256 115
314 69
71 63
60 83
53 23
39 24
281 27
300 84
299 89
17 126
278 40
205 81
174 65
123 38
154 11
105 94
181 4
95 106
297 62
16 57
77 115
28 89
25 99
164 25
50 112
44 107
109 33
139 46
30 22
136 25
156 47
55 4
288 93
80 9
47 119
219 97
312 84
49 86
20 117
77 66
98 122
259 34
72 98
270 119
50 6
106 69
88 61
24 76
279 97
110 19
246 45
268 90
224 68
51 6
170 12
249 35
174 4
107 102
186 127
188 26
3 39
36 89
37 49
39 105
317 77
277 56
310 12
95 98
75 12
135 14
297 98
301 123
223 42
93 43
138 44
21 60
74 111
23 123
128 86
167 20
278 44
129 36
47 59
129 94
283 25
33 125
254 114
66 59
106 46
217 113
45 4
186 49
98 85
294 61
157 28
254 51
183 126
133 29
305 34
269 45
267 115
316 100
6 119
254 16
201 92
281 91
83 106
145 90
261 61
38 53
150 6
183 57
29 57
32 125
254 21
143 44
198 80
232 112
78 44
27 61
174 31
5 26
3 8
230 78
67 29
163 45
53 91
119 117
83 113
147 63
32 25
235 67
47 42
20 127
132 123
165 34
64 83
235 89
303 33
12 44
302 19
158 45
257 125
51 113
44 6
264 19
111 105
141 6
16 107
203 36
245 25
142 87
106 67
43 39
171 76
17 116
114 65
164 96
88 49
159 24
265 117
98 114
302 59
314 76
230 63
179 12
133 94
56 6
186 128
181 90
43 23
134 57
86 39
126 111
56 39
220 98
166 82
89 60
143 67
192 19
36 50
167 92
61 65
288 98
21 119
124 101
174 22
110 84
48 49
232 56
18 60
89 105
26 39
263 111
163 32
64 39
112 108
262 115
50 65
66 87
44 37
163 22
73 102
292 83
64 89
277 91
38 112
237 45
277 62
132 2
176 67
35 110
186 95
23 72
189 33
120 91
189 42
132 90
253 63
217 42
14 115
217 105
216 69
23 51
209 67
135 67
274 26
150 19
249 120
40 17
100 9
249 88
250 82
113 77
82 21
42 77
251 80
101 31
4 24
305 29
2 105
231 48
209 59
228 24
10 49
122 89
72 123
269 109
216 75
256 27
92 65
261 100
64 102
243 19
153 83
5 107
42 39
78 89
284 78
302 29
227 67
79 90
130 89
216 126
203 77
202 28
306 57
28 86
18 106
209 87
301 19
174 33
32 57
239 104
311 63
