80 66 900
64 54
50 14
5 51
50 39
68 49
63 17
28 57
64 21
65 1
72 15
36 43
64 41
6 52
65 18
56 53
1 40
1 54
14 24
46 52
32 2
21 62
34 37
72 7
59 63
20 23
4 44
17 28
37 37
23 30
19 55
13 2
9 46
12 40
31 37
27 17
56 58
3 24
2 30
7 15
11 22
68 15
66 35
7 42
71 57
50 29
65 11
37 24
23 15
5 15
41 40
68 46
16 21
15 51
23 55
80 2
34 33
56 29
1 21
66 50
33 54
29 24
43 7
68 17
22 35
52 40
70 17
36 42
59 54
35 41
17 52
41 17
28 62
69 62
36 10
38 44
57 52
70 54
66 42
39 62
61 41
23 38
9 44
53 20
32 36
65 45
28 19
46 17
76 44
65 3
11 51
63 51
45 17
60 22
11 30
11 20
67 63
48 63
3 50
20 40
37 7
65 10
23 12
51 21
70 37
14 21
23 53
53 21
10 49
58 22
38 22
38 54
23 61
79 11
59 57
72 17
22 21
37 40
72 20
19 21
10 3
34 63
23 65
43 52
18 7
23 63
73 40
25 2
68 9
34 19
75 51
27 51
39 22
11 19
65 43
57 24
64 37
26 15
65 40
5 40
2 46
33 22
70 7
64 7
34 4
17 14
10 29
32 21
33 36
35 15
49 62
35 20
5 11
79 40
55 54
44 36
12 63
80 51
4 30
25 17
56 31
80 54
36 26
23 28
3 3
50 43
71 62
67 55
26 11
24 57
9 58
9 63
53 63
9 2
65 31
21 7
35 51
71 24
25 57
56 8
26 41
34 18
8 59
39 55
66 25
56 25
43 57
6 23
36 21
8 34
65 41
52 54
50 4
73 24
18 63
19 20
10 23
73 57
34 10
70 11
4 41
7 30
9 8
23 48
5 20
48 41
47 55
48 40
3 35
13 30
75 21
7 24
31 21
43 30
23 64
58 30
37 44
36 15
78 22
17 15
11 37
66 65
42 2
63 41
43 15
58 52
78 52
72 52
58 63
10 25
38 63
56 21
26 62
68 63
40 63
2 7
36 9
18 19
46 36
28 55
48 11
17 54
2 44
62 15
8 15
17 50
23 47
31 44
7 13
18 15
37 41
29 19
17 16
53 54
27 57
54 17
10 40
63 44
17 25
25 21
41 22
70 2
80 20
66 49
56 45
2 6
23 13
57 40
78 7
79 37
64 52
31 20
73 63
3 34
62 51
74 2
54 21
23 39
34 64
80 52
56 15
6 21
9 45
75 17
78 37
22 50
44 41
7 47
69 52
55 52
3 46
64 30
19 30
17 6
23 26
36 29
3 18
73 22
21 44
63 22
65 36
1 2
2 58
46 51
50 32
19 7
68 44
23 25
12 21
19 15
65 48
10 41
60 20
37 23
24 7
36 52
2 54
33 44
65 66
70 40
17 10
70 63
42 57
41 51
10 4
13 17
36 50
41 11
23 31
57 22
78 20
3 20
80 44
7 43
53 19
16 37
40 55
9 39
24 44
18 11
65 53
5 54
46 41
65 29
57 36
17 64
56 35
77 55
3 17
7 25
51 11
6 37
68 55
46 19
36 63
69 23
79 19
63 62
68 62
22 55
31 30
8 38
24 15
78 11
41 63
21 23
16 51
27 55
51 30
12 22
45 30
57 57
21 22
55 22
66 19
6 57
3 27
43 24
12 51
36 8
49 51
70 52
59 36
11 2
79 2
50 18
66 47
38 23
66 61
57 20
24 19
56 17
36 61
35 54
6 44
10 43
1 22
28 51
26 21
40 24
65 58
9 1
50 40
65 46
80 7
52 63
17 60
7 50
65 33
6 54
20 17
30 17
50 23
36 19
37 11
56 40
10 56
74 21
22 30
74 54
8 2
50 24
3 22
60 17
68 12
74 37
8 27
69 22
36 30
44 15
43 36
3 31
7 18
28 30
65 38
22 18
23 57
29 23
51 63
38 19
31 51
43 40
71 15
1 17
27 7
34 21
56 64
3 26
52 51
46 23
54 23
30 20
15 54
22 57
27 20
29 51
6 7
63 15
29 63
77 63
30 11
76 54
21 36
11 57
13 41
13 40
70 41
24 51
36 24
53 15
50 7
50 55
3 12
68 31
13 20
36 6
76 24
61 52
42 20
23 2
29 21
56 52
8 22
71 20
17 41
70 36
8 20
5 41
49 24
75 24
78 24
10 14
49 55
63 24
39 41
2 29
41 52
10 46
17 19
48 30
3 25
62 55
39 21
57 7
8 58
18 36
19 11
7 38
75 44
34 24
34 15
43 17
75 7
44 51
68 36
67 52
60 41
25 40
51 57
50 12
26 36
7 53
69 57
62 52
3 21
71 30
24 11
50 17
68 47
44 30
58 24
22 16
8 46
22 44
30 41
43 11
7 45
17 36
8 35
65 30
25 36
6 30
65 24
7 33
27 52
17 27
65 49
2 49
73 62
7 37
59 52
36 28
49 52
59 20
56 24
45 19
54 2
20 22
63 63
77 11
28 52
70 21
66 55
66 40
65 32
65 22
8 44
75 63
29 44
7 1
30 36
46 11
26 2
30 54
22 61
31 2
60 37
68 53
3 23
32 63
32 24
7 19
2 8
80 17
76 30
62 22
12 15
73 44
34 54
22 39
36 1
1 15
40 44
46 20
80 23
3 11
56 66
58 11
23 33
33 2
31 57
22 60
1 7
2 39
77 17
75 57
79 41
44 57
36 51
47 22
1 19
61 21
27 37
65 61
17 56
15 57
22 29
68 45
23 19
51 62
22 64
51 2
65 42
43 41
10 44
56 22
46 15
65 28
8 12
46 44
34 62
2 52
26 17
79 54
50 2
40 51
51 7
10 60
22 41
59 17
23 3
8 13
68 43
9 17
22 48
9 31
26 23
24 21
36 3
8 5
36 36
69 20
7 32
57 41
66 5
69 15
48 23
36 17
1 57
12 11
15 41
68 5
33 55
66 22
8 42
62 37
79 17
41 57
3 47
24 63
30 63
14 19
15 11
44 23
60 30
45 44
12 7
9 3
69 11
7 35
30 21
10 50
23 62
54 37
28 7
5 30
2 59
49 22
7 6
68 33
40 7
21 51
50 35
7 41
61 40
18 20
74 41
49 36
57 63
34 27
5 23
9 14
18 30
34 23
68 48
38 40
66 52
56 1
28 15
3 55
33 30
65 23
9 40
30 24
66 28
66 48
16 7
77 37
7 23
46 55
11 36
50 34
20 2
56 61
33 20
34 45
62 23
80 30
9 27
13 57
26 44
56 54
20 54
23 27
65 55
2 32
80 62
34 26
2 26
29 15
56 44
36 47
17 39
24 62
11 11
78 19
61 44
26 20
3 54
68 8
58 51
11 52
18 51
36 16
3 33
17 8
16 63
42 41
12 23
62 19
60 23
17 58
59 44
6 62
54 24
24 55
50 38
7 36
52 2
54 22
52 7
77 52
49 15
55 7
22 27
10 7
66 14
36 12
76 51
56 39
47 15
56 30
9 11
1 44
54 52
58 20
9 26
52 17
59 11
46 7
23 52
68 61
69 19
31 19
41 30
58 21
34 29
43 63
18 55
54 30
51 54
42 55
57 51
8 65
5 62
9 32
32 20
45 7
47 20
2 66
48 36
75 19
30 40
53 40
3 48
22 59
61 30
2 33
9 22
44 54
23 14
5 36
18 54
59 62
42 19
77 36
59 22
33 19
2 3
56 18
21 55
55 19
61 20
36 39
17 57
32 11
76 57
36 33
35 55
68 16
68 42
77 19
74 24
36 34
36 7
2 1
68 64
56 55
8 11
19 41
28 63
27 2
2 9
10 11
9 49
2 35
5 52
31 22
62 40
36 27
70 23
50 1
50 19
24 52
7 62
8 17
3 36
66 60
43 55
71 7
6 40
10 9
73 51
61 17
50 62
37 20
27 22
78 30
32 54
14 20
61 54
27 23
41 21
44 7
78 23
5 37
74 20
2 11
32 40
50 27
46 54
73 30
58 41
9 62
16 44
15 63
28 36
56 51
10 28
66 11
51 23
