200 200 4000
102 36
137 86
110 102
111 107
73 50
59 48
31 171
84 49
156 144
196 144
56 128
129 178
75 56
66 178
162 157
74 107
52 168
199 111
16 96
102 69
4 76
76 182
173 119
57 151
131 150
35 138
181 2
86 59
100 95
183 6
146 86
190 132
87 198
108 142
45 113
105 50
69 186
98 31
200 97
22 147
76 63
161 88
197 92
71 62
89 84
111 56
166 15
33 186
165 120
72 151
118 71
188 30
25 180
157 6
88 122
169 140
183 191
13 21
186 7
104 42
19 135
148 95
115 110
70 171
165 40
31 31
186 190
97 18
5 148
117 175
96 146
127 125
43 128
68 43
184 88
62 154
121 145
24 114
191 42
4 47
15 185
196 192
133 98
181 193
82 68
176 85
191 46
129 177
47 125
102 46
125 137
6 84
31 164
26 2
160 4
43 44
35 141
143 52
57 90
6 150
63 68
191 114
168 91
97 25
81 23
195 100
184 70
122 23
70 159
199 69
187 121
100 169
189 17
116 167
166 153
12 82
168 58
46 69
172 51
73 59
24 67
12 21
12 42
182 84
12 105
78 90
48 134
89 111
43 11
48 184
193 85
125 6
4 128
180 142
199 58
87 165
97 149
124 78
123 169
108 14
47 176
93 29
107 144
179 13
175 175
60 184
6 125
9 163
39 50
32 20
96 153
125 57
117 29
175 76
196 119
53 19
120 128
48 33
42 119
94 64
131 11
70 7
193 87
70 92
46 55
185 21
165 83
42 34
191 172
105 94
32 43
28 71
37 198
172 92
41 76
170 109
151 79
196 141
193 71
171 131
114 191
150 186
113 162
73 76
35 176
28 107
152 112
55 60
139 124
194 111
172 14
182 44
185 113
177 102
63 189
55 63
52 190
114 29
173 78
9 40
16 125
141 55
62 72
162 66
123 167
15 160
101 78
59 24
156 69
59 67
76 187
145 92
26 174
167 159
175 189
123 2
22 145
85 4
167 164
149 114
110 98
132 107
108 78
140 111
63 106
193 172
187 35
94 57
106 150
78 142
135 51
16 40
86 83
164 45
8 10
60 60
151 164
9 173
135 168
175 88
23 32
181 58
80 15
62 108
34 84
39 146
70 41
60 131
183 58
166 24
51 147
172 105
190 139
146 30
115 125
41 107
113 49
97 163
41 132
98 199
3 52
158 91
92 4
123 53
71 145
163 109
196 45
41 185
71 71
118 130
93 193
33 19
30 4
37 138
36 132
19 72
48 199
78 19
148 97
93 76
138 187
170 154
180 29
79 103
2 166
84 117
135 160
88 85
44 8
182 130
88 46
107 4
38 85
93 145
180 167
155 105
164 28
137 7
91 2
139 140
126 167
72 100
185 200
2 160
65 116
128 10
75 125
136 5
60 114
110 3
172 193
53 29
181 179
86 47
159 1
82 127
35 167
191 163
67 19
191 55
157 54
164 34
130 24
64 156
45 83
90 11
174 137
107 3
88 98
149 139
107 199
138 169
150 59
109 45
57 80
183 95
99 169
117 155
45 152
119 118
144 116
131 62
55 10
90 149
27 171
125 12
21 179
179 12
173 52
137 108
88 101
102 174
147 176
31 152
168 162
195 160
147 116
33 85
173 95
24 53
88 45
112 152
167 105
78 170
182 135
145 157
152 59
4 138
126 86
113 120
157 119
22 124
25 133
15 43
105 82
139 86
147 52
151 15
36 88
60 45
64 159
164 95
73 119
129 34
8 171
11 21
54 39
84 73
192 92
138 173
199 124
65 57
31 46
186 164
25 121
121 10
87 176
127 126
88 97
109 52
182 89
162 5
179 137
23 60
92 147
63 37
61 138
44 126
182 79
185 102
186 95
75 52
144 128
55 30
176 137
72 66
190 20
50 153
148 101
24 109
32 18
127 7
86 91
43 101
26 76
125 50
65 73
150 37
49 51
171 52
40 198
138 99
65 44
193 73
163 175
84 78
151 78
23 81
97 105
161 25
105 99
197 3
10 138
154 105
135 83
38 162
170 91
89 94
75 103
190 44
155 72
19 92
62 44
5 47
44 17
139 18
11 195
96 79
20 101
156 195
112 48
176 86
137 124
190 85
29 45
111 112
190 184
193 123
138 130
139 3
3 140
111 199
79 79
188 62
149 105
81 148
187 23
93 142
116 120
87 134
136 114
74 25
52 81
35 112
85 47
71 64
26 91
141 185
128 56
99 74
176 147
138 45
86 112
103 132
167 44
133 71
141 50
151 114
166 51
14 176
172 125
21 141
45 96
67 74
100 159
171 96
128 124
23 138
84 107
75 179
98 172
126 49
85 156
13 33
71 187
99 121
68 174
163 113
34 58
176 59
95 147
143 21
134 28
194 191
192 124
77 156
67 83
124 96
140 131
101 7
93 84
21 167
40 56
110 191
54 163
152 111
174 17
67 71
91 105
90 21
132 189
5 10
88 27
7 7
29 58
179 2
76 42
7 186
185 74
120 7
52 170
89 85
182 9
185 129
85 151
192 159
154 84
93 20
66 157
83 191
169 92
158 4
97 193
147 56
134 157
37 119
197 179
41 153
25 18
81 80
177 139
74 80
118 59
159 63
152 81
197 20
124 36
146 83
29 56
121 86
158 55
185 187
191 124
79 88
113 191
167 126
45 3
93 82
113 142
160 179
138 183
62 12
101 25
44 31
156 192
134 119
86 29
168 181
17 156
15 2
135 145
84 64
189 90
59 2
26 105
120 91
69 171
121 71
88 32
50 94
122 152
98 151
19 101
167 152
39 14
63 160
35 155
66 146
162 114
42 153
76 147
100 140
65 123
49 58
82 149
159 147
110 111
2 80
81 194
69 25
60 192
167 79
9 119
146 145
99 42
119 127
39 6
193 65
3 45
151 107
14 198
161 131
21 74
162 141
82 191
4 20
79 141
171 8
111 36
68 79
7 82
136 82
48 42
76 121
196 149
113 17
146 31
31 116
135 130
14 140
19 111
164 190
7 138
96 34
61 191
199 6
22 8
76 167
178 59
88 25
49 44
128 192
128 109
20 143
142 28
72 109
13 25
75 36
155 108
74 74
75 40
191 170
59 76
39 154
191 174
80 56
44 84
38 171
185 57
39 3
126 54
83 163
5 133
8 148
191 142
196 4
97 83
129 11
168 12
106 7
147 28
10 167
89 46
173 1
55 44
70 184
193 66
184 157
7 40
158 198
74 2
115 170
166 121
152 166
139 39
170 1
180 138
2 147
139 76
16 21
80 10
31 80
100 125
2 15
142 50
148 195
86 120
195 60
48 129
117 24
177 171
2 133
183 7
44 101
114 4
143 107
91 137
55 151
12 148
145 170
152 142
70 11
186 137
5 163
152 54
159 74
199 172
2 182
72 141
2 195
48 27
79 116
58 59
75 88
142 15
166 7
142 103
138 76
21 186
115 96
38 80
64 152
198 7
111 114
197 14
30 149
126 141
184 187
31 43
168 101
109 169
122 1
114 17
95 111
57 97
16 169
35 10
62 120
8 153
91 185
60 153
166 125
6 71
182 69
28 6
111 25
52 24
5 52
9 194
95 169
23 122
129 131
183 37
36 51
76 185
35 2
200 167
99 174
34 103
31 144
32 19
19 23
31 47
155 70
156 1
21 51
94 113
166 34
46 39
74 139
86 160
168 20
33 142
43 30
195 146
140 52
68 35
123 8
15 192
58 145
102 45
186 182
136 111
150 107
6 169
66 100
181 159
72 143
89 76
173 192
59 124
73 142
146 128
163 101
198 97
103 8
190 133
92 132
194 17
81 131
36 185
107 49
141 90
200 34
106 149
200 47
95 174
120 101
89 168
148 58
81 18
10 35
167 139
123 170
80 30
79 97
124 195
172 71
82 74
2 122
57 169
177 19
50 88
118 152
186 85
42 147
154 172
60 183
105 15
109 178
181 132
145 94
113 119
82 188
59 135
111 10
140 102
125 14
87 32
198 170
84 83
121 160
173 59
103 137
186 11
194 172
142 151
122 83
193 50
173 76
143 36
158 98
177 78
1 179
185 179
9 145
41 169
168 112
83 90
146 8
175 174
199 107
175 157
60 49
170 98
188 162
160 56
82 123
94 180
187 151
83 126
136 170
123 47
34 119
30 162
79 167
176 145
166 40
107 157
190 33
137 191
184 131
199 88
12 142
79 27
156 6
71 52
162 160
166 82
77 147
18 45
128 99
101 56
154 174
54 98
17 144
193 136
22 2
134 152
200 33
112 148
171 137
107 153
117 40
183 55
62 23
104 46
74 103
157 103
18 190
86 167
28 139
38 19
134 114
100 175
27 78
165 138
50 45
136 79
168 147
146 40
72 51
31 186
89 52
2 79
13 175
2 163
40 199
68 50
9 96
156 28
47 42
177 28
161 185
196 91
175 11
47 88
64 7
71 118
82 62
164 78
124 179
137 54
175 56
75 63
164 82
193 128
133 6
107 101
48 120
167 154
125 82
179 8
125 108
80 63
193 51
42 163
172 160
56 60
154 30
200 76
102 62
78 174
148 146
137 63
73 36
179 20
166 169
136 195
150 18
141 179
84 182
196 59
131 69
193 131
139 159
93 2
35 198
66 189
117 30
79 113
171 170
27 116
59 100
102 186
78 119
69 176
40 54
18 103
98 17
70 149
44 85
8 28
120 186
155 3
194 63
88 69
47 182
98 83
88 34
41 18
118 61
2 19
32 169
63 89
138 188
185 2
118 193
8 61
131 153
138 32
138 116
147 99
77 56
25 68
109 147
161 147
182 183
38 90
19 182
22 132
181 62
68 94
9 16
93 179
200 42
129 182
82 109
95 115
5 65
112 77
50 174
114 142
182 27
74 101
196 8
144 175
192 111
52 64
133 69
21 144
84 139
78 114
121 23
35 19
19 166
90 30
19 193
18 97
129 95
182 175
138 47
101 18
46 187
198 142
142 84
113 50
74 126
39 191
106 141
20 95
16 30
118 2
163 172
77 47
161 40
73 179
29 98
161 80
64 94
35 84
200 87
51 2
168 86
89 170
57 76
139 43
6 29
81 128
3 15
184 135
30 193
89 2
195 199
29 49
177 178
62 37
44 185
100 114
81 103
30 144
189 97
89 193
153 153
118 196
98 116
39 23
193 160
125 187
6 102
136 138
24 158
128 191
137 102
19 197
71 198
5 73
12 3
131 34
19 108
170 116
82 174
167 78
39 47
54 24
159 19
57 167
123 63
189 18
8 134
88 149
132 179
56 119
149 145
25 62
14 182
36 144
31 198
16 198
134 139
57 31
196 125
48 186
171 159
62 115
51 79
124 182
56 84
169 152
198 25
172 24
145 50
193 103
35 79
110 158
141 173
60 122
173 85
134 99
75 182
162 47
114 145
93 96
129 23
153 128
23 147
82 52
55 88
94 122
69 86
169 4
94 135
145 124
85 46
140 91
62 3
189 15
81 100
4 192
169 175
121 85
22 49
103 21
75 107
111 86
114 139
150 160
159 39
140 126
179 9
23 14
106 98
8 81
152 141
103 186
198 152
66 160
7 190
164 18
52 45
89 180
90 169
71 19
157 43
30 102
96 83
4 116
167 49
149 162
41 162
83 4
34 10
90 132
87 83
178 176
125 68
98 52
154 169
174 147
3 176
50 186
53 116
15 121
154 116
176 96
68 141
151 40
188 163
188 88
163 129
137 30
198 151
138 167
135 192
137 99
144 182
162 75
190 35
34 90
40 90
55 55
33 46
136 144
171 151
4 25
173 102
56 162
5 53
200 185
30 90
32 141
145 125
178 35
140 114
158 71
184 150
137 3
71 155
161 126
112 125
41 71
82 196
110 103
37 140
153 55
32 30
108 119
56 114
72 126
186 144
54 167
109 186
28 17
48 93
109 92
165 88
133 175
28 179
193 93
131 88
135 22
169 8
40 14
41 142
85 80
69 194
7 103
47 190
66 108
174 164
105 150
46 34
93 195
80 139
156 156
69 102
193 42
33 31
55 92
99 95
200 52
66 121
135 146
78 109
21 111
1 79
97 171
30 46
122 103
66 23
141 40
185 198
50 2
191 147
29 44
49 63
72 84
19 147
80 198
126 187
124 62
33 3
31 69
120 178
136 44
68 8
85 199
33 97
151 145
118 45
72 140
36 98
94 62
21 56
195 82
20 172
24 48
35 140
29 170
9 21
3 88
163 104
70 131
66 51
171 186
10 120
2 183
102 4
188 178
198 54
31 156
80 101
48 155
122 171
135 47
26 139
90 107
110 64
142 85
19 89
52 32
123 133
63 21
98 42
19 59
184 8
69 41
7 28
153 114
84 54
123 104
68 138
138 37
106 193
53 179
172 198
89 28
183 101
45 159
141 178
96 178
121 159
122 172
124 147
3 20
72 131
26 131
194 167
110 8
82 36
41 59
142 194
155 144
166 17
185 73
152 5
111 52
105 20
147 105
171 30
75 91
138 49
117 177
167 34
77 178
115 179
161 7
182 155
113 149
186 146
152 190
94 115
98 174
185 54
185 12
124 3
9 80
66 196
140 49
61 17
20 184
190 70
154 102
27 2
117 164
88 138
123 88
51 91
172 157
190 127
145 135
120 153
19 131
176 88
152 68
89 11
69 81
80 42
35 193
182 140
85 59
52 42
74 132
146 119
143 80
29 59
113 62
135 100
160 78
175 151
53 51
7 139
90 128
25 128
175 147
67 124
134 24
25 182
103 86
20 81
132 86
146 6
162 131
196 11
116 126
113 190
24 73
190 58
119 128
98 125
102 190
118 170
177 34
9 158
190 51
23 164
134 8
96 150
15 151
179 155
91 128
153 21
163 38
111 170
131 2
85 153
56 170
81 197
130 154
191 189
178 34
199 112
38 126
115 200
114 23
149 177
122 175
154 71
135 7
91 80
52 173
31 86
147 21
30 42
9 53
68 116
138 2
71 97
141 126
113 98
153 178
42 8
110 30
95 64
188 155
96 71
75 163
189 191
83 78
148 31
107 62
63 190
117 7
85 107
125 43
111 198
92 102
193 49
26 107
41 98
13 34
48 29
152 29
89 61
131 162
60 180
119 93
3 190
51 190
121 95
89 195
36 170
124 4
141 119
36 109
52 137
47 21
109 11
143 15
63 66
142 142
82 119
7 155
168 183
147 126
57 119
162 174
127 94
103 153
44 71
119 160
153 173
84 86
127 54
125 81
15 116
152 152
175 120
63 67
99 178
146 28
68 60
131 55
163 73
106 185
64 120
197 144
123 187
31 36
103 162
180 174
157 80
144 176
154 17
44 146
5 170
65 132
147 3
75 178
170 121
141 58
79 30
120 119
198 177
143 199
43 24
24 197
13 200
186 82
74 1
11 147
195 88
42 74
61 124
180 58
150 1
179 14
4 140
138 199
30 34
111 128
196 193
138 43
81 30
133 83
162 184
164 79
99 109
23 66
39 1
142 131
156 172
78 126
118 75
175 10
103 74
20 27
25 193
174 95
31 170
79 94
134 1
65 170
171 109
4 198
45 150
85 84
134 171
144 112
6 113
74 36
6 124
144 2
51 151
184 114
195 133
111 173
35 8
190 34
95 158
69 197
184 182
153 189
145 122
145 83
67 45
56 103
200 166
23 25
101 20
61 189
43 99
113 95
104 6
84 113
57 176
56 23
86 147
197 8
176 155
154 4
195 71
48 160
56 169
57 163
186 74
56 36
99 179
61 35
188 99
16 121
196 17
120 2
95 137
91 139
5 42
48 101
181 25
170 105
74 50
8 188
21 105
162 119
48 82
185 90
62 85
185 190
81 77
118 187
24 120
113 116
28 78
170 18
34 18
133 86
62 159
83 119
141 63
47 79
117 114
155 170
94 70
109 99
116 155
6 185
37 58
147 24
106 175
3 63
185 69
176 23
86 44
181 114
141 62
132 139
181 120
77 76
200 75
135 190
95 102
158 190
37 60
193 2
106 137
68 178
45 163
195 120
134 187
60 11
145 96
37 199
35 85
181 29
182 151
102 192
75 99
180 186
185 63
87 34
69 181
128 121
131 20
49 163
165 134
4 79
72 40
199 173
12 178
200 66
25 1
74 142
80 36
111 29
141 56
18 51
124 51
99 62
53 145
161 189
139 17
2 103
10 58
9 110
69 9
6 103
127 3
37 154
153 10
188 49
76 24
62 122
120 174
56 144
20 61
102 142
112 29
13 179
62 69
138 180
172 98
3 4
110 94
191 35
22 188
47 20
36 56
80 189
64 140
84 19
50 24
150 156
33 170
142 153
94 91
65 26
42 36
74 152
85 157
134 3
150 169
6 99
86 30
90 31
40 152
19 181
125 129
16 74
17 30
52 162
126 153
71 152
83 114
9 10
70 86
98 71
2 104
54 182
187 74
1 140
88 90
13 111
129 92
39 139
125 194
94 87
72 25
52 86
6 76
187 176
189 159
155 99
183 170
48 124
60 88
69 200
199 120
14 139
131 131
66 46
127 187
154 139
27 58
118 76
126 83
90 8
110 189
156 140
57 146
40 62
6 139
56 190
145 62
127 182
110 97
197 79
37 11
65 35
181 83
149 151
25 56
178 11
58 7
184 99
199 195
126 25
78 178
63 195
100 59
153 96
188 160
149 83
118 160
4 45
142 10
99 177
130 18
96 21
134 186
23 125
62 102
119 80
125 88
190 199
45 147
5 154
138 196
35 191
110 7
129 175
33 37
10 132
177 31
131 191
179 165
126 40
199 105
80 194
22 18
71 130
14 155
81 178
19 157
161 78
48 23
151 192
59 183
105 186
127 147
14 111
15 88
81 53
174 163
185 35
52 94
93 52
73 163
189 142
141 54
37 105
93 119
62 160
153 23
148 92
24 117
5 64
62 191
1 131
75 34
30 155
101 121
24 55
192 101
96 35
90 51
70 169
183 3
18 185
106 178
112 114
86 2
199 46
200 48
156 173
185 181
155 173
71 91
46 199
165 66
29 113
173 170
187 153
13 27
110 91
47 156
135 165
144 47
67 126
105 95
57 35
53 109
88 42
164 176
42 125
71 146
87 57
115 41
111 82
182 4
111 80
116 31
196 52
194 157
195 119
49 29
28 141
140 36
14 17
95 26
155 7
123 123
138 92
86 149
123 30
63 122
8 102
158 102
112 50
74 76
180 42
165 152
174 151
168 89
140 56
40 82
137 153
30 21
136 30
41 92
10 121
52 154
124 42
5 97
88 163
155 22
139 150
90 164
41 157
139 164
9 92
180 21
167 172
88 96
2 88
61 144
196 177
105 45
174 36
60 123
131 7
92 164
108 76
88 89
125 63
167 179
108 17
81 191
133 1
124 98
40 91
48 71
195 158
173 98
123 193
190 82
54 69
142 157
27 15
36 94
175 4
3 96
133 171
174 119
83 162
168 56
88 123
152 186
20 191
57 199
70 135
25 97
55 189
61 159
69 172
25 163
43 47
187 141
14 56
152 149
104 171
66 195
160 51
48 92
167 54
161 167
97 92
54 11
22 148
184 38
20 159
18 91
151 159
45 44
40 119
40 52
137 68
36 40
82 1
48 54
92 131
118 185
71 132
55 37
115 106
145 123
68 152
37 128
114 114
48 122
43 170
156 111
95 76
17 167
179 107
128 44
151 35
116 185
90 171
17 164
92 23
113 6
56 126
102 193
138 33
116 172
35 50
12 124
127 138
195 126
167 167
107 179
100 131
187 175
90 54
176 19
109 105
81 49
1 82
119 122
64 169
13 8
126 149
177 51
10 74
193 191
92 95
44 124
78 74
40 177
147 63
54 99
78 138
35 124
71 200
170 55
14 151
140 199
171 174
48 144
199 76
165 106
28 111
192 47
174 6
117 15
156 175
21 55
148 3
118 38
60 188
91 10
109 8
78 120
101 58
69 50
95 132
124 139
112 110
54 82
50 160
28 198
110 168
194 192
41 111
17 43
106 147
34 112
24 154
161 160
74 114
62 71
31 199
66 153
79 108
93 160
136 49
72 1
108 29
24 33
115 37
95 113
60 24
175 105
92 155
24 149
111 113
62 188
107 190
4 103
6 2
70 108
100 17
79 71
191 128
146 142
59 41
4 60
87 40
118 16
79 22
186 178
19 52
160 147
190 188
98 82
136 76
100 39
109 50
97 144
120 150
152 173
108 91
160 69
20 120
21 138
115 10
160 76
180 2
118 144
58 139
23 56
48 161
56 28
153 88
70 151
35 80
18 170
25 146
23 112
155 136
120 172
152 64
198 94
92 126
57 194
140 169
148 182
111 151
157 88
16 154
102 59
105 199
102 11
82 131
77 28
55 103
37 20
174 86
15 164
27 18
51 71
7 99
148 137
153 76
88 107
9 24
154 94
182 179
5 129
183 195
73 54
189 185
148 80
100 193
20 37
140 141
101 178
62 51
185 84
1 83
63 151
111 152
169 167
72 71
112 5
114 19
186 198
162 11
65 70
98 128
162 181
166 107
23 100
20 110
93 35
167 24
75 150
16 91
13 134
165 53
184 159
34 139
145 73
199 1
167 176
34 138
125 161
195 48
150 62
72 174
160 131
174 167
38 138
198 141
13 67
94 124
145 156
141 69
194 140
64 76
38 153
57 160
160 102
151 83
85 91
36 124
140 195
123 168
134 105
68 76
63 141
11 102
147 18
92 105
25 151
138 192
75 131
152 60
37 182
160 7
118 42
170 47
84 165
6 160
79 144
116 140
15 42
80 159
107 102
14 174
106 119
116 44
58 60
66 144
24 138
6 36
175 160
65 74
87 144
178 52
42 191
13 18
160 155
5 29
14 102
138 118
60 97
77 198
110 119
12 48
66 127
14 163
175 113
37 28
76 47
32 116
177 147
121 147
31 189
101 107
38 58
7 51
174 140
150 92
11 112
98 177
136 39
133 137
76 79
64 44
192 31
81 79
92 24
129 146
59 64
37 80
119 125
24 74
52 14
154 195
188 145
108 193
30 192
167 190
116 28
199 3
191 49
48 109
151 14
24 47
87 36
74 84
54 150
80 105
53 103
76 170
138 122
101 172
165 129
116 1
63 150
146 185
72 46
169 24
20 58
71 153
75 45
13 80
79 125
82 72
197 44
94 90
159 99
40 137
180 152
1 199
125 192
100 25
18 99
7 154
107 10
128 8
163 67
193 88
138 193
74 171
178 171
141 10
177 60
173 97
179 104
20 22
96 3
199 182
198 35
33 138
106 36
114 174
7 55
121 190
73 83
9 116
12 176
154 198
30 172
38 47
194 74
152 80
187 149
162 158
153 54
163 75
126 157
67 52
186 71
120 74
69 138
81 153
70 138
186 45
95 12
23 45
180 107
5 82
50 121
107 96
23 161
81 176
137 40
114 120
110 42
184 41
84 125
155 43
67 114
47 90
35 55
45 173
185 89
70 185
21 52
63 57
195 64
45 6
45 164
178 62
156 177
53 105
196 86
81 6
94 179
57 42
8 17
116 152
17 190
29 178
161 153
71 24
69 184
155 100
39 42
121 177
146 173
97 35
159 30
156 150
77 43
60 61
28 11
185 11
41 35
180 175
196 186
187 140
85 76
79 135
169 21
77 82
77 69
78 80
19 149
109 121
181 97
49 172
191 6
41 51
29 76
50 97
34 30
29 69
104 157
103 178
181 198
19 6
3 138
29 96
18 194
136 106
56 141
50 172
67 28
92 103
135 188
32 74
76 111
92 151
99 138
125 91
71 66
81 183
63 200
33 112
171 88
124 198
57 114
148 139
38 83
59 105
20 165
44 144
194 25
54 95
112 45
175 58
110 15
137 176
118 27
163 32
8 104
20 62
89 166
166 1
183 1
157 60
59 17
63 182
179 127
149 138
131 78
117 126
3 19
138 51
130 119
38 11
157 154
183 85
22 93
93 149
159 51
63 136
9 141
102 79
27 85
85 182
19 96
92 85
190 57
18 153
36 62
95 94
137 41
61 182
70 118
16 189
152 104
132 119
132 126
82 152
60 166
141 8
58 185
69 119
35 97
177 74
66 40
18 98
153 98
98 35
156 101
170 191
55 19
54 10
9 166
112 71
110 130
22 166
103 36
57 50
150 141
165 187
94 85
167 59
69 122
157 97
52 23
26 4
138 83
48 175
137 151
99 92
142 140
82 101
51 189
8 198
172 97
171 76
52 77
121 128
51 30
12 133
38 185
175 20
87 101
112 111
50 189
107 150
23 44
149 84
4 29
33 15
149 3
166 101
2 140
109 46
8 93
32 46
187 162
86 109
42 173
188 131
137 131
102 21
165 86
154 1
159 88
16 11
173 44
141 113
125 47
56 7
103 103
108 163
98 69
88 2
10 198
5 102
103 198
145 113
112 88
66 151
37 79
21 79
83 44
118 6
35 11
66 120
84 158
105 46
20 164
182 65
153 90
41 28
165 20
83 128
60 33
170 63
200 100
122 109
102 102
66 22
64 10
22 65
143 96
82 84
137 61
60 56
9 84
28 98
61 54
189 177
113 160
44 120
101 173
9 174
134 56
47 160
184 61
113 178
199 144
112 16
28 153
4 178
164 14
112 131
60 107
119 200
144 149
185 83
8 115
63 113
101 47
28 192
12 174
155 66
13 53
85 49
163 4
116 82
55 15
182 42
33 175
62 27
124 8
37 42
87 48
88 141
77 162
136 180
135 13
188 51
107 78
122 20
12 169
74 6
150 120
45 31
192 23
179 85
44 39
105 80
199 162
166 98
134 91
83 7
144 10
145 138
16 84
150 177
115 107
72 191
58 154
31 21
200 96
148 172
59 112
179 67
137 93
162 3
68 162
115 32
135 24
19 38
177 128
129 109
158 44
184 184
8 131
130 84
9 183
182 117
88 86
47 6
81 13
151 174
34 114
49 126
71 137
119 130
13 86
169 120
65 66
174 131
87 193
101 85
88 73
17 83
98 96
71 186
78 1
173 175
36 79
141 157
159 69
134 109
28 23
198 69
107 37
167 39
8 149
43 162
42 192
183 97
47 98
150 125
22 32
178 30
184 63
178 49
2 142
195 50
96 99
1 55
122 62
117 198
84 137
199 142
200 144
155 12
184 151
163 22
133 42
76 83
19 28
95 117
35 113
115 116
125 4
141 92
24 103
110 85
66 130
65 108
94 43
129 79
49 47
137 155
129 155
89 43
188 113
82 104
90 34
159 138
65 190
158 84
10 15
76 199
14 121
141 170
124 28
151 59
28 30
186 179
145 44
185 65
109 174
74 147
104 56
110 101
39 190
56 82
73 153
9 156
179 139
181 152
78 101
108 20
176 11
195 74
140 59
57 141
130 189
80 121
93 95
115 54
168 163
84 146
127 25
195 73
80 177
171 177
87 90
120 50
26 112
119 82
151 39
188 105
121 146
152 125
29 39
90 10
87 158
141 172
169 139
89 7
93 144
121 189
46 86
38 28
36 149
40 50
114 182
72 145
53 174
159 132
112 67
165 87
87 189
73 99
193 115
95 28
84 65
48 1
15 95
111 71
62 22
60 178
152 21
138 82
19 115
124 153
199 43
11 36
118 79
123 181
145 77
100 195
9 108
142 80
176 132
125 157
179 97
18 83
29 62
91 25
145 13
196 116
26 199
63 178
88 79
165 8
148 4
81 101
174 46
50 6
152 160
90 85
6 131
144 97
72 26
168 87
93 111
3 74
45 79
31 104
36 101
142 169
55 97
139 31
136 41
7 30
136 97
32 179
192 39
2 169
161 91
128 49
151 137
6 14
169 109
112 22
86 95
174 49
64 146
76 88
105 1
86 190
184 32
162 61
152 23
81 35
23 49
155 115
186 15
143 2
13 170
108 141
5 137
84 25
161 56
53 191
94 89
138 40
193 188
108 116
96 156
173 153
195 125
79 26
56 185
130 172
63 91
135 118
51 119
29 194
182 144
71 188
62 54
146 90
101 150
9 146
50 140
88 151
33 23
31 11
97 74
77 19
200 186
49 167
195 42
118 62
124 91
100 71
9 35
43 109
28 28
94 190
70 137
152 115
13 177
33 58
38 63
22 191
26 164
46 95
74 56
27 176
153 107
78 128
62 8
23 78
72 32
13 22
160 18
130 82
150 60
189 192
143 192
198 84
105 179
200 162
177 160
89 100
110 67
125 125
115 40
22 69
200 113
193 179
92 97
152 10
169 124
68 157
152 170
82 108
102 52
142 107
70 100
38 79
191 125
52 78
53 157
135 95
106 107
84 101
184 1
178 58
17 52
100 2
195 17
69 11
47 128
110 65
187 98
41 97
53 69
11 59
1 114
90 141
121 163
47 114
133 190
112 142
18 173
69 164
72 158
57 137
9 89
80 102
131 37
117 139
182 78
87 112
152 113
167 60
77 175
159 76
72 129
158 7
117 192
57 2
133 60
134 153
48 17
184 134
8 169
28 86
79 168
12 94
158 29
108 8
138 18
118 92
150 86
73 185
163 166
125 106
158 116
117 14
54 152
79 162
106 190
64 160
9 39
146 131
193 134
104 112
138 144
115 187
71 159
138 165
12 135
92 79
127 149
166 30
141 36
80 60
36 25
84 106
22 114
35 56
163 136
32 144
56 164
121 167
65 168
106 79
85 86
187 170
153 59
198 99
171 90
43 20
162 178
126 84
117 62
6 199
71 131
153 99
174 144
95 8
85 15
166 25
138 159
119 49
50 107
4 35
99 60
146 178
138 151
92 91
21 92
118 121
139 114
66 20
108 63
135 198
115 113
67 30
90 151
9 111
154 141
63 137
38 29
59 33
98 120
26 21
163 165
162 81
160 170
10 43
180 51
90 47
91 191
3 142
113 144
156 62
50 15
111 164
197 47
69 2
136 153
79 98
1 15
79 73
120 45
48 91
186 171
19 80
64 124
25 197
76 54
7 98
44 174
6 31
31 139
131 186
28 164
153 190
128 2
51 152
158 194
38 3
42 31
138 155
199 83
81 22
168 109
179 64
178 3
18 157
98 25
140 39
179 95
188 154
159 169
37 194
185 56
168 154
82 69
4 169
18 177
110 162
165 193
30 150
12 131
157 150
68 92
62 19
19 68
37 46
194 114
69 95
75 37
151 178
194 160
165 63
139 193
81 37
89 51
31 184
133 62
72 43
76 37
83 63
119 7
154 35
114 121
76 177
37 125
53 167
70 97
115 86
140 94
187 19
2 149
162 94
138 139
115 78
117 189
197 56
186 60
83 157
193 198
77 169
133 31
192 49
36 10
84 150
101 92
30 185
94 25
65 158
175 101
138 121
112 170
54 191
171 20
60 84
184 138
113 187
141 7
123 89
128 30
150 54
60 15
21 76
165 60
151 169
170 119
185 51
10 152
134 90
85 71
67 192
91 40
146 195
150 69
175 35
74 121
42 154
183 163
7 95
92 29
127 128
84 55
95 178
152 44
22 28
45 155
138 111
12 147
17 20
130 25
138 48
157 112
129 149
148 2
106 63
89 53
152 43
186 185
115 42
112 78
99 182
6 170
165 33
36 3
132 43
194 42
134 175
161 155
77 128
110 179
86 194
123 26
65 40
14 42
199 59
63 71
178 44
20 55
15 191
137 120
29 55
163 45
45 171
179 24
185 159
140 145
98 140
58 125
99 71
110 115
9 3
45 95
166 45
89 181
81 109
177 20
44 86
42 52
123 10
63 36
2 97
100 43
89 32
54 177
142 189
4 51
91 147
142 37
125 9
145 144
168 130
72 127
138 160
26 137
97 102
90 45
132 140
175 46
137 140
18 120
152 146
183 185
62 42
35 45
116 78
195 168
37 162
175 195
196 163
67 103
61 39
178 198
180 156
65 50
134 124
4 160
169 186
12 175
67 2
150 189
193 116
6 98
20 35
92 191
163 112
24 112
94 60
54 114
70 189
7 192
13 115
50 80
104 142
199 169
117 10
184 11
17 11
113 90
131 176
62 36
195 108
169 71
146 29
102 80
25 125
92 63
167 36
98 98
12 65
143 45
32 97
44 97
72 73
69 150
143 30
55 159
20 105
91 195
30 83
33 60
26 124
12 179
167 157
200 146
124 167
149 29
176 51
42 92
124 107
190 118
157 190
26 159
136 112
149 190
38 149
29 11
123 160
24 9
198 194
109 18
146 103
27 182
97 160
108 144
37 3
137 196
77 142
9 72
166 152
58 35
167 47
86 163
181 187
158 19
114 169
140 8
187 150
132 37
94 6
130 147
31 94
142 76
97 4
133 11
155 121
130 170
70 196
18 132
116 102
165 7
186 94
64 14
172 28
5 17
159 92
183 79
7 187
148 163
10 131
129 164
97 99
62 139
118 14
38 91
50 11
2 61
196 14
153 44
57 116
109 25
87 9
145 29
119 183
64 116
161 95
186 174
96 80
67 199
6 8
48 112
92 198
91 174
81 60
147 11
190 10
20 19
59 70
61 90
133 153
148 192
147 125
153 195
153 162
69 99
124 20
106 121
188 59
68 80
34 24
84 144
74 190
20 155
101 99
12 127
194 11
54 37
190 124
145 58
60 95
185 188
94 192
136 187
75 170
72 133
95 96
129 78
50 43
27 37
53 171
184 124
22 109
194 84
71 196
87 109
36 137
131 137
37 116
27 71
66 71
195 38
194 177
159 146
192 170
139 172
184 132
107 28
106 88
146 25
163 193
145 188
179 71
161 52
198 46
11 55
127 8
12 76
119 129
49 162
48 131
145 136
72 188
131 10
122 150
5 71
157 176
68 44
173 80
198 172
90 145
48 77
143 182
58 195
40 139
1 176
135 61
90 172
170 20
148 156
143 194
126 94
186 83
141 60
112 89
2 128
27 169
160 45
100 155
153 39
64 178
12 190
165 44
95 24
172 170
41 112
26 50
63 133
118 19
83 144
50 176
94 125
123 86
186 154
92 152
20 23
90 36
69 80
107 71
195 70
81 117
34 98
135 105
88 197
117 3
117 162
112 133
84 59
88 120
147 80
120 164
62 20
28 109
167 63
92 141
145 91
3 35
188 190
109 69
43 94
166 36
64 138
172 141
181 102
179 186
74 149
159 82
159 78
44 193
141 132
58 111
67 31
151 155
48 132
196 98
37 10
89 130
179 76
165 32
176 80
163 196
18 145
178 2
190 86
64 54
72 184
25 8
178 162
12 173
170 185
125 11
2 107
173 3
108 45
31 131
182 47
137 6
109 190
189 175
26 140
66 79
43 153
112 10
179 26
161 99
129 54
56 178
78 145
91 163
158 35
26 103
62 155
91 83
147 45
109 128
112 53
175 121
112 147
57 88
8 41
61 171
144 34
104 88
15 140
170 80
184 193
26 113
67 49
195 40
33 74
123 124
149 192
179 102
86 186
98 107
128 86
112 118
45 24
100 179
110 157
152 108
62 161
189 4
28 199
42 58
142 164
195 198
41 60
23 156
81 162
159 62
75 3
115 51
58 194
112 35
58 147
43 46
194 164
60 19
79 18
87 71
136 157
165 171
133 172
175 63
70 153
196 76
72 156
62 96
68 74
163 2
91 46
166 167
61 11
195 91
14 179
78 153
42 157
191 15
189 34
130 78
95 107
81 161
166 113
22 79
53 111
151 47
99 46
180 151
81 70
145 152
112 184
159 56
34 35
146 112
13 74
133 185
195 167
195 80
167 7
21 45
48 85
175 178
168 31
197 153
27 189
125 135
103 167
58 187
139 103
122 107
193 56
41 176
4 125
170 163
188 76
31 183
3 120
157 83
89 183
140 23
183 47
129 85
23 7
149 59
155 19
196 164
158 141
185 177
58 50
176 167
85 152
63 186
121 126
114 40
124 101
144 91
192 4
195 145
47 192
190 77
46 7
13 143
13 136
155 133
53 78
23 82
50 44
110 83
155 60
119 132
117 76
187 171
114 144
96 193
181 45
69 27
50 159
52 147
185 157
34 7
163 195
36 44
88 7
25 110
115 115
31 81
114 132
70 76
56 94
2 120
96 163
151 17
41 198
11 175
73 42
16 23
48 157
68 193
17 78
193 139
163 82
44 10
77 103
15 132
188 52
126 18
72 47
77 49
184 190
