406 1710
410505 215828
446561 295849
54015 27417
724159 154046
319587 155792
804878 876929
313664 594270
861675 887712
474422 349895
584822 803853
603497 103109
831351 485911
76477 569444
234463 368244
419561 352722
234040 509046
995574 230296
210193 940979
658467 415082
139968 602706
764849 106878
271386 874568
272942 23917
48667 21637
357552 347359
289799 739210
713053 714351
400767 435665
296306 565233
193944 479622
375890 209571
579632 147901
578726 880766
595553 511161
972676 742325
942243 707553
3189 93900
426545 409866
223537 614869
69184 683931
9676 187072
966142 193825
426435 602615
454981 577092
163448 104776
315683 136129
974205 593203
773756 258203
619987 717688
206356 754714
904364 24364
326025 999350
726968 759786
935310 75703
582917 94162
474685 640494
207544 311488
708250 77770
458983 640925
212829 646713
624931 49460
258257 73301
722450 168140
486314 929784
553445 465403
219361 483487
510023 436614
281472 864558
317802 455888
384235 886540
606889 169691
563550 879836
587846 445555
668222 118404
987030 80189
676417 269230
503978 295341
669412 486521
206430 842924
332611 171975
623524 475406
648900 427333
27042 371874
832762 178040
163470 579553
288811 873002
458120 375272
263829 398014
777147 392440
194155 387008
916504 263806
815805 567589
886687 178927
721793 4829
812790 120194
331588 616799
7172 389879
273532 713496
568730 270424
870041 539059
366637 518156
753374 145745
896651 489661
935517 253329
39899 449387
874799 309262
148191 491501
555684 268249
492472 2374
541858 832677
128462 711336
662922 545873
765510 419
981001 189968
646574 875445
33934 37275
920505 518633
395901 383461
306117 877158
686303 266774
150625 515329
710050 218417
336223 960667
380362 367372
973427 152055
316162 54149
689471 297412
443859 723326
148613 784265
873269 80851
467502 473462
952415 684618
943043 63013
640700 183364
409150 528875
315626 319496
31204 91760
613994 336223
698168 242558
427365 661874
626278 57996
399640 734198
468741 141205
370005 526563
185080 885834
887913 291731
75198 945591
75566 824450
760383 527235
537726 172652
142382 39873
746436 442463
40124 576825
220290 645254
582854 713954
777763 680802
720700 3219
841872 505364
615424 452097
762294 751462
426462 872202
568005 144278
895602 722212
879861 493536
122040 196575
276567 800392
441697 109625
547025 806631
615628 578012
315886 297903
4771 282159
102283 384324
787634 42145
934446 367038
145440 933392
118450 706729
169949 758787
172991 859336
11180 400240
150668 489319
543901 685879
940702 471241
282373 850296
658043 4002
281681 818209
962796 210578
574540 965163
633112 828390
844658 519880
817213 370997
327444 837355
957069 492003
932904 208178
433469 632970
411862 441375
952616 957869
135542 998081
993158 915366
93599 7996
102374 401032
918110 504492
999347 401634
828504 132575
608459 119099
911654 639249
63169 928983
900953 496775
83627 63996
567246 746331
400325 826497
842700 169562
976442 580618
99397 652185
214160 263124
785386 179810
738996 343186
649702 302750
18725 979352
102219 945834
899610 299809
891171 699798
328967 54459
301929 972842
200501 257064
723182 258166
106004 800712
382922 857287
857469 953071
85809 768620
956935 515871
238264 498767
149484 174515
922354 752426
899413 113593
197527 379799
788123 829970
631786 22690
23665 604334
19657 510706
27514 728022
556415 331970
217482 202679
202968 497576
394147 908599
173247 217141
756313 265212
851925 844890
923181 737033
230302 819644
858426 34063
31896 859660
799966 586646
809815 131053
162143 280265
897875 459974
451321 888284
721852 636804
195517 148639
190608 185670
454634 215389
220913 953629
599810 989576
925560 575550
303176 735248
998800 180057
936834 788656
122482 113325
379654 599020
87029 153098
511495 549940
252097 245700
16382 119245
707846 327928
835449 693214
741169 681988
572599 964051
235785 386635
179443 587350
635938 89200
167887 713854
547557 302135
2456 766666
992194 345850
100492 74329
119870 306860
58290 422966
310782 919542
272602 220578
87892 248947
163903 604329
746902 931501
735044 800866
151538 303604
746641 66728
91572 383462
605666 740146
647084 68194
834183 470870
93226 556429
452107 212108
584386 374567
395525 913163
973466 836057
890374 388939
113718 218245
675310 495101
349394 363622
189507 495552
106261 507951
617889 110428
152249 173456
836868 996387
546725 4439
526633 678834
515966 325617
439923 878339
705935 134922
443699 290555
11770 728430
812087 566855
389030 935516
587038 215815
842237 343016
999402 47554
630623 750259
238445 623620
302576 623234
687774 960384
470295 75466
988461 361137
147331 73966
360491 865615
775073 816804
205968 744946
91273 358274
191382 182948
45294 667965
771142 723245
571256 846018
338137 703729
847143 582160
259808 716021
76561 845166
77919 864587
328019 565003
946040 310404
471869 530245
444060 771395
834406 714965
946022 131353
871401 515991
389953 321600
153918 806558
321863 128585
350779 408711
464421 609381
626094 853696
558903 904313
407809 742555
680999 270741
606015 951339
163551 842121
345993 849092
841330 49251
58543 229426
971704 294398
894277 585013
166517 109441
641423 380853
419187 602849
186696 171145
898224 823010
859618 640837
462624 829174
280790 240308
111993 945246
675785 172155
679249 432750
291516 849288
169966 570230
115406 208174
419175 465742
203625 227450
785045 601144
222760 353778
697499 404914
866623 606225
461767 339339
519105 64628
90051 698731
176475 20736
501954 955095
157010 503882
273467 866172
40993 664389
888861 937877
77567 331803
374264 944383
876313 769202
995119 979160
759212 663412
203709 523329
622389 153061
214084 363572
200449 887778
593523 303256
