179 1613
36 19
75 7
85 53
88 26
91 55
3 27
14 36
32 80
41 11
15 57
94 3
45 76
23 71
47 25
88 46
52 53
21 36
32 52
76 4
51 52
39 77
59 44
9 4
93 61
12 57
36 88
15 92
16 77
38 66
59 98
56 27
3 56
44 92
8 48
52 3
78 3
87 91
45 76
84 63
50 82
2 80
57 30
78 11
94 17
15 52
61 87
60 88
100 73
24 28
30 77
74 12
91 85
34 38
23 92
62 38
98 18
95 36
75 89
16 71
54 38
52 55
87 61
71 96
6 40
32 24
26 97
29 90
43 12
77 51
48 64
76 89
55 57
29 43
91 43
96 36
55 67
20 69
17 25
34 99
69 88
14 12
25 90
21 78
15 91
88 45
30 50
15 30
97 57
73 49
77 39
70 19
32 58
73 24
49 69
44 41
27 82
32 1
47 31
58 12
92 3
5 93
92 67
82 60
45 29
23 60
28 42
65 5
26 24
40 30
29 14
73 80
65 50
100 49
11 24
58 1
37 81
79 18
29 58
14 36
71 40
49 95
12 89
38 18
7 60
81 77
72 89
62 52
14 8
65 49
25 1
17 69
65 83
46 95
48 55
4 81
90 9
71 58
45 32
68 83
16 83
43 89
78 35
1 34
33 33
18 91
11 75
1 69
37 91
9 95
13 57
3 54
56 57
94 78
40 92
76 26
59 54
96 79
85 68
70 60
70 90
58 19
94 34
83 30
1 95
4 26
35 37
26 19
85 53
34 45
6 5
39 34
33 90
60 80
95 89
42 100
5 50
88 13
2 16
13 27
