106 1162
90 36
52 27
91 64
40 19
52 1
88 74
82 61
7 54
40 93
78 22
16 45
29 9
65 88
9 9
80 7
14 35
97 89
9 63
41 8
18 78
16 24
81 91
6 56
22 74
12 30
65 13
62 89
45 7
89 10
73 70
4 5
55 52
6 43
85 39
7 55
58 86
7 25
64 90
21 69
31 13
10 94
20 88
9 83
63 49
75 41
35 72
3 16
22 48
45 7
15 71
71 3
64 53
45 76
49 78
18 53
95 6
95 7
61 13
82 42
5 43
36 18
38 8
71 36
79 21
78 17
45 55
57 78
28 95
27 46
6 3
22 100
92 37
82 37
59 59
19 6
73 28
99 34
5 80
24 75
85 54
23 99
68 23
85 60
45 18
37 100
67 66
51 57
17 80
47 64
32 27
91 45
93 76
31 58
60 37
79 92
56 68
71 54
95 84
67 34
32 78
66 92
63 91
68 69
55 52
97 23
63 47
