457 1697
571631 664512
134461 727789
570430 947699
44993 460354
399036 508725
39745 865494
419785 259772
596870 952904
558063 917461
216839 738634
752292 330111
486822 706894
869226 174838
671403 849212
102389 226614
549205 436312
553677 858938
336575 173149
68446 572762
595156 40037
853044 555948
502786 224133
756502 851771
529021 27109
478175 694030
762732 487159
628733 922430
774410 791350
418066 376665
833673 508414
412780 827202
108349 425450
489580 440998
648592 962875
658539 910677
725992 304588
446677 414267
945866 70905
412602 567250
35083 364385
261629 110110
787856 419834
40361 673755
183182 367301
96067 251854
15954 243508
712039 139497
853593 467286
331137 512802
736298 178249
830829 829341
72582 32673
973313 830177
127564 958319
562433 533439
400556 917787
977372 93775
990662 72755
422127 121247
795877 79728
556398 983615
353366 680953
818503 726968
590317 109428
492416 77020
807503 770230
984243 671413
70989 743282
923428 702825
811365 679384
561303 121434
610349 936497
527582 378101
956543 462003
274533 299553
340951 769075
877591 48576
699728 657943
329045 191494
828652 282151
78569 135422
137382 560489
950235 906124
321025 304015
64540 880783
63399 426520
454702 242110
682554 524584
736311 318804
757869 573973
134961 554487
801353 734687
822513 43211
210563 879472
472903 727733
984830 128056
695900 387471
667352 407038
9119 328604
438457 16302
208611 727717
21974 893069
54626 992960
715634 539300
358886 625260
597224 735205
235341 755789
684692 937468
417597 576533
825647 591291
829246 235977
70790 807984
194432 862673
592113 536897
412991 977919
529143 514449
485475 518552
318855 576048
744463 86220
200772 805497
683381 714819
25691 624890
697842 515542
507305 503259
650512 863454
353694 493551
545660 729101
157436 867469
496469 797260
375948 256471
835823 424083
90463 675069
451241 248095
132843 178883
998275 936812
226498 530846
625203 878451
412496 608384
532329 511741
714113 871041
100517 184900
952598 121603
761955 723660
318147 373450
86596 342613
228032 618683
640791 40039
972263 398427
404264 295337
287808 144883
913889 275928
19044 246190
53974 312629
328643 142711
937622 900610
932318 645882
984003 51536
556545 436544
787034 155870
251949 815690
581934 778278
969460 537298
548699 216344
569685 51072
497267 326751
606064 174221
298089 14403
43447 169751
170601 191513
784574 68482
641761 344506
810909 2469
872671 958535
489885 759220
862360 955558
329342 390022
246373 564790
832157 712469
646796 168855
443787 266512
577918 175868
950027 638509
254590 631730
565534 295025
637128 867947
78217 926700
420242 364010
441033 343221
986416 307253
698090 249173
374922 117721
463024 887364
852450 722147
890676 63039
292173 592894
887558 668148
190905 933200
762897 123335
71720 970723
997519 176577
462434 2692
905525 138925
262150 457005
152674 915240
866675 20684
677468 481958
484372 984191
402200 288467
826316 963867
589814 318840
665972 113646
83668 747375
647419 745240
25577 423704
792081 61937
964038 521399
16839 751757
387917 409024
38125 768037
870324 423383
13441 376890
638185 951479
488957 280860
280384 860856
982728 775040
660042 919909
451042 380897
433996 664133
56998 382827
290652 832872
450628 578949
273994 710672
889101 443396
498038 218618
33239 681637
149749 259826
245294 583770
889811 342999
884814 26721
505032 699295
582348 59604
900648 703294
824807 265362
21892 272267
477580 550258
664122 359249
299833 564947
353085 53665
755676 21820
894139 384063
175066 673601
174488 713084
46434 595341
38261 427022
909074 646947
116164 112452
744329 481238
298414 84116
571787 8667
213684 804757
771380 769219
356395 788783
659393 213349
714688 918537
142476 582858
887116 837357
230218 495614
145275 229319
946844 877103
299023 973031
679991 458152
550361 257287
838451 781026
492862 88066
8564 250451
723033 762971
323174 478200
671396 904671
538912 463841
953721 612325
30829 985459
461687 198177
111290 340111
973561 510548
945253 846688
880403 256216
451571 600959
213499 222312
104248 756923
337297 279767
756097 531702
339461 707294
363669 266902
80471 393184
391043 812279
544427 600026
207820 870234
121132 836666
695580 937127
704875 633618
2015 593705
439198 816588
767485 620797
147448 945160
4325 364769
46353 246548
821721 706719
786037 205262
464766 385286
357290 140323
984672 786931
87983 839107
774444 897014
768271 253607
520991 135658
597505 505940
801543 884012
634328 441438
766032 879331
729687 955892
998299 924472
774143 437014
578278 554278
533908 582887
604359 251769
240912 589539
849842 470754
17085 425727
825355 76157
899555 973433
670699 469318
353799 263008
430232 619388
779026 802000
19407 851167
609089 897064
318392 59506
425737 532873
38770 940084
346824 318261
6538 948840
378207 429892
97643 831294
743452 871055
962803 62860
805213 2584
459963 590054
385775 524085
411961 744515
693899 645966
903381 312809
515213 57625
86833 907511
702150 188644
271400 851120
82071 718252
302936 530393
796265 368009
750983 337285
343260 340331
69314 599272
651119 512802
336013 417176
469009 785122
193740 795585
566374 461861
793616 351946
196260 36719
367908 390261
864783 567555
296230 803312
523287 608208
520144 416421
970392 390006
509862 521750
382593 411532
546823 383151
527366 140556
666436 402792
962572 5379
595657 222974
47255 446877
391272 279091
139289 605504
83122 148207
834875 18784
143507 566304
713310 788536
741698 30448
858902 519632
638202 950325
810542 240064
825036 185575
200627 673356
97698 123050
974452 664902
537047 693289
655352 782752
305587 382758
203964 441759
290967 530823
384984 377082
37022 678510
368522 105566
304180 426431
390280 831818
757227 154749
326115 922637
69700 494872
259512 483573
639262 228435
698698 808841
620242 58838
255599 100196
32716 606544
774456 444
198916 33528
631254 692439
884466 988226
772956 36686
486418 878093
881901 29223
938052 585806
970576 835357
435798 619988
833477 158922
603893 416536
395064 764167
888454 957934
214626 834704
283281 210926
137200 759743
680352 519122
213796 715079
810457 918380
951560 552450
510005 560650
842569 794753
333585 238250
760088 296932
654744 146630
46685 978080
704593 70646
756916 253843
538917 796261
237530 60612
802374 100469
191914 34406
371879 421013
745924 199154
712489 201366
497105 480226
507175 814224
829896 383281
507894 558878
369456 92063
794693 26025
