55
10 55 67 45 18 35 41 76 92 94 83 86 97 2 100 50 8 76 16 99 41 77 36 16 38 73 33 50 5 53 95 34 35 92 51 34 7 58 28 33 34 76 18 39 85 81 50 57 75 79 91 65 96 98 74 
84 22 31 72 19 92 95 60 10 23 85 33 28 3 84 47 30 23 5 22 66 87 60 43 26 19 54 9 61 15 48 74 18 31 22 99 36 35 92 98 75 100 8 53 98 79 17 13 20 3 92 63 87 100 54 
24 4 46 25 9 61 47 43 56 17 90 84 27 25 77 53 84 39 58 79 25 85 33 96 45 61 31 17 82 94 36 43 31 57 52 16 8 96 33 64 25 11 87 44 1 92 51 35 93 27 89 16 12 45 47 
46 69 29 28 35 58 56 65 67 43 51 55 86 80 33 88 47 90 14 86 90 30 82 43 4 40 50 10 90 57 7 32 19 62 47 68 33 2 36 34 46 85 71 54 25 29 30 21 86 79 77 48 29 97 59 
70 24 46 21 17 32 69 12 91 66 65 86 10 27 23 29 26 85 73 25 50 6 55 60 3 33 38 79 3 51 42 11 81 5 59 37 64 7 32 71 32 58 5 66 76 3 40 31 20 88 25 25 1 55 11 
3 48 52 27 86 24 29 69 10 31 78 62 80 69 87 25 70 84 98 2 100 79 59 46 2 60 39 61 14 98 52 39 100 55 69 22 76 78 53 32 33 70 14 70 60 52 92 92 72 74 82 72 46 88 1 
94 23 38 100 93 34 88 95 49 37 91 46 66 46 57 94 80 84 76 72 87 27 89 73 96 97 70 83 70 43 58 28 32 84 61 95 75 67 93 6 24 72 80 75 75 95 22 14 27 29 95 37 82 5 5 
3 51 33 74 46 30 93 26 78 98 56 96 9 53 28 87 64 100 64 36 46 25 68 29 94 97 91 62 31 42 57 28 40 74 16 3 19 7 64 30 77 72 100 87 35 79 5 8 60 88 81 26 23 65 50 
4 5 100 41 75 23 5 100 82 29 59 91 82 16 62 20 96 3 58 54 39 44 78 35 97 27 45 91 11 98 74 9 15 9 8 67 3 49 19 96 89 64 33 10 3 98 24 14 86 80 97 16 25 13 94 
61 40 67 82 90 9 47 21 98 31 39 1 31 33 56 7 59 98 50 31 64 72 74 70 95 28 16 87 13 7 78 71 4 97 48 50 76 14 66 13 95 15 1 30 84 87 91 46 90 16 5 93 30 12 18 
63 6 52 88 99 63 89 3 41 20 39 47 7 27 79 98 86 82 96 41 37 58 84 60 61 72 16 49 75 57 86 76 4 81 39 43 86 98 83 52 3 97 93 3 23 17 87 94 35 69 34 36 89 91 38 
56 12 1 98 31 52 58 65 48 56 96 43 10 21 37 18 83 58 71 37 94 42 79 71 86 85 98 87 15 13 20 51 11 89 6 11 31 81 67 37 23 46 21 9 90 19 96 69 23 36 38 66 50 46 33 
69 34 66 78 95 46 95 11 23 26 2 1 58 75 34 72 53 4 3 5 68 68 57 100 92 6 42 52 61 39 9 54 22 17 75 94 66 43 47 9 78 70 73 66 70 63 38 10 78 49 5 93 97 96 59 
99 7 16 41 84 89 13 61 57 26 38 8 41 44 91 59 18 82 15 24 56 13 17 76 95 50 2 29 40 8 76 89 28 37 14 68 85 72 13 59 82 52 68 9 47 31 53 12 58 82 91 2 17 22 63 
53 89 20 45 72 12 45 39 77 60 98 1 78 37 91 44 76 53 13 90 28 10 86 92 4 2 79 31 54 74 12 87 12 18 10 17 17 57 53 18 92 57 56 25 45 75 5 68 29 51 49 14 55 27 8 
96 96 58 34 2 9 52 4 74 73 46 77 75 86 61 72 97 51 36 23 65 40 27 61 45 13 50 59 57 8 50 31 42 99 91 23 43 36 79 75 92 9 67 22 45 11 48 3 31 87 31 76 46 60 6 
40 25 61 97 56 75 58 40 65 71 4 31 74 84 86 60 83 83 84 66 49 1 30 16 69 26 2 35 6 46 7 4 15 9 84 68 41 33 28 67 36 86 47 84 65 49 79 49 100 26 33 18 88 72 10 
50 96 13 51 28 34 20 51 6 90 21 8 84 93 100 17 15 46 88 29 16 76 40 74 75 42 2 13 92 1 91 19 54 61 74 11 12 45 60 6 70 92 70 82 72 34 82 85 51 31 93 81 25 56 24 
87 67 91 65 66 55 56 99 49 49 89 77 95 1 68 21 20 24 76 58 82 63 55 54 82 98 31 89 32 14 3 62 27 48 86 73 50 38 63 75 30 38 31 49 69 27 85 92 66 48 65 26 18 67 13 
3 8 34 94 75 53 59 98 80 61 56 83 22 1 88 21 87 48 40 15 15 36 60 31 8 42 64 42 84 6 50 7 97 70 96 2 27 70 72 39 86 13 74 62 16 23 25 27 40 73 37 49 78 65 70 
9 76 91 6 33 6 84 9 100 86 32 94 99 37 33 87 66 65 9 94 11 76 68 27 94 35 58 44 4 57 72 53 78 20 34 35 32 75 58 3 37 86 38 56 17 15 9 77 55 40 84 9 90 41 22 
62 86 36 56 70 70 11 65 52 17 74 74 99 27 37 86 97 23 53 26 63 67 88 84 96 14 8 49 91 31 6 34 43 84 30 92 99 89 73 78 94 12 88 72 92 16 57 12 16 47 32 24 32 88 92 
47 100 18 51 83 62 13 43 41 60 1 29 34 51 33 11 90 1 45 89 36 39 58 95 29 98 66 43 73 12 100 76 61 78 85 51 56 1 96 2 10 96 93 31 1 20 4 1 19 12 51 78 68 93 2 
75 78 69 54 27 2 22 41 98 84 43 85 18 18 60 46 97 62 70 87 14 38 7 43 70 97 13 47 74 38 19 36 20 76 95 12 23 1 57 90 93 53 56 86 79 88 50 58 37 19 89 83 45 76 65 
43 29 79 99 10 51 75 97 66 37 3 64 91 64 63 81 83 7 85 71 26 44 60 19 51 41 95 49 78 30 9 3 50 36 77 28 48 57 94 62 24 2 45 86 50 51 100 53 95 58 89 38 12 9 18 
91 84 2 1 85 86 38 58 70 53 26 41 47 43 60 72 2 75 64 54 87 76 35 55 87 44 86 62 81 93 42 43 56 89 59 59 23 60 66 74 74 72 76 35 26 68 37 89 93 19 30 1 64 4 83 
35 90 62 12 1 22 29 41 44 73 1 80 60 29 37 15 52 85 66 85 45 51 59 71 56 48 70 14 19 3 40 54 9 57 49 5 52 42 51 92 81 94 11 35 92 11 3 99 9 46 29 55 97 92 70 
22 12 65 17 37 82 70 22 78 56 18 4 81 97 22 93 83 56 94 67 94 90 77 42 72 7 64 12 99 91 5 54 34 74 24 17 18 100 14 13 84 95 73 54 58 94 12 13 36 75 74 79 50 43 18 
57 20 91 99 12 36 83 62 39 34 16 56 12 61 3 1 42 5 77 7 17 64 87 86 13 8 28 92 34 14 6 35 70 78 3 79 58 66 41 55 70 70 8 48 39 18 54 15 34 52 72 30 55 7 56 
24 85 26 75 17 71 6 95 27 93 35 77 43 67 77 8 63 74 5 7 91 3 54 89 27 82 60 9 57 61 98 99 17 52 44 78 23 24 53 38 22 43 12 52 26 52 31 2 60 93 87 50 80 5 79 
7 31 50 46 12 5 21 21 16 36 10 75 45 23 18 36 45 39 88 31 20 43 65 92 10 49 91 28 61 58 33 77 61 81 37 24 19 52 34 2 83 88 42 15 18 34 62 31 89 28 72 76 86 81 5 
65 46 7 73 83 37 93 62 56 70 71 100 75 43 49 23 92 23 24 25 27 57 9 75 35 32 20 44 61 15 72 85 79 88 37 44 99 70 26 2 33 46 95 74 75 19 37 42 81 49 24 86 60 81 71 
78 2 78 74 70 10 28 71 75 15 56 65 57 53 74 77 93 93 44 1 16 89 76 56 2 58 31 57 6 58 32 23 51 33 9 82 11 95 67 40 30 63 40 30 32 41 49 91 82 63 11 28 14 47 7 
52 25 63 30 40 92 49 88 89 92 5 53 76 55 88 78 24 51 68 82 62 50 91 55 96 3 26 19 13 31 88 2 65 12 62 32 35 78 54 12 20 78 97 50 27 15 73 93 95 11 62 75 22 29 99 
76 71 17 53 65 80 42 4 43 63 10 64 21 35 32 9 97 89 42 62 5 22 89 38 85 100 66 91 84 88 67 6 95 86 35 80 45 41 28 86 17 47 98 47 44 37 80 23 29 11 7 40 77 8 76 
3 22 59 47 87 90 13 64 83 87 47 81 93 54 21 76 13 30 44 52 67 26 90 69 99 34 87 39 20 47 22 66 20 52 3 32 50 95 83 85 18 12 96 32 85 72 56 58 20 79 63 39 31 94 14 
75 75 48 85 59 65 13 8 72 55 39 9 71 29 53 94 46 11 56 63 86 23 4 90 78 30 51 66 25 27 43 17 66 86 35 76 58 59 37 59 22 74 15 68 59 34 64 64 91 39 19 93 99 97 60 
21 50 86 5 14 47 33 63 84 31 31 74 11 40 70 63 52 100 72 44 72 17 47 58 55 88 36 27 63 83 41 19 56 6 37 33 54 64 41 29 33 52 75 35 68 59 53 90 75 78 32 97 52 92 70 
48 85 65 24 88 73 28 69 33 52 4 52 23 75 14 39 82 62 9 20 44 23 85 96 54 39 73 6 55 2 5 28 24 42 41 9 27 50 19 16 51 63 50 92 3 24 16 57 80 54 5 13 80 9 97 
32 56 94 1 92 30 48 14 7 16 95 62 37 46 96 73 69 49 93 43 71 81 43 60 25 44 15 57 43 96 37 94 8 47 21 97 45 82 21 47 29 31 100 20 16 95 93 43 79 98 62 46 68 81 6 
32 73 22 64 13 40 6 20 67 46 28 22 38 72 90 96 28 37 18 44 90 42 3 90 8 22 6 76 79 88 10 9 87 10 40 50 64 68 16 13 83 44 54 53 76 94 78 75 17 22 6 90 86 70 44 
57 68 32 1 23 79 1 25 45 55 89 30 33 39 83 78 99 4 97 21 12 61 39 5 9 47 80 1 87 24 60 12 93 63 18 19 66 63 6 62 85 95 21 2 48 11 86 40 96 83 19 43 76 48 41 
8 91 25 56 21 51 52 72 19 59 6 8 17 53 93 80 4 49 10 93 71 28 62 85 63 96 16 85 22 65 79 7 94 95 18 67 8 16 58 73 71 93 41 46 94 92 34 73 55 59 66 60 54 44 21 
100 82 4 76 73 80 20 71 67 46 81 38 44 26 60 97 57 20 81 23 86 44 39 90 7 46 64 57 68 84 71 83 73 74 55 16 57 38 61 63 20 37 25 74 86 96 75 67 20 78 8 4 64 78 99 
50 96 20 24 20 95 64 73 80 52 49 76 99 43 31 93 76 54 32 6 12 79 94 19 22 27 98 34 9 99 61 40 43 25 49 24 28 57 8 63 27 7 18 45 18 44 75 50 49 90 76 13 78 81 67 
90 44 3 32 60 9 91 64 66 22 90 38 87 74 57 45 96 30 75 51 98 99 58 57 9 32 23 36 84 81 67 80 4 100 78 57 24 58 38 97 89 22 60 29 4 94 92 79 48 69 58 32 26 28 72 
93 15 58 39 75 4 18 82 11 45 38 48 22 72 97 3 4 64 59 67 47 100 72 20 4 77 40 87 46 25 15 87 39 39 10 51 56 25 47 15 45 24 54 47 39 57 66 27 75 86 47 40 6 38 33 
75 60 99 21 73 32 60 16 27 30 41 29 12 65 81 41 98 99 66 51 85 18 88 60 32 15 42 70 36 32 6 76 5 100 65 24 49 33 14 3 63 13 30 80 20 90 43 96 31 71 26 87 38 11 37 
50 35 10 18 30 57 88 70 27 67 89 21 68 73 95 30 64 48 59 24 33 24 46 100 61 63 20 42 48 60 66 6 58 78 36 100 51 29 2 38 100 80 81 98 80 25 22 63 39 54 12 98 85 94 10 
57 13 98 98 85 80 27 100 85 39 69 22 87 1 93 99 57 33 98 37 67 71 46 81 89 80 84 10 90 83 41 24 88 34 48 1 99 96 90 48 84 46 21 1 66 85 48 77 59 60 25 84 37 45 49 
13 86 39 80 31 94 34 37 17 10 53 95 45 16 14 88 40 28 47 20 90 95 38 96 3 64 84 14 3 98 83 72 7 14 89 93 77 83 49 14 63 27 54 58 34 75 45 64 2 69 45 15 70 11 41 
52 58 91 8 73 91 61 72 71 72 30 5 3 99 65 47 92 4 74 15 21 91 5 85 50 9 8 90 53 64 93 9 21 21 87 43 57 79 52 19 20 46 68 15 66 93 49 97 61 88 77 63 12 90 9 
99 98 87 73 52 67 79 21 93 100 62 17 59 62 70 90 45 13 91 40 14 24 55 65 63 69 96 50 38 43 76 25 44 58 40 22 33 62 20 2 24 41 24 86 48 90 23 45 82 17 8 76 66 97 89 
88 43 51 14 100 44 80 37 9 83 6 91 62 47 46 24 6 94 63 24 39 73 31 3 4 95 71 51 59 58 97 74 20 15 64 53 36 48 36 66 67 12 17 15 61 30 98 93 99 46 67 11 95 100 80 
78 81 31 63 74 59 44 19 65 39 19 27 80 11 81 68 11 79 57 64 16 61 61 85 52 42 82 10 82 38 84 33 66 86 34 63 99 89 51 70 38 28 25 61 31 20 29 58 97 85 81 59 96 17 15 
