70
3 42 91 8 39 99 54 77 80 93 36 16 68 63 59 54 80 63 21 29 88 81 43 50 99 30 23 21 17 62 73 77 70 7 48 57 24 20 88 16 93 84 80 91 46 80 57 65 42 41 18 80 59 47 82 53 42 32 69 81 24 78 99 21 62 78 71 24 91 13 
92 65 36 47 56 10 23 34 5 68 57 1 9 14 98 11 45 70 59 78 27 82 21 33 57 98 7 55 44 6 45 69 36 26 76 94 96 72 80 65 1 48 64 80 29 40 37 95 59 28 70 59 39 66 63 38 54 32 5 88 14 57 6 46 30 38 51 41 17 47 
42 29 56 9 62 42 60 7 70 3 27 84 83 96 60 19 19 27 26 61 66 34 14 37 35 41 78 5 90 36 18 27 63 92 92 50 23 66 34 59 37 68 93 54 28 67 93 44 65 98 99 60 45 27 86 85 20 48 92 54 75 100 6 43 61 76 94 7 67 43 
10 61 21 70 29 9 72 48 18 72 71 21 63 2 58 21 14 1 23 13 18 31 74 20 57 49 71 51 56 43 55 51 61 50 14 27 27 52 61 79 88 54 20 9 98 29 40 11 65 20 98 86 20 82 97 96 37 92 11 14 74 45 97 37 58 1 61 89 50 19 
45 22 9 75 96 17 80 40 95 15 35 81 50 50 42 19 89 18 36 91 76 72 31 5 70 68 41 38 45 22 69 3 34 87 29 17 49 25 54 58 1 83 95 3 36 16 10 30 26 15 80 83 29 21 51 77 94 23 7 41 69 100 75 22 27 13 13 99 78 11 
92 21 60 56 80 47 5 67 50 55 98 73 7 9 48 69 70 73 77 20 19 19 23 89 96 16 95 97 4 76 90 34 22 89 73 13 84 71 88 73 19 100 96 12 8 95 64 59 9 98 72 6 85 61 55 31 41 36 83 32 34 52 1 25 41 47 74 6 87 7 
40 75 98 96 63 8 14 24 6 2 70 86 48 11 71 49 62 92 20 15 12 9 96 1 64 62 69 23 15 82 43 99 56 74 59 49 85 23 69 80 54 88 43 23 67 41 82 54 33 64 61 53 91 46 27 51 96 76 38 81 56 63 37 60 17 70 37 40 58 89 
75 75 23 76 48 65 3 87 51 90 4 79 32 8 41 98 22 89 86 74 8 84 69 67 78 9 76 37 80 98 64 59 14 18 48 76 75 95 38 94 18 73 1 81 20 84 53 97 40 1 52 7 90 59 7 35 7 32 28 6 79 38 89 76 69 88 46 42 28 31 
4 33 43 72 37 63 42 26 88 59 84 35 47 75 81 100 94 51 36 86 68 11 15 28 62 81 54 29 21 64 17 18 46 93 60 4 24 49 100 45 61 87 80 5 64 34 87 61 27 73 81 98 46 19 40 4 53 50 60 99 16 71 97 19 92 32 4 28 47 9 
7 27 77 63 68 19 53 37 83 11 25 52 29 19 60 98 92 49 46 60 27 93 40 83 4 39 53 7 86 13 49 29 3 65 81 21 38 1 30 46 41 25 41 36 86 57 23 92 77 44 98 27 98 75 91 7 57 8 25 69 75 75 86 74 1 57 44 80 14 62 
1 92 97 46 11 28 50 34 77 12 34 87 9 29 55 13 82 77 55 100 95 55 57 53 26 25 25 52 42 18 53 43 34 84 92 3 30 1 89 51 93 12 85 35 71 38 8 1 77 24 44 76 71 55 1 91 7 71 44 6 60 82 96 51 53 69 3 24 39 91 
41 69 83 62 32 57 72 12 64 33 26 68 78 98 2 80 11 5 26 62 79 75 6 77 80 19 23 99 44 63 37 59 17 40 46 100 61 82 38 81 9 99 99 72 46 15 36 32 28 87 70 75 30 6 68 64 42 53 36 84 34 61 53 30 31 52 41 72 53 62 
80 36 31 63 22 28 47 48 52 1 85 70 47 91 63 9 11 13 35 29 98 94 18 43 79 58 53 59 58 87 39 64 57 37 46 67 77 18 11 43 17 99 31 95 60 59 46 98 30 41 94 80 73 35 94 9 40 37 55 40 52 61 46 96 55 72 67 69 91 1 
70 28 68 24 80 67 91 36 17 16 53 73 21 63 9 23 68 35 8 31 72 45 79 44 85 62 96 24 34 95 77 69 31 92 33 81 61 4 30 95 1 86 65 36 45 9 70 14 54 34 39 91 80 55 79 66 90 88 57 77 58 78 82 8 73 33 76 69 26 12 
85 66 8 43 17 8 61 71 87 60 20 7 98 74 44 95 91 47 19 20 82 63 99 9 69 14 3 32 35 39 83 58 3 46 61 41 83 58 28 54 25 48 77 96 82 82 25 94 42 86 30 73 11 100 86 92 89 43 100 84 68 78 3 22 25 19 13 100 38 41 
61 40 74 16 23 8 7 94 53 32 80 55 67 71 13 80 8 49 66 65 85 75 51 66 68 5 34 8 100 98 64 84 25 31 58 85 34 36 40 7 3 16 1 33 64 81 35 69 56 17 91 29 67 11 36 59 26 20 97 26 83 94 80 22 14 97 76 57 54 52 
33 2 51 65 88 42 43 1 69 52 39 13 74 78 62 81 62 1 55 12 56 78 1 44 93 21 11 39 23 35 33 7 73 76 6 14 62 86 53 15 23 11 22 55 79 30 55 43 17 47 24 20 100 12 8 92 81 24 33 62 39 29 31 46 53 67 79 58 66 46 
38 11 93 21 15 64 69 2 40 13 92 18 47 90 74 35 46 47 57 14 36 91 33 7 23 85 82 29 38 14 35 73 4 82 9 74 84 30 68 43 36 47 38 23 80 65 4 68 78 29 45 23 22 78 63 35 35 67 49 29 64 68 83 89 75 64 87 67 41 23 
63 100 38 3 43 74 69 31 21 90 19 3 12 54 65 16 98 77 69 58 84 90 29 19 81 5 89 25 93 76 18 91 90 16 80 66 76 2 25 4 74 42 23 39 26 3 66 86 100 70 76 32 4 31 33 12 20 9 32 58 25 6 48 75 21 87 24 13 51 47 
45 59 35 37 62 46 65 92 14 25 17 68 16 72 94 84 34 20 64 44 4 99 18 47 88 19 98 19 63 42 55 98 34 85 13 21 73 25 78 2 14 99 56 30 11 52 55 47 73 70 15 29 69 83 79 50 2 50 66 66 58 78 72 60 50 89 53 36 33 21 
57 91 26 5 15 35 19 39 57 76 58 32 52 91 82 96 23 84 55 19 89 33 93 82 91 85 12 53 21 89 44 90 56 5 78 82 31 8 30 83 43 59 37 46 81 8 49 90 14 8 86 90 39 49 4 62 64 5 26 60 37 54 56 51 23 70 68 51 55 69 
58 32 9 92 35 89 1 76 40 26 11 71 27 1 19 96 61 4 25 40 20 3 9 88 17 78 7 46 49 40 93 38 69 99 69 85 8 29 43 100 15 43 51 71 57 92 94 12 81 26 27 29 30 95 49 2 86 20 21 21 74 29 64 59 26 84 83 86 59 98 
81 50 13 43 29 4 91 9 42 100 66 14 93 16 61 41 18 43 6 67 26 77 36 64 94 38 49 53 88 23 57 71 74 45 100 31 97 93 2 28 60 86 85 92 53 76 17 66 46 63 52 65 93 21 68 13 72 45 37 97 93 45 75 11 80 64 53 73 65 6 
3 36 64 32 30 37 85 17 70 70 63 41 10 65 45 36 37 92 60 32 11 51 1 12 7 94 39 17 81 19 13 48 74 5 56 12 33 67 50 76 62 10 39 93 11 70 72 55 60 2 16 64 88 17 69 96 100 20 35 69 11 10 43 52 74 67 6 38 98 8 
83 27 80 89 26 84 18 26 48 23 44 50 76 43 22 56 29 77 18 98 32 64 61 41 21 67 5 55 83 28 34 29 7 88 23 92 65 69 86 96 12 67 5 11 68 40 51 60 38 60 4 68 91 57 5 24 14 58 18 85 58 60 48 89 61 94 38 98 17 56 
78 14 50 80 53 44 35 85 62 49 90 62 84 6 86 97 1 10 33 37 26 52 24 85 19 94 46 76 32 47 13 20 14 23 4 6 87 21 71 25 5 7 100 59 68 39 52 65 52 100 84 82 66 84 42 54 36 75 12 21 45 52 46 59 90 12 23 55 2 40 
85 63 23 50 46 5 3 3 81 70 68 2 64 23 92 72 13 54 64 3 90 7 58 15 43 23 53 42 76 43 22 76 28 84 70 49 45 78 62 77 96 95 30 64 67 56 84 6 86 56 52 38 42 97 59 18 29 11 57 83 73 26 58 58 32 70 58 37 7 54 
37 27 64 65 97 85 94 71 11 82 26 52 28 63 44 12 2 93 85 91 58 5 13 54 58 21 9 19 7 65 64 87 35 16 86 56 58 61 87 95 3 33 87 73 33 27 100 2 54 68 30 67 66 57 24 49 47 7 79 66 53 20 47 39 36 44 57 81 30 28 
1 91 22 19 86 30 69 66 10 27 97 54 51 22 18 50 2 22 30 73 70 19 71 93 42 60 76 21 73 40 95 18 49 72 61 76 24 15 27 4 62 59 78 51 54 76 57 17 1 42 100 62 32 72 20 41 75 48 45 25 75 48 96 38 31 62 53 83 36 10 
56 2 91 77 73 82 31 75 99 8 61 49 23 44 4 80 48 7 28 34 76 73 26 30 93 70 28 97 8 45 24 45 91 42 74 73 26 40 49 12 49 45 51 50 93 41 73 25 12 53 81 17 50 26 83 28 33 23 83 85 82 83 43 97 79 98 68 83 41 11 
65 66 63 46 34 81 51 19 24 52 3 25 27 6 18 76 61 57 2 34 77 95 49 57 74 41 65 32 93 12 52 48 56 32 68 68 42 14 92 67 2 22 14 64 26 36 27 59 1 86 87 12 90 52 49 63 49 47 84 54 26 60 68 37 63 100 78 21 89 97 
38 83 27 47 44 71 82 27 45 59 10 14 20 39 4 98 6 20 19 36 31 71 92 57 67 64 4 94 78 81 100 81 24 92 2 84 24 32 96 71 50 44 23 21 67 30 93 56 26 58 84 55 96 27 51 30 57 66 9 13 77 56 85 92 70 46 21 34 43 90 
25 57 97 46 83 75 39 95 86 98 61 11 72 15 99 97 32 92 91 73 70 37 3 7 50 10 21 79 47 83 75 35 36 52 12 1 64 5 48 98 63 57 83 86 30 64 36 26 19 11 24 56 99 39 29 17 62 73 28 49 56 45 12 75 18 31 3 17 4 29 
69 42 70 68 24 72 26 83 38 44 89 9 40 83 56 30 84 53 87 88 45 62 8 12 87 71 31 58 73 42 54 14 65 10 55 74 78 67 83 24 51 95 98 35 84 54 38 12 28 25 30 5 54 40 21 29 42 42 14 11 17 34 6 33 70 36 58 40 9 92 
28 84 85 62 24 86 9 25 98 80 9 29 75 14 89 5 46 63 81 52 81 58 97 2 95 63 2 87 25 95 42 6 71 1 49 79 66 96 11 85 11 80 29 67 23 77 90 58 83 3 58 59 94 24 27 90 98 81 30 68 79 98 37 5 25 78 94 55 74 56 
49 62 37 28 69 30 32 8 60 70 5 35 59 35 33 13 53 30 12 35 71 23 37 28 44 32 43 55 88 5 13 52 71 24 70 50 79 43 10 76 74 49 93 74 51 54 30 95 41 94 93 50 73 18 75 15 5 88 37 35 75 94 71 44 29 36 64 73 88 70 
94 58 26 23 20 1 70 6 11 19 23 23 95 69 36 13 44 95 37 92 89 36 80 79 32 81 56 30 66 64 9 83 54 40 66 12 39 57 38 11 7 49 2 57 89 81 32 57 63 71 86 29 23 4 34 48 98 95 16 16 52 81 16 14 13 94 70 21 7 49 
53 26 62 97 76 9 51 4 64 32 35 35 3 62 55 45 13 57 17 30 76 22 43 35 80 82 18 96 97 51 2 62 38 13 80 90 29 58 49 19 92 84 56 83 27 37 15 65 86 6 43 83 63 33 7 71 39 55 77 3 92 1 64 85 20 67 66 83 93 14 
63 10 71 30 88 8 39 51 94 34 46 61 3 88 1 100 81 81 94 7 31 7 52 84 80 98 57 96 45 33 39 87 80 57 16 35 91 18 56 5 75 7 94 89 17 77 91 64 2 8 46 59 55 59 3 60 7 54 43 37 43 85 61 39 4 44 64 50 22 82 
79 48 15 92 67 21 16 30 68 23 77 94 2 37 77 41 42 58 78 68 11 62 21 100 58 97 27 87 59 6 99 94 82 49 2 20 36 82 63 94 23 60 51 12 78 84 11 94 56 34 79 38 54 72 41 62 50 33 49 51 71 25 24 4 59 98 80 52 86 67 
72 41 84 74 12 13 97 90 24 50 28 80 93 52 74 38 40 36 40 18 56 84 94 1 98 51 19 17 91 75 12 18 73 57 82 95 94 75 53 70 19 84 36 96 57 84 78 21 41 100 8 86 57 55 90 17 5 36 3 61 73 1 29 82 12 57 72 11 57 58 
4 45 83 2 21 7 14 22 71 100 73 28 24 38 13 35 32 10 99 54 26 75 62 5 60 7 76 95 55 6 72 60 100 5 51 25 61 81 99 62 9 27 37 26 42 12 79 69 3 15 39 81 50 57 37 28 71 75 28 85 30 30 22 47 3 47 72 18 65 94 
53 96 85 48 34 55 50 73 85 31 7 64 17 84 70 95 30 76 57 15 59 80 49 50 69 37 66 89 51 27 49 42 28 31 60 80 63 22 95 100 16 69 17 63 20 61 20 60 9 63 12 45 34 46 38 98 64 82 18 9 75 53 65 55 40 54 87 3 75 57 
77 90 47 2 94 43 100 61 76 67 14 79 96 9 58 77 30 4 19 44 28 64 1 37 8 83 64 15 48 66 87 89 86 67 41 11 86 90 56 29 69 36 95 96 12 96 6 62 47 60 57 85 99 17 65 80 26 19 49 73 23 82 96 93 87 48 88 98 35 3 
26 88 91 47 34 58 6 16 13 58 42 29 65 75 40 70 9 11 46 76 52 52 88 57 95 96 29 85 91 82 3 20 16 51 57 56 26 90 42 66 19 44 70 87 14 84 21 59 14 14 21 20 39 8 87 54 54 100 97 1 40 60 100 11 18 11 84 99 31 94 
62 18 99 44 20 46 92 20 38 33 36 46 26 85 52 55 62 86 57 40 14 43 5 100 46 92 93 26 16 3 98 32 64 76 7 24 14 78 4 6 50 54 67 16 72 93 44 70 76 99 72 72 5 92 92 42 73 32 22 37 63 59 51 30 76 10 99 6 20 63 
60 12 57 94 55 62 87 49 19 91 43 100 76 22 4 88 43 41 7 35 46 57 26 19 82 19 38 75 41 67 46 40 92 86 27 59 61 46 41 10 1 11 46 54 49 46 15 25 22 30 10 72 44 26 100 44 84 3 31 2 63 89 32 17 36 15 2 5 46 5 
16 87 73 76 96 81 91 86 7 70 48 38 63 99 100 59 74 32 83 21 75 34 1 41 56 26 29 69 50 40 66 99 87 44 75 62 99 42 78 9 98 13 56 49 14 93 46 45 71 46 53 59 11 75 92 6 54 16 22 12 86 48 83 88 4 83 74 34 55 48 
11 69 56 14 93 58 42 66 86 87 100 68 44 46 57 38 26 78 83 97 14 18 37 13 52 68 14 19 83 5 65 98 85 83 36 96 15 53 38 68 86 37 92 36 18 74 66 48 99 50 55 65 2 67 55 76 2 2 48 22 7 92 33 10 56 30 26 60 77 66 
98 50 62 83 62 100 24 1 38 70 92 96 89 12 98 44 16 23 78 26 2 60 62 49 3 34 99 2 96 33 57 43 79 87 60 28 22 90 57 69 90 100 36 55 81 88 59 90 82 46 13 95 89 38 37 49 70 46 32 26 57 83 12 49 96 28 88 93 97 92 
8 91 66 26 53 31 98 63 76 84 76 21 99 92 81 99 39 49 48 35 16 46 51 43 68 13 5 82 84 29 55 37 24 45 34 17 15 64 39 51 84 53 59 71 76 63 38 18 2 22 87 14 85 26 99 20 69 21 24 85 62 78 43 89 65 78 4 7 27 39 
35 48 14 83 59 35 40 27 57 99 19 47 65 86 52 4 89 99 86 69 91 95 15 95 57 22 51 96 92 64 7 69 77 21 58 61 22 79 41 51 45 75 57 96 32 74 17 90 83 2 29 66 40 94 46 24 60 3 96 29 48 69 7 78 56 5 10 54 87 49 
90 18 20 75 45 16 43 99 84 38 96 40 13 47 82 26 78 80 80 18 70 27 71 41 71 7 29 81 16 84 79 53 9 44 23 66 5 52 8 83 68 27 62 94 91 88 60 7 78 24 72 45 57 6 96 7 75 12 7 59 60 50 10 31 18 42 60 38 43 10 
64 46 14 7 35 64 7 18 52 78 90 20 87 86 43 90 76 4 49 19 61 97 59 62 55 46 44 45 90 28 76 21 59 30 50 79 27 40 30 86 20 40 63 70 80 8 69 28 18 76 98 98 89 51 80 12 78 23 99 47 8 2 99 100 28 39 63 10 20 87 
89 4 31 77 35 85 6 18 51 29 81 34 64 73 97 18 77 93 65 70 91 25 38 9 34 77 77 58 25 87 28 26 46 68 46 20 4 39 71 68 59 32 61 91 59 86 9 17 44 23 24 42 75 25 33 13 11 19 7 13 25 72 24 21 62 11 33 88 70 73 
34 49 15 87 3 45 39 39 20 14 74 49 32 21 78 36 22 24 81 92 49 93 57 75 42 30 25 18 56 37 52 51 20 78 33 36 56 89 19 94 80 60 23 48 99 89 73 91 94 73 26 83 83 31 33 88 65 30 77 1 57 67 48 12 49 95 22 45 15 81 
51 52 21 8 9 99 6 50 59 14 75 9 6 78 60 94 92 58 36 16 36 97 82 80 49 74 89 5 57 36 34 88 88 11 22 84 56 84 74 52 36 87 1 92 83 79 37 44 26 92 54 18 17 67 42 70 25 90 15 4 77 80 8 59 49 86 81 37 7 5 
73 50 45 19 84 72 23 51 34 73 89 82 92 73 14 31 48 43 57 44 20 92 49 95 57 38 76 12 60 79 51 82 53 19 18 26 48 30 90 77 45 64 11 81 20 15 68 3 43 98 13 77 98 25 8 60 25 14 100 71 63 64 34 17 23 91 74 53 87 31 
29 74 25 23 35 66 39 56 35 86 7 32 59 76 58 22 70 40 50 44 44 27 90 61 60 55 32 67 89 6 97 41 5 11 79 40 21 30 10 15 91 12 79 80 82 28 75 31 60 53 18 12 11 57 82 33 77 70 62 60 86 11 92 64 85 92 59 1 51 70 
69 8 10 67 85 56 2 4 48 11 70 25 56 74 94 36 84 69 91 96 12 1 18 28 25 91 30 14 93 88 68 87 27 23 49 51 39 40 90 82 75 33 41 44 39 24 55 28 82 12 99 50 31 12 40 41 92 51 44 88 75 60 8 31 86 86 78 77 16 4 
65 38 50 1 42 40 22 12 64 26 18 66 3 38 4 45 52 76 13 12 46 70 34 48 85 40 30 34 23 100 26 79 17 51 100 42 56 74 66 32 6 30 41 90 56 88 18 9 92 100 46 66 95 4 44 17 46 77 43 75 1 41 69 14 2 35 87 9 14 63 
68 42 100 50 66 78 30 57 91 58 6 94 26 10 13 90 95 21 44 66 20 39 98 46 38 83 43 58 79 67 40 23 99 17 47 100 80 78 19 76 67 43 74 28 34 66 76 48 82 23 75 3 85 7 1 27 51 33 12 4 24 1 41 64 62 9 37 98 2 40 
10 21 95 20 1 22 24 66 29 12 25 69 41 51 30 24 45 74 84 32 82 2 20 25 90 42 80 20 28 100 39 50 57 32 36 60 33 30 8 34 41 89 45 52 83 80 81 63 70 55 6 53 88 91 39 52 2 10 94 21 91 67 41 31 81 54 14 5 7 7 
59 45 37 68 100 10 43 93 59 21 62 52 79 63 30 78 74 49 31 31 49 29 49 69 73 31 86 72 55 52 1 72 14 92 55 100 97 15 47 88 38 51 77 80 35 83 7 8 72 19 93 3 28 64 66 51 14 21 60 46 29 3 7 45 13 39 76 65 77 41 
74 3 21 99 55 52 68 88 21 14 57 34 20 73 1 66 41 32 39 98 16 30 50 93 31 24 10 97 63 61 61 64 73 31 46 4 58 53 43 24 69 28 21 37 16 52 77 3 82 25 86 22 84 4 94 17 93 38 73 5 81 74 61 73 3 31 43 86 98 4 
69 69 48 81 21 10 67 84 42 50 32 88 97 36 23 45 61 81 98 3 4 17 68 36 78 17 93 18 33 11 53 48 21 60 16 13 68 58 47 17 85 87 36 49 96 85 74 78 74 49 40 69 38 87 40 42 8 20 21 65 30 7 62 42 2 17 22 61 7 60 
35 76 92 39 99 28 89 22 26 85 48 81 5 10 34 28 12 24 90 75 52 27 26 44 97 95 5 74 31 85 99 4 69 61 15 92 23 25 90 63 64 69 67 49 84 22 88 72 43 65 87 47 96 54 98 43 79 94 91 24 97 94 67 70 86 71 92 58 43 63 
11 47 92 82 51 18 26 14 24 81 40 57 5 3 75 49 34 19 17 18 35 72 81 83 11 90 100 58 43 75 67 86 57 39 35 75 78 7 70 19 92 92 5 49 55 14 8 8 58 18 21 69 78 93 53 92 86 21 63 66 35 48 27 77 97 42 58 45 58 33 
34 85 71 42 12 99 75 10 71 34 59 74 45 33 34 90 49 75 12 66 20 81 53 49 51 100 42 8 44 50 37 86 39 45 1 39 54 78 12 62 77 82 53 29 64 85 19 93 54 41 51 20 8 59 80 50 54 98 3 62 94 28 24 55 95 42 54 67 9 61 
48 47 91 44 63 78 97 97 57 79 93 32 19 94 18 21 33 40 89 99 58 47 97 93 35 72 74 70 8 65 48 88 99 1 40 77 40 45 54 21 34 10 43 7 24 75 9 7 93 19 66 27 35 95 34 4 43 23 2 68 85 63 48 20 13 84 45 96 90 70 
