97
98 45 94 58 33 18 69 26 99 20 48 30 42 63 35 65 1 23 31 69 66 76 28 3 15 2 95 21 24 58 2 2 24 83 48 47 26 79 54 35 33 74 55 96 65 35 58 26 21 30 97 18 100 60 54 92 21 94 68 87 77 51 53 69 77 85 54 56 32 21 36 57 66 94 55 75 40 74 76 3 8 73 73 7 56 41 43 97 22 86 63 13 84 47 10 48 63 
68 67 39 43 91 25 64 42 93 45 78 53 44 54 50 95 21 54 39 76 91 2 14 60 62 73 85 82 32 21 74 21 33 91 64 4 19 84 3 26 46 54 70 8 36 10 38 78 95 93 60 64 2 25 19 67 5 85 18 53 65 100 72 32 69 9 3 76 29 23 74 9 97 16 72 36 52 95 72 92 55 10 94 63 79 100 72 63 30 23 42 76 53 57 95 44 57 
68 32 53 78 21 11 82 10 36 50 86 8 43 90 37 11 11 47 77 64 29 91 31 40 79 25 84 96 5 56 99 88 93 8 60 93 70 54 42 100 49 43 56 50 63 61 35 93 94 63 63 25 98 16 78 1 21 6 74 81 58 81 69 88 57 19 23 71 91 42 95 1 42 22 86 77 88 25 66 100 36 70 88 59 2 61 80 21 13 32 55 7 54 37 42 27 71 
69 73 27 77 43 44 33 73 41 58 98 67 63 11 9 11 81 14 33 25 51 58 72 13 46 74 37 44 98 94 72 32 95 2 64 70 93 79 29 47 50 26 53 47 36 73 43 88 63 1 38 47 80 21 32 57 5 8 36 58 15 39 31 62 77 6 54 55 11 72 8 55 71 56 39 48 55 5 73 84 75 18 17 10 76 28 99 98 55 43 63 65 95 70 55 24 42 
15 32 61 8 83 34 53 96 47 70 54 9 30 57 99 57 50 55 83 3 31 44 66 94 27 36 48 40 90 56 32 3 82 32 21 88 15 42 38 48 49 17 47 53 42 21 58 52 5 31 25 94 22 17 33 6 42 15 48 29 16 33 28 100 63 12 39 25 25 74 32 49 19 66 54 50 13 75 100 76 23 35 4 91 53 73 62 86 35 33 81 40 67 94 42 43 71 
38 51 39 69 78 27 80 77 41 53 93 24 95 43 70 38 73 94 35 73 97 10 25 3 18 18 19 55 2 16 100 52 17 48 16 10 62 20 74 55 57 70 13 8 1 55 90 97 46 78 32 14 78 7 4 53 85 69 71 35 49 34 58 25 49 48 58 64 37 9 72 10 59 64 91 15 4 81 37 94 71 77 69 1 51 10 33 30 78 48 74 47 21 40 34 62 23 
12 17 44 21 46 74 77 22 56 60 10 32 59 55 20 99 39 66 18 26 77 39 83 56 26 53 11 97 26 1 54 11 60 25 73 73 98 57 50 75 7 5 43 40 17 88 15 60 57 56 37 28 20 39 99 61 61 49 64 35 76 83 83 13 12 53 64 39 29 37 28 18 85 89 70 9 19 45 12 7 30 78 42 41 12 58 38 4 22 79 44 51 57 88 35 34 99 
81 73 49 96 79 19 37 63 96 81 84 9 88 9 56 50 44 57 70 48 33 70 13 93 8 60 36 92 14 80 94 75 79 57 9 57 72 4 41 86 95 71 57 26 71 32 68 82 13 73 11 75 26 14 19 23 87 78 63 48 25 45 38 21 38 60 80 8 54 5 20 94 13 1 94 95 98 87 67 56 75 53 21 61 20 32 95 63 71 35 78 16 88 81 19 66 59 
39 25 14 6 3 85 28 66 90 1 29 22 68 5 44 98 97 98 70 68 48 42 36 86 24 3 16 48 25 9 95 79 72 51 77 99 96 86 49 52 89 13 91 70 40 1 91 29 64 86 39 83 92 81 87 22 67 4 81 13 31 14 41 33 56 91 62 79 73 25 49 93 3 68 50 49 68 96 19 78 39 67 64 22 62 30 94 22 100 37 33 35 56 75 50 54 34 
29 86 44 17 75 18 23 27 55 7 18 55 28 38 20 14 31 14 100 78 90 99 46 26 77 1 52 88 45 67 88 78 18 80 26 18 73 65 15 74 39 70 93 85 91 67 64 15 14 66 24 78 75 99 20 28 68 90 62 88 72 75 58 11 26 39 62 17 44 87 46 71 74 86 77 58 74 35 40 58 20 48 78 26 4 77 34 83 28 28 76 79 33 69 32 45 78 
65 97 96 64 31 99 54 86 67 5 88 59 11 73 31 53 78 21 72 76 18 73 43 87 96 51 82 63 75 70 43 29 35 30 82 76 92 72 79 58 93 43 33 92 48 23 84 93 19 93 72 63 5 22 97 81 32 30 56 79 15 62 43 28 45 65 45 20 11 7 33 60 100 12 99 78 94 34 42 10 38 86 15 47 55 82 54 80 59 42 82 39 14 20 8 10 80 
52 56 22 95 18 84 92 99 95 90 40 63 37 67 7 71 86 70 67 3 66 57 78 91 86 100 80 41 69 82 34 81 54 74 55 87 45 27 91 49 20 68 17 18 39 87 11 47 45 39 10 85 47 54 62 47 86 61 65 57 49 17 16 26 57 42 12 81 81 48 68 16 2 89 94 89 82 49 98 38 70 66 22 7 8 62 46 19 21 81 48 97 16 68 63 39 21 
9 42 6 59 64 9 47 46 52 20 41 38 85 44 44 83 62 33 12 62 64 1 32 96 5 38 55 93 13 79 95 63 40 96 49 20 6 11 98 77 6 94 82 83 14 30 73 8 40 15 68 48 52 14 22 76 58 32 7 7 94 18 41 42 66 59 17 3 41 31 29 99 25 44 76 71 42 4 11 64 59 21 10 13 46 8 52 31 64 28 86 13 65 49 45 79 79 
88 12 63 82 3 53 73 20 91 77 16 62 28 77 73 70 23 37 42 66 77 55 23 96 89 70 74 1 55 37 3 14 67 16 43 95 72 56 16 40 9 12 59 11 21 1 97 10 41 31 56 1 8 68 67 43 21 72 81 61 52 80 1 48 34 38 75 51 18 75 20 27 83 18 58 46 1 90 42 81 56 79 26 68 4 44 17 52 41 63 78 30 6 96 55 8 1 
64 37 53 50 10 96 35 99 21 22 72 98 73 4 13 26 35 2 93 97 75 23 2 27 37 99 67 67 8 81 32 68 7 97 15 100 61 84 90 15 41 88 4 59 17 86 87 84 61 21 75 87 36 6 48 29 14 67 54 93 21 65 67 32 27 46 31 64 15 52 13 86 12 35 62 61 87 7 43 31 86 7 74 4 22 47 12 84 74 49 86 53 51 1 9 20 83 
17 31 11 94 1 58 33 19 2 25 31 91 53 24 2 76 47 66 47 50 26 9 95 4 13 73 63 81 25 93 57 92 1 1 4 68 82 31 43 98 5 48 69 30 59 7 37 41 18 9 50 5 49 77 13 57 36 61 22 46 50 20 8 70 49 52 13 68 71 43 89 93 17 95 22 53 62 83 88 89 58 81 61 17 20 31 5 12 50 43 73 54 53 54 58 62 3 
17 14 41 6 99 53 88 56 55 97 27 97 69 8 79 78 9 35 31 27 30 30 92 93 3 31 84 71 70 60 97 61 36 20 90 61 6 32 54 90 46 21 2 95 70 68 31 58 75 43 44 69 26 71 10 99 36 93 33 86 15 76 94 24 23 25 40 22 30 61 100 5 51 7 39 96 5 74 7 55 13 26 17 78 61 91 37 46 98 22 36 29 47 90 65 11 65 
89 63 93 70 46 25 31 58 21 25 36 62 8 53 69 96 62 7 96 11 24 80 8 28 43 35 29 71 21 89 22 37 50 37 22 31 93 73 57 69 32 35 72 38 24 9 8 99 43 5 20 15 57 43 74 83 58 82 21 34 22 72 6 47 50 30 83 60 49 90 48 12 89 71 67 58 25 62 55 68 45 40 38 79 56 11 94 84 51 22 33 72 7 60 94 1 66 
50 90 32 18 52 79 22 95 32 16 81 10 51 31 63 69 94 46 72 17 6 87 48 89 46 99 87 17 26 18 94 63 32 71 54 28 8 67 91 38 54 99 76 51 62 72 79 52 65 46 56 94 78 11 49 64 48 88 38 51 55 26 33 67 79 10 56 57 3 81 96 30 65 93 92 68 79 35 64 92 54 43 28 76 58 58 78 37 69 65 59 45 64 10 27 76 3 
54 60 78 37 68 30 61 75 85 20 99 20 48 24 58 39 99 76 63 89 87 73 4 4 84 58 37 28 18 87 61 99 25 80 77 35 93 60 40 12 21 16 1 17 85 33 22 88 98 82 78 8 78 67 23 5 78 20 56 30 84 11 85 19 61 49 15 14 47 29 11 54 70 61 32 82 65 3 13 66 94 72 32 28 86 19 3 62 67 85 43 67 74 45 24 8 34 
18 40 76 44 71 31 49 59 61 36 58 56 58 42 94 28 6 72 76 43 7 74 18 71 39 46 77 6 79 55 24 52 50 6 25 17 7 98 65 24 32 70 99 36 49 41 4 9 99 58 6 24 73 73 47 8 51 48 52 10 49 47 85 89 84 54 75 83 80 26 76 81 23 10 59 61 82 87 6 79 69 27 3 46 18 45 12 83 6 58 55 75 97 4 87 38 75 
37 84 8 18 40 96 33 31 92 66 87 78 94 9 33 45 7 20 33 98 62 2 25 56 70 85 82 50 89 98 42 76 32 4 69 42 98 74 57 20 81 54 44 28 11 71 33 54 100 19 1 94 97 71 63 28 12 52 37 79 47 78 4 29 36 71 75 99 80 69 76 89 37 44 28 41 92 85 37 28 35 21 14 60 56 57 11 87 16 60 43 14 30 31 6 30 75 
20 32 81 22 12 75 90 84 76 18 51 100 28 64 28 61 65 66 61 64 100 43 62 4 94 40 12 2 4 33 20 59 62 68 62 40 59 85 97 47 100 1 2 79 61 59 1 59 7 89 98 42 39 78 89 3 28 34 2 63 16 3 58 76 98 89 35 85 8 5 61 2 50 49 55 79 64 33 54 92 30 50 94 92 27 16 13 89 55 60 82 82 84 32 40 24 81 
45 74 82 27 63 21 89 18 14 48 24 94 66 71 92 68 71 87 5 42 43 61 99 93 72 71 88 68 82 16 8 21 62 90 79 82 59 28 48 58 7 20 27 71 40 89 98 18 48 54 86 7 36 72 60 89 2 67 52 20 44 8 38 19 2 1 19 100 39 2 36 9 62 14 45 81 87 79 35 71 78 43 43 5 64 40 84 30 59 59 100 21 45 68 5 95 61 
3 94 83 63 89 46 48 81 15 32 37 16 69 15 48 63 71 5 63 27 98 81 45 91 69 79 27 25 34 36 10 46 96 92 51 63 98 79 86 99 56 15 59 64 88 89 16 70 46 29 56 71 49 96 37 70 98 65 59 4 79 11 54 62 93 22 1 58 49 46 37 83 3 98 24 17 52 83 42 38 79 49 24 4 6 92 68 83 2 72 95 62 42 43 100 67 28 
38 20 28 79 88 10 61 16 19 61 4 38 74 79 67 3 45 25 89 71 93 42 86 33 61 64 21 58 79 60 43 37 43 34 20 74 53 5 21 50 72 7 52 70 84 91 3 1 54 65 14 54 89 16 97 46 10 83 26 61 83 42 66 42 14 32 3 89 48 60 63 54 80 93 83 52 63 27 31 84 73 90 69 19 9 11 9 37 68 50 87 6 77 28 3 50 47 
40 57 72 93 99 10 91 19 59 68 13 34 52 32 71 53 91 3 81 41 49 49 88 75 57 6 43 87 19 73 83 42 67 79 16 4 5 49 95 88 93 33 91 96 87 86 67 88 77 96 21 22 12 39 96 36 6 33 83 5 88 74 37 59 20 98 91 15 52 14 67 37 33 19 30 22 63 47 82 41 29 28 66 19 16 45 15 41 39 63 44 78 86 67 70 19 37 
35 9 1 99 21 55 75 28 19 13 3 5 63 55 44 20 20 36 20 29 4 84 63 82 20 38 45 23 41 82 61 73 94 65 16 21 73 57 43 4 44 81 20 87 11 56 73 74 23 46 16 81 8 70 66 20 76 69 1 44 73 75 76 26 65 52 23 88 34 23 23 10 3 99 47 21 93 37 3 8 36 36 98 67 50 100 8 23 93 94 49 83 24 88 52 46 19 
24 83 26 45 9 76 47 6 70 42 19 24 11 44 75 31 51 23 27 66 33 45 6 58 67 69 85 51 49 82 3 86 28 58 52 64 88 21 19 53 79 52 93 95 24 56 20 59 47 4 33 36 57 59 39 99 37 96 52 69 50 83 11 72 90 40 44 44 43 10 72 67 41 45 84 36 63 65 31 29 13 59 88 12 16 26 54 13 64 27 60 98 41 8 73 37 92 
63 96 14 57 64 62 22 30 83 15 52 64 18 97 82 12 72 8 9 94 81 40 84 32 89 20 69 87 37 62 46 58 92 90 37 96 74 67 98 76 34 69 35 91 8 86 20 94 34 35 2 47 3 44 88 22 22 51 49 29 28 70 42 81 60 99 46 96 12 90 29 95 12 38 71 92 72 35 77 65 2 7 7 75 50 17 40 74 92 46 10 18 41 60 81 49 21 
92 51 87 4 45 96 61 44 39 78 11 49 75 99 81 28 69 73 14 13 78 83 8 70 16 7 49 43 13 50 52 31 64 20 20 100 37 25 3 34 97 25 43 50 68 65 50 94 37 23 80 38 21 9 60 35 54 76 22 33 20 59 37 56 88 17 61 57 97 63 11 26 30 31 4 62 73 78 78 59 56 25 30 22 26 48 98 46 58 90 26 80 24 40 3 20 37 
63 63 40 96 14 31 47 49 78 60 33 64 76 84 61 26 64 61 79 39 78 72 70 55 14 57 47 89 35 65 34 49 14 90 28 30 10 8 22 76 20 8 22 10 60 83 54 96 39 77 14 75 90 73 7 10 16 22 29 2 8 7 30 2 47 27 12 90 47 84 8 48 65 34 87 83 81 29 63 80 64 18 84 31 61 24 16 36 4 82 70 93 57 80 37 58 96 
94 37 18 57 84 77 13 49 72 3 74 58 57 73 76 54 25 65 61 41 9 68 35 21 84 64 79 7 49 97 22 76 68 60 82 65 18 79 37 14 39 71 31 59 28 65 28 10 88 74 46 72 72 16 14 47 21 49 10 94 30 59 36 99 6 19 100 91 45 85 76 11 42 46 66 52 74 70 61 99 17 7 78 100 61 12 33 19 98 57 91 25 79 44 9 50 4 
71 85 36 91 1 83 39 38 12 40 84 31 16 50 23 95 86 11 39 9 15 79 72 94 11 36 3 95 81 35 13 91 99 43 42 24 51 25 28 76 1 60 70 41 72 28 16 63 72 68 29 52 3 53 86 72 36 47 2 42 12 8 5 98 96 61 52 71 82 9 73 4 95 52 76 22 32 17 56 17 94 10 49 48 24 22 65 78 58 80 76 35 4 33 83 22 30 
63 93 32 60 90 67 79 30 17 95 77 82 26 30 37 22 39 1 31 54 57 49 62 100 56 85 64 18 94 35 61 15 48 10 8 11 16 64 4 98 33 22 50 10 56 6 99 29 48 26 44 37 71 91 76 67 92 70 67 43 35 17 84 78 35 78 97 54 5 14 28 64 91 18 63 57 50 90 73 97 7 51 57 23 52 57 36 64 28 41 11 33 85 35 96 17 10 
13 45 91 60 12 92 25 67 54 16 44 62 42 64 42 84 9 47 94 86 57 99 91 24 17 100 1 43 73 98 80 55 42 83 66 11 23 65 85 25 82 99 9 16 9 64 60 85 63 45 32 21 56 78 22 3 84 47 11 93 6 57 11 71 17 79 17 25 89 43 33 4 38 43 100 82 83 57 15 16 62 42 11 95 48 88 50 57 9 10 99 95 92 47 12 38 9 
54 56 57 24 12 35 65 98 99 89 7 54 76 47 92 49 88 35 22 19 45 98 5 84 23 94 35 48 23 67 50 27 76 52 81 19 53 77 24 20 1 80 66 7 72 70 29 99 79 63 79 14 99 2 41 16 12 72 80 95 81 78 26 74 1 12 57 71 26 99 30 54 13 20 17 4 92 31 33 39 35 87 16 81 14 80 85 80 8 37 73 5 38 68 48 81 17 
39 58 60 42 29 75 78 90 57 74 45 81 30 20 33 76 79 56 14 37 74 91 91 80 5 28 57 43 43 94 17 56 60 59 48 22 2 2 48 75 82 79 86 76 41 15 43 31 85 56 39 23 80 74 51 88 81 56 99 94 100 79 25 39 87 29 98 86 21 11 14 41 5 55 95 75 27 65 68 4 70 60 25 92 58 48 97 21 94 29 91 17 26 33 64 95 18 
87 98 43 24 55 13 50 31 51 7 49 83 25 83 50 64 14 75 29 99 62 53 44 15 82 21 28 30 13 84 22 38 20 54 35 26 23 13 28 79 22 42 92 93 93 99 11 22 82 93 6 75 16 9 1 26 97 42 15 27 90 12 71 28 72 33 43 63 37 3 52 12 22 25 47 91 41 98 79 7 99 74 65 83 63 6 99 21 39 98 67 34 67 3 56 75 88 
41 33 5 52 89 65 5 9 54 53 39 59 56 53 36 98 60 67 60 83 17 56 22 9 34 79 22 18 40 41 100 61 11 37 57 47 2 90 81 50 11 54 28 17 48 33 26 100 56 93 50 70 15 93 28 30 2 65 76 43 10 5 90 84 77 6 88 21 29 77 99 76 64 73 45 94 51 93 49 45 68 56 87 58 81 93 49 51 96 99 16 4 64 74 9 45 63 
88 57 55 86 69 9 25 59 74 17 82 1 48 83 15 96 61 85 34 23 85 30 94 96 14 74 15 54 39 76 95 79 15 75 7 13 3 79 63 72 79 34 96 57 29 14 75 97 35 39 93 85 7 39 54 88 22 10 58 94 26 68 75 41 66 14 86 39 30 5 60 44 6 32 86 11 4 32 26 71 67 40 85 58 47 46 23 88 87 30 69 69 33 10 95 41 35 
11 72 27 39 67 71 31 41 5 21 51 46 30 4 81 87 23 77 7 11 24 66 66 76 64 9 28 89 31 6 88 32 67 43 62 30 9 5 42 16 31 45 64 70 52 26 13 27 17 13 25 97 71 83 22 58 49 41 16 74 78 96 17 100 22 23 22 5 69 33 37 45 45 76 5 92 50 60 14 60 89 71 73 64 56 54 45 1 74 6 51 72 4 52 92 75 43 
68 24 37 10 28 4 9 51 15 19 88 46 92 86 24 59 96 86 36 42 21 92 63 7 100 94 6 95 15 60 84 73 78 46 25 79 20 100 82 79 65 30 54 91 30 95 95 39 69 45 90 2 71 32 58 29 14 19 60 9 29 77 83 18 2 73 49 17 24 84 8 76 19 92 15 23 80 5 86 3 70 15 100 1 3 72 92 10 37 55 31 40 90 20 43 37 26 
75 18 80 98 41 39 22 90 1 9 16 94 82 77 96 64 84 30 98 99 18 19 2 98 30 24 70 47 88 91 82 70 66 37 89 65 87 87 47 86 78 8 78 85 94 52 59 92 66 82 97 81 55 83 31 16 84 3 90 91 47 18 14 97 10 98 15 61 53 53 57 19 94 55 23 15 55 38 78 32 65 46 38 80 97 97 5 81 35 12 76 83 31 82 62 54 47 
16 29 98 56 99 28 49 87 76 17 97 5 16 25 72 39 57 29 46 11 15 10 9 7 61 29 78 42 89 9 43 6 87 6 20 36 65 93 70 60 24 53 36 22 47 29 44 25 34 21 54 86 51 31 63 63 15 84 36 35 8 65 66 1 37 34 95 19 49 46 7 53 2 25 3 8 68 72 96 13 95 58 62 61 34 33 87 62 96 53 9 56 86 11 95 29 47 
43 19 62 84 21 4 25 36 80 85 23 52 92 100 82 89 10 42 89 34 93 64 62 62 33 30 74 5 88 25 93 79 8 75 6 91 35 72 5 79 98 70 31 69 93 85 66 31 46 70 25 93 47 56 47 55 78 54 72 82 35 12 56 8 86 39 1 26 11 7 3 45 18 10 54 38 4 97 82 22 85 34 95 36 52 86 99 86 34 93 18 75 19 100 32 69 85 
57 75 85 23 88 40 96 24 56 78 62 24 77 53 52 87 45 35 23 34 41 58 82 74 73 60 21 5 94 25 11 13 52 78 73 71 67 70 4 87 35 78 78 9 6 58 81 30 76 63 60 38 67 98 53 74 69 38 5 62 64 88 93 88 53 68 6 26 96 43 58 36 52 80 59 17 31 82 63 32 68 18 52 25 91 11 8 86 48 53 23 100 63 12 93 41 29 
84 73 80 94 39 11 5 61 74 3 48 3 33 57 9 51 24 22 19 52 87 34 51 60 14 72 60 12 29 39 89 65 63 62 87 78 19 53 77 84 55 95 14 14 46 26 51 78 13 56 48 42 37 71 49 35 92 1 75 53 55 7 6 14 60 40 26 66 69 94 13 41 32 53 24 82 71 67 84 81 83 50 9 96 30 37 16 11 37 3 55 56 22 62 82 13 94 
97 65 86 31 70 79 7 98 53 20 87 75 66 4 12 82 21 19 79 85 84 73 52 3 88 83 9 93 97 17 13 16 30 59 38 10 36 85 39 25 95 28 17 91 79 70 43 95 48 34 47 70 32 56 24 40 48 70 36 39 95 8 8 98 18 85 55 41 83 88 32 36 14 85 46 80 47 100 94 40 95 73 78 67 40 31 4 58 90 29 16 66 95 69 52 9 53 
35 68 67 87 87 84 42 63 16 2 39 74 56 57 62 75 66 45 86 60 96 65 28 19 79 10 75 66 4 72 9 52 45 48 35 71 47 48 28 20 94 67 55 85 55 59 81 76 20 68 43 24 53 73 100 69 8 16 68 13 80 96 94 50 94 81 10 85 60 54 66 37 82 89 30 63 36 93 81 99 8 76 45 12 52 45 28 19 88 36 28 9 54 79 46 96 79 
67 7 44 71 42 99 82 73 89 20 5 10 32 4 27 17 100 3 19 48 43 21 7 30 5 57 80 8 59 5 29 5 20 25 96 36 23 47 89 11 77 97 17 6 90 91 36 21 92 77 90 60 10 56 61 85 18 94 94 52 42 46 88 86 51 18 80 62 31 61 78 56 21 55 95 68 32 4 45 88 48 58 81 41 94 41 87 63 11 59 49 56 33 52 10 62 12 
8 52 7 4 21 97 79 2 69 39 36 16 15 66 51 66 88 90 63 31 70 39 96 49 87 74 28 93 73 9 66 4 83 62 10 74 38 40 42 35 62 55 40 35 73 42 74 26 85 52 55 7 80 79 60 7 97 63 48 47 10 27 74 88 23 50 38 10 71 25 54 97 80 31 18 53 40 92 61 22 80 55 68 10 67 15 64 70 67 71 12 58 36 30 86 97 100 
86 85 16 76 63 45 50 97 90 11 34 36 8 7 42 54 13 6 11 15 97 22 23 29 57 73 74 46 5 60 81 92 68 81 9 7 38 87 83 9 84 1 2 69 12 40 91 31 60 99 49 23 77 56 3 43 68 51 18 83 11 63 5 58 91 37 5 56 15 90 27 43 44 99 94 1 75 83 11 67 66 51 63 93 73 10 91 49 16 71 87 71 10 90 80 27 92 
58 2 60 80 74 34 89 65 57 20 38 77 80 10 55 55 77 8 38 27 60 45 92 11 98 13 54 42 53 59 25 86 53 37 100 33 32 7 4 74 96 20 30 20 37 81 45 55 22 21 21 96 25 51 42 91 60 26 46 67 88 24 1 28 21 79 58 20 50 67 16 54 17 52 23 43 72 39 98 79 10 68 76 80 14 55 85 46 77 60 10 57 65 38 1 52 98 
42 44 52 95 49 42 92 1 35 6 69 84 30 14 53 30 20 95 85 65 48 41 16 35 35 74 59 32 6 30 91 6 37 84 72 12 55 11 68 83 69 85 62 28 29 7 87 58 36 69 90 100 41 1 36 2 51 35 9 69 39 48 100 93 55 18 80 74 31 3 40 10 62 33 41 48 8 25 16 9 21 65 80 8 31 87 5 84 92 50 78 88 98 72 91 99 81 
74 89 66 36 32 98 82 74 10 29 57 92 62 17 84 8 96 75 37 90 92 58 42 32 38 80 45 52 50 95 28 94 100 46 15 75 86 97 75 54 32 85 25 2 48 79 40 36 80 36 15 63 32 26 6 11 46 65 2 72 30 36 50 63 27 38 91 94 80 81 70 5 96 95 28 91 77 7 8 39 57 58 75 90 17 77 55 11 9 42 52 96 13 29 87 16 62 
96 43 34 71 25 79 30 25 92 51 6 77 86 95 40 58 47 75 91 89 8 51 3 69 50 80 79 88 53 41 71 28 55 64 12 11 3 86 65 31 41 89 82 82 63 100 13 49 63 30 100 23 65 47 95 34 80 19 94 1 91 29 48 12 64 91 87 94 85 39 7 34 22 74 57 29 60 80 21 15 89 47 54 51 59 63 91 2 18 3 93 58 74 99 19 57 50 
9 16 16 35 12 86 51 53 23 23 26 68 85 67 49 96 33 7 70 55 43 22 34 6 93 30 66 71 2 82 35 53 46 35 67 95 65 11 14 57 62 17 87 100 75 87 43 86 87 76 46 48 10 98 45 76 88 23 95 73 93 85 39 95 1 93 64 68 93 100 52 22 4 57 93 31 79 15 6 40 4 55 61 20 25 54 73 78 66 88 3 98 60 62 69 77 47 
36 28 26 12 16 45 77 8 1 41 67 57 77 24 90 47 1 22 60 96 98 1 47 72 3 96 1 24 16 6 28 26 75 81 11 33 40 44 51 85 65 57 22 21 5 24 46 18 5 74 27 23 31 80 25 50 45 20 51 25 33 37 72 73 62 21 98 47 34 86 56 38 65 71 93 16 14 49 65 40 66 33 82 81 71 58 53 100 87 10 17 82 6 91 17 12 22 
99 81 32 61 46 57 5 44 48 25 12 35 30 95 70 82 32 85 94 41 14 36 23 29 58 7 24 39 85 21 94 43 100 52 96 46 13 29 69 59 16 75 61 77 21 12 7 63 6 46 11 80 54 40 59 18 64 24 40 95 55 30 31 98 24 20 59 13 84 80 26 4 65 31 27 37 37 16 77 34 93 74 60 72 7 6 58 48 26 96 60 42 68 42 100 60 23 
35 47 55 33 44 80 80 17 58 63 57 68 9 44 22 59 86 78 81 57 56 7 9 80 96 36 8 31 34 89 28 49 44 32 54 96 50 24 2 73 82 4 75 28 41 88 86 76 52 31 38 53 93 18 12 100 29 57 3 65 43 13 59 97 89 19 44 13 22 65 95 27 56 4 59 41 9 8 43 43 68 97 12 31 65 74 12 39 63 9 93 89 70 97 41 61 18 
87 13 4 48 22 71 55 93 24 62 47 34 79 57 46 78 89 34 39 88 63 49 77 62 22 55 16 66 5 34 70 83 5 12 33 38 10 43 67 54 38 82 90 79 53 12 31 14 99 37 37 35 34 16 19 94 19 38 59 30 91 77 78 71 95 42 91 66 93 47 10 58 9 32 76 59 47 20 72 95 34 77 62 17 89 84 79 39 39 79 48 22 1 43 97 99 75 
100 37 81 93 80 54 7 12 72 74 89 8 13 7 84 16 87 44 46 56 79 36 29 78 79 27 90 32 44 89 30 79 58 34 48 39 53 52 51 89 65 6 74 78 43 8 78 61 80 73 38 36 38 60 27 93 57 7 20 44 4 43 52 66 50 18 95 89 3 56 98 1 61 66 34 54 51 99 18 95 16 13 66 78 44 77 88 95 5 80 86 60 28 6 90 12 87 
42 66 75 66 24 29 16 16 6 38 61 66 75 72 25 92 34 64 30 81 65 24 93 15 22 1 48 29 60 62 66 89 39 79 10 93 26 31 99 99 92 25 50 73 33 79 78 29 19 9 84 62 99 95 9 16 42 50 60 63 10 47 16 93 82 97 34 8 3 73 45 4 89 29 90 81 67 17 97 46 23 90 42 23 59 35 68 52 59 48 40 24 47 26 10 92 41 
87 38 78 39 29 86 53 21 100 24 1 40 95 31 73 96 50 49 55 35 26 33 61 56 72 89 10 3 41 39 51 49 2 69 84 9 8 26 28 8 16 81 15 52 69 45 26 33 40 6 57 22 84 57 41 77 44 62 26 27 42 47 43 6 55 100 28 59 11 48 2 83 89 29 84 64 49 44 81 25 9 88 25 76 6 47 85 1 74 54 59 80 86 93 27 31 26 
74 74 11 73 3 33 92 27 96 16 39 53 6 28 56 100 79 37 86 98 17 87 39 68 25 94 43 47 68 24 47 90 42 55 14 54 91 58 88 7 38 86 6 44 21 19 63 18 95 16 61 47 34 74 83 21 50 31 92 49 5 49 63 54 6 51 45 4 44 27 78 32 14 21 30 78 9 35 60 85 50 33 59 84 49 19 8 18 32 63 31 81 89 41 38 15 13 
93 78 76 65 48 59 36 31 32 66 43 95 25 7 7 60 17 24 40 47 89 35 7 71 52 17 69 37 77 92 69 57 22 15 47 73 91 58 1 96 86 13 26 91 72 32 48 38 45 83 6 17 72 60 61 73 81 34 77 97 38 66 59 79 86 22 12 23 30 50 19 73 42 85 82 100 11 5 34 84 5 74 51 7 11 8 54 8 30 26 70 28 83 40 53 59 83 
59 32 61 100 7 94 23 93 9 99 7 62 66 6 71 98 34 15 37 14 2 3 79 38 62 97 37 19 28 32 96 15 71 40 42 51 86 53 20 1 3 47 46 34 44 73 89 100 14 65 47 87 78 31 15 17 56 93 44 8 76 23 12 49 77 18 76 100 61 97 31 32 41 66 77 62 33 5 41 100 96 34 83 6 87 22 81 53 97 95 3 63 8 62 32 37 45 
89 32 38 63 71 29 13 23 47 36 50 48 86 65 45 74 59 43 56 1 7 70 86 43 11 8 24 57 35 88 64 95 69 18 99 68 29 15 31 40 43 37 36 66 52 7 78 55 28 54 11 31 19 75 92 95 70 69 78 59 45 50 45 58 16 76 14 92 77 4 56 99 27 82 24 69 85 50 2 16 93 52 76 88 8 34 54 89 53 67 38 36 30 46 84 34 13 
62 91 45 12 30 15 6 81 55 6 96 88 86 8 5 89 74 61 30 45 28 72 88 88 28 4 91 89 28 76 67 68 37 99 34 16 1 55 92 5 14 21 22 62 57 75 81 91 71 71 5 89 39 21 49 29 63 15 27 74 24 68 52 82 67 20 35 68 52 77 66 96 76 9 18 100 17 61 55 10 55 56 62 75 91 60 53 69 32 96 21 57 45 24 13 1 38 
7 12 9 43 22 39 39 11 49 23 98 82 18 32 7 2 90 34 59 23 11 55 57 98 49 70 10 38 76 66 20 76 16 45 62 41 67 14 90 38 77 66 30 88 61 24 81 1 92 85 28 80 59 91 20 69 54 49 49 76 76 11 56 5 91 12 38 33 63 54 3 14 75 85 88 8 46 32 77 76 87 74 17 52 75 32 19 86 72 21 32 11 37 11 66 73 3 
40 42 91 37 99 49 76 78 32 91 66 69 19 58 12 100 10 20 97 16 19 99 66 88 43 50 66 49 40 23 51 33 32 80 2 95 85 93 81 23 86 38 35 69 47 99 51 50 57 23 56 56 65 74 9 4 56 74 75 95 72 20 91 53 73 80 95 17 74 58 60 15 67 96 75 21 94 4 63 13 26 66 73 41 18 33 54 44 39 33 51 68 54 23 54 98 21 
90 46 86 86 45 34 97 82 97 3 89 27 53 9 91 57 60 90 45 4 58 60 89 100 52 21 45 32 95 65 62 94 40 68 2 61 51 37 52 18 24 30 53 67 20 22 40 87 36 3 49 54 95 7 6 44 13 94 71 68 16 24 14 19 63 34 83 99 14 84 30 11 68 97 37 54 18 67 86 43 1 44 50 28 91 35 10 99 84 40 18 32 40 100 41 62 21 
59 95 98 67 18 54 56 81 54 35 74 52 38 29 77 60 56 64 47 30 4 94 54 1 42 15 88 43 79 84 79 69 29 52 17 57 1 70 81 80 54 84 6 96 100 66 88 16 58 55 94 72 75 36 33 53 88 4 42 13 96 10 48 32 13 40 48 62 52 81 50 54 11 95 88 2 20 28 11 97 50 93 80 59 47 11 36 9 94 52 91 27 100 33 61 16 66 
62 14 11 85 6 19 83 76 27 58 37 16 45 46 4 91 30 86 25 75 22 58 64 50 71 96 46 45 89 75 3 100 76 11 21 15 82 87 49 84 30 17 43 81 23 62 26 49 64 49 76 72 46 79 100 83 4 11 11 84 49 7 65 94 8 100 69 19 96 68 74 99 28 55 44 34 86 14 1 75 23 8 29 86 95 1 25 82 64 10 45 38 96 35 23 22 41 
36 54 100 44 68 42 68 52 86 71 46 12 78 80 68 17 84 35 93 20 10 38 32 55 48 19 20 31 31 3 2 90 83 34 47 75 73 14 11 55 81 85 38 97 14 40 75 3 58 61 40 69 69 66 47 94 41 74 65 37 59 33 14 20 38 63 55 88 48 87 76 70 42 88 30 18 46 31 6 32 26 45 40 79 13 41 66 80 82 98 65 91 69 76 17 40 77 
60 82 90 9 54 49 85 64 31 15 32 87 8 35 39 74 20 9 27 13 13 15 76 83 61 37 83 28 23 56 90 74 30 15 48 32 39 53 92 43 37 32 90 82 23 35 24 87 57 19 100 29 55 16 88 63 97 59 40 62 59 9 17 91 56 48 2 39 57 83 95 29 33 50 79 57 11 20 58 76 12 9 20 23 51 41 57 77 59 71 62 68 72 51 96 13 32 
5 98 66 74 100 85 19 73 37 48 91 96 51 66 77 37 48 86 14 77 6 84 91 44 19 39 96 36 72 40 95 75 82 49 6 59 24 17 41 17 78 37 19 73 40 89 10 4 38 23 73 62 45 12 31 88 69 5 59 26 49 1 23 65 14 27 75 36 35 49 37 52 55 52 35 60 67 100 38 19 63 99 50 100 56 11 33 93 44 40 35 90 17 55 71 56 78 
37 6 56 77 99 31 8 84 66 71 70 17 17 60 6 30 39 36 63 58 16 48 65 34 61 56 34 49 55 72 85 23 7 88 8 23 5 64 43 76 84 33 64 26 45 2 92 37 34 18 65 82 56 54 78 16 62 19 44 96 83 37 22 73 13 36 50 62 37 64 9 68 41 15 80 75 11 96 5 65 40 77 35 36 46 78 98 73 78 87 22 25 71 64 72 68 68 
89 85 70 23 48 27 41 48 72 56 84 23 43 35 66 55 97 37 8 32 2 14 66 74 10 50 97 2 31 13 64 35 81 87 57 32 59 69 55 42 95 29 8 6 70 76 76 62 4 90 98 8 21 53 88 62 24 78 8 54 78 2 43 31 67 69 60 13 42 83 91 2 55 27 21 37 76 59 76 74 43 66 39 5 5 57 36 10 26 76 91 13 85 91 4 21 53 
2 57 79 12 58 100 3 67 32 77 56 29 15 81 27 72 68 93 59 25 95 70 84 46 56 28 32 30 87 93 88 36 99 59 60 93 82 42 49 6 27 20 30 62 86 14 48 89 19 97 29 20 26 26 29 67 52 2 35 57 46 97 46 89 49 48 53 79 50 88 22 50 58 8 65 58 13 96 39 90 86 86 31 64 18 14 85 27 12 36 51 65 9 84 100 83 61 
22 7 18 67 2 50 32 65 65 6 76 23 3 7 77 58 74 21 44 73 43 12 50 11 56 55 17 86 53 12 42 16 44 74 9 90 48 42 86 24 43 35 99 43 42 70 65 7 59 86 6 16 59 8 21 60 74 81 40 58 91 32 10 36 16 37 90 45 38 52 23 11 32 75 41 21 34 24 44 81 99 32 51 48 8 51 94 79 63 39 88 55 27 2 94 64 12 
29 60 36 22 52 45 73 56 43 95 38 51 79 41 33 87 83 85 31 12 11 9 5 93 35 22 92 27 55 58 76 20 78 97 43 98 41 45 23 22 27 92 61 5 14 3 32 73 46 79 71 96 39 1 52 43 42 51 6 48 49 8 43 13 17 4 99 88 62 2 100 26 72 81 18 10 28 22 15 84 79 11 32 76 71 34 12 71 32 4 1 52 45 26 4 55 22 
12 59 26 80 85 4 33 74 34 21 48 28 83 59 83 69 48 89 74 43 75 87 99 88 19 96 89 31 64 30 97 3 59 16 2 93 50 54 69 12 42 1 100 100 100 51 55 71 70 26 63 93 65 4 72 28 17 81 87 93 90 8 13 54 51 71 63 84 71 47 97 52 35 50 53 59 96 49 64 91 80 1 41 66 18 53 31 8 24 16 27 13 33 62 17 87 59 
69 37 17 28 10 14 9 40 77 92 34 23 21 92 83 49 26 21 25 82 30 51 66 31 17 50 99 62 27 3 60 63 46 22 43 8 55 47 60 52 89 43 46 56 49 13 5 84 83 96 77 57 62 15 21 50 3 52 61 45 50 28 27 1 6 17 55 82 62 14 55 97 47 42 53 43 4 97 12 69 7 56 42 64 50 46 66 24 36 96 19 28 36 10 66 80 90 
96 52 11 86 70 91 48 79 17 58 38 42 91 52 51 100 66 76 37 21 25 94 1 25 20 80 27 4 1 76 81 67 38 23 99 43 32 42 99 71 6 1 98 25 19 38 22 100 88 23 17 5 68 26 35 68 70 48 34 57 70 66 10 63 2 93 11 83 76 86 30 25 86 87 56 65 94 90 93 22 53 69 78 62 8 78 38 34 79 99 5 27 16 75 74 63 41 
25 52 33 76 11 52 61 49 53 58 77 62 98 98 80 35 65 51 96 8 91 90 97 16 100 46 94 46 73 20 78 14 68 16 25 23 52 76 8 67 15 48 12 76 81 70 41 7 67 82 65 24 66 44 60 99 50 83 95 40 4 67 81 88 3 37 22 9 100 47 13 2 46 79 74 65 70 1 5 38 34 88 1 27 29 14 65 7 80 92 21 37 88 94 66 21 58 
39 84 84 23 29 44 41 43 2 31 76 29 3 83 67 20 97 63 25 96 56 78 62 69 46 39 100 18 11 29 59 97 7 81 29 44 76 10 86 12 25 8 27 88 86 29 65 5 73 64 14 54 98 80 74 96 23 76 86 73 44 45 80 60 66 82 86 75 88 8 75 81 5 15 93 27 99 46 39 25 59 96 90 58 49 43 16 56 98 66 1 18 68 61 8 93 96 
42 5 77 60 67 20 41 60 28 59 63 15 43 74 34 42 71 49 27 71 44 71 13 68 25 27 88 26 13 32 99 2 36 69 21 80 69 37 29 1 84 82 13 35 76 7 48 51 74 47 63 29 51 20 91 93 59 44 61 53 15 54 9 70 68 87 40 61 40 97 22 8 12 34 22 5 75 86 26 3 21 7 53 15 37 5 71 99 52 56 42 74 38 82 82 72 70 
12 5 51 67 73 78 55 96 54 81 65 71 33 86 47 42 20 36 76 25 71 90 29 77 76 88 46 77 92 82 4 42 51 78 14 78 23 87 96 19 70 35 9 50 55 50 32 1 91 10 81 89 29 61 83 64 12 48 32 21 7 80 2 24 30 11 89 26 78 8 5 85 34 93 99 47 43 9 49 9 12 28 35 54 82 87 44 67 3 34 51 43 33 100 18 18 5 
32 52 14 31 83 88 83 3 70 44 74 44 90 24 19 76 33 13 1 73 46 69 57 19 42 88 35 37 50 89 96 56 37 69 37 8 86 6 92 91 37 77 14 45 44 91 90 56 48 61 35 96 21 17 65 51 27 63 26 55 23 47 52 53 53 73 32 34 19 61 65 10 71 74 3 98 17 43 59 3 75 29 31 52 12 15 77 84 2 49 29 39 5 69 3 34 2 
54 100 30 90 8 88 4 40 20 68 97 93 4 53 20 84 94 32 13 31 97 97 34 68 70 21 41 4 84 73 83 86 57 15 18 25 14 73 55 51 55 39 22 18 70 95 79 90 33 13 62 84 88 97 65 99 84 94 32 8 96 24 59 72 55 3 76 90 21 30 79 3 38 82 75 18 63 48 72 19 7 41 39 84 26 97 10 69 19 99 30 48 28 45 7 19 94 
56 42 100 24 45 36 10 98 99 42 63 44 87 98 7 98 88 67 16 56 99 79 14 87 64 52 97 48 36 71 80 41 96 60 66 57 81 31 53 69 27 92 42 4 47 100 32 47 39 34 91 36 55 91 14 9 93 92 56 32 31 19 50 57 27 61 96 96 60 67 28 46 81 21 93 64 22 81 94 32 69 85 23 73 68 47 99 66 74 49 58 65 72 48 69 95 41 
2 42 55 39 52 35 50 64 19 13 26 6 36 78 17 74 47 11 66 4 10 4 25 62 51 17 49 9 45 19 46 46 67 66 81 36 92 29 78 7 81 73 14 90 85 23 28 27 80 13 55 88 20 30 99 75 63 29 84 41 92 86 1 97 8 48 35 36 82 7 65 52 28 73 20 100 48 29 80 70 48 35 95 37 55 70 88 90 96 21 57 46 32 49 22 71 35 
58 32 84 79 89 33 85 40 66 48 94 74 55 40 78 69 82 42 35 97 18 50 100 16 20 62 89 25 69 80 90 9 4 72 77 39 42 29 14 14 69 13 37 13 100 55 12 25 63 49 39 5 65 100 55 70 42 70 38 15 20 23 7 98 85 43 81 70 72 25 37 70 30 57 27 44 54 5 48 81 65 35 91 47 41 40 9 13 38 33 67 54 84 14 26 14 19 
98 72 18 31 87 39 38 27 2 90 13 3 68 14 97 55 99 100 63 71 88 92 78 95 42 71 88 32 18 28 70 21 96 31 5 53 9 4 84 64 96 73 62 29 7 19 41 51 40 64 40 66 53 9 96 100 15 30 27 36 52 59 41 42 19 1 83 39 75 77 28 3 95 94 93 36 29 40 19 16 68 38 31 69 11 30 95 21 10 11 92 93 14 12 83 59 52 
16 19 52 83 8 72 89 58 86 75 10 62 15 56 20 63 65 80 9 20 35 32 65 30 20 89 6 27 37 39 84 32 28 25 79 86 49 39 50 4 82 42 34 74 12 28 62 99 60 37 79 57 51 14 29 4 30 57 73 43 34 7 70 51 64 8 44 32 30 41 68 61 15 50 88 17 62 31 98 56 15 94 78 69 60 5 50 49 24 44 87 87 26 8 63 49 14 
