31
100 79 12 41 24 36 41 41 59 21 51 63 35 97 19 42 19 5 17 55 88 19 42 39 32 70 64 16 14 67 71 
51 9 52 95 9 86 83 42 90 35 60 85 23 40 81 40 21 41 27 7 100 50 69 26 15 45 62 33 21 64 70 
59 8 95 62 23 45 52 11 92 17 96 32 10 97 49 43 23 58 65 22 39 53 5 64 7 74 34 22 9 45 72 
26 85 66 17 90 68 36 69 6 57 76 69 42 39 27 58 53 80 75 90 16 56 9 14 10 89 71 56 71 77 28 
88 96 44 91 70 73 81 93 9 19 83 91 16 3 65 75 63 44 36 12 88 90 11 19 23 17 4 57 79 76 37 
10 90 67 61 44 60 52 5 3 46 64 95 74 74 39 69 97 24 30 81 53 45 99 50 2 82 11 36 70 39 50 
90 99 1 79 42 23 57 27 95 19 84 52 71 57 66 66 57 26 83 95 92 54 77 77 36 20 63 97 44 84 80 
95 49 82 91 87 52 99 74 15 18 78 3 50 42 1 22 36 64 4 97 38 54 91 27 96 78 100 74 79 28 45 
46 13 33 99 69 17 73 64 6 29 68 27 80 96 30 81 29 86 21 9 14 65 9 71 2 35 98 79 9 1 27 
63 66 26 55 21 9 41 74 63 79 66 45 70 54 59 96 77 66 37 98 95 20 32 7 36 7 15 14 89 2 76 
47 96 90 94 56 10 56 61 38 23 37 87 2 76 65 61 36 93 73 99 100 42 59 34 72 72 87 59 90 11 26 
15 24 32 57 17 65 48 88 79 47 59 97 48 89 72 52 41 17 12 65 59 83 93 37 50 83 15 31 60 26 74 
15 93 15 35 84 38 98 28 69 79 84 64 74 75 56 47 44 45 48 90 87 30 96 99 14 59 92 97 29 89 85 
19 20 16 65 53 73 89 55 17 24 32 40 27 7 28 50 5 93 16 79 76 27 15 64 68 64 85 32 58 1 74 
49 33 36 10 94 35 58 44 98 47 24 96 53 85 59 3 6 73 81 92 5 72 38 33 33 24 1 84 88 57 76 
19 27 59 92 8 86 67 28 64 20 63 8 10 88 84 45 54 91 13 89 55 15 88 70 17 94 81 97 93 22 64 
84 78 78 97 20 64 51 22 29 29 26 28 97 34 79 25 11 15 35 22 40 99 9 99 37 16 10 70 81 6 21 
77 59 76 75 38 79 84 6 92 26 95 10 43 90 50 100 29 20 30 79 10 94 81 95 50 98 33 72 34 22 37 
95 24 85 4 11 70 2 14 60 9 39 79 94 38 76 2 79 28 22 28 21 53 44 61 14 32 77 20 56 49 43 
61 54 51 71 1 32 84 12 31 27 14 8 86 98 85 71 79 11 71 53 5 81 98 32 24 39 26 73 69 29 92 
10 94 96 80 3 44 52 46 49 68 78 10 6 42 36 46 43 14 41 71 48 29 68 40 57 55 28 18 76 6 23 
25 47 3 9 10 28 51 36 68 90 37 2 36 67 14 76 79 84 32 45 29 39 99 12 16 64 27 30 96 20 19 
18 100 63 14 73 3 90 1 24 46 6 7 87 16 64 48 36 16 82 65 95 25 93 88 30 20 15 75 72 23 81 
88 85 22 9 60 2 61 21 96 58 48 30 46 25 55 74 95 23 94 54 99 51 29 40 48 44 61 71 99 29 26 
55 18 99 32 55 97 60 72 95 38 74 65 17 1 69 18 48 26 63 91 67 48 7 9 11 95 76 8 62 60 37 
26 66 48 12 70 47 69 47 28 60 85 57 91 63 100 20 12 42 33 75 38 5 91 83 69 29 66 84 66 97 92 
62 7 26 42 27 86 3 88 4 32 8 80 65 100 9 87 65 38 33 90 4 3 41 77 17 83 52 5 3 20 47 
9 92 52 17 77 86 72 69 65 69 100 57 89 49 100 20 70 33 72 80 51 89 49 55 1 14 92 90 64 95 71 
82 17 4 81 67 98 47 3 33 60 51 32 18 53 13 99 98 96 58 26 72 96 55 64 26 70 80 94 93 12 90 
56 37 86 80 49 35 41 100 33 6 40 52 47 58 66 16 5 53 51 92 2 59 11 78 39 19 33 42 94 86 4 
31 33 45 36 2 94 20 56 70 47 82 98 66 100 24 32 53 11 74 98 61 5 94 55 68 29 37 54 14 28 59 
