91
80 97 9 42 78 77 61 8 40 10 42 1 45 56 11 90 73 38 42 22 29 28 48 44 43 85 51 24 24 3 67 5 36 61 56 67 5 30 61 38 81 63 18 91 52 1 61 40 45 85 44 65 37 100 58 10 40 53 50 96 12 65 13 100 8 59 39 41 97 53 6 52 43 8 17 41 6 35 1 32 65 90 46 98 59 100 66 97 2 64 13 
92 55 42 74 92 5 65 76 13 18 15 8 9 47 58 15 92 52 28 3 64 88 76 84 3 83 70 7 17 34 24 93 76 18 24 35 47 5 35 27 36 68 41 68 53 97 60 35 93 44 15 31 52 86 23 42 84 57 47 67 82 79 51 93 76 19 81 20 22 19 99 14 90 82 28 45 85 98 50 93 40 66 30 61 75 58 29 21 97 29 94 
79 92 18 99 93 7 9 35 73 31 98 3 16 90 84 28 100 2 19 100 47 77 32 70 6 21 46 38 96 16 56 65 82 24 11 85 88 21 36 13 15 59 25 58 33 20 35 69 61 14 73 94 73 32 8 38 42 7 86 53 91 79 4 1 69 38 6 31 99 24 25 7 85 95 38 1 89 10 32 56 32 5 78 90 49 48 58 16 46 45 18 
98 70 89 87 95 42 84 14 13 94 21 75 63 38 4 40 99 2 57 47 97 20 66 17 58 78 25 28 53 28 7 52 2 75 76 60 56 59 78 19 95 74 72 25 82 13 86 64 19 38 35 27 51 16 42 41 80 69 63 7 99 94 2 68 96 100 24 40 13 78 77 17 77 73 3 89 42 29 56 95 40 21 79 8 9 5 3 53 82 76 77 
50 69 25 31 61 33 66 48 40 17 92 50 100 36 11 61 35 36 88 56 37 73 72 95 32 81 22 60 65 100 53 2 46 78 81 64 34 97 69 10 84 17 79 68 58 83 3 99 50 85 95 62 31 73 38 32 58 84 97 89 41 22 76 89 87 98 84 67 97 52 83 21 68 66 13 52 91 49 32 96 60 64 40 16 17 4 44 51 58 37 8 
97 4 52 26 11 2 28 64 27 11 50 40 40 34 8 47 28 73 35 66 5 87 15 99 47 7 68 93 59 16 18 8 23 98 90 24 1 15 53 37 50 97 43 65 66 22 84 83 52 14 67 81 81 26 22 40 74 43 42 29 29 95 39 36 15 24 7 53 36 85 11 87 32 3 22 10 32 78 13 54 80 86 16 16 93 71 20 81 24 22 6 
64 25 12 73 29 60 75 83 21 90 48 45 52 9 3 41 91 53 4 42 85 27 49 8 48 78 85 88 77 56 89 7 70 33 53 67 57 45 27 46 32 79 73 3 74 2 21 59 3 86 30 26 50 72 44 92 4 76 35 94 64 97 78 49 92 23 60 68 48 11 12 34 73 62 94 95 28 15 9 71 43 17 80 16 5 35 33 38 16 54 67 
70 52 39 92 49 20 82 23 96 87 96 64 87 79 45 80 96 71 5 68 2 4 76 28 62 45 38 79 65 54 38 24 62 81 92 51 92 30 23 10 55 88 52 25 59 68 96 81 94 100 16 34 73 68 16 28 33 69 85 19 25 94 79 33 7 94 95 62 25 77 88 33 82 7 29 92 52 66 1 43 23 48 61 51 55 34 15 2 23 13 7 
5 17 8 86 36 25 39 67 85 81 14 3 86 68 46 74 17 36 96 14 69 91 85 55 66 60 10 63 24 39 4 19 27 49 34 59 35 53 15 80 18 87 61 77 59 72 81 44 52 69 66 82 69 45 26 21 82 25 13 8 97 43 53 8 93 83 39 75 96 97 47 14 70 92 95 70 89 58 92 96 29 92 95 69 89 44 96 97 88 50 2 
66 21 39 8 94 7 45 56 97 4 8 61 74 88 40 95 85 8 61 77 81 5 3 88 57 20 60 69 4 28 88 52 72 84 5 71 83 38 66 20 9 46 46 95 94 51 14 95 9 5 60 16 55 40 16 68 12 55 72 57 67 85 46 52 16 95 83 35 4 73 80 23 44 83 86 3 94 76 28 66 60 5 46 74 48 91 15 73 9 80 51 
37 51 1 92 88 88 6 40 8 17 47 66 18 98 35 85 57 53 86 29 43 61 59 75 42 27 13 96 14 67 41 95 22 53 65 75 64 43 74 12 72 16 3 95 69 60 80 77 87 47 71 51 23 29 51 13 65 63 26 87 10 15 41 90 84 19 7 16 45 42 91 17 98 69 75 19 6 45 47 71 55 32 35 29 40 1 54 23 61 89 37 
33 56 26 50 60 70 25 23 21 43 67 49 95 69 85 37 15 32 98 61 20 83 53 59 86 32 14 95 22 9 96 49 64 58 39 91 97 15 88 87 41 86 48 66 75 56 21 32 63 46 57 60 40 69 95 47 70 39 10 68 84 32 58 88 49 1 92 32 68 57 45 47 37 52 17 26 23 48 49 62 56 41 80 36 29 47 49 12 58 9 89 
47 48 12 99 26 40 41 82 27 1 71 36 83 77 43 44 40 30 68 33 17 13 90 11 55 56 36 21 5 95 94 85 8 50 91 92 70 62 89 43 42 12 19 87 79 26 25 79 15 42 26 53 73 60 48 46 59 59 18 22 61 52 55 58 36 91 86 49 95 47 51 16 19 63 1 98 94 13 88 95 28 94 62 36 47 11 69 94 7 10 43 
64 46 20 41 94 17 16 15 70 16 96 89 80 66 43 75 69 19 51 58 89 42 4 48 55 73 85 10 8 31 32 54 98 8 32 46 88 92 39 18 89 42 39 91 63 93 51 30 1 23 17 80 58 49 20 75 98 29 32 17 29 85 76 77 52 15 76 36 12 95 91 43 5 37 47 77 8 95 68 94 32 74 81 98 87 7 83 21 43 79 6 
15 21 76 46 76 72 18 15 19 24 7 34 39 83 66 46 28 88 67 28 85 71 5 77 59 48 60 48 17 30 43 5 17 14 56 90 9 97 41 82 46 9 81 91 47 92 40 24 34 41 26 47 58 75 55 87 2 29 49 96 16 47 61 62 25 41 79 23 48 8 59 99 5 7 99 45 40 76 92 44 88 93 49 73 13 88 58 48 72 54 33 
44 14 25 32 54 66 23 36 59 51 18 8 55 49 44 20 92 63 82 66 59 52 5 5 6 88 91 33 99 83 76 89 46 99 58 26 35 53 20 49 41 15 85 54 86 28 83 99 36 77 22 2 69 54 54 17 18 89 69 77 70 16 46 87 74 73 76 94 44 70 71 17 25 56 17 6 70 69 9 65 62 81 51 72 23 91 92 78 93 9 61 
9 85 14 26 75 83 28 38 100 8 6 89 16 7 70 30 42 20 51 52 40 48 71 24 89 56 99 33 87 84 82 78 70 41 77 95 14 3 10 91 55 15 60 59 30 88 87 46 85 30 14 88 53 75 58 43 68 30 4 79 74 96 33 46 89 31 42 96 65 99 94 26 18 41 27 25 67 57 60 25 48 62 17 40 81 87 4 36 72 22 15 
64 52 8 89 48 36 26 58 92 92 97 81 63 76 14 3 50 79 45 15 66 43 97 73 76 18 73 97 10 33 39 62 34 45 39 71 90 1 42 33 57 54 32 75 51 38 5 24 62 99 74 88 12 17 4 40 83 94 8 57 93 83 23 40 31 91 97 86 100 87 96 74 85 26 37 30 6 16 16 85 92 72 97 89 61 35 82 76 9 24 95 
63 53 56 52 37 16 25 55 81 56 74 29 50 79 50 18 33 76 59 4 10 47 48 100 15 7 16 31 42 13 87 91 76 56 82 46 20 67 66 84 35 67 41 46 50 23 41 61 22 32 31 93 48 61 10 72 81 96 36 3 65 17 85 26 15 7 79 79 29 97 96 38 24 61 62 29 56 28 83 27 66 36 10 43 61 32 5 93 40 77 12 
87 63 1 31 59 39 75 92 44 49 66 6 87 99 8 90 81 25 41 11 58 76 18 31 31 1 50 55 72 67 50 29 42 4 36 62 12 95 40 51 83 28 83 82 77 70 5 55 50 21 45 3 88 56 100 22 40 100 40 79 70 34 7 15 33 44 20 95 78 64 12 22 88 55 77 71 27 50 14 42 93 87 84 61 64 56 21 46 36 66 48 
94 78 21 66 53 100 13 55 86 79 3 72 27 55 99 61 87 22 100 67 70 13 30 47 66 50 29 48 42 24 94 88 63 33 17 55 70 21 83 83 7 58 73 96 45 55 31 71 27 77 58 11 48 74 22 96 77 45 54 3 75 91 39 40 92 56 8 12 2 30 30 64 46 45 20 58 83 68 85 96 44 88 14 27 25 60 74 93 67 26 93 
29 89 50 50 38 92 59 25 44 96 9 3 1 93 7 96 80 67 67 44 28 95 45 31 86 68 31 78 37 14 75 63 22 75 51 91 78 84 50 3 15 44 36 53 29 72 2 95 15 94 2 69 48 97 89 85 96 81 5 26 65 11 95 60 47 52 17 86 31 79 87 79 35 68 43 30 76 97 57 5 40 63 32 80 37 65 24 28 94 57 33 
27 99 96 63 84 75 95 99 33 67 28 41 34 50 50 8 52 43 32 75 54 17 45 56 6 3 62 71 58 61 28 93 85 56 65 17 86 14 80 20 43 48 66 56 82 59 23 20 30 49 49 12 94 98 5 28 92 23 36 100 50 18 94 33 30 43 88 95 59 81 94 17 28 77 49 6 75 100 81 77 84 52 24 92 49 91 28 48 64 95 54 
23 55 9 94 3 97 57 54 22 92 56 46 12 82 56 51 84 83 71 13 10 99 47 100 48 83 31 28 87 75 76 6 80 31 30 58 12 27 4 48 99 1 77 71 23 11 23 98 93 24 95 59 64 57 13 48 10 49 57 51 75 36 85 55 50 34 38 29 92 39 1 84 4 2 56 91 36 48 13 82 4 36 41 100 92 98 65 26 11 6 84 
88 11 40 51 38 93 90 22 76 8 80 53 8 5 3 87 55 89 65 59 88 58 100 74 41 66 47 12 49 65 27 13 42 33 65 57 54 10 57 8 31 33 61 100 52 84 89 75 23 75 28 43 30 26 13 17 95 15 17 51 38 11 78 70 5 28 9 74 29 39 98 16 3 48 28 87 26 99 89 6 63 25 76 73 16 37 99 71 87 22 58 
48 3 85 97 21 82 5 8 72 29 75 41 60 20 61 84 96 42 27 41 54 9 52 100 8 66 39 17 11 76 88 44 99 95 49 36 20 76 17 69 51 92 65 19 51 60 4 39 78 51 1 72 8 81 78 95 31 47 73 69 2 60 66 51 48 100 39 54 96 81 90 25 40 51 36 21 17 36 75 6 8 28 56 43 92 59 61 23 30 78 97 
38 14 73 33 67 21 65 100 39 99 66 46 33 61 44 61 69 45 36 12 98 24 61 13 13 86 9 50 15 58 34 8 7 92 92 98 21 31 51 42 58 33 17 81 16 62 37 5 83 52 36 31 82 10 80 10 30 32 85 59 62 54 56 50 49 64 97 6 49 25 60 69 28 25 63 100 80 90 89 84 47 75 23 90 90 53 80 9 84 66 79 
45 27 13 61 32 2 67 41 96 18 30 14 45 35 23 50 9 52 91 85 66 60 37 59 7 95 3 96 71 61 5 27 3 49 83 67 55 23 3 48 87 41 93 97 23 99 51 65 95 26 3 15 35 95 46 87 71 55 10 5 74 58 90 56 63 62 8 58 59 85 59 48 50 11 94 61 48 27 94 4 62 42 10 64 14 7 37 46 30 86 44 
45 71 95 56 2 88 14 18 90 89 82 30 92 92 2 44 55 47 6 68 46 26 52 22 61 11 45 41 35 24 3 26 7 46 94 14 100 83 53 52 27 2 87 97 83 85 20 74 71 13 73 29 64 81 24 10 41 89 59 41 71 77 7 21 70 98 100 100 61 71 21 81 36 69 70 39 7 83 56 3 8 26 25 1 25 45 29 37 65 24 5 
45 58 10 66 35 72 71 8 77 99 1 84 98 95 89 65 43 88 52 70 67 31 98 26 76 88 29 19 6 18 87 68 36 43 30 7 60 1 28 60 26 93 46 27 6 9 58 11 98 94 60 76 86 89 49 51 39 21 79 25 61 1 82 58 83 42 2 64 40 79 19 90 78 32 67 52 31 71 81 1 18 53 80 86 90 39 51 65 5 29 34 
94 38 21 14 22 86 39 62 39 47 47 47 30 87 96 95 28 25 27 53 38 48 97 29 80 32 10 32 44 38 31 97 30 38 71 19 71 22 72 22 62 96 57 57 91 49 38 36 22 32 48 13 56 20 27 15 76 69 50 88 64 38 88 51 94 76 21 10 96 23 20 92 99 22 71 98 99 2 9 16 63 71 23 54 67 96 79 100 20 49 91 
4 92 40 74 49 56 69 56 15 51 4 40 33 36 44 55 11 41 77 8 62 28 61 72 95 44 38 84 46 48 40 2 19 29 47 2 5 22 62 91 67 18 69 13 27 5 34 61 76 60 23 3 51 85 38 53 3 86 69 39 12 61 20 96 68 29 9 17 41 57 8 16 40 28 2 87 66 99 3 35 92 75 28 5 30 2 14 45 22 74 64 
72 15 29 65 1 6 56 27 67 83 81 50 86 34 39 94 93 79 27 39 40 8 81 96 3 40 39 56 30 100 77 61 3 86 79 23 66 14 24 61 66 23 89 76 72 98 68 50 70 57 53 31 75 33 16 33 27 93 94 8 28 72 14 81 39 77 29 45 86 53 39 38 47 11 78 37 88 66 82 88 30 17 14 90 41 60 5 31 72 98 73 
65 100 16 81 70 86 61 24 59 15 20 68 11 71 15 58 36 92 80 63 33 28 87 28 39 88 27 46 1 45 21 76 5 48 70 88 27 45 30 73 87 7 46 84 38 32 77 12 82 100 39 97 49 42 56 25 19 75 39 91 100 71 58 30 21 9 72 28 91 89 38 46 96 92 43 77 33 19 96 69 63 44 16 65 46 65 59 52 95 86 16 
25 3 17 17 7 45 33 94 40 71 20 19 48 72 13 76 1 9 95 96 39 51 65 11 51 46 95 45 90 57 71 90 92 16 48 39 56 39 8 23 52 38 67 11 88 74 46 82 91 14 41 68 99 17 42 40 23 4 15 20 91 25 71 10 59 7 35 79 59 72 54 24 10 32 72 32 14 53 24 50 87 58 79 26 79 21 30 21 42 47 98 
14 56 58 51 8 95 16 20 100 95 100 98 60 80 83 73 22 95 71 88 45 80 79 5 84 67 57 96 45 88 15 58 69 30 12 47 78 23 51 29 45 65 74 14 35 86 32 73 29 96 29 61 79 71 30 33 79 66 100 67 56 14 24 84 23 66 46 8 29 83 89 61 7 88 27 38 27 93 11 11 53 43 17 41 3 76 79 39 66 17 7 
52 70 38 37 51 70 80 55 98 5 7 57 32 10 31 61 82 13 37 87 61 97 97 1 86 90 74 52 25 77 27 61 84 100 75 83 7 90 75 95 50 73 56 85 96 75 62 8 15 37 58 87 74 95 21 30 100 10 59 37 25 72 14 38 77 42 22 51 63 18 15 67 59 64 23 57 41 55 47 100 12 41 31 42 47 85 32 10 54 7 64 
30 96 60 32 72 79 67 8 28 24 64 88 68 1 3 79 79 24 1 69 39 35 49 24 68 82 63 91 60 74 30 37 58 34 10 28 91 86 69 8 53 83 66 85 55 40 82 41 27 23 30 25 40 3 10 10 89 56 80 47 40 56 72 22 62 81 83 61 67 82 8 74 18 10 51 42 89 78 45 20 44 57 24 36 40 80 44 7 69 9 20 
6 32 71 43 61 58 99 93 44 58 71 70 91 48 65 50 80 18 26 54 58 85 83 1 2 97 21 97 60 45 85 60 66 31 60 56 85 81 96 49 40 71 75 4 48 48 26 6 62 63 64 99 37 68 78 20 52 25 89 52 4 44 72 21 25 13 40 2 2 80 67 64 43 97 15 97 77 85 58 6 2 43 57 24 90 14 11 32 9 92 18 
89 47 56 60 41 82 88 50 88 40 38 13 30 84 93 95 98 70 92 62 14 19 26 90 32 56 42 17 13 3 7 93 77 14 4 5 8 55 47 24 38 8 50 67 44 98 40 60 91 56 91 15 89 4 60 44 51 1 12 22 8 74 88 44 47 57 42 2 43 83 42 54 92 69 77 7 4 63 55 66 71 53 100 44 45 67 13 52 3 75 84 
20 12 79 43 69 15 58 20 96 11 21 92 43 65 83 48 1 28 10 33 27 13 100 23 54 97 50 49 65 87 13 58 11 89 83 96 3 12 60 84 45 22 64 83 38 24 39 27 41 56 11 52 48 80 11 1 73 77 33 38 57 97 60 58 41 86 22 63 96 52 43 15 23 41 37 45 56 5 79 54 72 69 49 26 89 59 40 58 35 89 54 
8 44 23 77 2 36 36 57 30 27 41 62 6 52 54 63 16 6 13 86 41 91 58 72 45 76 60 64 87 50 65 66 37 30 55 23 93 41 78 42 12 79 56 95 40 25 92 94 95 58 17 75 51 69 57 78 32 14 85 56 51 56 42 61 3 35 80 96 18 63 72 27 39 99 2 84 41 68 5 73 11 55 16 58 44 12 66 10 76 1 41 
94 16 90 93 10 94 84 64 21 21 93 7 35 76 80 98 100 18 33 21 12 24 60 21 75 33 93 73 93 81 98 29 52 74 36 32 89 35 10 98 27 16 92 6 21 90 39 82 50 21 19 12 63 97 40 94 36 41 54 21 18 19 77 68 50 42 37 69 15 23 66 97 30 55 53 18 86 29 28 66 80 96 48 24 96 24 94 8 48 79 71 
24 29 30 60 28 28 36 66 100 79 47 48 86 50 63 96 86 8 6 67 12 69 82 99 49 56 25 96 35 80 70 83 30 74 40 45 2 11 88 45 33 62 38 99 66 46 11 8 84 23 13 76 84 49 58 23 19 94 92 78 86 57 67 74 7 52 12 26 70 79 29 72 31 75 42 70 23 81 99 39 35 25 73 60 83 13 16 85 95 78 66 
55 95 73 93 58 99 100 12 42 55 41 88 7 2 24 4 96 90 94 61 36 78 5 11 47 30 70 16 45 83 27 19 69 62 11 92 84 78 99 60 9 54 77 37 12 64 30 12 11 100 88 93 70 76 82 91 67 42 21 52 99 55 60 65 4 29 23 29 24 33 54 55 90 29 43 27 99 74 9 30 24 67 52 21 85 55 45 21 70 99 17 
67 2 51 5 50 80 53 15 97 43 30 14 58 98 23 50 84 86 35 69 23 98 75 94 54 31 97 77 54 25 8 9 27 25 14 68 64 7 46 28 5 14 66 87 8 86 62 19 40 55 7 77 25 55 37 77 41 53 72 88 43 12 86 90 84 48 69 44 21 50 4 88 32 25 21 48 18 6 33 34 49 78 62 87 64 14 74 63 4 71 60 
2 70 56 87 79 88 44 57 64 28 92 28 33 45 53 62 7 39 26 84 57 65 96 40 19 88 36 7 1 71 90 66 95 77 50 70 65 83 14 7 65 58 95 67 99 22 48 65 25 96 64 21 80 30 19 63 67 85 7 62 79 92 10 67 75 42 36 98 5 19 45 90 23 74 25 20 27 22 78 60 77 72 74 75 85 63 80 94 99 2 28 
85 15 7 27 14 58 14 22 68 57 32 81 77 22 100 9 69 29 95 55 6 57 86 10 83 7 30 27 61 11 88 73 79 24 100 28 30 41 20 2 34 52 81 40 29 88 59 96 60 4 96 78 93 11 61 18 54 49 11 75 60 82 17 54 9 53 76 70 23 32 61 36 72 68 28 20 77 14 58 96 30 78 18 62 5 48 90 37 91 4 49 
65 4 11 54 19 25 74 93 60 88 28 70 19 23 32 10 89 32 54 44 49 36 95 74 23 48 61 87 35 91 92 74 72 96 92 57 63 92 20 64 84 22 71 62 26 89 30 38 95 54 15 56 90 75 10 46 66 36 83 83 69 44 28 76 31 12 73 37 2 39 28 44 5 46 68 5 68 99 13 67 84 93 82 57 20 69 71 27 10 36 39 
65 32 56 14 62 7 83 93 64 54 1 9 88 58 45 32 13 49 39 53 40 31 92 48 75 7 77 35 19 59 77 3 91 71 10 93 67 70 32 41 88 22 26 83 25 19 75 79 64 97 80 72 41 20 98 72 86 33 88 52 87 97 3 5 88 76 22 90 1 38 91 22 66 36 32 41 97 53 57 92 63 38 56 91 3 44 94 70 12 30 1 
66 42 76 2 78 65 20 83 11 5 77 81 47 36 15 73 19 28 25 74 19 16 1 77 85 27 80 43 55 78 89 69 67 78 82 81 38 34 19 2 14 86 81 34 99 56 15 79 80 5 46 44 63 6 36 70 27 93 65 90 8 35 82 61 55 62 91 85 62 8 84 69 3 90 3 3 68 8 21 34 23 14 62 41 81 13 30 56 7 35 95 
32 39 12 94 88 29 4 100 24 39 92 66 2 11 19 97 24 61 34 61 69 59 85 80 3 70 37 67 56 64 32 15 10 43 77 48 80 31 15 88 60 69 65 54 16 9 23 40 81 79 39 32 28 90 95 88 14 28 6 17 29 27 37 81 35 44 69 82 45 56 72 26 40 84 24 95 99 34 34 51 47 78 32 19 82 24 21 3 98 51 8 
77 70 35 26 96 44 33 26 16 93 82 32 11 56 38 52 78 13 26 61 53 23 60 13 33 49 10 86 1 71 39 73 12 25 24 61 100 98 21 53 4 69 22 42 79 81 12 4 90 53 86 53 63 13 35 100 22 40 20 56 57 43 8 92 59 87 100 21 83 1 78 40 77 20 14 78 14 18 19 99 72 9 4 48 60 6 23 97 84 48 71 
82 4 82 58 48 72 89 82 99 99 86 86 71 69 2 86 45 49 71 7 25 43 24 17 43 4 56 39 49 71 97 12 46 3 48 40 43 83 71 78 41 10 50 9 56 81 88 48 21 55 72 93 84 89 17 34 67 2 15 33 33 86 42 100 70 57 29 20 51 69 12 61 20 20 23 1 69 85 69 29 39 45 46 57 66 78 13 85 60 51 84 
35 36 76 88 48 23 73 82 26 29 86 97 20 60 94 76 39 47 56 8 52 59 28 74 97 99 55 61 12 12 11 71 29 30 53 32 72 47 76 66 27 6 50 85 49 85 12 24 1 55 94 85 31 64 86 90 3 12 28 67 60 99 11 31 5 25 94 18 72 27 68 98 65 16 55 58 69 96 94 90 99 77 11 45 97 36 84 90 79 25 31 
76 29 13 92 34 57 67 71 89 33 98 8 48 95 60 12 71 22 50 62 89 4 59 21 92 94 38 46 38 82 53 91 51 48 45 77 88 2 42 68 4 73 64 73 31 64 75 77 74 59 9 12 24 12 94 38 37 67 40 72 38 97 26 17 60 71 81 62 19 70 96 39 18 9 14 31 34 2 49 42 11 27 62 39 60 17 68 27 55 4 50 
90 4 44 100 95 39 26 35 10 51 98 26 71 11 74 57 14 59 63 55 8 92 49 39 83 68 98 21 71 90 77 13 81 1 15 16 33 55 30 54 51 84 5 17 81 44 3 39 23 83 7 37 19 88 6 88 89 57 4 24 66 12 96 3 16 29 62 85 61 74 43 21 14 58 43 20 67 8 35 51 47 54 2 8 87 92 98 76 35 48 60 
92 12 63 21 43 1 38 54 2 51 41 8 88 68 43 22 29 85 24 63 35 74 22 70 3 51 74 49 42 35 40 64 38 82 89 17 52 80 28 37 58 5 43 84 8 90 23 82 1 35 51 42 89 55 76 2 42 89 6 78 37 64 98 77 77 11 6 100 95 9 21 99 28 23 14 66 33 61 33 31 47 82 60 21 50 31 84 33 2 83 69 
58 13 66 56 98 78 75 92 17 6 22 8 91 63 72 56 53 96 39 26 64 24 47 17 39 8 74 52 13 91 24 49 34 1 35 88 73 6 73 16 68 86 13 57 1 36 15 60 90 78 60 8 24 55 12 99 87 43 48 93 68 83 85 69 26 63 69 92 18 22 20 87 79 41 98 91 29 49 30 81 83 85 47 47 44 57 47 61 37 8 79 
98 19 65 24 85 31 9 71 10 68 78 82 68 89 23 32 31 6 18 56 69 55 18 26 3 32 9 12 9 85 5 31 38 71 32 60 19 78 91 55 35 70 60 19 74 62 53 39 13 96 36 25 73 46 32 3 4 52 43 70 1 90 12 27 45 2 66 56 26 5 79 24 43 25 22 71 47 81 68 16 71 12 21 45 88 41 53 82 49 28 36 
60 77 96 98 69 32 93 52 92 90 41 92 60 56 96 61 96 7 86 64 26 47 79 48 26 8 7 16 38 21 55 19 69 6 52 61 10 52 74 77 86 64 5 79 60 47 4 40 47 9 41 85 92 11 1 5 40 31 61 61 36 11 3 60 49 64 93 51 42 67 30 47 44 79 29 73 53 68 89 18 44 80 55 90 53 39 57 92 65 11 6 
97 50 21 19 41 100 26 89 34 52 91 98 4 97 12 8 99 16 38 26 27 13 38 63 18 57 63 3 32 45 68 50 50 67 91 19 3 12 53 42 75 70 4 26 58 36 70 37 66 66 79 58 42 59 43 20 14 55 13 63 61 91 6 61 43 36 75 57 77 70 43 88 77 68 89 68 51 98 91 36 15 90 55 36 99 22 8 45 69 92 36 
7 7 14 33 100 40 6 82 52 10 57 90 55 31 30 42 75 38 84 47 1 3 87 9 73 30 14 25 58 63 18 17 27 24 52 37 28 87 84 71 59 60 92 100 71 36 91 83 63 90 92 53 80 51 21 39 44 33 4 67 68 78 9 37 50 96 7 34 11 70 22 33 91 30 58 47 35 6 96 49 13 91 68 89 35 80 51 87 20 49 85 
28 70 98 59 75 61 93 39 63 9 86 48 49 20 5 51 91 100 46 75 62 19 2 40 85 85 43 72 56 96 77 79 35 66 61 84 23 14 96 70 22 75 43 1 29 3 74 2 81 47 100 36 99 86 21 22 21 69 71 68 37 58 17 62 42 38 71 59 28 53 14 47 84 53 71 6 48 79 81 43 71 18 49 78 57 86 48 32 76 1 33 
48 27 30 41 42 6 77 76 83 70 80 65 66 48 36 79 18 84 56 42 64 92 58 51 33 51 27 72 59 8 15 49 62 21 7 70 95 68 40 92 96 52 78 30 28 45 13 33 12 42 33 36 3 80 36 55 37 29 30 3 100 19 70 99 99 29 36 53 63 9 42 35 50 35 18 87 93 89 57 68 18 6 2 92 66 29 78 48 65 20 33 
2 14 4 17 54 19 85 57 33 49 6 41 38 88 37 15 55 65 90 9 70 45 38 82 51 8 18 8 70 23 42 53 36 43 11 74 11 42 93 15 87 44 93 74 85 75 79 29 46 80 31 32 85 12 35 58 72 86 41 61 50 2 19 17 19 75 15 28 29 39 58 35 63 74 66 12 88 9 62 46 45 25 62 95 58 2 87 74 74 55 82 
91 7 86 14 85 27 14 72 53 88 29 46 21 4 32 85 64 65 57 20 44 62 41 90 50 71 36 40 50 98 93 46 44 79 92 24 88 95 91 87 66 6 91 93 53 49 22 5 77 34 38 52 83 14 17 62 35 14 34 87 39 61 66 6 25 100 79 28 3 41 87 11 11 34 58 43 58 5 24 26 76 6 95 94 73 29 17 63 93 50 83 
61 73 59 81 9 23 43 8 17 92 61 27 8 81 78 57 70 58 85 1 69 86 23 1 85 31 74 99 49 17 54 53 39 9 65 96 32 16 24 57 2 17 87 23 83 50 5 77 78 36 74 36 99 35 84 37 70 59 72 99 84 25 13 4 73 84 33 71 31 92 4 81 64 54 44 31 41 43 94 44 74 18 56 15 40 99 33 26 96 92 69 
53 80 28 61 45 96 98 41 11 35 67 32 99 24 42 99 38 99 62 20 82 54 20 71 1 33 1 41 11 24 19 69 75 79 82 11 50 58 29 21 3 86 96 91 63 67 99 93 43 97 59 12 8 72 11 45 92 76 12 37 60 8 84 63 69 71 92 39 16 44 92 25 35 2 96 7 24 94 91 66 89 74 30 44 41 89 91 71 81 89 78 
66 69 54 49 85 51 31 61 48 80 51 1 12 45 37 47 97 12 17 24 93 36 40 44 82 62 10 50 15 43 64 5 43 70 53 98 62 88 83 80 81 75 77 88 88 63 43 67 50 62 93 61 88 27 64 91 100 95 78 31 62 7 54 47 70 95 30 14 45 10 84 45 100 16 10 71 88 24 92 94 22 96 62 54 22 8 55 68 98 5 58 
11 13 32 17 68 89 78 29 38 90 58 86 26 60 8 71 19 47 10 59 77 44 44 94 74 95 50 38 86 35 31 97 56 24 91 18 37 17 18 66 26 95 89 33 16 34 40 89 9 18 37 76 50 13 68 48 48 38 52 36 2 47 68 11 96 58 19 20 36 4 67 14 80 83 82 7 57 79 75 71 46 7 91 46 50 83 43 45 31 18 90 
77 91 3 67 4 18 97 72 76 14 60 99 58 58 32 86 83 95 54 80 39 54 53 64 17 84 4 3 22 73 58 65 11 19 16 5 98 95 11 37 37 7 33 71 83 49 94 98 7 34 70 20 4 80 73 46 10 10 73 63 54 51 60 90 86 95 90 6 92 24 44 72 69 84 26 22 63 14 62 98 60 89 28 4 61 64 79 85 90 30 52 
29 9 46 36 73 4 3 98 1 3 2 32 32 37 44 81 4 76 56 77 95 7 19 70 64 26 65 57 27 21 10 28 71 59 2 16 70 38 71 72 93 66 66 49 81 32 63 51 84 7 39 68 25 96 6 84 66 56 4 68 82 72 21 32 87 61 63 6 5 95 44 95 71 26 2 8 97 48 52 74 40 15 27 14 76 4 68 43 74 82 6 
33 42 67 50 92 56 88 63 32 67 79 37 57 25 100 4 33 17 75 10 39 95 78 97 78 39 51 42 9 56 28 47 57 28 52 72 30 69 37 52 70 84 6 70 93 16 32 5 64 81 89 57 10 100 54 89 95 87 25 16 58 46 87 66 65 2 24 20 81 34 70 49 42 2 63 78 49 10 38 88 67 29 100 45 18 52 60 5 68 49 76 
45 54 40 97 43 35 25 52 86 9 67 39 4 19 79 50 61 12 100 14 27 93 95 42 78 14 74 65 25 84 32 84 9 24 40 100 66 95 76 42 71 71 4 68 82 19 42 36 23 41 85 62 46 23 65 20 15 81 51 55 52 93 100 11 54 59 85 54 45 48 52 79 92 39 72 95 70 4 11 52 43 68 44 13 70 97 16 53 24 2 54 
80 91 42 54 11 15 76 89 100 41 65 85 100 52 10 51 39 50 90 26 67 77 68 68 40 63 59 84 8 64 85 56 28 61 19 26 59 47 10 38 50 10 12 97 16 52 29 73 11 94 87 86 1 100 52 23 80 78 24 78 32 33 9 48 37 89 97 50 2 75 42 94 51 29 97 4 42 60 79 83 31 74 34 88 97 89 19 12 84 73 63 
24 58 96 48 16 99 38 27 50 68 95 29 81 83 34 50 58 15 4 23 33 4 50 10 95 94 88 39 7 69 30 67 53 35 67 59 69 48 14 48 20 78 21 97 70 36 14 89 75 10 96 25 70 37 11 48 12 3 61 29 26 87 91 47 30 51 18 4 21 94 53 59 99 86 24 26 85 16 94 2 79 44 32 64 45 73 89 32 87 50 77 
38 40 88 10 46 62 26 44 19 32 5 70 34 23 93 68 16 39 73 95 81 56 29 30 3 44 24 87 50 82 95 32 16 64 46 51 38 49 4 31 52 94 79 4 45 91 62 49 7 59 26 33 21 59 75 35 60 36 66 82 46 22 48 36 17 48 31 73 4 36 64 50 71 87 1 9 13 79 34 61 53 31 15 77 71 61 37 47 49 74 34 
10 75 3 23 72 41 92 9 48 82 4 24 72 10 76 55 90 38 27 15 66 97 52 68 76 24 27 64 15 26 53 43 42 16 66 32 9 43 26 97 18 54 75 78 98 77 23 38 23 18 51 26 67 100 36 11 36 28 8 30 84 14 10 77 28 2 43 96 81 93 33 60 30 50 61 82 92 53 55 62 6 45 50 49 46 92 63 86 81 55 66 
8 44 56 87 67 67 87 97 35 9 77 25 70 93 87 45 86 36 36 94 62 70 48 65 6 98 7 9 82 65 73 30 18 76 61 12 61 44 5 5 73 37 53 5 57 6 64 72 79 64 71 4 38 56 9 31 9 16 26 45 21 72 85 63 62 79 95 21 76 16 40 100 44 3 91 71 70 47 44 11 23 21 72 92 33 64 18 54 48 78 9 
91 77 42 52 74 42 75 5 38 35 9 18 64 76 11 48 79 99 41 32 55 23 65 51 51 98 77 51 60 43 52 35 59 60 41 29 36 90 45 94 21 4 100 83 2 67 89 24 53 95 61 12 99 42 79 34 88 24 20 3 13 81 16 81 65 1 93 86 15 55 4 36 43 20 26 47 32 43 3 11 7 9 18 8 86 10 81 62 78 65 33 
78 10 24 5 32 72 17 56 43 98 24 25 47 43 2 82 80 13 62 42 17 78 94 95 67 36 26 98 54 76 77 47 58 48 30 22 23 40 75 92 13 35 64 27 50 64 54 88 5 41 28 26 76 19 70 82 72 30 7 84 70 72 88 47 67 94 22 74 79 25 4 8 66 28 17 26 5 95 75 81 2 99 10 19 22 13 47 24 73 89 91 
14 54 50 8 77 63 33 40 50 10 10 30 95 66 15 15 48 21 63 57 65 63 29 74 13 77 80 98 48 20 60 21 56 71 10 96 37 18 66 9 69 11 31 26 57 85 34 28 66 99 25 28 55 36 34 86 66 28 1 59 31 87 53 95 21 67 63 12 49 82 23 93 51 51 64 11 85 24 93 55 74 28 55 54 21 21 3 50 38 21 42 
82 1 80 45 85 19 72 43 82 86 72 66 91 63 34 26 39 56 40 74 95 68 54 99 90 23 68 55 36 97 89 89 51 25 53 100 2 83 40 32 87 69 73 67 61 79 78 95 10 90 98 33 44 71 61 44 97 76 34 27 68 92 48 84 46 33 4 14 24 25 15 50 4 99 40 10 6 51 58 24 64 18 54 89 24 39 67 51 39 12 6 
13 70 18 100 14 42 1 67 60 14 28 23 24 9 90 91 78 52 36 26 2 61 51 35 51 61 75 45 30 17 14 77 61 77 91 25 71 56 27 67 85 8 71 98 28 70 93 64 2 20 29 64 55 50 84 96 89 95 81 45 69 60 27 65 77 25 99 66 36 58 9 70 38 18 82 18 7 38 88 34 57 37 64 30 65 38 11 18 54 10 75 
2 38 26 15 57 88 54 44 11 17 39 9 34 55 23 27 71 8 91 50 9 36 52 79 42 76 80 27 36 67 33 21 40 85 100 83 57 36 52 62 2 28 45 70 99 59 85 34 10 98 42 24 80 95 9 7 80 83 94 40 92 96 93 55 60 36 31 64 24 55 68 69 71 51 70 35 21 33 45 8 84 10 74 35 49 61 82 27 43 70 60 
94 39 42 95 47 36 18 56 38 15 41 74 90 39 34 13 13 35 20 3 8 87 8 55 75 21 78 38 10 31 25 54 44 18 4 26 86 92 11 49 48 1 54 43 52 1 51 99 86 48 89 60 62 84 68 42 65 51 21 51 50 26 63 94 90 79 69 83 24 95 91 29 98 59 26 72 69 99 27 2 69 41 16 92 49 33 23 38 64 18 9 
5 52 39 70 91 32 49 86 50 21 19 74 14 17 56 83 85 1 68 34 41 64 88 56 68 88 4 96 26 35 95 43 20 10 88 2 58 31 69 95 5 9 8 63 67 100 94 97 39 73 17 28 93 15 55 3 72 11 78 97 3 3 38 45 22 75 19 89 58 32 62 16 37 41 49 37 93 81 57 58 52 71 66 61 90 91 71 16 22 39 26 
69 40 99 56 23 45 72 90 63 55 57 4 51 63 9 16 2 59 73 76 20 85 5 11 20 75 80 99 87 28 88 86 4 24 13 91 38 83 68 47 73 59 94 52 20 9 61 6 25 23 88 10 99 17 30 71 58 19 91 4 14 75 74 17 22 1 48 84 94 22 85 33 62 54 63 9 28 85 88 72 80 31 6 57 29 33 56 28 15 85 88 
53 8 11 18 39 80 62 92 22 25 45 85 99 93 41 30 32 82 58 12 3 5 65 9 88 32 72 48 67 5 12 72 1 67 29 95 33 84 90 10 70 5 90 12 53 95 80 37 51 38 70 64 76 10 90 45 46 92 13 82 95 65 88 26 67 16 75 92 88 74 41 12 90 62 88 3 94 37 86 30 99 27 66 15 25 41 66 71 10 100 77 
43 74 40 6 40 7 77 36 22 56 54 76 71 16 57 15 36 63 18 18 3 97 80 37 97 14 45 53 15 52 67 79 60 7 5 85 38 100 50 75 12 74 80 34 53 34 96 69 81 59 40 44 99 14 47 81 87 36 34 69 57 11 99 36 66 88 80 35 13 99 45 50 28 34 4 17 38 40 100 1 45 64 93 2 63 23 88 27 100 76 93 
