99
32 51 66 49 44 97 68 65 70 23 42 14 48 29 92 27 79 38 72 83 12 22 70 98 8 66 100 19 61 91 29 52 18 78 6 3 73 86 18 85 37 84 61 35 33 2 4 12 70 67 27 36 79 31 14 75 4 32 1 22 47 52 6 13 32 100 79 29 16 68 65 7 94 36 66 37 75 71 20 22 22 89 70 42 42 22 24 21 60 22 7 29 40 100 81 76 59 63 54 
13 54 61 11 32 9 24 29 64 49 30 4 75 99 14 45 34 96 51 82 89 22 19 68 80 42 3 42 4 72 97 37 6 74 55 27 51 75 2 93 48 71 11 62 41 16 8 79 51 55 51 80 69 30 97 31 98 29 20 100 96 55 18 58 91 65 47 95 26 82 16 35 70 34 5 85 67 86 76 62 2 49 27 87 19 99 80 75 49 42 21 80 65 44 91 83 69 6 98 
87 70 75 51 93 23 85 91 54 76 91 48 72 23 98 19 50 35 55 44 50 26 19 37 28 89 60 67 96 36 100 36 100 53 86 29 30 24 95 86 71 7 44 18 4 68 97 96 99 89 53 54 73 14 61 66 82 57 95 14 10 45 11 90 38 76 90 22 52 45 54 44 89 37 24 90 14 6 58 91 63 99 50 93 2 80 88 26 73 60 47 60 36 47 83 66 1 29 71 
85 53 11 77 7 30 68 1 16 22 27 93 1 28 59 13 97 9 68 1 7 75 35 98 76 98 45 85 17 74 26 96 78 32 98 37 13 88 99 94 33 43 70 14 4 19 8 35 78 96 83 1 43 84 65 26 40 2 27 46 65 24 95 26 61 54 3 77 98 63 50 74 85 68 42 64 5 6 96 24 98 23 31 55 54 75 29 7 99 89 56 10 10 71 49 3 55 91 52 
31 80 79 39 78 31 66 87 92 30 90 67 32 64 12 80 41 59 88 69 43 69 48 84 54 63 72 21 40 96 93 18 63 11 73 8 49 82 82 38 45 77 25 46 22 11 35 88 18 66 49 97 61 78 23 91 67 74 42 53 18 44 26 5 45 47 33 99 79 38 42 44 2 79 8 91 10 63 65 44 22 45 65 58 37 68 2 35 86 74 15 65 26 72 77 31 30 2 49 
83 11 42 88 14 24 27 28 19 19 3 29 62 76 81 95 38 41 66 77 41 78 47 31 54 50 68 96 95 86 69 35 14 58 99 10 60 22 63 81 94 71 62 28 6 27 35 52 14 88 16 21 57 49 5 53 19 77 47 95 15 14 86 67 35 29 53 84 17 92 85 83 35 18 19 6 28 55 10 25 43 64 80 12 76 31 57 18 40 61 57 57 52 7 24 42 91 61 70 
83 28 61 89 18 29 49 54 84 23 9 78 20 64 32 72 57 89 99 75 12 44 43 26 5 46 70 60 8 55 99 58 22 41 44 95 55 14 26 40 46 27 21 74 41 98 81 64 12 52 89 82 32 4 78 70 48 46 80 32 12 64 91 69 56 68 59 27 98 87 47 16 82 9 30 84 70 22 16 37 35 4 79 12 63 10 40 23 40 61 37 5 4 17 97 93 48 70 5 
74 62 97 84 2 89 92 88 69 91 4 23 30 83 47 27 72 70 95 45 94 56 65 4 88 28 59 86 97 6 79 25 59 23 77 1 62 58 65 63 61 89 16 92 19 31 86 50 49 15 66 12 15 11 11 58 34 98 14 12 7 37 89 60 11 8 72 92 6 24 26 90 30 66 96 80 81 10 87 18 32 72 39 38 63 48 15 52 63 74 12 1 97 60 21 79 36 79 1 
63 13 19 33 49 98 10 89 66 58 38 41 59 44 51 82 97 17 48 33 53 97 12 10 80 92 99 63 87 96 28 99 21 75 91 93 57 17 17 55 100 41 56 36 23 15 76 65 32 73 70 53 6 81 88 64 21 66 37 95 26 100 37 54 67 92 99 30 7 69 44 13 30 37 83 93 35 63 66 89 36 91 32 28 22 42 72 31 71 63 96 48 90 56 85 100 8 14 45 
34 74 46 2 73 80 57 22 51 31 98 63 13 54 5 8 23 62 10 75 96 15 90 70 47 59 67 39 18 14 25 100 26 24 10 42 55 83 45 14 56 24 53 67 19 3 73 8 64 45 84 52 98 26 9 43 26 41 11 40 95 74 88 68 30 9 90 54 9 56 57 38 85 40 85 1 28 23 24 70 45 64 54 20 54 38 18 57 81 86 86 1 56 58 93 3 58 21 57 
44 53 77 81 40 8 3 85 36 51 1 62 52 68 30 19 50 77 48 67 18 65 82 19 47 47 56 89 60 60 56 9 47 76 58 36 21 73 66 45 96 54 15 3 84 3 61 57 29 11 83 30 52 36 98 88 27 56 79 73 8 26 58 39 63 7 36 55 75 30 40 27 40 57 16 9 59 9 15 14 73 16 4 86 59 79 53 72 58 34 73 13 5 14 57 91 83 11 18 
57 21 98 93 5 30 21 2 73 42 70 51 51 9 60 35 36 26 97 63 7 30 6 39 74 81 90 55 78 32 50 11 26 55 44 12 39 16 97 13 8 38 5 55 38 25 13 16 60 6 59 10 99 52 37 92 51 7 12 76 34 89 80 83 70 36 100 92 75 25 23 53 83 49 33 100 51 96 79 70 54 88 98 84 84 89 83 59 70 3 82 36 91 93 82 41 50 9 3 
36 14 86 39 95 36 86 96 48 34 10 97 87 43 82 31 44 60 35 92 33 36 2 11 91 91 54 70 24 57 10 86 75 85 98 68 88 38 6 61 3 41 94 54 19 73 56 62 87 96 41 4 5 89 95 88 46 51 81 21 5 33 61 44 83 90 25 89 61 46 6 64 23 54 83 61 57 10 47 77 72 63 42 77 15 37 71 39 44 38 43 86 12 50 19 40 43 100 59 
14 33 42 89 25 4 62 21 96 22 35 45 25 58 1 89 74 63 63 65 28 7 61 33 12 50 62 15 82 60 80 13 58 80 56 62 21 46 13 30 98 56 13 22 22 8 57 30 67 74 20 84 21 33 30 20 35 97 18 6 64 46 99 47 6 90 97 36 9 53 93 76 35 38 46 57 23 90 31 99 76 76 68 53 92 63 16 5 60 82 52 8 11 71 13 85 33 86 6 
12 15 56 85 29 61 18 76 68 45 25 16 14 100 18 84 17 58 98 83 29 40 61 51 8 35 99 83 27 83 7 41 85 43 14 20 99 23 80 87 58 13 13 39 92 95 96 32 76 78 85 68 81 67 70 24 94 27 61 94 4 88 42 31 49 84 5 16 32 41 2 46 3 65 75 56 47 98 93 19 93 79 60 34 48 56 78 47 48 9 35 70 90 12 98 49 84 15 33 
3 58 87 72 56 70 2 13 97 64 54 36 38 11 96 13 93 49 33 32 80 5 23 84 32 43 80 19 65 89 82 1 24 87 85 32 14 85 17 76 46 63 61 2 43 95 57 47 84 89 23 26 96 55 23 16 9 9 99 77 68 31 44 79 88 14 4 10 47 33 51 24 54 7 29 15 69 18 85 33 86 90 66 7 38 93 80 28 81 43 25 84 45 77 73 69 27 33 16 
67 46 95 73 61 97 23 37 40 34 58 46 43 16 17 79 93 92 26 82 73 69 95 85 7 82 89 62 90 88 64 47 79 8 35 41 6 85 94 32 2 23 77 23 49 73 26 34 73 72 20 46 24 82 28 30 79 93 59 44 25 21 82 59 9 77 49 4 12 1 30 18 21 15 18 97 14 28 49 83 93 85 37 47 16 16 85 24 41 87 2 5 63 93 22 96 86 98 61 
44 40 54 67 88 86 14 27 40 17 12 100 95 36 34 21 18 17 39 93 76 96 21 47 87 63 27 78 68 48 24 80 95 13 17 57 6 43 75 41 92 57 88 98 37 94 25 38 58 47 54 4 84 63 18 22 66 97 13 87 16 84 49 58 93 56 90 88 53 73 95 21 91 36 66 14 65 15 60 72 2 61 24 83 37 12 48 46 15 52 4 14 100 15 39 28 11 72 20 
74 10 93 40 77 80 69 54 67 83 10 61 1 69 45 2 25 99 16 75 87 40 95 56 31 59 51 93 99 84 48 15 47 25 52 29 58 9 57 83 90 14 88 13 72 90 30 69 20 92 21 68 51 55 88 76 27 37 90 18 55 12 85 40 22 74 11 68 13 32 62 86 10 5 32 98 24 3 9 36 56 93 21 22 32 70 96 5 57 11 72 85 35 70 54 94 25 23 66 
67 84 58 16 56 40 10 39 80 10 49 30 28 5 100 68 93 97 60 10 35 28 2 86 86 59 61 61 73 33 66 95 19 33 62 57 93 79 87 47 63 28 1 83 46 78 100 6 26 14 70 76 43 92 65 5 39 35 2 61 33 54 10 21 75 89 20 81 54 30 54 3 13 91 39 60 73 80 78 26 80 89 36 70 16 5 99 67 61 24 74 71 11 8 18 84 56 3 85 
47 91 67 4 57 10 3 97 77 52 35 12 9 29 3 25 16 57 25 67 27 71 32 8 16 1 49 38 63 94 70 34 48 27 29 51 59 9 58 8 71 73 5 32 88 10 16 44 20 32 80 20 33 28 31 68 57 34 2 14 50 98 74 88 17 65 97 2 83 94 6 91 5 84 59 26 54 90 61 99 3 62 92 26 34 85 63 27 80 92 27 6 74 39 61 29 45 87 63 
93 52 17 42 74 13 69 99 63 49 93 34 20 35 6 39 22 11 16 89 50 75 8 6 34 59 97 51 55 38 99 14 46 91 24 54 61 77 55 26 29 66 30 53 43 16 28 58 70 97 57 49 7 82 82 18 55 9 68 19 2 20 79 3 27 62 15 25 13 40 13 62 33 32 67 29 17 27 57 58 83 43 61 89 8 49 79 73 45 34 25 37 23 33 57 75 87 81 19 
3 8 19 88 77 80 42 3 73 72 4 35 30 7 56 47 70 67 36 89 87 51 62 86 10 60 83 81 86 99 61 37 93 42 95 8 51 22 56 38 42 28 70 96 51 64 71 63 64 73 96 52 14 75 68 100 19 18 55 41 87 74 57 75 10 3 79 79 30 6 6 29 24 58 42 45 16 11 64 39 14 51 71 2 84 56 55 24 63 40 97 79 7 96 62 93 55 39 85 
79 56 38 6 74 37 69 69 64 47 74 41 19 47 78 4 6 42 3 87 48 10 6 85 68 70 22 43 92 8 20 33 43 56 2 81 73 3 62 65 99 5 64 90 9 48 67 5 36 60 21 8 27 68 50 74 74 21 60 69 7 55 8 59 68 69 3 85 23 34 59 45 1 53 63 60 15 49 7 40 75 82 10 37 33 80 26 79 90 19 59 14 100 73 3 90 76 9 51 
87 43 49 38 20 34 97 6 98 3 82 100 76 41 76 64 43 64 87 85 26 81 46 87 98 29 26 21 10 1 54 98 55 92 52 19 44 99 42 9 67 98 1 34 75 95 90 57 59 41 6 14 40 84 97 3 99 19 85 5 53 54 20 99 37 77 55 66 47 67 97 73 13 4 16 93 64 54 64 75 66 51 85 23 63 21 52 97 100 43 58 51 44 73 67 12 17 100 75 
90 93 54 67 4 57 50 62 97 2 95 84 56 7 83 5 49 60 61 33 67 69 55 53 26 79 1 1 43 49 88 80 71 32 12 79 14 82 24 79 34 43 40 54 2 74 23 23 44 21 18 65 46 48 80 23 45 28 54 79 6 39 26 59 28 54 46 49 6 68 98 89 32 86 92 72 65 48 34 23 67 98 42 23 52 20 79 18 94 13 8 69 15 14 23 97 19 14 13 
83 81 15 4 56 52 32 12 70 18 82 63 8 92 26 51 13 80 1 56 75 65 66 64 100 75 44 27 18 29 43 98 3 44 46 3 67 59 16 70 4 4 71 38 1 55 97 51 10 72 58 28 47 62 47 27 20 58 72 91 76 43 47 70 91 8 81 62 81 21 70 7 28 7 66 12 66 40 73 15 17 2 92 12 1 88 50 59 93 55 96 40 75 11 92 20 73 97 76 
98 46 84 7 48 82 19 90 91 64 58 91 59 59 49 27 44 15 46 70 67 87 81 69 59 99 11 51 64 54 2 56 89 73 96 23 30 29 35 69 41 71 47 95 76 69 96 44 57 77 77 77 60 24 98 2 90 35 45 56 97 60 12 47 71 43 62 63 75 74 79 94 19 87 8 72 78 5 15 28 7 95 41 92 16 53 79 65 19 62 51 67 51 21 65 17 18 42 5 
11 40 15 50 18 13 77 55 14 97 34 11 89 49 57 26 83 15 93 36 85 86 25 80 86 80 88 66 94 57 24 78 94 50 39 72 96 54 44 98 46 24 23 57 97 8 80 2 54 18 2 85 60 84 92 40 49 69 54 33 3 36 74 2 11 46 68 38 64 28 87 43 60 8 22 1 38 49 28 60 74 79 13 51 76 38 73 95 62 85 90 3 17 81 90 42 60 57 52 
65 62 26 24 20 98 39 4 22 91 43 61 73 84 89 12 43 69 11 5 98 32 45 22 87 81 1 26 95 21 14 24 16 13 51 83 83 54 25 66 90 40 29 1 50 55 92 46 70 51 100 47 84 24 78 15 23 30 37 31 21 62 34 98 15 94 31 32 23 28 73 44 9 4 97 83 2 54 27 95 55 99 29 9 94 4 36 44 63 30 95 56 58 97 20 63 48 58 36 
86 11 37 61 82 16 50 74 22 99 63 91 67 68 25 10 31 65 85 19 43 8 67 95 28 69 67 39 85 6 39 40 72 15 29 37 99 84 30 65 10 99 59 100 34 10 34 39 35 12 48 44 54 98 36 39 40 71 99 38 93 44 27 38 54 51 42 37 62 76 33 96 18 46 80 79 82 80 51 59 90 34 21 44 56 99 12 87 83 2 17 27 48 75 74 9 80 60 92 
69 63 4 25 73 93 73 7 38 68 24 20 99 64 30 88 28 85 44 34 76 23 34 81 3 19 51 70 11 47 17 12 63 70 59 69 58 64 33 53 15 31 55 48 90 37 43 100 2 26 86 28 23 40 25 43 32 77 64 75 20 78 36 31 80 43 24 50 76 76 13 36 5 22 81 85 65 7 26 54 17 41 46 3 70 5 23 30 53 25 41 45 74 97 99 58 11 63 94 
88 38 46 29 38 39 51 60 39 3 40 52 3 94 45 32 28 17 79 32 41 53 99 2 48 13 11 28 65 38 54 30 7 83 70 99 68 3 92 2 44 55 4 45 27 66 16 36 73 57 33 83 35 23 66 85 50 93 71 10 96 80 74 67 100 57 7 65 98 26 47 49 16 87 4 2 48 39 60 98 20 75 50 62 22 62 19 46 2 49 36 28 4 38 24 27 64 85 27 
2 93 11 69 18 42 52 1 17 11 62 34 14 67 21 20 69 14 70 21 90 79 97 7 10 49 57 8 40 43 89 39 17 86 85 93 34 26 14 4 86 84 88 14 2 67 8 89 53 60 44 83 35 93 80 41 63 76 67 71 47 97 27 22 60 41 46 40 90 57 69 38 43 86 50 41 38 55 87 40 70 55 99 11 66 66 7 3 4 23 75 48 81 24 36 25 61 59 93 
37 34 60 2 8 18 67 91 17 20 64 6 41 45 43 26 97 48 15 64 71 74 86 98 3 45 63 81 29 67 81 19 46 77 65 72 43 14 89 3 69 3 7 70 90 75 93 98 8 57 17 87 42 84 6 12 52 65 30 35 99 80 49 55 61 54 43 62 58 42 66 41 66 30 96 68 90 43 33 32 98 44 10 64 58 99 88 70 48 62 26 62 50 29 46 92 27 21 19 
24 87 89 78 57 98 80 66 75 23 75 40 78 93 10 76 79 23 36 40 24 96 94 62 58 51 40 15 80 79 59 91 41 13 29 11 83 100 40 51 49 61 97 72 6 41 4 91 56 87 61 62 52 52 26 39 29 33 25 67 89 24 54 63 82 96 70 77 64 66 5 15 25 18 10 27 20 95 14 41 26 71 54 31 21 91 28 50 11 98 41 34 6 41 19 20 83 37 61 
73 100 40 58 19 75 44 51 78 51 77 78 73 78 30 35 44 35 54 31 41 78 100 46 11 22 16 86 41 39 46 85 14 37 81 42 34 14 57 64 33 29 89 46 45 42 79 25 64 54 69 28 65 30 25 25 58 30 7 84 94 21 8 87 38 36 17 6 92 53 68 82 100 23 35 18 40 27 38 69 25 82 75 90 64 75 29 53 72 77 14 90 6 18 75 82 56 33 70 
53 69 6 43 65 14 100 84 23 52 9 97 94 29 82 26 13 36 25 91 13 92 8 34 47 66 30 14 53 14 37 33 77 54 92 7 55 41 87 31 11 44 5 28 4 71 93 65 93 91 9 21 27 82 74 69 10 21 94 5 31 27 23 67 78 23 32 72 55 32 36 42 80 77 79 100 42 29 35 25 48 7 54 64 25 74 50 46 33 31 36 5 30 85 22 73 24 16 73 
17 80 51 85 89 72 49 62 2 40 89 31 51 27 78 69 27 43 40 40 89 14 70 73 24 84 9 68 79 37 62 100 92 80 38 3 42 33 99 8 49 90 25 68 56 41 43 75 48 64 12 54 21 40 1 100 71 52 41 79 100 95 15 40 35 81 76 26 82 55 29 54 88 27 8 2 95 61 1 14 88 70 99 36 26 73 99 2 96 93 41 44 13 55 57 74 37 6 30 
47 44 24 89 13 77 97 53 46 59 61 35 89 57 44 67 89 99 70 17 52 54 98 64 44 67 48 49 99 37 27 30 23 46 79 54 19 10 81 60 72 47 77 53 78 20 1 12 87 5 69 32 23 89 43 28 6 28 28 22 73 46 51 57 57 95 87 2 28 42 31 13 2 25 46 69 95 41 48 14 96 41 16 75 14 97 1 86 13 92 87 12 52 64 52 43 68 61 42 
24 46 67 39 11 75 58 12 84 43 80 48 17 74 24 93 88 47 69 83 85 21 98 67 77 36 80 49 43 2 48 8 25 91 50 88 18 75 44 5 19 39 35 47 14 47 78 13 16 1 33 75 58 14 44 28 53 10 2 54 67 52 33 49 52 91 88 19 84 41 83 90 30 33 4 97 95 51 30 63 81 41 58 20 62 62 92 21 14 2 72 51 99 70 90 92 99 50 36 
78 26 64 34 72 9 31 39 74 54 16 76 76 25 25 93 92 8 27 77 25 74 10 11 67 91 98 92 46 71 16 23 2 26 38 97 50 2 13 11 18 26 28 89 65 1 20 72 23 7 5 7 98 30 87 39 39 24 52 5 85 64 71 99 81 61 4 36 28 92 93 45 11 26 38 84 91 99 63 46 11 81 25 86 23 23 6 64 64 1 78 48 98 27 63 84 94 24 49 
66 26 37 48 3 75 13 89 8 87 19 73 62 71 32 77 69 98 39 30 20 64 60 13 81 98 8 24 84 97 25 50 51 82 91 38 64 81 95 67 29 4 77 2 30 26 62 97 6 20 38 30 84 95 33 20 53 3 89 44 39 70 66 47 37 3 66 91 15 29 81 87 57 45 93 38 8 42 55 77 71 29 19 84 58 95 1 23 14 87 42 16 53 26 27 40 12 38 38 
9 36 35 56 80 92 68 78 62 60 97 1 54 44 84 44 54 15 38 24 41 57 20 97 45 13 64 97 18 72 66 70 72 80 77 44 74 13 62 21 7 60 25 6 49 87 31 42 12 66 22 15 94 99 35 45 50 87 7 12 17 43 55 70 79 83 36 9 52 13 43 36 17 37 32 60 86 13 59 6 91 63 21 70 21 88 66 89 90 59 46 5 27 100 13 58 15 4 37 
41 44 100 64 2 10 53 97 14 64 13 3 80 1 79 42 98 73 13 24 77 96 60 19 67 70 16 9 27 89 45 53 87 75 74 21 75 74 9 50 24 55 10 15 36 44 42 87 45 39 63 16 80 48 89 63 27 36 96 51 73 34 32 23 69 60 57 20 22 98 14 54 69 90 68 99 98 1 12 48 10 57 97 35 64 42 51 1 99 58 38 70 44 4 52 19 52 36 21 
100 78 6 5 4 98 87 74 31 51 37 34 71 81 47 93 42 38 30 78 33 10 4 83 75 52 90 84 27 52 69 82 12 14 73 97 84 93 80 60 65 88 90 77 14 47 85 70 88 99 26 71 64 11 93 40 59 22 93 56 54 14 64 53 8 45 99 44 8 40 51 64 28 48 91 65 90 17 22 10 19 45 37 78 76 81 65 8 55 30 5 25 22 67 63 19 87 48 68 
16 86 33 53 74 95 34 5 12 4 65 68 32 19 59 10 87 12 16 87 39 89 38 1 51 81 65 45 34 79 14 2 88 7 3 35 93 55 3 9 64 77 26 67 99 77 33 3 52 35 88 20 50 98 48 31 17 69 89 41 71 73 66 80 74 6 8 69 83 96 97 22 29 20 66 96 81 89 96 94 91 47 99 49 83 96 67 61 50 40 63 62 73 5 43 56 58 75 49 
86 54 94 52 33 42 96 100 45 75 32 13 98 94 74 29 12 16 75 44 40 42 5 67 13 16 94 94 16 68 82 18 42 79 84 77 83 64 84 38 98 8 35 52 9 12 24 100 54 88 51 91 82 82 74 19 90 82 86 44 36 3 61 62 40 19 40 32 26 91 83 55 54 97 36 44 91 62 1 57 38 15 44 4 35 83 75 13 1 84 52 37 75 37 86 76 41 91 23 
38 17 39 23 18 15 27 100 59 49 23 13 8 15 19 47 84 82 19 12 22 25 76 86 52 32 43 92 33 7 1 1 50 51 42 7 73 17 56 72 37 50 42 95 38 72 32 49 6 22 79 36 79 47 86 26 83 41 44 31 45 9 61 43 98 95 62 9 31 40 43 23 88 18 4 62 74 57 70 53 88 78 71 82 72 47 36 49 26 16 67 20 75 37 96 70 40 11 20 
5 73 31 74 21 4 77 3 11 19 18 85 99 36 38 45 84 99 42 81 89 42 17 18 33 46 46 71 46 28 84 89 90 80 39 59 9 45 83 73 82 10 9 53 61 30 77 85 66 36 92 95 78 41 86 3 91 83 20 40 22 42 57 61 23 39 18 29 97 90 89 51 70 69 86 74 91 70 75 89 24 86 50 4 34 78 25 8 96 58 26 18 45 17 91 36 98 59 11 
35 75 75 98 62 81 79 36 97 12 88 26 78 90 74 22 59 53 52 23 70 26 36 65 21 63 73 60 93 74 98 83 92 75 75 11 92 27 7 36 32 72 47 37 45 10 35 24 6 55 74 20 25 33 64 50 44 64 21 30 3 79 58 16 24 62 33 23 61 42 87 28 10 44 55 65 7 18 17 17 50 53 81 66 15 58 53 88 50 57 44 35 32 41 78 39 28 52 41 
33 46 51 44 8 32 85 40 35 95 1 42 42 63 80 84 83 62 89 54 95 70 63 44 50 69 33 62 89 3 51 74 64 82 54 64 59 5 56 3 86 25 89 33 68 10 88 69 12 27 82 26 72 49 80 40 86 41 57 98 29 8 68 64 10 57 87 66 1 36 93 81 2 36 47 56 84 80 15 50 55 9 52 9 10 82 84 2 83 20 70 55 68 75 83 49 84 99 21 
58 29 66 72 5 98 10 63 48 78 46 98 12 41 6 73 62 59 27 9 70 35 59 76 37 65 63 76 85 99 86 44 74 97 34 24 13 42 24 38 96 64 94 79 44 46 42 75 30 66 99 23 89 38 63 86 27 5 14 57 35 72 30 6 59 76 22 91 7 71 51 7 51 90 4 38 96 20 49 59 25 7 94 8 47 47 78 100 47 55 42 27 4 56 75 79 61 55 74 
76 53 75 23 64 53 70 59 43 43 97 68 22 11 11 8 47 7 15 54 12 11 100 70 77 30 17 47 90 62 14 5 64 10 89 18 51 86 100 78 24 74 27 63 86 14 49 16 36 7 98 25 66 97 93 27 18 24 4 79 6 7 59 94 84 23 14 50 14 36 64 51 81 54 5 10 54 72 92 63 74 46 33 48 82 6 92 18 69 60 8 15 50 41 1 55 87 7 31 
14 85 36 56 15 46 6 20 95 65 17 48 20 76 72 86 18 48 3 44 42 38 91 63 41 100 69 68 43 75 25 76 66 64 56 3 71 72 39 12 59 80 12 16 80 16 35 28 80 54 7 56 15 67 86 36 61 26 6 37 92 73 82 43 95 87 6 17 55 80 82 68 88 80 11 6 4 25 24 51 63 39 29 5 27 55 8 97 48 74 81 74 22 51 5 56 12 46 11 
11 83 34 75 53 13 53 88 86 23 93 65 59 32 54 49 57 48 92 39 36 70 66 20 27 14 3 22 100 86 51 69 65 13 63 4 11 21 11 40 58 65 61 84 68 25 12 38 92 21 32 4 4 28 76 54 71 97 26 18 85 18 54 27 28 99 83 61 55 60 6 79 23 62 10 58 65 49 80 92 100 98 84 68 9 61 36 89 52 23 35 80 61 55 27 83 13 47 53 
63 50 83 24 84 93 25 47 18 100 76 84 82 80 20 14 67 36 1 19 1 53 56 14 8 87 64 63 56 72 15 76 54 9 52 6 51 47 89 9 70 34 89 71 61 100 67 21 47 38 95 69 68 2 20 13 44 17 45 51 41 29 73 87 48 95 60 39 1 36 49 82 2 50 91 94 76 55 20 77 55 49 65 7 14 74 67 59 46 48 29 77 47 91 90 55 64 54 32 
81 6 39 91 4 85 61 16 64 38 8 95 15 29 84 48 55 79 60 14 77 14 47 36 57 61 24 5 36 79 71 56 96 84 47 11 69 45 56 66 3 8 32 5 84 52 69 80 29 30 54 20 92 21 42 26 3 80 23 79 71 84 93 33 92 1 75 4 15 65 19 25 7 32 83 48 35 85 13 34 84 82 49 22 33 14 74 55 83 66 53 52 43 80 52 53 7 35 9 
18 79 47 27 69 16 46 41 36 71 88 34 19 82 2 28 64 91 61 90 2 31 23 54 100 49 46 84 55 17 85 19 11 38 18 99 71 6 72 72 25 23 38 72 57 66 80 75 28 87 83 53 46 29 63 97 13 91 79 51 60 18 42 96 69 4 95 34 82 17 90 64 80 46 10 86 41 30 70 82 8 95 19 33 8 25 20 87 16 41 64 70 28 8 100 94 60 15 7 
76 43 1 46 76 11 36 45 94 53 56 48 73 81 89 11 22 20 96 10 24 87 30 45 1 29 6 27 68 3 36 46 80 40 68 12 32 10 92 12 53 63 63 58 30 21 56 59 47 91 1 51 7 85 40 48 60 6 51 70 70 100 50 21 47 63 57 36 40 94 58 42 87 60 68 74 46 70 100 44 23 99 86 87 38 48 87 34 10 61 17 21 37 30 37 57 88 44 1 
10 5 87 17 37 71 42 44 20 53 70 73 99 90 15 71 85 72 90 89 82 68 56 19 76 97 13 72 98 17 45 26 67 98 14 9 21 66 77 42 60 28 62 20 37 99 6 57 7 40 11 32 40 15 91 83 9 4 35 69 69 49 60 97 35 85 96 69 73 42 89 73 61 73 19 88 62 10 55 10 21 21 55 10 38 18 16 39 83 73 42 69 31 64 21 66 52 66 36 
1 2 30 62 43 3 44 18 10 67 95 16 80 70 23 6 31 89 65 23 11 52 48 99 24 60 34 94 55 28 17 52 78 45 4 18 65 67 64 64 51 67 12 59 56 57 94 89 73 76 53 8 42 45 5 35 93 41 54 94 32 52 52 3 93 91 21 14 63 99 6 2 65 79 78 86 74 17 7 71 96 18 31 56 43 6 26 7 81 37 98 51 46 70 36 35 42 53 71 
85 37 40 21 15 7 10 36 7 66 4 36 96 84 63 8 60 38 41 33 62 33 6 12 69 57 62 60 23 51 24 36 34 76 40 67 100 88 94 26 9 79 86 37 6 33 97 9 27 1 19 81 73 34 93 45 99 92 61 69 16 85 21 33 80 72 61 4 45 23 30 46 65 27 1 61 30 61 30 55 12 74 59 100 51 31 19 7 91 69 36 33 15 76 13 99 82 71 93 
18 89 83 83 73 56 31 40 3 14 46 48 3 96 14 89 37 59 85 20 7 33 53 24 8 58 96 3 46 47 29 20 75 17 13 37 18 72 84 41 79 76 77 82 32 30 4 74 42 47 9 75 99 65 74 4 89 74 38 56 44 65 94 87 29 72 1 31 39 27 36 63 70 89 75 34 31 24 33 42 47 61 21 51 14 24 2 5 22 86 63 3 24 89 83 82 6 16 50 
54 66 97 80 60 86 96 51 61 27 39 81 20 73 25 56 63 27 78 3 6 89 82 35 6 13 4 11 70 39 27 52 1 38 63 9 65 98 84 81 90 58 71 88 88 68 49 86 56 14 68 94 67 79 74 19 61 6 93 13 91 5 59 68 14 40 80 66 79 20 61 86 5 31 12 18 6 40 38 45 72 35 63 59 13 8 82 28 69 98 79 68 93 100 41 70 68 43 56 
26 25 44 35 42 21 20 89 23 48 62 98 90 68 67 56 100 24 47 16 81 79 81 15 73 40 79 77 30 29 61 4 14 61 44 61 41 72 80 36 24 42 68 76 81 13 36 5 69 7 20 74 21 77 71 83 8 50 5 39 87 3 25 60 99 24 66 49 51 32 75 39 19 3 65 98 83 54 42 60 32 9 62 33 46 8 85 30 48 89 1 100 13 3 75 96 50 37 94 
84 37 18 89 31 91 56 68 30 97 23 11 92 64 83 22 16 19 52 3 21 23 32 26 22 65 97 2 95 72 66 99 18 62 17 23 8 31 74 87 35 24 62 52 22 29 94 2 79 23 69 54 92 6 37 91 97 39 6 40 55 91 80 71 99 7 78 77 4 13 96 94 25 72 68 89 17 58 5 72 42 96 45 24 78 42 97 38 12 69 34 46 59 71 57 33 29 23 40 
33 6 28 32 76 79 69 29 9 74 89 74 71 83 87 73 91 41 63 10 68 7 3 72 49 80 95 84 22 3 37 52 94 81 100 100 31 60 72 57 39 14 8 77 59 68 36 30 90 60 64 76 27 57 68 82 19 97 14 81 76 55 27 43 43 87 41 32 29 68 49 89 86 3 73 20 96 72 26 28 99 79 22 48 11 5 38 87 31 40 41 46 62 80 14 79 17 100 36 
51 3 14 9 7 8 8 15 61 94 94 30 67 94 41 86 23 97 56 57 14 64 16 45 1 43 75 29 83 5 98 63 99 9 53 80 44 100 28 66 62 39 29 73 89 23 83 16 61 52 80 51 89 8 9 8 35 6 74 29 60 85 58 99 29 15 26 14 65 42 77 11 18 91 43 91 16 23 53 9 78 87 28 75 71 90 65 72 38 57 99 56 71 82 84 3 35 55 20 
80 37 58 80 68 68 13 8 56 2 5 67 28 66 69 15 47 65 34 5 11 94 66 54 23 49 2 75 95 69 40 60 96 70 51 16 19 59 77 100 10 68 38 93 44 22 21 48 37 18 24 82 30 6 52 15 76 75 13 21 59 57 94 76 57 47 30 88 32 86 22 33 13 69 28 64 29 84 43 50 57 78 7 15 29 70 61 37 98 80 4 36 80 58 36 29 41 81 69 
47 86 47 14 31 6 15 22 75 46 96 17 47 83 6 4 9 98 17 32 65 5 88 38 26 40 60 16 28 83 77 99 81 2 84 26 24 47 62 5 85 64 71 27 59 20 37 86 69 64 28 86 43 5 1 78 24 100 86 65 40 61 10 89 89 86 17 42 48 33 11 85 78 58 14 88 10 24 9 33 40 60 7 69 77 31 31 90 30 67 1 17 14 71 35 94 58 57 96 
76 37 66 89 77 51 91 81 84 48 28 61 84 62 59 93 26 32 69 54 12 23 92 92 32 93 64 23 80 58 76 75 90 99 95 48 96 70 34 32 2 25 69 4 41 40 68 91 86 39 51 78 42 77 34 75 98 50 55 98 78 9 22 28 70 21 23 31 87 19 98 34 56 73 1 75 55 12 28 62 26 53 79 62 95 27 40 23 24 29 30 9 7 93 72 10 75 36 66 
62 52 86 2 77 100 57 71 74 80 67 4 60 69 3 30 51 36 46 29 71 42 33 56 38 32 44 91 66 33 72 27 10 7 45 87 43 22 62 45 11 50 48 87 11 55 21 81 52 12 38 16 66 6 93 22 12 74 93 27 25 92 61 37 74 59 82 90 97 7 24 51 75 51 61 32 92 32 10 73 51 79 4 83 42 83 99 80 8 98 33 43 1 27 67 99 69 53 43 
87 25 18 35 63 62 2 41 47 53 71 26 64 61 46 39 81 51 69 99 37 91 20 95 1 34 81 89 84 75 36 88 8 86 45 5 77 50 24 83 50 3 43 98 8 4 8 44 55 90 87 45 63 3 27 98 61 74 82 28 71 85 2 46 100 15 59 22 78 89 26 41 56 4 2 99 45 55 45 57 68 58 19 99 23 40 51 75 7 83 57 80 83 85 84 20 53 49 69 
79 51 35 68 34 55 68 87 28 25 13 37 93 78 49 73 43 64 52 74 31 52 69 83 48 42 27 15 36 90 7 88 39 68 78 96 64 6 82 92 65 22 41 100 27 15 100 9 18 73 57 90 3 3 9 71 58 30 2 86 49 58 26 13 53 68 96 27 99 79 79 49 75 70 36 23 70 39 8 9 96 93 60 12 61 69 54 91 26 21 94 78 46 88 94 41 65 7 5 
29 26 89 88 73 66 44 89 86 46 87 67 48 88 36 41 5 41 94 61 91 83 11 98 51 9 40 90 46 21 92 14 29 30 44 12 46 61 19 9 54 5 87 58 93 85 54 9 34 11 19 74 26 27 50 27 74 52 86 71 79 13 33 76 94 42 32 81 4 53 5 13 30 33 20 99 95 5 29 34 69 87 100 95 37 99 49 8 34 49 36 84 10 44 69 31 89 10 34 
79 44 86 30 30 61 2 25 65 37 20 71 24 36 17 43 94 85 80 69 44 1 20 79 37 50 38 82 37 76 55 35 37 96 25 38 79 73 99 29 92 34 45 32 80 54 95 36 10 8 86 94 71 71 48 23 66 96 82 93 17 84 22 20 96 84 86 75 44 14 88 81 62 20 57 99 61 13 55 15 47 4 29 100 37 42 8 67 82 8 92 57 29 57 92 14 90 24 55 
88 43 52 73 3 9 36 4 69 89 15 18 68 41 9 64 52 71 52 74 21 94 75 14 10 48 47 44 100 14 94 91 56 22 73 99 39 79 69 10 99 81 75 41 45 28 27 84 61 6 27 76 54 72 78 73 87 30 21 24 78 5 12 63 40 15 35 53 31 52 81 60 40 1 47 32 28 58 88 36 29 2 77 25 71 92 21 42 38 46 79 13 75 33 36 11 12 75 5 
89 14 29 69 87 71 37 79 34 70 21 48 29 87 90 14 4 75 85 59 81 49 92 68 12 6 45 40 74 79 71 68 47 31 56 68 72 79 11 52 42 31 85 100 23 26 63 14 18 35 98 72 1 56 5 72 32 54 82 35 27 26 12 24 96 45 12 21 85 83 63 68 93 60 17 39 61 11 53 62 55 27 62 58 62 44 93 71 24 6 98 26 23 24 78 29 35 17 18 
52 74 90 27 25 82 34 40 28 54 73 15 35 65 22 61 96 89 68 49 14 45 9 75 83 31 25 71 43 36 76 28 14 92 63 50 89 7 17 27 33 92 51 48 59 65 15 39 77 41 33 30 4 31 13 44 78 60 9 44 54 67 45 28 49 11 51 70 23 33 94 15 24 34 78 45 23 4 59 64 22 34 92 33 79 19 34 21 83 11 79 56 70 25 44 75 74 74 29 
84 11 44 7 96 64 22 49 74 92 35 98 68 37 43 32 92 70 18 82 5 96 38 1 98 62 41 1 76 44 32 53 2 96 30 1 40 29 4 18 46 54 31 86 63 84 90 98 65 12 62 23 99 89 29 40 65 42 40 77 64 34 98 88 5 41 14 26 23 77 80 90 69 97 33 53 13 32 62 3 25 84 12 46 94 10 57 30 94 61 46 65 62 59 44 28 12 99 83 
75 48 100 16 42 50 84 47 19 15 6 97 60 75 79 50 47 69 89 26 37 90 83 37 8 26 53 35 98 63 42 67 41 27 71 38 45 71 69 66 79 54 86 86 58 80 52 38 17 70 75 55 70 5 12 56 22 95 97 15 92 95 74 76 28 29 14 36 21 86 85 70 9 63 64 41 83 27 98 49 4 85 97 3 30 53 62 12 63 82 90 35 49 72 60 13 69 37 62 
61 18 83 20 29 68 57 94 47 78 63 7 32 48 89 15 90 31 88 4 82 98 82 42 60 66 83 27 40 35 46 10 17 85 33 89 29 60 51 16 96 67 68 37 32 33 100 51 45 53 50 51 45 32 65 74 50 19 31 28 53 85 49 59 34 85 60 79 74 29 89 75 63 68 69 66 55 37 59 73 30 21 23 9 91 83 38 30 63 60 95 19 17 60 10 16 98 92 52 
60 12 6 42 86 88 33 33 45 80 30 35 28 47 13 10 97 67 92 44 21 92 76 80 56 93 83 53 25 25 82 37 100 47 39 60 46 65 4 35 52 60 70 57 32 53 53 36 89 35 47 21 25 58 52 12 32 56 100 25 9 4 1 67 99 19 50 22 53 44 69 25 86 53 96 16 95 61 37 92 47 6 47 45 18 60 96 10 33 27 6 13 34 97 34 35 69 20 88 
67 55 35 42 72 11 37 30 6 92 98 49 27 21 10 8 33 91 72 41 67 45 45 2 96 16 66 27 9 78 81 83 54 71 51 48 91 72 94 76 55 74 25 51 29 81 94 83 94 17 4 62 35 11 44 94 3 95 6 77 22 85 19 80 30 41 2 19 59 67 75 43 28 51 38 57 47 82 66 74 31 46 52 10 2 96 65 19 83 13 28 93 72 88 95 63 40 87 99 
69 86 46 48 88 96 44 54 12 96 97 59 75 65 86 99 60 46 34 41 6 18 63 58 63 82 30 69 46 60 67 3 62 60 29 44 27 66 50 49 83 63 17 2 96 20 42 69 54 30 98 12 100 14 92 98 95 19 48 17 7 79 45 96 97 92 87 79 42 91 85 83 71 46 66 8 7 13 86 36 77 93 75 18 11 84 69 4 54 20 73 14 32 59 30 82 73 91 90 
79 12 88 47 41 86 83 8 24 10 49 61 89 64 7 89 13 64 28 99 61 86 55 24 65 16 39 31 52 18 50 98 54 14 51 25 48 3 15 83 68 64 25 96 75 88 23 89 55 86 17 10 44 67 56 80 80 52 45 96 59 82 100 70 62 93 1 79 94 86 42 75 10 95 19 43 93 12 38 37 74 53 44 98 66 5 87 71 54 62 65 42 96 92 37 100 50 86 82 
53 55 17 83 19 92 92 92 94 50 40 2 50 20 39 78 84 13 19 37 42 9 95 37 65 83 80 74 86 96 2 5 47 49 74 33 38 80 64 89 11 3 48 50 55 96 28 11 67 15 12 34 23 67 42 71 16 97 40 31 84 66 41 47 39 81 20 34 67 75 17 60 17 97 71 71 38 48 12 34 4 38 35 56 77 95 16 50 7 39 56 61 57 72 44 77 97 86 75 
30 60 84 95 98 1 10 12 2 60 95 46 75 78 95 40 62 27 26 5 79 93 10 6 84 56 57 34 98 71 41 81 2 97 70 92 37 3 20 16 95 85 63 48 39 53 62 73 56 67 12 58 33 95 89 67 44 1 6 98 10 75 14 10 97 57 36 55 37 30 18 89 8 95 67 51 20 10 88 57 5 100 69 58 85 90 51 82 60 35 26 85 43 89 62 54 63 12 57 
59 83 14 21 54 87 78 43 95 80 20 45 49 1 92 61 89 5 25 86 80 86 49 2 53 15 28 26 91 40 84 100 31 9 92 86 40 2 61 52 10 62 95 38 60 12 1 42 32 14 18 11 31 19 85 22 82 32 91 3 100 58 40 52 71 14 91 46 22 74 25 54 2 66 71 18 36 57 17 51 37 84 26 32 76 57 96 57 18 45 59 30 2 95 61 62 41 87 87 
44 36 60 83 96 97 6 49 85 4 17 34 40 8 10 87 9 35 26 42 100 8 58 51 24 71 83 97 85 96 15 85 82 76 13 14 74 28 10 11 9 81 54 54 14 81 24 84 4 70 41 100 25 59 49 63 23 97 16 56 68 19 60 18 85 22 41 78 30 99 41 73 75 70 8 94 83 54 95 14 61 72 87 94 7 80 56 36 92 16 61 13 39 79 18 55 43 93 26 
48 53 47 29 14 46 32 70 78 43 89 68 78 70 75 63 75 92 17 2 23 47 69 49 20 57 70 61 72 6 8 64 57 1 100 33 59 16 79 85 83 49 23 70 35 25 74 84 87 11 73 98 99 56 77 43 71 63 57 25 26 35 35 25 94 83 25 50 6 34 53 65 45 98 95 4 60 89 90 49 75 24 100 72 40 72 39 62 69 31 28 37 5 41 88 1 95 76 60 
53 11 23 62 17 89 15 11 82 66 5 67 53 99 63 57 33 12 47 31 5 39 4 68 64 46 87 24 10 69 85 21 95 56 7 50 98 35 72 39 94 8 26 90 34 29 89 67 61 46 25 75 87 69 46 66 32 74 19 22 45 6 25 18 61 13 58 96 84 57 10 85 12 87 99 10 15 43 14 7 6 74 34 61 45 30 65 89 48 65 35 4 22 79 42 37 36 77 56 
51 34 88 19 63 41 74 7 40 3 69 97 86 75 61 59 1 89 54 22 70 3 90 55 30 77 60 25 28 40 39 75 95 92 48 87 55 12 35 94 77 93 79 13 97 38 70 41 39 95 96 1 53 13 46 19 72 35 15 87 47 30 75 42 28 78 61 57 63 59 1 26 19 80 44 86 82 94 19 60 6 51 28 77 90 19 75 65 61 26 1 14 89 30 59 98 10 54 25 
54 73 88 88 78 25 17 49 46 89 8 27 76 84 36 16 22 25 43 38 18 79 62 35 59 78 63 79 63 43 78 24 12 9 62 36 42 82 26 12 81 83 43 41 43 28 15 15 51 39 68 57 92 25 95 13 39 30 93 85 22 77 38 39 63 20 94 13 12 10 25 14 47 94 95 99 44 49 79 30 53 57 65 79 74 9 83 95 51 61 59 2 96 84 27 50 36 94 18 
74 80 28 59 54 86 58 25 15 41 77 60 74 21 79 42 65 91 3 88 19 88 85 50 73 53 54 35 46 66 90 4 36 27 37 62 74 44 26 87 67 10 41 40 17 17 23 12 99 2 31 3 19 33 87 7 17 81 28 32 24 62 92 16 47 54 33 68 29 67 49 50 49 12 64 45 57 66 96 68 80 71 17 14 32 14 94 15 28 76 92 56 95 45 59 59 35 29 97 
21 92 85 43 48 69 55 28 16 85 84 94 62 67 73 40 43 28 80 86 2 66 30 75 72 61 7 70 32 10 29 59 14 39 67 92 9 71 99 58 62 39 43 22 98 35 61 27 2 21 39 2 79 89 74 95 50 53 82 59 77 97 68 5 81 92 83 58 54 6 27 91 30 94 77 30 58 98 90 78 67 25 7 58 99 23 78 55 76 36 39 33 70 86 73 97 88 41 53 
59 18 85 32 8 68 22 68 73 11 8 15 57 10 10 51 6 19 92 96 22 14 59 16 57 47 15 92 92 62 78 97 46 30 78 29 57 35 43 48 98 10 82 4 50 83 2 34 13 23 19 26 38 12 28 79 12 48 16 11 21 62 63 71 61 72 77 52 86 42 3 87 26 80 58 39 45 4 86 18 92 90 7 70 75 54 92 88 99 1 12 16 53 35 83 4 33 68 40 
88 97 57 36 38 77 35 26 80 74 39 36 31 42 32 75 83 98 32 77 11 90 31 80 52 20 25 21 52 48 25 23 7 14 7 13 68 68 21 61 27 20 68 84 2 82 43 6 60 45 86 29 74 9 77 34 10 19 68 3 56 40 5 87 35 22 99 6 70 80 71 23 50 97 95 92 52 21 96 10 16 48 9 77 21 7 89 7 27 9 11 24 45 67 98 91 67 44 73 
