79
81 26 76 4 41 83 36 31 45 37 57 84 66 4 54 79 80 51 85 58 12 53 34 71 76 28 89 18 23 47 82 83 83 17 84 54 61 10 7 48 73 93 63 5 29 33 51 99 1 26 84 45 82 37 87 29 22 98 59 98 30 35 16 35 8 35 85 34 83 67 69 17 50 93 21 67 87 44 2 
53 70 35 92 16 26 90 19 70 72 62 25 38 62 47 50 73 94 22 59 80 42 62 58 12 29 37 71 81 77 42 53 85 23 8 60 46 78 8 76 14 11 76 69 56 86 58 97 53 52 69 47 11 7 40 1 64 5 84 51 95 77 78 48 86 81 68 28 92 68 35 99 48 53 12 3 78 37 21 
21 81 86 33 74 91 89 91 26 94 38 50 51 37 94 65 2 12 66 1 83 24 28 82 70 92 87 90 79 67 100 40 6 81 33 32 24 65 9 73 47 47 83 95 54 91 5 52 85 33 90 54 46 68 13 82 34 21 55 94 62 64 68 52 74 35 40 79 70 45 74 24 68 28 49 63 50 31 95 
84 63 92 99 13 56 19 5 31 26 23 46 89 64 27 48 63 64 89 90 58 7 3 1 10 61 92 90 45 87 54 37 26 97 14 74 35 49 52 43 89 73 25 77 86 47 21 86 76 86 62 42 11 26 10 96 11 19 99 84 3 18 67 1 55 60 18 15 45 69 72 88 86 87 27 36 12 15 39 
71 72 3 91 30 38 81 72 15 65 12 89 20 57 66 81 52 32 76 70 5 90 73 82 33 84 95 66 81 52 46 71 4 26 74 25 38 31 56 28 90 67 58 88 52 33 90 95 78 52 65 12 50 65 84 10 17 54 56 71 6 36 90 35 87 32 57 4 85 13 16 34 39 21 13 93 68 32 57 
51 49 45 59 57 7 53 23 88 11 4 2 3 6 53 53 81 19 29 87 24 16 34 62 63 12 60 3 51 25 19 84 23 33 77 84 7 10 77 48 48 7 95 50 55 25 91 47 13 21 53 33 60 35 57 47 90 41 26 95 98 21 7 26 44 45 5 51 58 92 99 73 23 39 90 10 54 36 66 
93 60 83 82 99 40 54 70 100 56 63 83 18 14 79 35 38 88 3 29 19 100 33 66 74 77 4 64 93 100 36 94 92 1 81 49 62 100 27 93 13 76 82 50 61 59 80 38 28 74 98 49 6 49 61 36 40 44 90 64 44 17 27 71 90 89 88 55 92 83 49 9 100 98 40 77 40 60 26 
1 60 22 60 98 100 71 34 21 3 37 52 35 21 95 47 35 95 37 38 1 55 100 55 73 86 81 68 30 30 36 81 16 16 74 94 28 29 25 90 85 5 24 78 18 12 90 40 14 56 62 48 95 68 44 15 49 79 93 25 50 76 90 70 9 73 79 73 33 44 57 33 43 16 47 76 24 35 37 
26 71 51 35 31 70 72 33 73 56 4 99 17 25 91 20 91 35 75 70 17 96 100 46 84 63 95 1 70 43 60 58 59 78 99 70 89 70 57 38 24 24 22 22 67 91 3 40 65 97 2 22 10 34 96 85 16 48 8 69 43 20 8 9 80 5 49 94 90 39 100 87 77 73 56 80 18 63 52 
17 7 17 40 63 87 62 42 85 46 67 68 58 46 21 52 43 86 73 87 30 2 47 96 88 45 47 72 31 73 77 38 88 71 68 53 100 74 82 56 72 44 52 15 50 19 55 49 20 6 78 76 30 92 61 81 55 35 19 13 80 53 82 34 10 99 86 33 3 76 74 68 29 64 81 40 80 74 14 
14 37 23 67 94 60 32 12 7 83 52 97 22 42 3 56 73 29 89 17 99 56 18 17 37 49 3 86 57 68 35 41 48 81 75 19 46 17 81 11 64 95 99 57 1 94 46 92 74 63 28 97 57 88 85 76 45 56 39 35 85 45 65 24 60 78 90 37 2 29 83 80 16 46 97 45 18 96 26 
56 53 81 74 32 39 72 69 57 60 85 55 1 5 82 33 79 57 94 32 45 35 52 36 28 25 49 27 15 4 32 17 87 29 93 38 34 17 71 10 2 46 86 36 67 25 87 54 35 40 29 9 48 88 66 17 45 90 61 92 4 53 26 7 89 28 72 60 76 84 100 90 98 93 87 90 99 41 45 
40 20 78 99 89 48 77 30 65 26 43 12 39 92 32 48 80 61 13 94 76 20 74 9 23 22 86 70 1 94 91 52 72 89 53 52 48 86 61 95 24 32 49 42 69 19 5 14 43 17 5 65 61 73 11 67 67 12 20 12 59 24 3 13 10 3 2 71 7 60 40 15 40 37 16 72 33 22 91 
33 3 38 84 88 69 97 14 45 29 49 50 28 75 92 96 60 27 38 67 81 15 65 46 88 62 2 78 35 62 16 27 22 87 70 3 2 45 39 24 31 78 1 14 82 57 46 72 30 49 51 77 4 13 48 61 33 9 56 5 46 22 21 95 67 94 60 85 46 51 66 21 56 14 49 28 60 38 49 
39 8 13 57 44 31 7 49 76 27 65 53 6 17 52 31 1 48 9 76 73 35 63 89 71 67 45 82 93 57 43 3 83 30 42 23 85 57 59 41 65 82 88 29 51 98 10 42 98 97 98 91 56 48 26 76 60 84 98 11 24 73 63 12 34 13 44 18 88 43 2 10 81 53 82 90 36 12 85 
32 91 6 31 87 52 38 23 56 64 3 20 56 22 53 99 55 35 10 90 21 70 100 29 32 7 45 3 62 48 84 66 31 3 23 3 30 40 6 45 4 36 38 62 28 91 18 21 35 16 44 97 98 19 82 80 9 67 36 65 88 80 61 64 7 28 50 36 53 26 23 12 78 43 2 62 61 11 68 
13 28 91 2 8 76 75 63 82 50 64 22 84 81 22 91 98 5 7 63 44 63 70 82 41 7 57 17 1 36 99 22 48 84 61 36 70 38 89 16 96 47 67 42 54 68 93 96 8 66 27 4 82 94 80 9 11 5 46 80 57 39 99 25 22 64 92 39 23 37 35 23 82 78 78 86 42 31 78 
86 6 9 87 87 91 82 98 84 25 31 68 43 72 97 89 65 55 41 48 75 42 36 17 25 79 88 89 28 70 91 20 91 63 57 57 37 25 30 40 52 55 30 70 89 22 8 73 40 19 59 18 85 12 22 100 27 81 57 2 5 9 19 52 86 60 65 3 78 64 33 22 89 64 89 80 29 80 28 
20 2 48 79 27 21 83 84 62 60 43 62 44 41 78 83 16 55 86 65 41 15 40 82 30 71 46 97 95 8 42 53 55 51 65 36 64 60 91 26 23 96 32 18 61 60 58 73 11 16 37 64 73 29 54 26 4 19 22 46 26 56 6 72 78 1 18 17 15 64 21 1 93 87 32 19 91 50 44 
47 54 65 42 22 95 16 60 70 28 96 25 64 88 11 57 85 8 80 29 77 20 15 41 78 17 34 13 93 92 32 51 38 55 57 72 15 43 85 40 15 29 37 42 68 10 29 9 64 2 69 45 88 30 71 23 67 55 53 44 19 70 15 15 89 98 32 62 28 71 90 75 46 15 6 26 63 42 23 
71 16 66 41 69 15 62 48 50 95 98 19 83 49 77 77 99 64 95 11 9 55 3 35 4 32 30 72 35 51 45 3 34 60 27 90 57 92 29 42 78 42 24 73 19 45 25 19 38 93 81 85 63 93 64 100 55 68 64 69 18 98 46 29 45 23 10 74 37 94 90 96 82 40 71 61 29 54 47 
99 86 68 97 32 60 84 46 30 31 33 44 94 12 52 7 50 56 23 17 86 51 57 55 81 31 29 11 59 24 90 36 60 53 22 7 52 6 22 43 66 45 39 12 91 21 81 14 66 83 58 12 67 53 89 85 87 15 11 71 20 1 55 16 66 96 24 42 52 5 44 1 18 46 63 70 84 23 70 
92 44 74 6 8 59 80 58 97 81 95 6 80 13 43 73 18 69 63 64 78 10 1 60 10 59 41 77 40 76 78 94 42 40 82 62 76 24 79 1 80 54 16 80 33 53 60 37 35 67 98 50 7 57 41 16 68 67 32 25 53 67 68 94 22 18 20 90 99 74 68 36 27 96 53 67 91 85 62 
53 52 55 27 66 49 99 100 80 60 100 96 1 76 46 25 79 61 43 85 40 88 16 22 4 39 17 84 73 7 90 96 63 63 51 93 19 84 24 61 75 86 53 68 45 45 63 68 28 16 30 24 82 85 75 93 53 95 97 71 24 17 63 10 98 83 65 15 46 2 18 10 17 99 47 5 35 88 21 
25 2 54 24 11 4 77 8 32 85 54 25 7 16 87 41 5 28 91 15 44 22 28 35 24 56 31 29 73 58 91 74 80 42 65 15 36 16 37 78 21 35 9 13 92 98 15 12 41 37 67 54 76 75 67 52 7 20 58 80 62 24 60 57 27 99 51 19 60 49 67 5 34 89 90 93 54 4 95 
83 30 80 66 49 58 67 67 22 41 26 100 39 64 75 86 85 72 74 29 29 76 70 28 10 92 80 17 87 64 21 92 73 10 97 41 68 33 36 6 39 16 26 84 99 64 100 12 48 97 19 69 26 33 37 91 86 31 47 76 88 3 14 39 5 69 75 87 98 83 48 78 26 54 38 8 13 63 46 
99 80 95 49 13 88 26 67 68 35 17 87 23 7 74 85 90 68 78 85 86 1 23 26 38 41 30 30 24 41 53 12 85 96 70 99 56 40 94 90 78 57 93 23 5 32 52 25 58 97 4 9 29 30 83 99 27 93 6 91 37 93 15 72 86 16 7 47 3 45 72 95 12 41 1 44 48 34 90 
48 41 46 65 26 2 68 62 43 22 9 30 46 36 30 97 90 25 72 91 35 8 69 77 41 72 83 34 89 7 79 52 64 93 52 58 90 9 40 11 19 58 16 95 97 40 64 5 60 3 56 37 37 73 55 29 12 26 66 72 12 84 57 9 4 100 68 20 18 22 72 32 41 26 8 73 24 9 36 
76 72 2 90 28 33 49 26 19 51 74 64 11 75 54 70 78 43 55 77 98 80 81 88 63 88 52 27 77 7 72 89 55 33 46 79 28 74 88 78 6 39 83 38 90 43 49 83 23 82 45 77 36 30 68 61 61 85 67 79 100 87 34 34 38 26 86 33 57 83 39 49 87 2 41 81 77 77 24 
22 62 12 75 69 17 18 31 51 19 94 49 92 51 9 41 90 16 14 15 18 44 22 65 41 87 64 96 29 89 11 73 84 47 99 32 75 36 53 69 41 52 12 44 36 79 30 75 61 54 69 18 47 59 17 55 21 47 60 93 64 23 29 43 43 84 82 21 44 38 85 43 1 87 84 20 89 15 70 
95 91 39 19 44 66 34 37 91 10 74 23 35 22 70 71 10 93 38 13 60 75 43 7 16 57 50 43 35 99 33 53 34 97 83 74 14 55 28 18 12 13 82 35 97 97 91 1 98 13 97 45 44 46 27 49 49 52 82 95 60 79 37 70 23 94 75 56 26 49 98 33 48 67 85 79 84 31 18 
75 16 63 23 91 71 49 46 37 21 35 83 54 84 36 28 18 16 39 16 31 59 5 94 4 65 13 53 92 93 4 7 34 93 5 12 5 39 72 32 100 67 12 46 76 97 73 97 89 4 4 91 74 44 55 25 8 80 20 41 62 95 93 8 42 85 62 42 64 98 28 57 81 97 68 23 55 58 45 
59 80 86 40 57 80 91 80 63 13 79 84 2 92 53 65 34 77 69 74 98 1 49 28 51 21 74 91 64 18 31 69 5 23 51 18 53 5 76 46 70 65 71 38 72 24 90 66 22 3 83 46 82 20 35 11 24 74 32 99 80 1 22 16 11 12 95 22 19 25 26 11 82 49 77 51 9 23 45 
43 45 84 83 9 74 51 86 62 33 61 29 41 28 92 5 4 60 26 11 71 57 96 65 53 64 89 8 64 15 31 63 99 99 78 95 53 95 76 82 25 36 39 9 77 22 70 86 5 44 69 6 54 40 12 83 92 66 73 87 2 23 68 74 54 37 13 68 41 20 53 2 70 66 84 30 23 14 63 
52 13 57 72 18 42 8 84 78 16 86 75 51 92 2 86 33 35 30 40 91 55 71 79 19 17 74 99 65 48 53 13 27 60 51 65 60 19 51 31 53 12 34 42 96 76 29 56 78 20 53 94 21 82 9 5 80 55 72 37 89 57 100 8 73 93 77 71 36 76 28 86 84 12 80 1 50 85 48 
48 93 17 86 78 3 15 32 80 100 32 14 81 83 13 30 31 95 18 43 83 91 81 91 96 20 55 36 71 4 99 77 18 32 72 8 30 65 8 62 56 48 34 83 15 75 80 38 59 40 81 20 70 39 15 5 72 84 44 65 100 24 64 63 35 98 9 45 87 40 38 30 5 74 96 21 40 34 68 
13 4 47 21 38 98 63 62 93 96 45 8 97 47 82 62 34 64 46 98 32 13 80 95 3 80 67 97 32 89 95 80 54 32 78 76 34 60 13 77 41 40 98 41 10 77 21 48 88 1 54 49 81 47 19 39 81 30 30 33 5 99 2 85 38 45 52 47 6 72 58 41 15 1 72 50 33 38 97 
21 90 35 100 74 70 25 34 14 37 65 87 40 52 93 58 88 46 42 22 95 45 86 99 13 84 68 66 83 22 82 43 3 53 8 82 94 34 4 55 85 13 65 56 93 74 61 11 64 42 26 99 45 86 49 50 99 58 58 69 74 10 83 30 35 97 2 11 51 58 10 81 66 76 51 81 65 58 63 
91 82 95 2 80 30 34 17 62 72 59 46 29 43 63 32 5 1 58 54 94 78 42 45 100 46 95 18 28 27 11 6 69 93 37 56 6 9 68 49 9 38 17 83 5 12 2 94 21 33 91 91 34 72 6 98 61 63 35 82 92 68 69 44 99 77 15 18 46 3 85 53 48 36 49 84 29 70 11 
35 88 21 28 57 46 18 22 29 50 63 96 53 61 52 53 49 19 78 97 49 59 88 67 9 86 74 34 15 31 75 78 44 28 27 8 25 18 25 96 17 89 7 75 100 17 44 66 20 88 1 17 93 33 57 100 85 40 46 29 83 78 21 76 65 33 58 79 88 67 21 72 14 4 97 31 25 78 43 
29 67 69 4 22 50 63 61 2 84 7 88 85 84 61 75 22 11 30 85 54 7 43 92 4 5 82 84 13 97 66 100 91 47 89 10 25 21 74 100 26 95 100 91 62 69 37 27 69 79 85 68 62 26 7 62 61 7 10 47 57 8 93 45 69 6 35 95 5 72 59 49 22 30 2 97 59 66 68 
91 59 99 7 47 78 60 26 43 14 98 64 67 98 99 11 12 100 24 79 26 82 56 67 58 94 14 28 46 21 7 99 100 53 19 63 28 21 9 84 10 4 50 76 54 77 77 10 43 51 27 73 82 5 15 17 79 12 87 54 29 26 56 32 88 24 58 64 78 54 94 29 96 6 96 58 70 46 50 
76 27 63 8 73 58 92 50 19 78 64 20 83 12 68 49 61 16 80 84 99 60 78 81 94 49 93 1 46 52 75 71 34 37 37 50 24 68 48 99 57 55 73 34 72 55 28 16 22 36 49 69 20 28 5 12 95 25 80 38 15 45 21 85 28 70 66 41 72 57 93 84 92 47 6 37 90 71 40 
25 57 93 31 73 20 50 20 91 62 79 79 58 18 90 28 78 68 41 43 55 74 17 56 5 32 56 14 23 56 82 97 24 10 34 40 64 49 27 73 44 98 89 82 26 46 43 46 3 43 18 48 31 89 92 43 65 68 8 34 34 96 16 38 26 12 23 55 17 51 57 26 21 71 61 66 50 90 73 
94 44 96 8 79 81 31 87 4 15 31 61 32 72 20 78 49 3 20 51 16 21 43 55 21 100 81 82 81 39 7 96 65 11 83 26 66 97 77 68 19 18 11 40 12 38 15 79 78 57 73 96 4 88 86 66 78 49 77 77 33 61 83 14 36 5 79 37 99 92 23 74 40 71 18 94 30 91 25 
92 40 26 86 38 90 33 20 21 30 11 69 21 68 1 36 100 19 1 35 89 93 59 28 39 25 19 66 12 70 50 32 47 57 53 84 78 34 63 43 29 71 36 20 44 21 69 67 5 3 91 36 46 73 7 19 42 12 99 74 1 88 90 49 36 73 97 97 36 78 34 50 2 55 53 69 23 85 46 
95 77 69 78 92 60 40 7 99 29 33 15 19 14 22 13 38 14 63 22 31 83 71 95 9 35 97 35 35 30 55 62 48 61 93 50 7 84 20 55 63 57 74 57 2 20 58 20 20 26 19 75 74 18 33 90 40 10 10 9 36 83 20 11 15 25 43 80 2 26 44 58 74 3 40 23 1 82 15 
59 82 95 81 82 89 81 47 3 94 81 62 94 50 24 92 21 89 56 39 34 14 77 44 70 35 17 57 9 68 54 92 43 91 24 65 1 98 13 84 16 89 43 58 70 52 81 51 80 48 72 40 33 46 17 32 75 70 9 51 62 11 75 73 66 64 26 16 10 9 44 51 44 66 74 93 49 55 68 
67 28 10 55 52 44 65 39 59 81 34 26 84 22 76 4 20 37 1 48 45 96 48 64 88 82 83 80 4 16 18 99 64 72 64 53 15 45 33 54 72 44 66 97 27 24 4 3 71 83 57 40 4 69 24 15 8 37 55 50 92 74 20 90 61 33 97 68 38 98 78 23 63 53 3 25 59 5 12 
98 57 4 7 92 69 36 33 5 15 67 48 15 4 19 18 42 33 89 38 35 66 66 42 90 15 99 14 11 86 80 65 75 4 88 55 3 41 100 49 17 4 44 73 74 21 40 87 58 79 91 49 47 73 97 34 20 12 78 39 84 51 82 41 64 94 12 54 43 17 8 76 53 97 52 19 84 5 51 
78 11 59 26 61 10 78 27 75 40 52 34 86 75 45 77 17 3 10 85 36 28 1 38 86 87 43 46 89 72 54 95 91 55 25 37 69 39 70 62 37 19 76 18 16 24 39 66 79 70 59 62 48 54 85 56 62 99 28 33 81 70 40 10 77 54 2 66 42 97 85 17 28 10 3 64 55 89 69 
8 11 13 50 48 45 4 77 89 10 26 61 87 21 81 83 89 15 17 27 90 98 62 19 42 17 8 33 74 56 69 23 81 44 82 16 34 5 61 62 23 69 39 69 4 52 5 89 62 64 74 69 30 94 91 29 75 65 51 82 52 29 33 5 97 26 83 31 54 32 64 52 41 45 44 41 93 21 3 
14 98 52 63 49 43 54 58 54 21 77 73 64 95 96 4 95 31 82 19 99 73 39 39 43 12 85 29 22 31 56 50 88 31 69 9 93 61 92 66 16 28 57 20 25 10 36 93 58 11 75 61 65 57 28 78 74 47 46 59 56 70 59 32 66 17 15 31 13 98 26 12 21 5 36 78 28 85 48 
19 69 83 73 65 19 36 50 45 48 17 49 84 90 88 41 38 65 24 19 27 32 7 17 99 13 92 58 72 10 36 82 73 76 34 10 10 85 20 92 76 41 17 66 46 79 70 35 69 94 75 93 6 22 60 86 76 73 94 56 93 60 61 68 92 46 91 24 81 53 71 26 59 3 89 77 82 29 50 
32 17 68 94 73 11 85 17 24 18 85 35 74 52 8 57 61 35 50 71 22 33 52 54 99 41 55 65 60 71 14 88 52 22 99 17 61 59 41 30 99 5 97 97 95 92 40 45 8 82 66 91 12 76 49 61 29 90 88 10 11 71 72 10 26 63 60 83 12 57 66 70 42 20 24 7 7 64 26 
40 40 5 66 12 38 9 17 44 70 91 64 29 77 20 54 82 72 24 1 10 13 70 36 26 6 66 5 16 1 94 93 73 59 84 40 35 35 99 35 53 89 4 2 53 60 91 59 24 77 81 15 83 62 99 63 38 31 48 93 54 85 37 3 52 78 64 88 75 25 94 54 47 31 36 92 88 72 45 
94 94 25 55 81 99 75 3 54 10 50 84 96 80 36 73 31 20 13 81 56 4 47 50 94 32 6 42 40 50 17 66 52 88 16 38 80 82 43 67 45 88 59 74 14 49 74 63 57 57 67 96 38 90 60 95 51 22 33 10 32 23 35 68 79 88 36 27 63 22 69 36 50 43 89 42 23 2 82 
20 93 93 66 37 15 55 8 39 55 5 44 61 14 40 12 47 15 10 39 55 7 1 82 99 75 33 40 54 97 13 26 41 67 18 68 47 12 13 64 28 34 93 48 77 57 14 36 71 45 21 62 61 21 73 61 33 20 55 66 18 39 72 83 91 87 51 38 14 74 80 6 33 67 89 65 74 21 88 
18 98 42 91 7 59 29 71 47 38 13 47 16 50 69 44 44 9 62 50 55 64 94 100 18 78 100 63 70 74 43 69 32 20 81 26 24 67 28 3 52 88 50 74 21 23 30 38 4 96 5 60 33 28 13 73 10 25 68 58 56 29 59 11 81 81 15 41 40 15 66 59 3 28 92 29 47 65 34 
62 15 5 99 99 40 38 48 24 21 47 14 45 100 26 71 45 7 26 68 81 44 56 8 45 59 59 82 80 60 88 20 13 14 33 61 91 55 96 71 1 55 43 18 41 16 80 54 87 56 86 46 76 26 88 95 78 69 88 97 40 57 78 13 3 15 56 24 95 46 75 24 92 58 85 12 28 91 60 
95 20 85 96 47 49 88 45 37 35 88 89 25 95 84 50 47 15 16 66 78 91 4 87 77 53 56 79 99 7 92 62 63 45 93 72 2 1 34 96 50 75 42 17 20 54 47 58 4 55 49 5 97 88 32 84 35 87 57 25 21 72 11 4 2 70 18 91 42 92 66 69 64 36 99 61 19 30 4 
6 14 38 50 31 77 38 55 99 52 8 98 43 64 10 22 9 80 10 76 26 49 93 45 56 79 33 29 8 37 5 89 79 42 77 22 90 1 51 82 91 42 71 67 49 97 16 3 81 36 11 60 55 72 67 97 79 37 18 15 100 88 31 99 62 58 40 82 51 86 24 39 13 49 31 22 82 43 80 
31 30 44 46 23 29 43 5 5 30 76 49 91 6 25 99 37 2 56 30 24 49 27 31 60 29 40 48 63 58 5 82 45 5 4 56 14 54 86 22 26 30 37 46 71 17 28 75 59 90 17 77 28 12 95 58 69 50 11 84 10 42 53 73 86 54 10 64 33 81 6 9 8 30 27 7 3 88 6 
82 11 89 78 13 85 93 84 61 12 100 46 19 56 61 3 30 41 100 44 75 22 26 70 70 31 32 94 41 87 56 80 29 4 13 26 12 39 79 45 31 61 27 64 30 64 53 39 84 75 32 62 94 62 88 91 54 89 17 62 83 69 14 85 97 68 28 70 22 1 89 61 17 65 64 43 80 42 63 
36 70 51 60 63 53 3 11 37 24 93 36 46 43 58 37 82 83 81 39 54 65 15 1 72 70 88 63 36 79 35 60 62 11 16 96 20 22 76 61 24 98 69 47 80 66 89 70 63 51 35 89 13 73 67 57 81 79 37 57 53 37 95 70 38 27 82 23 65 9 64 77 80 35 98 21 50 49 95 
23 2 12 15 56 33 83 6 95 19 30 13 13 4 43 82 43 98 16 83 15 67 71 39 54 74 30 72 60 50 84 20 41 81 51 32 73 79 98 98 23 40 74 29 85 47 26 8 69 34 40 3 99 28 45 68 65 52 34 64 41 7 45 3 96 92 45 44 88 97 57 75 96 61 2 85 96 41 88 
70 33 66 19 17 54 33 94 22 55 33 65 50 21 95 60 100 52 80 9 100 87 56 49 6 18 93 51 98 79 50 47 49 59 11 41 66 16 12 37 33 94 21 76 29 12 15 99 73 11 4 89 85 3 15 99 91 89 29 88 11 32 75 66 68 57 16 50 68 11 91 58 57 36 19 32 60 62 65 
29 78 45 60 10 10 90 51 25 18 77 39 17 76 67 81 14 37 47 25 24 87 53 69 45 75 84 56 11 89 41 95 94 35 27 99 88 63 43 55 95 45 43 40 78 66 36 35 40 80 51 59 63 25 90 86 24 65 25 32 24 59 67 38 18 90 46 75 9 42 42 70 79 42 93 63 90 63 9 
9 42 8 46 60 68 21 57 4 2 85 38 18 97 79 100 18 99 92 37 51 63 36 29 8 61 83 51 7 17 20 39 26 23 95 38 90 69 78 10 59 21 8 84 22 39 64 79 94 21 33 20 16 10 99 25 26 80 39 23 94 74 78 45 70 1 98 54 69 14 85 33 97 95 48 83 75 15 51 
33 33 38 93 66 25 92 52 3 81 25 11 71 12 94 7 25 92 41 95 84 31 36 75 3 55 63 37 15 83 93 90 85 55 16 18 62 95 57 25 73 90 10 72 81 62 97 22 1 19 89 44 34 58 35 22 67 42 85 84 22 81 58 20 80 83 100 65 95 37 87 93 93 48 95 24 20 40 74 
17 20 62 67 31 57 20 34 54 19 88 95 45 75 72 78 67 60 27 31 71 69 68 91 43 75 44 1 37 78 77 68 23 75 86 17 11 25 85 12 32 41 74 11 95 1 30 78 11 29 11 23 44 27 35 68 23 15 20 35 72 29 18 71 69 62 50 52 57 11 89 100 31 14 71 61 94 6 96 
9 46 41 82 57 8 75 13 32 100 37 27 72 91 41 35 17 88 43 85 70 97 22 3 40 36 45 3 4 12 90 56 25 26 75 61 62 37 97 54 60 34 89 94 10 56 90 53 26 64 13 54 7 10 61 13 59 6 15 80 69 80 50 49 47 72 32 35 8 35 53 41 62 54 1 50 7 83 85 
23 37 24 52 58 91 62 83 78 37 41 27 93 92 33 76 4 66 61 37 7 35 99 64 12 48 95 39 74 72 12 36 53 47 65 29 8 18 40 74 45 8 56 27 11 18 36 10 38 65 24 9 19 53 17 100 76 38 15 98 25 27 55 57 98 98 99 94 9 44 58 100 2 83 31 88 28 99 68 
99 7 10 67 68 2 44 57 34 38 75 40 58 98 33 6 60 99 42 22 8 91 53 23 14 72 30 26 48 10 56 69 86 94 64 32 46 99 74 39 64 9 50 34 80 43 4 63 42 41 3 54 29 40 53 8 59 66 39 7 60 87 65 64 6 42 26 35 31 55 37 78 2 42 91 7 12 10 61 
55 87 66 45 94 51 27 17 74 1 7 32 2 17 47 16 58 13 27 52 53 89 7 64 12 84 80 71 52 67 85 83 35 26 75 34 51 15 60 94 76 15 63 74 71 46 42 8 85 23 21 100 22 22 19 16 57 45 98 20 49 41 7 13 2 74 98 69 24 73 41 82 51 38 72 31 21 64 66 
38 95 65 95 47 11 1 7 87 29 57 93 22 2 9 89 81 61 34 33 63 99 27 77 23 14 83 20 8 19 82 57 7 85 32 14 48 32 63 40 33 18 54 96 13 40 43 25 8 26 21 21 72 100 17 51 70 52 51 23 30 70 98 80 19 87 83 76 31 92 92 87 3 23 45 77 90 20 65 
91 72 53 52 61 68 24 83 18 91 10 76 65 92 42 73 22 34 72 94 5 51 80 31 50 39 46 48 10 78 9 38 17 72 27 33 6 70 99 63 48 15 37 73 14 1 20 60 2 92 50 88 40 35 1 100 45 10 18 50 11 47 89 5 26 19 62 14 98 1 97 38 7 62 72 99 54 47 79 
37 18 30 29 83 78 94 36 56 78 68 44 63 32 50 56 16 49 14 63 91 98 52 61 1 6 61 74 53 53 26 52 24 67 61 39 56 1 93 8 14 16 77 82 75 84 19 52 85 57 74 65 42 65 2 60 92 84 68 52 73 54 98 75 72 84 17 37 31 65 42 28 52 86 26 78 92 56 74 
42 60 64 17 19 40 59 90 48 54 76 39 66 43 86 27 75 1 71 49 6 44 53 65 76 19 76 76 80 73 30 58 26 67 24 23 11 74 5 42 89 1 54 5 65 65 23 38 7 76 8 83 38 29 16 12 97 83 49 87 96 4 42 96 65 32 45 82 61 57 19 46 32 97 30 88 85 100 15 
