52
45 34 49 87 97 94 4 74 2 29 70 31 69 88 5 61 29 38 38 5 1 67 68 99 29 10 77 91 56 73 33 54 84 64 41 95 9 92 81 37 67 60 28 60 51 55 22 94 17 35 42 70 
1 58 91 45 87 59 26 90 42 25 27 6 26 99 25 68 15 62 25 51 6 41 18 79 73 2 85 44 93 24 21 84 49 80 18 59 87 61 80 59 65 11 34 97 84 43 21 23 95 6 63 42 
9 88 7 28 3 68 20 84 33 45 18 66 8 65 30 97 18 96 20 88 94 62 5 17 65 84 79 32 55 56 58 37 16 18 78 6 65 19 86 14 61 43 69 16 54 83 3 37 49 54 43 18 
5 21 69 88 31 54 22 44 7 55 54 30 34 28 46 93 42 46 10 20 22 99 94 25 70 61 77 85 55 62 60 91 46 73 65 53 62 64 99 38 41 67 98 2 79 59 76 100 82 39 40 37 
86 7 35 57 28 16 28 53 30 14 48 92 2 34 27 19 46 86 55 99 41 87 35 31 95 77 76 63 27 12 95 12 11 71 99 36 6 93 25 61 19 95 75 69 98 36 49 47 92 84 53 49 
91 55 29 37 2 55 67 48 68 56 55 21 97 47 48 71 84 92 79 77 61 84 95 22 5 2 50 84 14 6 91 100 44 92 12 97 58 6 17 35 93 67 87 11 92 86 28 45 84 59 99 92 
19 41 19 33 12 1 10 27 1 58 93 61 84 62 43 96 7 48 85 45 24 53 62 81 85 69 31 52 5 56 2 34 53 22 37 91 51 89 41 74 99 13 41 9 89 70 22 41 49 28 82 30 
78 11 75 71 72 66 34 55 94 67 10 82 80 15 52 57 36 80 27 48 89 32 81 62 29 71 36 87 33 96 58 99 25 22 89 71 12 31 24 70 46 90 88 83 81 81 61 93 52 72 25 93 
87 5 54 15 84 72 30 55 30 7 72 51 73 89 99 47 74 35 91 14 54 94 86 1 54 56 76 81 78 2 90 19 40 54 52 64 58 28 58 44 55 66 19 57 43 10 48 15 79 48 52 48 
18 16 14 97 68 27 85 40 29 99 62 84 23 66 77 85 48 76 9 11 49 44 69 18 49 49 4 88 38 93 77 12 87 83 39 8 10 20 65 94 70 45 33 36 19 21 2 83 14 69 45 45 
57 97 61 86 63 18 65 83 41 34 9 83 25 45 100 61 74 41 48 83 82 26 20 19 47 38 74 14 14 39 94 74 12 51 47 36 43 69 38 98 41 28 89 44 86 43 72 3 37 28 2 66 
12 43 13 55 59 22 79 47 70 23 8 65 44 41 82 15 10 82 52 49 41 90 93 35 49 44 74 62 22 5 3 69 78 98 33 35 64 25 57 41 2 20 71 94 46 54 3 94 60 70 30 59 
93 6 85 75 30 63 71 44 57 81 48 71 28 7 49 50 26 11 49 90 91 15 69 75 74 38 68 68 47 72 63 42 82 93 11 33 79 82 98 40 87 80 20 16 9 33 87 56 19 88 86 2 
43 35 93 34 67 62 51 5 23 72 52 60 52 36 11 28 6 83 96 29 79 30 35 22 27 8 88 6 64 71 94 71 83 19 87 29 32 16 70 56 39 44 71 83 84 59 58 26 15 68 54 38 
19 81 40 4 50 79 27 23 49 72 60 42 55 67 32 44 51 61 28 67 61 76 13 7 93 6 41 3 51 69 12 88 11 72 42 33 6 55 1 14 15 84 44 68 93 27 12 50 75 84 27 49 
86 35 48 17 65 88 1 6 55 34 70 46 76 18 14 56 98 44 82 36 52 26 61 50 100 62 97 44 35 86 98 17 44 67 24 8 51 95 43 96 79 90 99 77 70 7 13 68 78 23 11 29 
91 65 74 55 26 6 84 18 41 47 4 8 87 29 24 84 44 35 97 27 27 25 99 20 16 30 35 59 57 46 75 2 62 81 4 40 53 96 13 57 5 31 97 19 71 89 8 42 34 66 43 19 
97 18 40 43 92 8 5 16 57 48 79 71 41 50 73 62 31 69 36 20 44 55 47 61 48 83 48 21 95 42 4 65 18 38 76 4 24 59 65 87 24 98 36 41 11 14 72 29 23 78 19 43 
20 9 45 49 38 69 32 33 48 97 19 77 25 14 64 26 87 92 98 68 28 76 50 16 33 85 44 50 96 28 7 5 8 48 70 16 14 3 80 88 21 24 76 92 41 26 29 93 76 45 18 74 
4 97 6 77 97 89 88 82 4 75 86 64 26 21 57 53 57 97 16 75 93 34 86 58 96 56 6 53 33 72 89 25 90 70 87 22 32 41 29 96 36 69 70 36 96 32 59 78 100 28 41 80 
49 20 56 42 38 21 53 11 9 68 41 4 53 92 13 10 79 20 82 1 69 66 33 14 93 78 25 21 77 44 21 39 80 14 60 67 61 97 51 33 4 47 86 72 67 68 43 93 67 94 44 58 
78 70 26 22 24 80 58 10 52 77 76 60 77 42 62 83 67 84 21 22 70 61 57 22 46 57 17 59 2 43 79 15 84 98 47 98 68 47 89 49 52 45 80 36 18 4 54 91 15 91 98 82 
63 96 97 25 47 94 52 67 73 80 72 82 50 51 25 69 36 80 50 46 61 29 16 48 21 42 84 15 91 11 50 14 51 18 30 85 20 28 95 69 18 50 15 39 45 91 68 18 52 22 76 18 
32 88 32 1 5 32 64 18 79 79 30 85 33 59 92 21 19 78 48 71 100 86 96 24 71 7 33 80 32 89 6 65 31 95 76 36 9 17 8 43 98 13 11 59 16 55 19 52 91 54 91 6 
54 71 69 93 93 77 92 23 85 41 70 89 68 43 1 19 63 53 54 40 31 9 100 76 60 33 45 51 25 71 12 36 67 78 18 50 32 35 37 22 32 14 55 92 30 55 57 5 25 51 38 47 
87 86 22 73 96 75 18 31 49 94 48 60 77 42 22 20 32 32 77 27 3 43 20 29 85 72 35 51 86 51 10 2 13 97 33 20 26 80 78 3 29 76 88 5 77 97 76 10 43 19 52 41 
75 48 83 60 10 98 44 68 82 11 39 58 10 66 34 93 5 68 1 62 98 20 14 4 59 31 26 29 52 70 79 17 3 22 20 47 96 59 94 12 78 52 12 76 50 20 36 18 44 56 63 55 
97 42 40 50 89 86 92 63 60 28 74 80 24 62 4 98 86 15 65 40 5 50 94 39 7 3 62 86 41 28 76 21 49 74 90 27 73 18 82 52 37 97 12 46 46 100 6 40 82 1 70 90 
15 54 29 65 24 56 55 77 100 67 12 4 40 48 43 8 65 67 66 56 14 70 44 83 61 10 82 45 29 39 84 45 69 17 72 4 3 45 28 86 18 64 10 5 38 84 47 32 40 88 14 65 
44 39 34 25 38 39 97 16 70 20 98 12 21 38 74 80 62 26 10 12 92 59 16 10 21 73 4 69 75 73 17 15 25 10 60 96 98 81 35 59 60 24 68 35 17 42 47 53 63 94 71 61 
44 66 41 7 4 38 39 89 86 77 50 67 55 100 99 70 76 97 5 45 12 60 32 4 52 28 10 65 22 21 34 36 99 55 30 83 36 5 99 92 27 81 78 52 71 56 79 9 9 47 39 99 
32 92 57 47 45 27 22 99 60 83 31 76 36 99 24 92 53 56 61 91 29 79 20 10 92 53 37 2 16 97 58 36 52 97 94 15 71 1 42 84 68 88 49 29 42 4 78 72 74 65 29 55 
68 23 31 56 9 41 35 76 7 35 73 95 86 42 84 4 46 89 66 92 57 5 41 74 7 2 12 49 49 73 1 16 56 70 14 89 66 86 29 46 81 65 32 78 57 55 25 38 33 37 78 9 
19 83 8 94 4 85 39 6 7 77 12 18 49 65 5 51 96 21 30 19 59 14 48 35 43 16 72 4 13 63 52 7 73 54 19 8 93 71 83 5 62 90 81 69 49 20 44 92 25 81 68 6 
96 18 61 63 62 47 18 20 72 1 2 52 86 54 55 60 13 71 17 91 38 40 77 65 6 82 28 82 72 80 91 64 75 43 1 70 38 85 47 34 86 87 33 38 84 11 92 60 14 86 55 88 
53 17 84 91 31 10 98 76 95 24 90 8 23 25 48 16 95 51 34 55 9 71 39 39 96 84 29 7 50 74 55 58 96 7 6 72 92 34 66 22 47 67 89 62 61 31 91 100 2 17 15 16 
33 31 27 78 97 11 63 93 50 51 47 20 32 48 33 48 99 59 29 18 53 10 82 90 15 15 73 8 6 16 74 59 23 92 2 67 78 11 31 73 8 96 89 73 6 26 44 48 17 18 40 51 
34 55 9 99 78 98 86 84 34 31 6 4 55 91 44 86 64 73 51 94 7 20 34 59 52 89 22 96 8 41 66 20 59 72 43 96 12 7 97 12 43 98 62 76 39 44 10 31 42 53 49 25 
53 59 55 17 29 60 48 39 79 26 30 26 94 93 60 17 69 67 31 83 33 18 40 83 97 96 15 23 50 2 91 34 76 42 55 9 1 25 54 24 51 94 85 25 34 58 16 74 97 19 87 87 
59 12 58 56 46 55 14 69 26 87 72 89 21 97 66 33 39 1 97 2 13 40 57 67 83 67 86 74 9 81 41 40 25 84 77 89 6 89 100 64 56 62 33 22 83 3 69 68 26 17 21 67 
43 37 36 47 85 26 100 49 43 65 98 14 47 63 1 17 78 90 56 21 37 51 39 53 86 6 96 18 5 89 4 41 75 48 78 66 91 24 28 6 82 89 59 23 46 89 36 35 82 90 78 10 
83 17 48 100 77 42 24 78 44 12 26 34 50 39 50 76 33 85 32 39 19 42 86 87 95 1 99 50 28 49 66 47 86 57 9 17 42 20 53 8 95 61 5 29 70 45 24 59 52 71 84 91 
6 35 75 80 87 94 74 45 64 82 65 9 74 92 95 24 46 81 26 32 71 12 45 77 72 3 77 8 54 19 67 54 33 10 38 18 73 83 58 69 94 38 66 38 58 91 14 89 30 80 18 49 
83 11 29 77 13 65 48 74 93 33 83 19 44 67 82 39 34 99 54 43 97 93 48 81 84 57 21 33 74 47 87 26 42 50 31 45 92 37 73 73 45 97 43 50 39 77 97 65 90 25 51 9 
18 35 78 64 51 90 98 34 6 85 32 33 64 97 95 7 60 85 61 94 12 6 77 78 52 55 23 69 41 98 69 31 61 85 58 7 11 7 82 21 58 30 17 63 5 17 74 46 34 86 25 47 
81 45 21 49 3 47 44 44 80 25 95 99 79 44 91 76 72 6 73 78 19 44 3 55 12 63 17 26 51 93 7 18 68 13 32 71 5 49 99 71 59 8 16 57 61 11 12 24 47 73 78 94 
21 100 74 94 92 56 59 49 85 99 37 94 56 37 38 5 74 41 90 42 50 26 33 72 84 17 95 81 35 78 62 72 28 33 48 1 18 40 36 91 30 14 5 46 87 28 73 80 1 27 61 7 
51 42 94 27 8 13 37 50 91 54 46 56 73 91 42 51 14 96 60 71 75 35 61 13 48 9 27 13 22 24 43 34 22 47 37 93 84 84 91 27 10 50 12 35 65 55 93 2 72 69 58 13 
14 1 19 20 18 99 83 75 6 76 54 90 38 44 5 80 60 87 43 90 53 42 63 66 36 40 91 93 8 73 14 71 81 83 94 84 30 50 87 98 6 66 25 23 51 32 33 51 97 20 22 73 
72 21 32 25 60 77 3 76 61 38 47 9 25 63 6 7 39 92 44 78 75 82 87 95 85 85 7 93 68 31 70 100 19 15 72 42 91 92 49 13 71 31 23 14 60 89 47 6 29 15 94 63 
70 14 97 44 95 8 23 27 83 11 21 69 13 81 53 80 55 58 42 27 88 39 63 24 3 56 24 42 11 70 57 39 68 72 54 47 98 71 61 38 91 59 7 97 60 68 45 16 81 69 66 89 
56 41 23 91 16 97 97 26 33 55 77 62 62 16 78 91 47 58 1 20 63 82 54 70 93 19 25 73 64 6 62 26 47 87 51 86 74 55 23 81 63 5 17 18 80 55 39 97 93 58 2 72 
