87 81
62 55 65
14 18 80
69 81 35
77 47 17
35 72 90
54 26 3
85 6 11
32 92 1
24 85 17
14 88 80
47 15 34
50 48 29
89 28 93
47 21 85
30 9 17
1 49 33
37 27 64
31 96 84
100 16 50
69 26 90
58 93 6
97 7 70
19 15 77
3 82 29
13 32 73
62 17 69
85 49 50
38 57 73
1 18 83
81 14 96
64 83 79
55 54 69
60 59 44
57 36 46
91 85 46
37 38 77
88 38 98
45 81 2
67 71 38
71 52 5
17 72 79
80 86 4
42 34 86
31 56 32
49 27 64
70 39 96
54 11 54
79 47 88
22 65 37
94 9 74
44 9 77
85 18 44
74 30 55
75 74 61
56 98 21
8 1 75
59 27 89
60 13 4
8 79 61
29 90 68
34 8 33
46 57 55
5 39 98
69 23 59
79 61 59
79 52 71
54 22 93
67 88 39
51 87 37
85 77 6
73 17 95
92 7 68
91 86 100
74 73 78
87 94 3
28 29 17
27 58 52
91 12 96
65 13 78
3 43 99
75 10 54
48 37 56
57 49 22
15 16 90
27 68 37
42 37 40
69 83 52
