84 94
92 85 9
44 5 36
50 92 2
25 32 43
51 45 47
50 22 6
25 6 10
51 56 56
98 34 53
87 26 24
46 85 32
8 89 77
62 65 47
93 92 81
9 9 24
53 65 67
34 27 55
70 100 35
67 80 1
54 9 77
52 89 49
91 89 68
90 6 58
94 3 54
23 93 13
86 12 89
88 4 48
53 35 20
26 43 7
45 91 57
54 100 62
82 19 35
54 30 90
26 50 5
43 39 26
26 85 27
96 69 14
72 94 34
79 60 73
78 21 52
42 10 69
60 20 8
97 13 69
53 77 70
92 46 56
10 96 74
90 28 51
35 75 68
63 31 96
33 62 31
2 25 40
5 50 31
16 78 96
58 2 80
87 21 10
23 32 28
61 20 40
87 42 35
51 17 30
21 96 58
41 67 94
98 35 88
28 7 99
74 100 56
70 58 47
3 54 35
13 88 55
81 25 39
22 45 16
85 87 64
73 74 47
89 52 47
84 39 31
69 91 26
95 37 87
23 42 50
27 41 11
91 25 46
88 43 33
27 38 22
4 81 10
91 52 11
17 99 97
11 52 56
