34
582577656 503062864
430461585 645130338
939553273 343058005
624191087 101892442
74196830 681913602
985416518 448894434
113450842 683611521
407912856 878717767
703889281 356565209
175870120 780482442
682033570 523836938
688005443 425768410
607629120 402842160
328379265 457559370
556544517 58749479
695178132 317457669
795530204 642699266
336867221 818644138
911180822 420546474
66543895 974484024
502715852 229533938
264071938 312136606
733291812 607309373
274513556 31987274
313739093 369391732
414037307 442277546
626823153 72880629
987080565 848645166
313925227 647219861
112619381 729595167
73738282 110398036
400999726 818897574
733371998 314078654
586857748 823249581
