9000 14384
10041
10467
16334
18500
11169
16724
12478
12358
18962
16464
15705
11145
15281
17827
10961
10491
12995
12942
14827
15436
15391
15604
13902
10153
10292
13382
18421
10716
11718
11895
15447
13726
15771
12538
11869
11912
17667
18299
18035
10894
11703
15811
14322
13333
18673
14664
16141
17711
11253
16868
17547
10644
15662
15757
12037
13859
18723
10741
10529
10778
13316
13035
14190
11842
10288
13106
10040
18942
11264
14648
10446
15805
16890
16729
16370
16350
16006
14101
16393
13548
11629
13623
16084
11954
10756
12840
14966
17376
14931
18308
17944
15439
16626
12323
15537
13538
17118
12082
14929
17541
14833
14115
14639
12658
14704
10930
14977
12306
14673
14386
15021
11745
18924
11072
16270
15829
18777
16573
15097
17512
15986
14290
10161
10636
14355
16767
15655
16574
14031
13052
10350
11150
17941
13724
14966
13430
14107
13191
10007
12337
16457
13287
10753
11383
15945
18909
15209
10758
16221
10588
16422
16946
10506
14030
17413
12168
10900
15591
10762
11655
18410
16359
10624
12537
13548
16483
10595
14041
13602
16350
11291
13836
10374
12020
14596
16021
10348
15199
11668
16484
18281
14734
10053
11999
18418
10938
16900
13788
10127
10467
13728
15893
16648
14483
18807
12421
15310
16617
14813
10514
15309
17616
10935
18451
12600
15249
17519
14556
14798
13303
16224
12008
15844
15609
15989
15702
13195
12485
13093
15343
13523
11587
12314
10503
17448
17200
14458
16618
12580
11796
15798
16281
11589
12798
11009
10157
12472
15622
10538
13292
16038
16179
10190
12657
17958
16191
11815
14888
11156
12511
17202
12634
16272
12055
12328
14646
18362
14886
10875
11433
12869
12142
15844
11416
13881
14998
11322
10651
11021
15699
13557
11476
10892
16389
15075
11712
12600
12510
13003
18869
18861
15688
14401
10789
16255
17423
15002
11585
16182
11285
10088
14426
11617
15757
10832
13932
14169
12154
17721
18189
11976
14329
12368
11692
13425
11555
13434
17549
17441
10512
13145
10060
13718
13753
17139
13423
17279
17996
17687
13529
14549
18437
11866
13949
10193
15195
13297
12416
11286
17105
16488
17282
13455
17734
10114
12701
14316
12671
15786
13263
14313
16355
14185
12053
10912
11808
11832
12945
14313
10756
11321
11558
15646
10982
10481
14144
15196
12222
17129
12161
15535
12450
12173
11466
13044
13659
18292
18439
18253
12024
18154
12510
14745
12649
14186
18313
14474
11022
12168
15018
10787
10905
18958
17391
11202
13625
18477
14414
10314
17824
12334
17874
16372
12159
12833
11070
17487
11297
17518
18177
18773
15270
11763
12668
18192
14985
13102
18480
12213
17627
14802
14099
13527
12625
11543
11924
12023
12972
14061
15181
14003
10432
18505
10593
14725
14031
18492
10142
18222
14286
14064
17900
11187
18360
14413
13974
15270
12170
10235
13833
11711
17760
10896
14667
17285
13550
10140
14694
12695
13624
11019
12125
18576
13694
14658
18302
18371
14466
14678
14593
15851
17484
11018
11464
13119
15152
12800
10087
14060
11926
10010
14757
15170
12315
10576
13227
13043
14758
17164
15109
17882
18086
12565
13487
12577
15474
12625
17627
15629
14928
17423
11520
16902
15962
10123
16596
13737
14261
11195
15525
11264
18260
16202
18116
15030
12326
12011
13771
16411
17547
13153
13520
12790
15924
13188
13763
14940
12851
10662
14829
13900
18713
10958
18578
18365
14007
12477
11200
18058
16439
12303
13760
11357
12324
16477
15108
13113
15887
11801
14850
15460
14428
13993
10384
11405
16540
14111
11704
13835
15356
16072
12350
10823
15485
12556
15216
11626
10357
18526
14357
12337
15271
15869
12361
13896
14022
12617
11112
13717
10696
12585
16041
16423
16129
16229
14565
16559
18932
14296
12855
13053
17962
13584
12734
16654
17972
13457
15369
14532
12963
12607
12483
10911
12635
11067
14848
14675
13938
12223
14142
15754
16511
14741
12175
13459
18825
13221
18870
11626
14934
16205
14783
15850
18398
14279
14701
13193
13734
11637
18534
15556
11993
11176
17705
16962
11548
16881
10300
15413
17641
11855
16855
14142
12462
10611
13877
12424
15678
11752
10443
11296
13673
11040
10313
10875
12072
13818
10610
11017
15932
11112
13695
14169
15831
12040
18488
11685
11090
11497
12589
17990
16145
11353
11314
10651
18740
14044
12258
10335
18759
12192
17605
17264
13181
11503
13829
15775
12608
12292
15997
18549
12556
17561
14627
16467
12541
18129
14240
10813
12174
12601
16077
12215
18683
18213
15992
17824
15601
15392
16759
12670
18428
11027
14084
11075
10786
16498
16970
16287
15847
15604
10503
13221
14663
15706
12363
10010
14171
10489
10240
13164
17542
17619
12913
17591
16704
14818
10232
10750
17205
14975
11539
10303
12422
13098
12247
14584
14648
12971
18864
14913
12075
13545
11712
18546
10678
11769
16262
18519
14985
11289
16944
12865
10540
15245
17508
11318
10870
10601
11323
13132
16472
10152
17087
11570
12763
12901
18103
15423
13527
12600
18969
15015
15565
10028
13543
17347
12088
12943
13637
14409
18463
15049
14681
11588
12342
10608
15060
13221
11758
12954
12888
15146
10690
17949
13843
13430
17620
10748
10067
14536
12783
10035
15226
16185
17038
10853
17629
12224
16748
11923
13359
15257
16766
14944
15955
15318
15726
17411
13025
12355
14001
14549
10496
10584
10515
18964
15342
18075
18913
17142
14196
13948
17072
12426
15606
18173
16429
15404
16705
12626
12812
11375
13093
17565
17036
15736
12141
13814
15994
18256
16652
15936
13838
12482
11355
13015
11131
10230
18841
15625
12011
15637
14186
11690
11650
15662
13634
11893
11353
13416
14452
15008
17262
14233
15454
17303
17634
18303
15256
10148
12124
13317
14213
10109
16028
12200
13080
13318
17858
16050
16155
14361
16264
12903
13676
12643
18909
15902
13561
11489
16948
11282
14653
13674
12220
15402
16923
13831
11369
13878
12259
11008
14619
15971
13003
13945
10781
18504
13392
15685
17313
16698
15589
13722
15938
11037
16410
14461
16234
13508
10961
13959
16493
11515
17269
16937
11869
10058
15700
14971
18264
16117
17215
16555
17815
10330
13039
13212
12288
11082
11954
17085
12710
16484
16774
18380
12815
17951
16541
10115
11679
18110
17898
15073
10788
15977
10132
12956
11689
18113
11008
13941
16790
11723
13363
10028
17184
16778
17200
15071
11885
13974
11071
12333
14867
18153
15295
15168
12825
10676
16629
11650
12598
13309
14693
14686
13080
11116
13249
18667
11528
18679
17864
12421
18405
18826
16816
17516
10726
11666
12087
10681
11964
11340
15686
16021
12662
15721
16064
12309
12415
18902
12873
18124
15941
15745
14762
11423
10531
14806
13268
10318
15602
14907
16307
15481
11012
13136
18630
16114
18809
14084
15556
13290
13293
12996
12152
11054
17345
15708
10248
17491
14712
15131
13114
17439
17958
16722
12704
16995
11052
17269
17479
10238
18423
10918
11866
18659
15498
11486
13196
17462
18633
13158
13022
11146
10392
14037
13925
11647
12458
16602
13807
14098
10830
12292
15600
17278
12799
10352
12448
14882
10540
11315
14575
18762
10567
14336
10397
14418
11897
17828
14851
18816
16230
14449
17925
10658
10229
16520
11940
12560
16147
17162
11655
12675
10792
14361
14754
17398
15146
18714
18946
13188
11569
18638
10663
16075
16515
12521
10475
16615
12528
14234
13570
10905
10464
11557
11962
15161
13524
13549
18469
10330
14923
11350
15333
14925
11910
11737
17336
10337
11278
13393
17636
13714
11164
14591
11949
11135
12505
14337
11004
17337
12623
11664
10970
17608
13568
11281
17085
10152
10373
11652
18194
10876
15826
11396
17572
16249
15640
12174
10819
10943
15611
11941
12289
18419
15565
13805
17585
17216
14450
11615
12609
12064
10166
17893
17074
14509
13300
11695
10573
16589
14161
14172
18968
10358
18031
18268
11426
11510
11422
13774
18779
13910
15552
14182
17391
16495
15764
10874
11364
15902
11255
14460
10474
16972
18821
18122
17547
13577
10789
17605
13195
10594
17950
17343
10754
12481
11012
12672
15439
14428
15912
10762
15967
16408
14415
11908
18223
12759
18434
15204
12486
14319
10958
15945
18806
18166
10700
12367
18692
13787
11532
13556
13974
13447
15021
10283
18222
12331
12376
11583
18948
13723
18982
14018
15776
10220
14111
15182
15856
11490
18925
14324
16486
11677
16969
12643
17534
16677
14668
14068
13991
15196
17783
17828
17727
12426
16871
11697
18612
10703
12027
12408
15545
10508
17185
13238
16237
18443
13313
14501
18850
17128
12111
15650
11149
12192
11454
16869
10681
10465
12267
18713
11793
10634
17472
12972
14830
16901
11442
15177
14877
17770
10702
15364
11381
17590
18823
12237
18023
15179
17595
12169
12327
13042
14310
11182
12058
17926
10487
11670
15528
15651
12258
17213
10860
17783
13286
12742
18610
14472
17128
10434
15841
12718
13503
15867
16865
11938
11881
10257
14750
11614
10598
11458
12661
18063
15756
12807
12278
11489
11435
16365
15075
17586
11386
17833
18360
14330
18048
18928
12492
13433
15840
16766
11735
11810
12599
12837
13892
14982
17328
12352
12369
14244
13794
16608
10252
12647
18432
10535
17208
13264
13497
15243
10649
14015
18841
10189
17100
11812
13648
10523
11851
16474
11633
12891
10200
11854
10990
17697
14919
18780
14578
13931
15544
13340
14487
10899
14525
18483
15538
17492
16193
11252
17011
11560
16834
11840
14497
12785
10529
14540
10805
11791
14392
14210
14549
13578
18979
13971
10277
10073
12193
11620
13497
14826
14276
11790
16582
14578
12159
12418
18489
10159
13449
13924
10072
11380
10008
10967
11208
16477
10503
16370
15607
15196
13074
14722
13611
11019
11761
12056
13890
14163
17683
14716
11932
17452
12741
14954
16813
12862
11396
16460
12615
11904
12599
12136
14680
10198
10032
15387
15584
17240
13517
18006
18670
10241
10882
17249
13523
14758
13105
12621
18095
17296
10916
16678
11178
14579
17058
10577
13750
15007
15729
16081
12995
12678
16676
10753
12899
12784
16565
13093
14608
16172
12243
12929
17514
11168
15055
12191
15973
18922
16748
15651
11986
12144
17446
14577
18517
15629
12916
15874
16791
16469
14912
18146
13693
10091
10815
18949
18857
12640
18052
10236
18551
10487
14226
11162
17955
15183
18394
13180
17097
13065
10065
12513
10261
13578
13078
17878
15140
14611
14947
12445
10170
12975
14489
16750
16149
13333
14865
14214
18282
10007
10432
18896
17367
11522
14882
14810
18641
17231
12187
16705
16479
16321
16538
14351
11447
16208
10646
14276
17759
13189
13422
10666
18486
13455
12028
12614
14860
12253
12777
14348
13503
11861
14431
12082
13455
15197
14106
18752
16821
18296
18281
18021
16455
16947
10124
10318
10135
12376
11774
12859
16998
13074
10253
16922
11635
11643
11888
18153
14232
14747
11680
11926
17678
16450
15801
16961
15199
12855
18363
15716
11573
14561
15245
16473
11274
11550
16353
11181
14287
12699
10110
10643
18465
17172
12529
10981
12112
14476
14381
18247
18890
17671
18805
15372
13032
13989
10320
15165
16431
10658
12293
18206
18578
17948
12206
10171
10166
13396
17697
14020
15694
16529
15788
13109
18984
12969
11978
13617
14015
17626
13684
10168
18906
17928
13097
11118
16390
16199
12785
15486
11199
13420
12710
10271
16813
10415
16085
10318
13580
11331
17267
18387
14444
15186
15507
14360
18827
11074
18431
17152
13271
11268
14693
11885
10337
14311
18604
13677
10406
17768
12022
11413
15000
10542
18537
13038
13388
17355
14289
14647
13181
14093
17584
11987
11761
12493
18217
10501
18482
12447
16665
11753
14104
16084
11095
14525
13221
13964
13781
14872
18106
13656
13343
14593
10080
17080
15868
13411
14713
12968
13251
10216
13079
11768
18040
14531
13933
15779
12663
13259
18653
10936
12095
16365
12874
17720
18835
17680
18976
10455
15725
14071
16808
14559
10156
15602
18832
17905
11440
17375
13562
14885
13962
13080
11836
11797
14202
11508
11080
15340
13076
10058
14493
17740
18546
12474
16773
11097
18880
15335
12072
15400
10707
14955
12666
14141
15588
13481
18168
11315
11396
17225
11009
14012
10136
12455
10762
17043
10742
10021
18922
16512
10248
18018
10368
15717
10714
18650
14290
13335
13759
13169
13895
15303
14640
13979
16199
12105
16791
10661
18681
13652
18753
16033
15029
16987
17042
18253
12083
12420
16814
15718
13244
14063
17229
12652
10864
14769
13470
16005
13047
11594
13487
16326
13276
13323
16540
17679
15990
15588
16710
12271
18945
12221
11470
12183
15589
15955
14978
16779
15006
14262
12135
15487
10196
12033
12088
13935
11779
16993
15790
16962
10965
12001
11105
12807
16567
12669
13134
15671
11457
13998
13545
14597
15218
18838
15844
17372
18563
13028
12264
11801
15723
14490
17604
14601
16227
12197
15692
11771
12363
12301
14363
17721
13565
18421
15445
10610
10495
17741
16022
14812
12151
15015
18055
13393
18738
16279
11882
11608
13654
13822
15707
16245
11338
10144
14290
14339
15154
16604
14623
14225
12078
13724
14981
12330
12733
11223
12594
12130
10846
14987
12445
10805
18616
15750
12489
10338
13963
11135
15697
15209
13630
15224
11908
18737
16474
14920
10372
11293
13855
16734
10561
14056
10606
18184
17075
11382
15119
16741
13432
16684
13779
13279
10283
12667
13836
16125
16118
13737
10028
15119
12577
11737
15091
12556
14795
17060
13901
18793
13432
12136
14580
15875
15907
13184
11074
18719
18790
12476
13041
13351
18329
17290
14974
15072
13591
13189
16787
14490
13239
15893
13053
18063
11681
17903
10005
16176
10479
11695
16139
15468
14998
13083
15639
12515
10621
12993
16826
16722
15838
16828
13581
16399
18978
12891
11023
18943
16834
15243
17349
12702
18707
12502
17141
11687
18346
16891
16637
10413
12400
14816
14690
14162
18935
12126
11410
11877
12382
18260
10189
18705
14874
12663
12722
15195
14566
17360
16038
10588
17811
11245
10467
15425
18867
14189
11542
14063
13547
13502
12617
10099
17023
18226
14203
13048
13051
11570
18636
10458
17967
18456
10405
12531
12962
18819
17975
11556
17531
14495
18044
13591
18803
13388
10915
17450
13319
16272
17791
12383
11133
11775
16642
15569
10300
18954
13078
13585
12257
17333
10893
11490
11103
14750
18233
11722
16271
11611
10990
13338
13641
15258
11047
12352
10658
10479
17302
15683
10990
11002
16568
14422
17895
16135
10008
13361
17742
14194
15699
15188
12178
14042
14357
15941
11847
17469
17345
14380
14913
15964
17710
12061
17385
12073
10504
10462
15703
11102
12069
15154
13529
14552
15074
11149
13730
12244
11844
14049
15118
16065
18363
11552
11773
10470
12731
16747
17511
15869
15398
11498
17103
10352
17679
11053
14043
15522
14088
11563
17834
10850
18022
17240
13911
10492
15651
11580
16477
10616
12876
11178
15220
15615
14348
18798
15179
14635
17857
12883
11662
10902
11262
11420
11770
11022
10273
17841
13686
11888
13917
14717
11892
14698
12267
12749
10065
11389
16932
17619
17081
12003
12130
14028
10631
15589
15152
10630
11172
11864
16407
13295
17428
12681
10490
18610
18177
14071
17236
16459
12643
17840
10633
10037
15893
14630
12274
13993
11782
15203
18461
18290
11662
14307
12997
14151
10423
18890
17717
16640
11703
15566
14883
15661
14659
10245
12386
15651
15765
11601
17840
18209
11497
10283
12250
10058
18421
10175
13581
18787
13271
14287
10999
13504
16979
12138
11700
10530
12461
13118
10205
17540
10828
16459
12622
15398
13760
10098
13935
11481
13614
11567
10493
11596
11161
17746
11538
17670
12538
13476
13555
16917
17371
17760
15752
14758
16433
15255
12065
10726
12401
13034
13759
11393
13548
10273
10792
17193
13933
13137
18103
13690
11211
14694
16668
15627
17498
10989
16248
13879
12647
12149
13931
10669
13875
17598
17449
17436
16599
12123
11443
11731
10154
14861
14434
10385
15967
11816
12393
17704
12866
13953
13308
11223
10684
13792
14667
11048
15469
14930
13811
11814
17090
15427
15743
11604
11599
17474
17195
10506
15158
18589
10858
10809
18889
12447
10040
13818
10364
18975
10026
17089
12503
13066
18412
16840
13570
15676
17395
11641
12986
18651
13109
18187
12083
13085
15390
14250
10686
14755
12381
11128
17502
16277
13862
18424
13565
13872
10832
13885
15428
16646
12889
16478
11883
16925
13265
14260
15045
12778
15821
14855
12520
13927
16773
17134
10251
14675
14336
17334
13001
12737
10310
15974
17590
12356
11071
15080
11935
15145
18282
11825
10718
14573
14712
14037
14998
10905
17162
11717
18692
11539
11047
11946
11103
13231
16115
10839
17858
12829
12645
13394
18199
11645
15272
10675
13862
15072
14773
12480
12238
18897
13542
12608
11203
15277
16125
12134
11401
10078
10382
12169
12736
10478
18939
13138
10721
14426
11663
11677
13575
16724
17981
10700
17961
11862
17002
10448
17095
10684
16016
16137
10507
14993
13284
12944
13259
10821
17058
16643
18668
11677
10119
12857
15041
18891
17264
11623
16915
18072
18929
10841
14715
18615
13536
15957
10759
10700
14452
15093
16241
12829
13448
15227
12798
17224
11324
13274
10133
14885
16038
13170
16862
15629
15084
12909
15878
16923
10085
12400
15024
15193
15105
10412
16765
15767
16407
11677
14784
10704
15790
10834
11891
10621
10085
10734
17190
12542
18998
14086
15018
16621
13424
14597
13376
16254
12669
10108
13927
13493
18068
16366
10102
12438
13600
11819
15318
12290
15984
17339
12556
17808
14632
13478
18814
14787
17239
11074
17020
11827
12554
11988
17441
17798
14642
11002
17321
13104
14946
17056
10509
12833
18708
11761
16533
12686
15804
18385
11142
10842
18260
14161
14620
14343
10578
11187
10113
14063
14591
15934
12415
10656
12761
17012
11411
12959
17251
10738
14370
18124
15507
18007
18584
11951
15101
15489
16958
16441
11790
18013
13412
15855
13060
17093
18472
17402
15676
14543
17373
16266
10651
16275
13528
10532
11761
15469
15503
15729
18107
10892
12451
18953
11392
14570
14519
11472
15407
14494
10505
11440
12383
15262
13409
11607
10038
14360
15471
12171
12654
12947
12514
15523
13229
10489
16766
18887
12756
18632
17470
17739
12666
18522
17283
18160
18553
16705
10091
11259
17386
14687
14629
10042
11317
14045
13356
14388
17452
13154
13466
12833
10760
18919
17631
16738
13267
17776
13098
16314
17320
14053
16007
17469
16216
10722
11842
12007
16463
18260
13947
14793
11630
10717
15043
14376
17314
17626
18117
11334
12620
15171
18792
18964
11154
10866
15693
13664
15775
14000
13212
13100
17551
17476
16379
11943
18877
13789
10361
12385
18272
12434
16144
12561
17563
15504
13946
15888
12308
13157
11430
15123
16464
14074
14346
14837
11981
17318
18611
17292
18591
13832
10123
16461
17991
14461
10330
11498
18369
18291
18400
15179
16117
12317
11914
11595
11441
15936
13867
17028
14453
10909
14973
18981
12503
18569
16816
11883
17367
15385
11402
15230
18157
11681
16567
18310
11866
13687
14171
13477
14245
15764
16238
10671
12047
18115
14592
10311
15657
11405
10053
17171
12580
14740
14530
14675
16320
17790
14377
11998
17586
13604
14489
11631
12744
18388
18610
10718
18919
10259
15927
15609
11119
13479
14716
16300
13396
17853
12458
12830
16593
13806
12849
15854
16272
18160
13294
13054
18333
10146
14229
11471
11428
11559
14241
12421
14688
17366
13033
18685
12270
17329
15261
14860
12208
18982
14162
15506
16878
12979
11897
17887
16538
15469
13783
18540
14795
17266
10633
14509
16557
12317
18134
15053
10135
13258
12593
18843
13693
17466
14951
10140
12094
13937
15174
12512
16097
10551
12695
13817
15492
13292
12237
10530
10613
17296
13710
15389
15628
15809
11786
14744
10840
18182
11569
16120
10393
16292
15962
15214
13527
18807
14194
18705
15713
17011
10913
16693
11664
18203
11995
18762
15381
18946
12909
11048
13768
18624
14511
17954
14235
11127
15633
11240
11862
16127
10577
15817
12340
11142
16100
11400
16558
13476
13154
11935
17430
15831
13295
13537
16623
18922
12927
11029
13211
17211
12754
18880
13253
13293
13321
12785
18528
11443
14000
11555
16671
10270
17452
10375
15631
14640
18934
10040
17986
11834
15248
11539
11765
13796
11312
17262
17052
13731
15987
16464
15557
15248
12556
12170
15450
10182
17301
14293
16099
15332
11044
15331
10075
14004
11050
16026
15066
12738
11801
11623
14843
10441
13380
11695
17918
13659
11363
13628
16329
11088
11854
18613
16979
10569
10666
17679
10577
10837
13402
15115
15292
11723
12872
12448
13323
12153
16948
16395
17197
14508
14908
18411
14993
17665
18781
13202
18610
16828
10256
10705
18965
10023
12769
12715
12253
14805
15684
12478
15145
13840
10833
11285
18900
11968
15994
17633
14885
10348
10281
10032
17256
12910
11872
18982
15901
13306
11635
18860
15471
12527
17137
18343
10768
11233
13995
12171
17603
11942
10011
17879
14034
15512
16593
10530
15161
15234
11258
13926
15906
15191
15443
16188
13227
15719
18484
15224
11093
13435
14224
11094
13582
18867
18627
14005
12146
15686
17589
12540
10237
14850
10759
10578
11956
15677
12403
11042
16300
16811
15225
13143
13595
13016
18615
11804
13006
11368
14641
13335
10698
11325
11313
11023
14312
16618
10457
10396
18339
13086
15094
17846
10043
14522
13911
17280
15455
18358
18847
11870
10990
13873
14327
13413
13454
14896
13472
16450
18241
14641
15646
15525
11213
17824
18929
18695
17403
13594
17993
18067
14187
14640
17079
11041
10125
13534
14860
15000
14907
15621
10692
17293
15117
17717
12403
13943
18893
11639
12011
18925
16028
11978
11748
12850
14892
18444
11654
15623
16353
13036
14547
13346
10826
17061
13904
11238
18571
18886
17405
15299
14056
12728
11267
13751
12019
11991
10166
15717
17846
18093
13187
11421
14912
16867
11299
15444
12897
11201
13328
16942
17104
11768
12768
18641
17296
12262
11720
13244
10918
10625
13219
18584
10174
11984
11459
14149
18014
15695
13503
15032
14851
11537
18814
18363
14651
11219
16290
17917
13683
14918
18584
10252
13586
14269
18248
13137
12397
10424
15168
12027
11148
14993
11382
12271
10669
10893
12877
11014
11104
10484
12943
12495
18811
11293
11892
16798
11990
12299
15890
18493
12074
11549
14774
10314
12173
16069
12218
18865
17833
16238
11911
14252
16463
16508
17149
15088
13245
16231
14920
11106
11271
13368
16421
16258
14157
10647
14982
10238
16122
18723
10906
10706
11189
12156
13345
13351
16923
17118
14550
12097
12836
11591
14406
14510
17813
15651
17880
10844
16743
17741
12245
15578
14949
13705
16514
11785
10227
18624
18204
11356
15917
16227
10555
11102
15286
11468
12698
18979
13411
13489
11758
14490
13775
11410
18132
10089
10296
12950
15112
12122
13529
17672
17836
10277
15553
14976
11670
10085
15652
11751
13397
11751
12001
10435
17693
16072
18916
16716
17328
11511
15125
12838
10296
10939
12544
11056
13826
13902
18758
16588
13021
14586
15108
12777
13628
13979
18947
13549
11280
14245
17128
15062
11426
14719
11677
12091
14047
14785
15231
17406
18684
13954
17769
15709
10956
14421
16945
14465
17016
13860
17497
10335
15190
15677
11049
13005
17886
15388
10675
14143
18377
11130
11487
18555
14482
17253
16000
10754
10289
15488
17215
13008
14310
10940
10799
12997
10707
18454
10304
18237
11485
13499
13792
12613
15612
10682
13983
16351
17129
18137
15033
17600
14864
15683
12857
18968
11710
13968
14708
12641
10732
13437
12684
15499
15701
12869
11583
12256
11692
17640
13087
16012
14810
15820
15835
11663
11615
17897
10677
12774
11134
10553
11533
11878
12286
17624
12734
10075
16349
13712
18984
13624
10792
16504
11822
14055
10913
10462
16473
12084
16160
14122
18053
11397
12822
11750
13337
14917
14006
14931
14197
10505
12236
11357
16599
11290
11898
10985
13447
11084
10592
10725
18996
12855
16828
16338
18342
15428
12795
13742
13037
15506
16767
15053
10793
11505
16146
13609
14924
11854
12465
13239
18206
16209
16492
17499
10175
14036
15061
14647
16618
17013
18727
16712
10896
13909
10841
12130
10090
10034
17915
16286
13523
12666
11344
15736
14037
15416
15893
11949
13971
11844
14777
11285
18200
15590
11285
11325
18118
17668
11006
10729
16008
15541
10225
16536
12980
10716
13470
16384
11747
12328
10936
16204
11700
17523
18364
11411
17040
10250
12504
15483
13766
17141
12670
11845
11506
10088
15256
17107
18266
15857
14678
15199
13674
15155
17191
18990
12832
13858
11996
18917
11290
13967
11707
18234
11246
12462
11402
18239
13426
11095
13906
18314
11350
14586
15279
18776
17822
16879
15301
16812
15676
13164
17357
15570
16038
16312
11144
17561
11180
10200
13643
13856
10061
12647
15939
11808
10290
18452
10979
15618
13419
16007
14284
16547
12977
16675
10613
10709
14371
11642
17339
16336
15621
13501
18034
10129
13358
11436
11469
14897
11504
14798
14202
15105
11238
16032
12065
13516
15481
16579
10023
11727
11771
14313
11382
16140
16816
11488
16319
15589
15513
10259
12851
15271
15283
14364
10038
13012
13184
13759
15501
10574
11733
15059
10714
10649
16595
11522
16541
12416
16377
11052
10565
11891
10138
14310
12967
16055
14787
10224
10222
17439
10441
16648
18804
10834
11368
14441
18872
15668
11974
11176
15137
12633
13241
15745
10018
14015
14974
11252
10846
18956
17524
16966
16581
18144
15240
12334
16296
12876
17027
11205
12018
14291
14641
14465
17191
14471
16259
15700
12217
12016
11943
15624
18064
14505
11157
14502
17666
10275
15046
18632
12789
16046
12145
16003
14152
14901
18326
12153
13184
11649
13350
11405
16346
11025
11970
15336
14795
10793
12323
15532
11856
16896
13210
18776
15692
15550
16290
14795
14852
18350
18315
11036
12361
13760
10984
18729
12534
16050
11082
17806
11936
17584
11790
13617
12182
11066
15116
16388
10425
14101
15610
16450
11982
11621
15193
10038
17754
14593
15895
12280
15638
17167
18420
14345
17883
15865
16696
13833
11390
14632
12189
18839
12183
14817
14129
16753
11679
10613
11600
18252
16145
11861
12151
11318
11963
17813
15907
12554
14476
10617
12211
17429
12264
16966
11531
12942
11698
11522
14155
10587
16257
15158
14464
14762
18510
13946
14065
18380
14165
15946
14540
10297
18042
15464
15194
13584
11270
15715
15200
11206
15106
14302
16696
18833
17611
11067
10415
16645
13175
16354
15448
16919
14079
10988
18321
17592
14597
14197
14509
18652
10071
10658
15122
18859
17997
11999
11899
14120
11320
15036
17984
14912
11915
15953
11485
12741
11199
12567
14208
16844
13169
12681
14879
13108
18207
15259
17706
15849
16075
11026
12124
10607
18774
12884
12128
16546
13145
12481
12714
12149
16168
14338
12307
18793
15504
11105
11697
10217
16955
17641
12343
18133
15097
10679
12736
11555
17633
11954
10930
11252
11904
12279
13488
16870
14754
18072
15176
18701
16415
10086
14231
18480
11975
13260
12514
18938
17657
15990
11438
11981
16447
15242
16618
17070
17631
16061
10219
11781
12990
13833
18672
11563
13302
10502
18928
13721
16898
14447
11945
11406
12222
18686
15794
15577
13844
10683
13547
14240
10485
17464
14723
12337
17653
10168
11130
16255
11466
14858
14512
12656
13318
14201
10142
13276
14506
15702
11684
16023
13270
18312
18250
14475
12311
18850
11195
15488
12520
18101
12183
16798
10892
10848
16784
13245
13187
15462
11343
10258
17859
18871
15016
18172
14832
16441
18683
17088
14015
14976
10516
10298
10039
14283
13205
11997
12146
15769
15675
10917
10387
16020
16030
18442
13735
15389
12373
13480
13073
11777
10786
18381
14785
10522
10345
12979
17085
16713
13935
11735
13883
12186
17096
12648
12085
15752
10521
10260
13982
16636
17688
11919
18236
18792
10065
11278
14198
14496
18386
13011
11976
17547
13121
15202
17245
16702
11564
14539
12572
12257
12370
13920
14654
11359
12080
17298
15391
15960
13510
12591
17867
14033
11675
13136
13499
18775
17790
15376
14256
12272
12703
15086
12967
10515
15542
15495
13566
10456
15186
18437
11198
13626
10364
11085
14665
10908
12340
11360
12814
13154
10012
11752
13338
18706
13525
13630
12249
15179
13079
18313
11838
15517
18421
15145
15991
11969
13839
16308
17565
15762
11473
15681
13970
15147
10053
14708
16508
17715
14429
14066
10689
15663
12771
15541
17259
10631
15572
12514
11966
17988
10170
11168
14199
10655
13850
14444
13936
17278
11406
12427
11313
17523
15371
15327
18073
15461
12173
10934
14102
17587
14417
14463
16153
18126
12595
11495
12213
12406
10370
15859
15305
14496
16833
16223
14852
18879
13519
16126
17793
14585
13465
14371
16444
18107
18271
16087
11099
17519
18596
15715
18552
14492
15753
18257
10590
16959
14357
11886
17809
15865
17686
15019
10259
14313
12435
11028
14101
11468
14869
10456
16731
17578
18074
12395
13843
14274
14316
16024
13511
10585
15722
18971
11057
15095
18174
15038
12183
18658
18295
17722
17983
16231
12503
12232
16300
16590
13480
18408
16505
15702
14858
10818
11557
16561
16120
15028
15656
17713
13332
15092
18182
18467
12320
17358
13074
13987
10094
14983
13364
10264
11714
18746
16390
11425
18255
14163
14467
15792
15231
14619
12880
14718
17128
11948
14720
10079
15091
13766
10587
15808
13126
15825
14159
18518
13220
11035
14314
17456
16147
12156
13134
13360
10751
17208
14478
14294
13589
18524
17976
10694
14090
12189
12372
17419
13301
13702
16844
12523
18539
12609
12827
16637
18186
10416
11827
16169
18623
15899
14514
11415
13644
15436
15669
11378
14676
18858
17952
10846
10137
15915
14988
16616
17288
12382
11074
12333
13915
12056
17656
13062
10616
16524
13129
10442
11984
14872
17049
15396
10026
18582
11202
10775
15416
13665
15552
10759
13755
12417
14844
13554
11443
16824
14999
11422
10121
16733
14413
11917
16793
13873
13060
14175
10074
15985
15501
14622
14208
10395
12026
18720
18291
14988
11929
10072
13977
11193
10008
13254
10922
13876
16137
13816
14803
13090
17912
13289
18253
12979
17299
13322
14902
10602
16369
13654
13729
10734
13438
13274
15226
17463
11134
14972
16348
17453
10503
12307
17518
10333
10437
12695
14179
10661
15144
18659
11961
13907
16576
14472
12645
13592
14972
10628
16196
16811
16535
16835
11229
13716
15532
16956
17158
12749
16620
15296
11724
14120
16526
17406
18983
13445
13574
13691
18588
13538
12664
10104
12877
12353
12942
18004
13623
15852
16625
18611
10842
18724
14149
12135
14590
11146
17328
15855
10804
14741
17909
11381
13779
12102
11083
10692
11532
18312
18099
16161
12047
14405
16290
18569
12959
15628
14139
13228
10580
15471
13778
10440
10456
14148
12444
16745
17125
17210
14698
17616
14180
16815
16064
17226
12472
10479
11593
15482
13005
10536
16333
12105
10587
13732
16638
14165
11064
15518
18399
15032
18508
14896
14438
15978
14638
18245
14059
16169
10744
10362
16769
12049
18518
17467
11558
15143
15061
17603
10190
14186
11226
13603
18004
13300
14768
10423
14347
15396
14566
17230
13665
18152
15000
13617
12173
13786
11668
14597
14579
18224
18728
18260
13158
15425
15267
11312
10734
10452
15169
12562
11570
18211
12235
16890
11711
12064
14750
11960
17545
15767
13754
13787
18217
16565
12942
12088
11273
12815
10579
13837
10388
11269
12886
14830
11809
14640
17321
10319
12881
14626
14020
11411
12454
17893
13984
12357
14999
13336
10829
15950
13457
15405
11365
12334
13049
11094
11592
14270
13119
15017
12313
16253
17117
14977
11160
13505
10153
16591
16562
13576
14854
12072
12134
15016
17050
10193
13945
11852
12747
15521
18061
16344
12259
11366
12885
15439
12718
10107
15268
13554
15050
17432
14799
15020
17735
14098
12792
13916
18182
11029
17316
13059
14758
14583
14399
11135
18357
12070
16271
14342
18780
14877
13406
11295
18686
12403
18252
16718
15035
17285
11428
17678
17960
10101
12949
12364
18385
10626
18157
12737
14841
10938
12593
18096
14033
14493
12768
10873
12935
11109
13096
12381
13561
17739
15584
17923
11499
17731
12849
17442
18606
16850
11287
18040
14769
10223
11588
17467
13083
13400
12158
16606
17938
11463
12920
10366
16758
11685
10023
12229
11298
12356
15470
15175
16196
11683
10988
17619
12946
15190
18275
12469
17519
15341
18197
18545
11654
17158
15058
15794
15791
14341
16837
11900
14232
13675
11736
18438
10958
13580
10085
16013
15284
15253
12727
13285
12426
11670
15536
13281
15370
16549
11348
10077
18199
17835
13573
11137
18351
11731
10617
15233
13571
10376
17529
18731
12044
12342
17467
13000
17528
13916
13634
14999
18757
12240
10581
14623
16941
17131
16749
14539
10299
17575
14099
15363
14245
15726
10201
16424
16083
17389
12735
14024
10895
11745
16170
12483
11717
11392
11752
12324
11773
10740
10255
14468
14070
17843
11030
16756
11765
13114
12980
11458
13358
18124
16008
17311
16667
13717
16928
18590
14099
14580
14870
12990
17412
15000
10064
11275
12084
11682
18911
12106
10868
18644
15826
17436
18366
12592
16988
10838
16865
10212
15947
17446
11659
11052
15771
13256
12110
15057
11666
18250
13670
14145
13925
14148
15874
17774
17043
10429
15536
16763
12016
13858
15934
17301
12061
15655
13815
13174
13582
11139
13082
15024
12900
11575
11337
16376
12300
11424
16864
12537
12695
10525
10629
14851
12788
13794
14744
13706
11075
17071
16490
14884
15819
11979
10195
15158
17807
10845
16374
18438
13156
15820
13432
10766
10222
14957
10553
18271
16955
10389
10625
18029
13128
12039
11527
12394
18490
12648
11054
15517
16192
15530
13618
13148
16056
14990
12282
12743
18439
13301
13493
11927
10269
13393
13033
18431
13592
11135
11026
15842
11080
10616
14961
11717
16907
15920
14245
14166
13121
10782
12782
10006
16491
14870
15615
14195
14143
12763
15771
15592
15935
11217
17412
15881
14467
18721
17952
18322
11828
10230
10429
13424
18699
15153
14151
14794
15041
16264
18383
18720
13144
13388
15077
10213
15202
18658
14202
15753
14249
15058
17575
18090
16638
16823
14395
16701
18205
12558
13123
16287
11041
15026
12530
16209
15820
10935
17043
13531
17674
13902
18100
15071
10775
16009
16430
14794
11622
12736
16890
15015
12452
18754
10782
18933
17188
18855
12960
18945
10923
13542
15659
13487
15943
16347
10584
13389
14668
13788
13198
13280
10479
15707
11813
16860
16447
12846
17271
15182
13344
14142
17448
17636
13353
17549
14888
12823
12825
10251
16190
17639
15046
13362
15775
18624
15078
14985
11103
18781
10377
18350
16048
12170
10494
12216
13729
12726
17038
12915
11672
10352
16862
16421
10667
12128
13465
15329
10259
16082
15389
16986
13419
13735
12140
10666
14632
14485
16822
12003
15161
12896
18141
12150
11432
15872
15361
14770
15313
10165
17645
18120
11810
15128
17970
16621
13596
16004
18514
12799
15210
17269
11552
15235
10471
17344
12830
16382
10261
18395
10151
12666
10083
11710
18758
17372
12295
18906
13014
14452
12284
12905
17812
11021
16341
16575
14290
18525
16611
14167
18982
15783
15387
11793
11050
11679
10268
14274
13884
15629
12335
13460
16105
13511
16992
10824
10550
17016
18060
11801
13759
12309
12923
10067
17300
10225
18256
11140
11048
14655
11807
15449
18491
10760
16382
14836
13219
13270
11679
11725
15519
14809
17701
16631
18324
17807
13725
14301
13283
13969
13488
13164
14963
16124
17534
10770
12851
14997
15724
12511
12067
13265
12840
13379
16955
17028
11661
12432
10227
13160
17139
15666
14237
15048
16848
16404
17048
17565
11221
14133
14175
16241
15514
13147
18362
15954
12676
13454
13658
11721
12784
11688
11466
17116
13856
13180
18429
16537
14629
10389
10843
17004
12101
12384
13920
14987
15136
12052
17582
11528
16366
11472
12193
18958
14179
11983
15987
11823
10397
12096
17594
18901
18653
15520
13503
14472
10020
11932
14953
11824
15033
13057
16665
12732
13280
17167
17966
17690
10868
12926
14828
13479
15144
12703
10449
10833
13003
14910
13240
13027
16610
10527
16282
18393
18187
17863
15961
12565
11599
11251
10318
13081
13558
11103
16358
16238
17178
18464
18457
16572
17221
17922
17756
11867
13260
10298
17343
15234
18841
16019
17352
15062
18411
17811
13793
18405
16881
13651
17760
18898
13271
16842
15694
15084
13535
17500
11955
14155
12323
10650
16688
15939
14010
18017
15932
15948
14210
13495
18419
15648
14189
11171
16851
13695
12223
13637
17649
16800
16407
11134
13884
18177
15812
12641
17304
14496
15162
13537
10551
17851
12732
14565
10938
10445
13228
18194
15526
12178
16745
16928
14205
16149
16257
15312
10401
17199
16727
15692
14353
10795
18542
14567
10149
13376
15255
18742
17748
13103
14815
15047
12073
11965
14749
10137
15169
15331
17970
18053
18768
11052
14178
12156
16981
13695
18586
14929
10731
14278
18859
18752
15089
14958
12238
17054
10972
14208
17656
16171
10147
18503
11511
15174
11819
18107
13205
14599
10788
14261
12045
16435
17492
15732
13076
14667
10403
10367
10899
13054
11167
11212
18114
13129
15793
12977
12854
16012
16831
15889
15326
15647
12299
12489
12674
17836
16612
16387
12957
16503
11491
11482
12829
10027
14361
10952
18496
15646
16183
16597
12554
17032
10102
15945
12476
11224
10081
14195
14623
10632
11343
14602
16369
13282
11989
15437
13599
10035
13179
11654
16652
15399
11350
13132
11945
15293
13871
12649
14590
12204
15177
17705
15319
14750
13528
12228
15722
12668
18785
15774
11184
16651
10884
10037
11915
16189
12681
11074
14759
15850
14546
12260
16427
14233
10421
13161
10818
10546
13350
13263
17461
13846
15458
10594
10371
18945
14502
18246
12420
17254
17953
16760
13586
17419
11735
17616
12113
14335
11592
12018
10265
10370
14336
18525
13746
18644
11512
12482
12815
15105
17726
15201
10773
17306
13080
14593
15990
14591
16214
13223
15857
12700
10849
12322
14285
16762
12702
11268
13374
15152
15848
12235
11638
14762
11237
16272
11792
13200
18343
18519
17481
13370
18991
12145
11984
13714
10085
13079
16399
17282
15386
10119
12650
13193
13185
17516
11608
18888
10499
13425
18896
10769
17331
10814
12502
15970
11537
18598
14077
15398
16851
12888
15463
12053
13505
16741
13267
11662
12655
15081
10695
11618
18872
17094
11670
12538
17121
11445
15523
18243
13365
14718
18135
17937
14599
14499
14192
13554
11124
10031
11066
18429
13722
12556
14818
13875
11692
14910
10361
14132
11728
13522
12149
10277
14826
12348
11278
18777
14338
16175
10944
16125
10139
11821
16340
13640
17966
12081
18148
18547
10951
13907
11551
13110
16557
10077
14009
10403
13576
11540
18023
14574
16454
10369
12906
15485
16999
11048
15930
10573
18658
17816
18884
12373
12031
14604
10783
16791
17422
18010
12987
15364
10568
15994
10579
16023
17709
14657
14141
12285
18477
15023
10272
18828
12435
14549
13517
10009
10743
13867
11265
13590
13891
13369
11538
17604
14776
15212
11991
13693
15409
12620
11197
14662
17128
17100
15759
11842
10440
11089
12494
14642
14620
13486
16146
10964
12486
11271
13943
10466
13474
13445
12788
18349
16827
13954
14504
13281
15246
15757
10285
17114
11350
14832
15673
15943
13312
13232
15883
14239
17768
15589
18683
16209
13987
10795
14245
11912
11639
13935
14248
11479
14207
14230
13954
11601
14940
12043
11718
15412
15377
18623
12472
12983
13885
12686
10720
17257
15702
15439
11606
13276
17924
11652
14037
11035
11699
14316
11890
14367
11606
12221
18975
14520
12792
16565
17547
16258
10684
13531
12829
14782
15705
18162
16689
16923
13870
17342
10282
15196
13180
11969
11072
10715
17051
16736
12755
16174
10477
11154
16729
11882
16851
11769
12237
11301
16676
14604
10073
16161
13197
18595
12125
15485
16062
12229
10560
17718
12073
18079
18709
10662
11224
12574
17682
17475
11815
12343
10446
10532
15568
15684
14361
15472
17286
18266
16089
15151
14604
18233
17594
10076
10598
10604
15533
10468
14184
14417
12964
12616
12014
15066
15996
17873
17148
12510
11396
16941
17791
17866
17589
14020
15355
16948
11251
15081
15271
14825
10228
14173
14454
11309
16430
14238
14991
14739
16853
12448
13567
18054
12877
14490
14197
11056
11773
13589
18862
10536
12429
13888
11539
18585
13841
14167
15520
12560
13047
15581
13382
11606
12989
18784
14403
13960
13462
18732
12392
18843
15063
17923
15611
16740
10692
14443
14270
13919
11849
18112
12576
12845
12486
12556
11603
11364
17498
12508
13878
13338
16723
13005
14411
14193
15117
10943
11227
14514
17290
12416
12801
13339
17544
12236
12012
17274
15433
12740
16401
12183
13135
16828
13633
10437
15134
11577
13671
18722
10263
11659
16540
12368
11282
11848
12366
15290
13227
15458
15071
13106
16305
12001
17434
11770
10555
18507
14299
17730
14075
18803
13439
18194
14488
11664
18673
10048
17358
12280
15487
11764
15713
16013
13452
10170
16978
16766
13704
13416
11649
11377
14837
11537
11459
12432
12955
14105
12526
15937
11366
13914
15155
11290
16446
10182
11635
12093
13936
16846
13238
15456
16403
11714
17599
13041
16925
10074
13324
11344
12863
14749
12276
11597
15334
17647
14426
12043
13244
14592
11761
18269
15175
14139
16696
11481
15471
13268
17713
10666
17030
11806
10109
16290
12059
14684
14546
15759
14103
10606
10391
12093
14196
12583
18950
18557
17435
10012
16667
11869
11165
11903
13973
10791
12516
16149
14515
13118
16243
13388
12497
10711
12091
12874
10563
10125
17007
10370
16121
17727
12658
16336
10275
11221
12576
11799
16919
15241
11611
15712
13209
15635
15263
18830
18514
13336
15783
14032
16988
13339
15705
15670
16940
10868
11391
17728
14985
15537
18320
14124
13997
10354
11703
15494
13562
15865
18554
12700
15302
12714
14629
17794
13026
12463
10528
14748
17679
13351
12199
10003
10442
11280
11016
16290
16098
10858
11730
18553
12551
15262
10444
13649
11485
17055
13572
13889
12858
18552
10129
15640
16860
18046
11627
15044
16422
17936
17473
11154
10333
18756
12051
17391
17534
15931
14322
10079
18202
12176
13580
14269
15388
13429
16885
14002
10610
17327
15274
15760
10099
17042
13055
16393
14065
14928
16572
12284
15726
11798
12523
18201
14587
14088
11997
12652
11175
17750
11678
12455
12893
11630
17406
10531
11489
16165
14521
13127
10964
10440
13113
13389
14710
12488
14763
13320
18188
15821
18264
16003
10754
15722
17316
15854
16586
18425
10524
16818
10302
13120
15659
10488
13682
10341
12574
16500
17566
18222
15754
11552
10850
11516
14226
15486
16602
17737
11901
18901
14749
16967
13102
14265
13881
14843
17710
15508
18489
10858
11184
10121
11106
16586
15987
14371
15490
16972
11518
12073
15353
11281
12662
10996
11213
10451
12115
18804
11785
12333
13564
11504
13837
12453
14784
17333
17972
18921
14544
16370
14257
10088
16129
12297
13340
11923
10901
16343
15876
11731
10500
16648
14613
10253
12311
10693
16332
10451
11814
14599
10216
15212
16834
13849
15252
12912
11141
15209
10450
10180
18569
10535
14562
15365
17111
13817
12011
10763
14321
15606
14345
14443
10850
14593
10664
15442
10444
16833
13736
16502
13025
10559
18953
12007
10006
14543
13129
12751
13070
10395
13228
18541
13059
13220
14715
12944
14178
17658
15384
17738
13383
14638
13737
14635
15030
11782
15315
15080
12021
14425
18752
10204
15446
11412
14004
18045
11825
11244
12549
18994
18529
12132
10009
14316
12429
17761
10133
13930
11746
15532
17283
13873
13439
13880
18835
16987
12570
17589
17629
15560
12521
11597
15189
14163
13444
10621
16705
12815
11713
14334
17999
14137
17615
15164
15058
15511
18383
16846
12943
15737
12831
11655
13251
16351
14290
17052
13295
16420
16061
15360
12767
16273
18034
15133
17191
10301
10378
17387
10879
14500
16615
13709
16072
17061
11952
11970
14823
10064
15537
14050
11610
11791
13978
14443
17161
14821
12718
14298
16183
17933
18695
15709
13072
17468
18703
13864
13845
11849
10050
11646
14142
14444
13155
18459
10768
18885
13301
10768
10847
15606
13187
15535
11309
11364
18633
11351
11140
10625
14724
16346
13200
12838
18031
12221
13217
15624
14584
15815
12344
18352
13019
16070
12367
18919
15174
16487
17030
14345
14716
11044
14699
17162
13685
17115
17321
16502
11541
17804
17573
11733
12452
17811
13229
12224
14159
10983
14665
13845
14950
16826
18591
18897
15213
14371
12986
15662
16190
15584
13906
15418
13622
10719
12666
17218
11991
13959
10566
18103
15279
13498
14867
13345
18103
18430
13020
16025
11534
15821
14833
17235
11287
11393
14827
13348
17624
15692
12918
13800
18244
16431
10086
10695
12508
13753
12597
15192
14121
12819
18907
12071
15022
12561
11991
14052
15251
11523
11965
16956
18980
16061
11465
10523
13300
17828
12235
10953
16612
14682
15876
16157
15289
13292
16199
11776
12461
12842
11131
10660
18700
12638
13080
16620
12545
13929
13168
15141
10762
12834
14633
15270
15082
11000
15560
11364
16141
17099
16336
17665
16833
12029
11827
10254
13028
11319
15984
10110
13168
16417
12397
18125
17406
12410
11463
15048
14690
14969
15344
11599
15643
11155
13464
15537
15558
18206
17911
12414
11947
13293
10129
18587
15080
10085
18764
17234
18076
15015
13118
14384
16847
12648
12547
15555
11832
18781
13837
10427
17896
15859
18324
10799
16653
17701
11841
14404
16729
11215
13565
13650
17532
13083
12719
10296
16439
10778
13238
15241
12803
16006
14620
15670
17849
11205
14524
17078
12787
13984
13629
10139
17898
11973
14638
13815
13002
16041
16485
16063
14211
12066
10827
10583
13930
18565
13082
10982
18831
11235
15290
12812
13256
16802
11448
16513
18126
10497
10064
13215
13293
14907
18437
10418
17338
14424
10070
12183
16345
10328
18059
17483
11221
13537
12560
14349
11923
13883
16905
16847
12313
12786
18984
15409
11234
13500
11970
10839
13157
15668
13856
14485
15592
14022
14733
15735
12383
10827
16499
13061
14090
18135
13100
13479
18573
11906
16885
18245
14209
17836
11981
12939
10699
13101
10407
13195
14219
13084
12427
12355
17560
14133
16452
16800
10603
14688
15398
16875
12569
10304
17990
10843
12557
17857
12319
12875
16149
10190
13946
11798
11467
18346
12509
13080
13479
17981
15207
17719
15138
15425
11699
12770
15014
15510
13355
16232
15765
10618
14720
17237
11264
10709
13703
15544
15050
13541
14301
13344
18427
18141
12910
11696
15824
11683
14098
11640
11131
11570
15754
15535
12903
11445
10609
16414
18032
14917
12630
17318
13432
15413
16090
10461
10132
16635
13517
18645
10321
11818
13805
14333
14721
16246
14970
16788
18394
14008
18227
18835
12577
15675
10205
12050
15642
11254
13318
11390
10724
10979
14365
15754
13171
15022
15844
18267
14509
12410
12872
17552
16874
17977
14697
16370
10941
12267
13341
10617
16968
17065
10321
10655
17727
18914
18283
12137
16932
18549
11162
13882
15035
11592
17135
18930
12534
18520
18728
12688
11724
18634
17233
15603
18125
16122
13782
12760
18065
14930
11264
15423
15322
14486
11908
15638
18631
11565
16426
14362
10563
18378
15419
14851
18741
17315
14076
13168
12521
13098
11587
12531
17239
18339
12552
18830
12474
12781
13742
10118
12900
12700
16234
17606
11680
10790
16923
18399
18168
10485
11634
17455
17544
12444
13708
12800
17219
13518
17349
11947
17580
12299
13448
10684
18119
12132
15340
12888
10770
11297
13433
16140
12622
15545
15540
12727
10250
13082
12247
11099
12050
18730
18396
11304
17331
10805
11051
13082
14139
16767
16370
16676
11143
13556
18973
10116
12957
11286
10366
12433
11843
13672
11814
13298
12471
18937
12261
13809
12920
15586
18327
11441
10053
13323
15528
15491
16597
17099
11881
13823
14310
13671
10578
15993
16090
13653
13234
16266
16247
15113
10422
11745
17974
15488
13022
15377
18519
16083
16966
12805
12794
17646
18324
14441
14089
10098
13797
13066
16460
12391
13573
17465
18605
18806
18438
17396
10518
11262
10944
13726
18015
14893
11323
13569
11124
14218
17369
13472
11670
10161
11015
10825
14729
11494
16037
16195
13830
17549
15300
11701
11794
10561
14303
15992
14959
14948
11206
15613
11969
16639
11455
16561
12651
14410
15677
17576
14539
18222
10502
15224
13196
16849
16023
14912
18723
15714
15371
17808
11620
10981
14156
15298
13149
15145
13497
11466
10443
11448
18392
14531
11204
11695
10294
15450
11149
11951
15581
14598
13845
14675
10245
14584
13433
16100
15399
13567
15297
18009
18941
18231
18099
14898
11974
16387
10759
14262
17145
16729
14659
10324
10767
14966
13968
16927
12094
11849
14796
12542
18923
10396
15417
16411
18368
13048
16781
15833
11574
16688
13884
17668
11468
12425
16204
14844
13921
15960
14911
15922
11951
18700
11342
10630
13425
11430
11451
18720
11198
11527
14480
16405
13382
13425
13614
17612
16204
13192
14009
15938
17005
18866
17666
15171
13080
16964
10541
16026
17886
11935
13733
15251
11724
15076
16292
18159
13951
16596
10527
11807
14287
13027
11920
11805
12127
16837
12710
17583
10803
16137
12483
13341
15635
11621
15277
14278
13080
17434
14711
14229
18853
13930
15408
15730
17448
13632
11141
12670
16416
13063
11818
10815
11984
18509
18974
11741
13885
11408
13960
11748
15085
15778
13101
18171
15505
10401
16796
14172
13109
12731
18987
12670
13525
11184
16802
13727
14746
11688
15352
10197
12989
18895
10398
14951
13018
11373
17257
14719
15873
16915
13068
12883
17610
12859
12125
10596
14839
18583
14518
10159
13518
15061
16167
11603
11166
12938
18226
17193
18882
10876
16760
18738
15557
13780
10554
13078
10061
17868
16521
17673
13098
14757
14258
14419
15345
18901
10189
14216
17956
15239
15725
18125
11532
17178
12421
18716
13762
11287
11208
14738
17530
14605
11490
13799
12569
15407
14253
11413
10656
17785
13583
11348
10593
12799
14362
15606
13666
13735
16219
13671
18664
15599
10608
10847
16014
12914
13212
17507
14622
18327
14492
12320
18999
11898
12271
10386
12192
18552
17217
15524
15988
10693
16089
17688
14414
13296
12268
14346
17358
11737
10745
12568
11797
13825
12647
11221
17237
12643
12907
13670
14549
13546
11039
15252
13012
18020
12431
15476
10691
13525
12845
18099
14416
17774
18056
10677
16872
14736
11008
16896
13309
16132
15358
14788
13744
10004
18930
17727
10649
10519
14868
13174
17901
18361
14255
15966
18927
13313
10362
15780
11818
12728
15289
13713
14941
11223
12796
16731
13840
13231
13135
16632
11582
11382
14250
13644
18852
18457
10601
15268
13033
10773
13894
11419
18526
11883
16533
17782
10512
18436
17825
13052
17812
10024
15845
14296
11202
15773
12758
14305
17677
13358
13111
15281
12650
12570
13980
14253
15327
18359
14716
15797
16118
18718
13777
12381
17065
15152
13713
14371
18176
16586
18874
13242
13241
13509
11097
15662
14248
12242
18148
15592
11536
16620
14617
13229
10624
12781
14638
13706
17561
15350
13547
14458
11039
11905
12981
18468
18414
16601
17316
10294
11967
10045
14167
11039
17163
11600
10774
10444
13999
18525
18080
13217
18824
12449
15086
16674
11257
15185
14215
10058
13275
15230
16582
12211
16037
13270
18962
17591
13028
15661
14612
12696
17876
15100
11958
16171
16191
15248
15122
13698
14550
15758
15728
14145
15742
17438
12860
12473
16477
12493
10695
16404
18213
11032
15525
11904
15295
12221
15848
10168
11084
12620
11091
15838
11232
13119
13337
15566
13432
18262
10534
12831
13637
15694
16102
18011
15514
11642
12269
13834
13547
10730
11503
14041
10606
11411
11297
15737
11102
14015
14063
18117
17317
12999
13151
12643
17538
16782
15454
11887
13012
13912
18922
15837
14174
17091
13808
15718
11851
11277
14623
17852
12211
11230
17589
18001
14015
15487
14728
13029
10921
15987
16863
10327
10488
13477
17714
10846
13475
16082
10831
13839
13619
16169
11647
11362
13406
16560
11752
13905
13561
14720
16380
18441
16550
11339
13738
10124
11951
11005
14940
12989
12625
11482
17104
10653
15380
13430
13611
13606
15058
11787
15051
16327
12430
18622
11747
14407
16296
15714
17205
16949
16406
10810
13515
13935
14588
17785
10334
18913
12023
11476
10963
15177
16726
12922
12707
15529
10266
15627
10425
11900
13248
17975
18530
17757
13413
11096
18016
18092
18905
17251
14807
14730
10703
15547
14452
14255
15684
18535
10594
10146
17790
10036
11047
18505
11607
13278
14958
17281
18746
13299
15422
16592
16413
13808
16052
11041
15791
10576
17924
11657
16708
15946
12958
18632
12263
11627
18831
16441
15679
11637
13100
18637
11909
14750
14654
11540
14597
18827
18979
11046
12139
17838
18081
10898
11792
16221
10697
11293
10813
16206
13929
10693
10351
14816
12194
17238
15988
14675
14971
10421
16980
11683
18966
12099
14756
12609
12466
15668
10359
16395
10184
10928
16094
16332
13866
18458
16266
10463
18913
18431
11286
14360
15166
11449
12122
17260
14883
14173
15966
16706
11946
12474
11708
16346
15670
11820
14266
17069
13378
14927
15038
11884
14359
10767
12978
14030
13921
12191
15890
13093
11444
12809
10507
16040
15523
10222
10647
11150
16225
17262
12382
14969
10740
17001
15855
10305
10526
16287
14863
17979
14966
16478
15345
16209
10886
16906
15720
15643
11606
14442
17361
17983
10938
16817
11795
13709
18799
13497
13795
11742
13252
13367
16140
10103
11855
17755
12052
17856
18445
15262
12997
13650
11789
12065
14705
11127
14447
15427
14503
11276
15265
16675
15246
11781
18803
17815
16263
14760
10316
15581
14777
15533
13828
14784
14703
14444
13476
10374
15108
17535
14402
14935
14441
14786
13393
13320
13414
12944
13857
13912
15304
17496
18691
18706
11826
18216
10583
13133
14511
11976
12305
12665
15206
11098
15418
18619
17791
16024
11467
16850
12934
18495
16975
12075
17694
16787
15465
15762
17639
18508
18460
17682
13586
12495
10122
13935
15948
14559
15119
15138
15466
12373
13750
15060
10341
15093
11548
11406
14918
15268
10212
16065
16619
11127
10571
14114
10042
17750
15749
11728
14261
10977
11736
15025
11606
12465
10783
14953
11405
12626
14153
10165
17545
14127
16780
14431
15380
13183
12347
12723
12081
12063
17544
13249
15426
16440
11662
13291
10029
12698
13598
15978
14727
13825
12460
18269
15180
13223
18347
16402
14165
13082
16423
15055
11187
18807
10809
13330
16091
10111
17544
10344
13075
18689
15205
18756
16724
12217
10856
15048
12760
12280
13650
13088
16966
13067
16778
11173
13843
10048
15932
11576
10763
12598
16335
11616
14857
11980
13166
13661
17491
14933
13929
16085
16250
10891
14693
15288
18288
10786
16057
13559
11827
16910
18226
13290
13241
11264
13666
13074
18692
13148
16412
16892
10216
12158
10827
12159
12042
12839
11163
13448
16396
17250
13896
13196
12678
12108
15486
14437
17303
13323
10001
18041
10845
15630
15094
11400
18993
12054
18394
12204
15542
18124
15569
18581
12643
13827
10201
14502
11023
13038
13561
15834
14101
14205
16900
14732
12456
10636
12210
14917
13593
14477
15792
14910
16990
12408
12775
18889
13069
14391
17139
11835
14306
11039
15173
13069
17573
12444
11827
14195
15336
13395
17102
14316
12007
13022
17764
10948
17008
14772
17008
14790
12157
15047
10831
12086
14696
13906
17467
13814
16190
16467
16605
15511
14383
16653
11439
14826
14942
12929
17440
13527
11540
14886
10443
10047
14153
10470
10610
13605
14709
14971
18471
17242
12332
11842
15420
15225
13881
14718
17588
15351
18252
16857
18865
12975
10430
12351
18102
15750
12788
18747
10072
18290
14219
14717
11993
15760
11756
14092
17693
14199
18032
10849
11873
18343
17933
12444
13856
15486
10025
15364
14000
14332
15022
10145
13053
18709
12895
16747
14508
10319
14634
17136
13123
17244
11982
13490
13375
16546
13439
17048
15565
10962
14168
13719
16469
10982
18113
13287
15340
10766
17633
13290
10321
10636
10677
18995
13906
11463
15249
12620
18056
16133
12566
16955
10057
17421
12461
14501
18660
10916
13163
11738
15378
11397
18334
10588
12499
10470
16199
15115
10366
11465
16232
11874
11078
14337
17800
13848
10993
15958
17757
15671
11058
16682
18617
14065
15706
17820
15312
12204
11602
12197
15136
18643
12116
14978
13306
15624
17115
13473
18160
14678
14336
16719
16608
17188
17782
14321
15616
11223
13712
12186
10170
14766
12042
10268
11458
11876
14662
11946
17981
12753
14704
11838
18597
14322
11595
18911
13115
10387
14221
10237
14604
15578
15640
11864
12566
11694
10931
10365
18756
17184
12065
17106
10265
13000
15984
14389
17402
17411
18957
14807
16407
10227
14686
17943
15035
13112
18231
11677
18049
11206
12401
13435
13546
10959
18576
17811
13708
10090
11164
10597
11725
15107
15883
18415
12377
11094
17380
16355
17168
18934
10383
18611
13316
10403
13948
14200
14041
15660
11273
18723
17189
14032
17223
17787
10178
13739
14503
12137
15890
12463
14177
12801
11203
13913
18830
16314
15099
14998
18103
17598
12117
14790
16868
18374
15692
13448
15106
13184
18848
17926
13567
18235
15407
14977
16471
10205
12030
10920
17845
14458
12759
12598
14042
14808
15277
12066
10633
14505
12278
10290
16311
12440
12017
13402
14869
16543
12848
13226
17760
12057
10863
17646
14490
15668
13526
15386
13610
13649
16339
11813
17162
18358
11220
13437
10815
18875
16372
14876
12390
14429
13555
18010
11077
15784
11275
13435
17976
15840
17048
18529
10190
15633
13367
13637
10323
17445
12003
10994
18086
13734
11452
15275
12541
11925
10201
14855
16304
14378
11391
11433
14260
12725
14826
11125
10690
14189
12707
13935
17847
16719
13883
10614
10428
13313
13048
18026
14640
18727
13709
12466
12565
15965
17887
15473
10976
13750
18653
12953
16229
14509
15343
10600
10771
14611
18778
16763
17188
11568
16002
18960
16968
17373
17666
13360
10418
14385
14001
14485
12619
14946
18613
17696
13389
16894
13804
14119
16219
10627
13088
10461
11295
15652
15643
10090
13747
17965
11124
13284
15525
16953
13792
