341
5 576
8353 15981 19696 21727 31172 
334 531 645 145 2 
3 956
3254 10448 15513 
134 729 963 
4 582
942 2001 2652 11213 
960 880 251 969 
4 754
3293 12599 19177 27190 
657 310 660 997 
5 397
3048 10939 14277 18508 19031 
242 53 467 444 235 
3 362
1873 9464 10951 
507 874 27 
3 1
6196 15711 25173 
266 545 543 
5 112
7219 10695 20143 21070 28007 
69 998 975 142 459 
5 932
2085 5618 8258 16136 21594 
85 604 134 177 375 
4 318
7047 16656 18390 20982 
1 216 673 941 
5 478
6493 14912 20006 25592 31400 
3 3 695 562 754 
5 919
5217 8437 15370 19345 28279 
701 15 324 585 833 
4 899
3489 13082 22012 26385 
784 196 880 688 
5 149
9663 16629 24119 32587 33388 
789 467 824 14 395 
5 339
6110 8282 11483 15482 20041 
629 999 969 836 628 
5 92
1184 3876 10841 20096 27126 
989 292 764 219 137 
3 489
7820 10943 15695 
137 569 841 
5 326
9148 18463 21594 24289 26483 
707 580 655 267 404 
5 344
9662 17205 20876 28331 37544 
466 370 598 639 483 
5 798
5557 7064 16914 18030 22396 
494 160 949 678 398 
4 851
5779 8637 14427 22045 
863 587 78 304 
4 952
4341 12542 19116 21115 
796 306 521 84 
5 400
8871 11706 13895 22304 29044 
406 835 402 257 471 
3 414
7477 11991 18494 
863 694 157 
4 937
8617 11258 13531 21841 
737 79 766 841 
5 720
2842 9054 17628 26233 32646 
318 743 659 780 266 
3 187
9703 11747 20941 
837 997 165 
4 189
5551 8108 13584 18832 
634 415 17 138 
4 236
3780 4767 9533 15292 
872 606 791 827 
4 484
7440 13772 16377 24928 
885 16 152 453 
4 329
6886 14055 14987 21242 
534 816 754 999 
3 135
5953 15572 24766 
792 267 569 
5 569
2159 8309 13241 16719 26312 
110 999 314 368 126 
3 952
9810 13575 15570 
678 442 832 
5 865
4753 10099 18460 21102 30371 
597 433 407 231 335 
5 493
3693 8155 17135 19771 22994 
788 322 335 971 668 
5 377
7380 7920 9831 17309 24333 
832 386 283 169 821 
4 389
9965 15810 17950 21577 
227 659 730 328 
5 17
2105 8555 15245 24925 25241 
317 779 135 217 164 
3 733
4773 11970 18859 
516 188 911 
4 881
2475 10114 16483 24500 
971 745 670 99 
5 410
8883 18273 25972 32461 41041 
381 154 667 740 421 
5 806
736 5257 14395 22631 26764 
173 655 483 37 974 
3 679
4953 10594 13806 
666 139 342 
4 696
8839 15035 15707 23723 
239 654 888 628 
5 197
8951 15467 23740 26299 26827 
416 967 300 611 384 
3 527
1437 1767 11623 
428 945 956 
5 843
713 4305 9994 18234 25462 
239 786 356 757 515 
3 885
757 3614 3695 
25 352 474 
4 657
224 990 10419 17411 
964 999 710 836 
5 116
8326 9608 17405 20290 23530 
937 900 818 469 172 
3 380
427 455 2791 
969 964 822 
3 842
121 4605 10175 
687 254 703 
3 449
1785 9654 15836 
852 491 946 
3 1
1665 7994 9688 
997 784 139 
4 150
97 5077 5414 8684 
219 250 850 108 
5 666
1903 7601 17378 21010 29972 
19 295 948 260 225 
3 518
3729 12232 22119 
321 231 757 
3 124
5781 12091 17688 
662 213 340 
3 569
6577 8594 16431 
176 539 978 
5 403
6232 15904 16449 22210 25092 
137 445 588 952 194 
5 991
4975 4982 5673 9798 17249 
747 648 785 235 165 
5 407
1407 9727 17690 26403 28651 
333 650 995 56 565 
3 932
5378 6406 9931 
52 531 593 
3 180
668 6484 13086 
500 466 318 
3 906
177 1414 1890 
533 568 102 
5 918
1145 9071 15914 22252 30530 
902 830 499 79 881 
5 703
387 8389 8995 10317 20009 
647 915 193 729 892 
4 684
4227 10786 13283 17806 
363 127 866 58 
4 507
1236 6492 10820 19316 
581 339 445 82 
3 677
5803 14621 19252 
457 790 116 
4 18
7222 11106 14832 16842 
218 757 436 827 
5 682
16 3568 4003 4651 8706 
487 709 227 204 808 
3 901
4073 10171 16346 
789 18 697 
3 737
7725 7842 14442 
43 56 727 
4 488
394 2608 9712 15307 
129 231 159 397 
3 236
4149 8751 10519 
20 998 621 
3 444
6946 13327 19440 
73 660 833 
5 362
9200 18481 24917 29961 31880 
286 281 37 34 420 
5 964
4182 8182 15929 25631 28219 
450 474 347 828 674 
3 448
9314 17246 21669 
947 152 734 
5 612
5591 10283 19774 28811 34272 
123 79 170 394 795 
3 588
440 9005 18412 
557 507 941 
3 710
4422 10851 13203 
603 755 832 
4 971
6475 15602 20898 23774 
682 770 156 119 
5 64
1138 2301 11693 17251 19445 
732 246 969 493 826 
5 330
2196 2250 10668 20081 28971 
98 532 893 169 910 
4 132
4073 10803 16361 18950 
858 227 35 890 
5 3
2002 5984 9812 19742 25271 
721 747 358 525 594 
4 136
2528 2882 12372 19685 
785 539 127 137 
5 238
8945 13948 15459 22799 28105 
736 489 497 84 232 
3 536
1612 7038 9485 
678 262 966 
5 818
6985 12060 17790 23054 23646 
717 633 418 728 89 
4 770
8385 17089 21676 24030 
69 642 633 167 
5 776
7930 12953 21296 28011 29105 
459 398 708 548 808 
4 230
6698 14496 23717 30442 
82 90 121 564 
3 306
5670 10149 17562 
239 95 12 
3 696
9738 14340 19910 
830 276 997 
3 576
9515 15205 16725 
887 928 822 
4 218
7745 9039 10988 12827 
287 921 280 616 
5 206
6146 8191 11572 18934 22830 
900 507 398 99 517 
3 245
8522 11835 16942 
637 785 511 
5 27
2880 4965 10438 15686 20296 
722 30 605 441 852 
3 617
6085 6869 10213 
676 16 98 
3 263
7403 13124 17622 
678 201 224 
5 592
3016 4419 5036 8276 10187 
678 31 601 611 962 
5 584
6262 8711 12592 13702 22837 
800 529 696 284 891 
3 57
9592 16402 25863 
690 878 860 
4 199
2926 6209 14358 16252 
473 951 935 902 
5 469
3102 7468 15234 23356 31851 
764 353 183 370 186 
4 101
4202 14080 18505 21085 
805 402 347 991 
4 758
9622 17833 27636 28099 
891 410 643 186 
4 336
8120 15066 17248 23432 
388 266 957 289 
3 142
5878 13618 17310 
249 808 339 
3 970
7804 11223 16529 
607 321 703 
5 970
3016 6086 12029 12086 16393 
329 469 768 645 731 
4 793
335 9162 9576 17329 
345 25 827 872 
5 36
8580 11080 17463 18270 22203 
276 352 3 455 411 
5 591
4482 7137 9003 10663 13188 
426 240 81 590 31 
3 393
9171 18417 27965 
190 506 706 
5 154
9814 13137 22159 30701 40270 
859 741 659 180 129 
5 157
3902 13802 15386 16673 22759 
895 119 565 417 727 
5 479
8792 10798 19312 24749 32985 
951 519 575 89 537 
4 7
4037 13600 14953 16329 
537 347 503 953 
3 42
6972 16773 18608 
466 431 371 
4 537
4153 11299 16219 16925 
477 988 618 483 
3 634
1443 7141 14897 
634 753 846 
3 84
6807 13210 16617 
826 713 387 
5 617
5786 10448 12789 18968 24898 
372 805 733 673 629 
5 122
9845 14269 19183 22825 30975 
449 42 711 521 508 
5 526
3314 11588 17907 25152 33734 
3 40 236 696 108 
4 917
1650 5244 11734 19983 
946 245 437 110 
3 199
399 5093 10485 
517 52 369 
4 112
4944 9884 12284 20880 
886 879 689 667 
4 504
5743 6746 11539 17857 
66 742 270 958 
4 949
2656 3646 12746 15946 
650 287 982 811 
5 571
2567 7802 8867 18570 25180 
487 313 305 435 650 
5 25
4250 7752 7774 8670 11318 
719 777 19 808 17 
3 813
494 2173 2954 
740 254 974 
4 895
7777 8408 13868 20083 
875 548 347 550 
5 643
9002 15105 21772 27121 27325 
630 234 362 558 23 
4 977
8866 12024 15420 24635 
692 416 720 25 
5 155
6028 13102 15294 24157 32716 
897 368 126 393 763 
5 158
9190 14074 22800 30115 31769 
218 944 427 987 857 
5 596
3506 11688 18511 25579 29766 
314 798 190 159 793 
5 863
934 5897 5923 11958 12426 
921 218 507 862 164 
4 572
4061 4993 7827 12146 
514 584 273 987 
5 369
4848 13588 23239 30485 34612 
200 236 961 685 415 
3 466
5471 11735 19700 
270 978 551 
4 736
4738 6468 9527 11123 
345 145 172 37 
3 42
4468 8253 10592 
259 395 466 
4 820
7640 16895 24316 31231 
134 515 769 72 
3 788
2209 11677 16500 
423 988 158 
3 840
3069 11610 18548 
727 808 710 
4 319
9651 10538 10715 15673 
812 589 114 988 
4 37
7313 12875 22482 28585 
726 720 459 217 
3 288
3497 7288 8552 
164 753 221 
4 972
1232 6983 14693 23593 
631 314 586 814 
4 229
7207 10339 12480 19533 
87 8 98 199 
3 140
1855 4158 12167 
412 569 369 
4 920
5213 14894 15221 21371 
407 912 38 209 
3 736
868 5740 6937 
679 820 601 
4 950
3159 12280 17707 24919 
129 22 262 380 
3 829
5584 14848 18081 
800 319 457 
5 913
2939 12383 19125 19744 27498 
129 238 258 897 28 
5 574
7444 7725 8216 16876 25186 
235 860 220 552 214 
4 870
1420 4719 7352 7762 
404 680 316 663 
4 893
3362 12408 12852 17856 
260 9 306 927 
5 134
1362 4972 14615 21642 23925 
970 450 406 228 149 
4 895
9198 14914 15753 18059 
270 923 237 698 
5 709
859 6048 8688 17975 19730 
463 505 429 136 325 
5 182
4349 5416 9858 18388 18532 
343 902 607 235 807 
3 842
6993 12821 21718 
279 191 599 
4 340
9148 15069 15852 18448 
588 329 211 773 
4 185
4998 11516 13985 23898 
101 434 567 810 
4 967
284 9054 15453 16303 
468 677 629 113 
5 882
7694 11755 19210 22270 24538 
323 26 252 159 231 
3 369
1726 10843 14962 
786 47 479 
3 117
1474 4475 10862 
974 683 576 
3 785
3576 10882 20412 
753 476 33 
5 786
4160 5700 11836 16361 23266 
828 368 971 554 648 
4 8
8170 10712 18686 20824 
623 390 220 184 
5 186
9390 12581 13596 15914 24821 
739 688 508 539 683 
4 15
6784 9528 13934 17480 
367 563 48 915 
5 699
4917 10686 11473 14443 20779 
642 109 488 136 580 
3 152
1125 9961 13601 
162 546 709 
4 915
1696 2689 6976 7532 
434 570 483 953 
4 127
5303 7886 17730 25572 
853 209 331 416 
4 19
2874 9424 11660 13625 
760 244 179 82 
5 30
2415 3826 8170 9346 16472 
963 48 562 751 801 
3 350
1845 8073 17561 
894 958 891 
4 374
5702 12944 13871 20178 
341 308 761 1 
3 172
3948 5290 9534 
319 936 616 
5 613
4569 8273 9146 11070 18123 
860 982 699 59 862 
4 648
6337 13219 18352 21890 
40 467 841 471 
4 951
9366 14967 15158 20155 
798 710 33 396 
3 536
9081 12728 13185 
480 978 410 
5 577
7138 11769 15501 21884 28655 
288 212 488 974 449 
3 838
1928 8505 10160 
949 264 617 
4 229
4402 13246 13890 23671 
615 843 247 620 
3 355
8514 14810 19145 
511 178 810 
3 146
9039 17895 25429 
764 254 529 
5 482
9422 11541 12126 14565 17575 
927 599 123 285 96 
5 424
4277 9767 17179 20502 22633 
731 657 389 130 693 
4 313
7158 14463 16248 19366 
535 594 71 426 
3 26
4698 14622 21583 
862 943 776 
4 741
2805 10176 15593 16523 
610 670 365 533 
5 989
3865 11868 13003 14610 15261 
490 302 323 601 391 
3 741
1823 5621 12144 
713 466 672 
4 787
6376 12507 14898 22992 
550 237 703 411 
4 207
1153 9367 18616 26040 
894 939 68 71 
5 154
1217 6736 9004 16470 22098 
906 826 247 509 389 
3 822
3389 7717 17491 
699 572 109 
4 551
5323 7037 13263 18267 
438 475 680 225 
4 643
6495 14754 18407 25201 
597 603 155 923 
5 165
5849 6218 9387 14419 14538 
866 861 307 117 407 
4 59
1660 7972 9210 15811 
131 284 398 937 
5 363
5213 13376 13550 21987 25004 
730 872 829 899 555 
4 206
4611 10912 18623 25067 
174 809 262 396 
5 551
330 2943 3438 5801 8995 
222 45 43 561 836 
4 727
5093 8674 8918 9173 
791 624 538 609 
3 971
5986 11643 20794 
62 581 417 
5 490
8835 13949 19889 22361 26556 
959 472 580 973 366 
5 275
9183 17902 21153 28337 32605 
230 367 437 891 182 
3 481
4466 7419 11909 
658 990 347 
4 485
1578 2159 6062 7900 
461 706 768 104 
5 504
3139 11248 14596 22238 26312 
997 432 11 614 880 
5 553
6944 7799 15402 18448 27265 
916 489 511 16 599 
5 377
5614 11221 12879 22630 27368 
721 163 921 242 841 
5 782
9481 10895 13116 21331 25681 
431 781 108 380 272 
3 524
6243 14234 20856 
767 303 614 
4 570
887 8825 10262 19286 
608 299 674 972 
3 720
7020 10273 18720 
35 651 505 
4 947
6518 11482 19242 22553 
289 164 22 709 
4 398
305 2799 10579 15655 
997 989 420 925 
4 979
7644 11478 14532 24341 
514 314 57 304 
3 646
1544 6305 8215 
559 667 93 
4 204
8206 13237 19420 28313 
66 3 755 527 
5 397
2588 8561 14698 15219 17135 
329 659 35 787 82 
5 152
1975 7195 12406 21997 30677 
462 236 390 889 718 
5 342
8259 11844 18113 27316 31549 
10 19 810 394 341 
4 372
5011 12980 21469 29580 
268 11 238 988 
4 710
4831 14324 23493 30335 
115 118 759 791 
4 43
4053 7862 14228 19735 
321 2 215 60 
4 707
606 7214 12236 19328 
540 487 960 137 
4 471
9084 16391 20813 21052 
407 152 419 818 
4 534
7182 7266 14343 17666 
349 784 125 834 
3 534
5242 13836 18944 
589 768 968 
5 178
3862 9018 17848 24805 34030 
670 457 385 747 779 
3 777
1204 9543 16607 
92 298 407 
5 366
1271 5979 7909 11277 12530 
460 728 138 316 886 
3 980
4805 7249 12902 
709 418 749 
4 694
6212 12378 12732 17738 
487 66 492 976 
5 745
6780 6941 10569 13855 17597 
472 164 313 903 64 
5 987
8682 16160 16754 25385 33467 
955 961 372 655 502 
3 93
6179 11953 14930 
388 277 320 
5 936
5862 6466 13592 16491 20278 
515 500 452 823 370 
4 107
9650 10077 10499 18474 
643 985 189 974 
3 458
6696 6798 12170 
168 204 357 
4 456
6700 7335 13471 21684 
908 195 126 117 
3 828
1466 3489 8694 
669 600 478 
3 28
7940 8855 9847 
660 754 636 
4 231
9685 19617 23144 29226 
557 35 282 510 
5 149
289 3405 7221 8803 12691 
42 147 892 930 493 
4 226
3923 11661 11721 15387 
336 140 886 507 
3 696
5084 10991 18026 
246 29 462 
3 499
78 5746 11175 
721 271 937 
4 741
4289 10797 13921 19493 
671 111 206 415 
3 549
3706 13102 19133 
203 607 221 
5 437
6360 10869 18615 26671 29172 
659 642 639 678 361 
3 807
3040 8647 17515 
662 595 608 
4 176
1479 10963 17813 23140 
651 684 536 555 
4 631
4386 5849 11220 18331 
413 419 358 860 
5 525
9757 18668 28223 33324 42505 
164 618 896 553 57 
5 694
8963 15524 21491 22043 29143 
264 141 6 595 748 
5 542
8327 17049 25330 26259 33526 
653 335 195 373 600 
3 264
1026 10573 15387 
200 514 481 
5 170
9712 17906 26519 31690 36958 
25 946 239 338 399 
3 679
5487 6521 8832 
890 940 638 
3 792
4742 10970 20165 
391 935 166 
5 426
8388 10357 20314 22016 26733 
685 997 271 804 942 
4 679
4520 11858 15934 16911 
833 872 161 512 
4 664
1731 5222 13295 22825 
353 862 791 628 
3 866
6817 12710 21219 
269 984 977 
3 529
8830 11553 18881 
520 148 199 
3 501
5696 12362 17594 
921 745 182 
4 589
3486 8832 18302 20914 
656 296 346 325 
5 704
1388 7764 11215 13199 17138 
698 262 604 854 832 
3 211
1606 7226 11755 
774 834 234 
3 347
1021 5775 12436 
510 290 170 
4 897
7012 14698 19121 22998 
36 698 732 8 
4 491
789 6820 9569 13138 
703 441 29 553 
3 488
999 2465 10571 
449 975 236 
3 760
3000 3360 3415 
242 107 160 
5 240
23 2071 9842 16565 22064 
806 182 771 736 14 
3 649
1336 9684 14391 
8 485 329 
5 285
6793 13246 19536 22675 22993 
294 87 161 814 889 
4 958
3966 10024 12557 15143 
8 996 632 389 
5 145
5768 14882 16706 19733 20748 
33 616 615 625 467 
4 367
9197 17226 23220 29762 
304 786 702 559 
4 195
1701 4174 12992 17006 
991 866 779 58 
4 278
5039 14959 16496 26336 
399 777 616 848 
4 990
2337 7778 8859 12325 
22 187 820 53 
3 453
2551 7835 11096 
235 706 80 
3 817
2365 11450 18196 
401 873 845 
4 383
9336 14022 19953 23711 
936 452 866 127 
4 361
7781 12876 16019 19901 
664 651 250 653 
4 5
7202 15475 23629 27017 
483 345 748 81 
3 411
8018 14261 23605 
215 609 351 
5 969
6039 6907 11128 16804 25506 
601 336 539 364 74 
5 961
9218 9690 15949 18232 20602 
236 19 218 96 340 
5 22
4045 4849 10674 18793 27423 
338 895 635 84 236 
3 574
6401 9558 17686 
747 265 143 
5 1000
2303 10570 15716 18129 22405 
126 705 449 839 813 
3 489
8594 17644 18966 
275 547 369 
5 28
8265 18044 25336 31680 40632 
517 313 395 904 266 
3 214
4167 8180 15478 
320 564 324 
3 80
3280 3778 8044 
433 184 58 
5 675
9615 13341 22849 23083 24506 
448 980 33 839 816 
3 690
2104 6060 13286 
921 772 156 
3 885
5973 9659 17592 
869 591 765 
3 580
1741 9019 16035 
278 447 568 
4 85
6855 8861 12577 19700 
393 960 197 35 
4 115
1881 2763 10328 10869 
535 313 915 491 
5 820
8952 16081 20243 29547 37784 
886 510 370 597 520 
3 548
7451 15933 20366 
916 411 245 
4 195
9048 13524 16539 20166 
586 574 784 139 
3 393
5079 12540 16236 
792 970 956 
4 32
3485 5645 6013 15147 
618 545 394 466 
5 50
1879 2913 10701 15901 21201 
122 811 707 27 853 
5 469
4528 12220 12297 12499 18516 
771 989 427 338 320 
3 111
5485 14367 17293 
160 164 199 
3 468
4940 6025 13001 
323 545 432 
3 196
1338 8071 16239 
200 803 504 
3 827
8124 13724 18412 
805 450 425 
4 852
9783 15376 25131 28739 
542 847 117 527 
5 498
465 2664 5565 8589 15686 
365 859 422 571 759 
4 136
4517 13475 13824 18563 
631 768 57 777 
3 998
7670 12525 17504 
468 992 166 
5 108
214 9860 11115 15518 15824 
204 140 355 227 864 
4 536
4040 12688 22287 22665 
482 685 709 120 
