39
14 223
7486 11714 17927 21072 30801 31512 38048 38298 43763 51086 53107 59207 67723 75404 
90 879 880 280 669 160 247 309 809 777 527 860 954 66 
78 849
3683 8767 18049 25699 33401 37929 47210 53782 61406 64258 73385 79577 81195 83525 88717 93802 98522 98788 101822 110480 110961 120512 128248 132600 134726 144071 152870 159581 168890 174568 180276 189683 191364 200725 209651 217560 223535 228918 231459 235013 237049 238220 241369 245140 254774 264036 264384 272808 276975 279193 288826 298390 305617 315090 315613 318278 321538 322415 322556 327322 327751 337007 346492 354522 359387 362078 364300 371624 371679 378875 380376 389018 397800 402526 405466 408518 416758 423232 
414 469 426 482 351 365 976 267 599 226 396 472 350 244 168 639 493 529 173 49 133 58 781 266 365 92 871 554 355 853 770 743 229 581 793 578 583 304 516 515 352 234 980 948 557 789 890 34 950 766 425 441 419 6 798 889 821 222 375 660 917 221 58 264 788 671 871 707 641 411 970 438 647 440 691 683 394 368 
41 620
9312 10407 11928 21686 29631 37692 40471 41969 44771 45872 47392 50928 55743 55784 56229 61606 70307 73600 76310 82875 90982 99368 106726 113142 116135 122531 130212 133815 142091 151151 159561 167860 171120 178466 180349 180776 189212 196072 197037 205295 209404 
34 398 357 818 96 338 923 612 371 171 301 803 793 667 772 82 703 50 319 548 977 976 937 620 399 832 322 846 393 736 470 581 2 182 364 801 905 516 266 918 489 
35 450
7318 13253 19400 22294 30046 36059 42564 51707 56447 63591 66642 71562 81351 84877 94052 101491 104204 105378 115350 118637 127644 133811 138162 138961 142982 146539 156197 159237 168389 177607 186607 189034 195902 203964 210978 
403 797 351 299 98 877 247 793 744 133 600 573 640 908 484 852 858 484 294 909 514 170 993 904 394 920 169 675 89 903 968 395 236 997 38 
68 725
4354 12388 18597 24952 31984 36169 40944 45549 47936 56828 66139 75374 76367 76775 83992 84552 88481 95412 99885 102158 105714 114098 123308 127754 137159 147123 150141 150221 150616 158577 162731 170141 170725 170733 172223 178274 184450 189916 196714 198805 207050 209827 212776 218856 227665 232193 240715 244587 246420 255493 264857 268780 273349 275828 284667 286264 293880 298082 303567 310129 314677 323675 330410 332910 342073 351958 354497 358420 
689 397 836 328 776 857 633 87 960 759 568 749 81 654 388 439 324 207 479 268 492 406 612 642 845 937 464 930 270 445 900 68 534 999 116 662 174 339 125 459 566 727 197 45 499 289 451 274 896 215 39 695 737 18 950 648 461 976 848 971 972 461 690 421 188 88 848 797 
65 576
809 7869 9710 14776 16846 20337 22157 22675 32211 41703 45932 48988 49802 58211 64981 65618 75525 78050 86989 92588 100022 108933 109331 110929 120885 126757 132149 134288 137915 143418 151871 151997 157874 165143 169678 177786 186416 186441 189035 193083 199293 202958 203033 206082 212622 217705 220953 226131 229883 238533 247075 256406 259369 259618 267292 274380 283850 284327 284507 286085 289410 292734 298660 307804 313834 
30 451 713 573 230 710 110 53 243 523 121 443 565 302 495 384 840 67 111 645 527 110 402 247 611 318 557 881 93 506 507 68 25 319 695 966 459 635 662 184 312 89 894 820 73 155 731 839 731 535 542 476 533 109 180 274 535 131 225 662 756 930 15 989 122 
20 454
1953 8402 13872 16404 22239 29059 35836 37761 39218 42940 49137 56493 59974 63242 72477 79665 81296 85927 93156 95404 
901 691 8 670 607 934 927 640 873 482 794 200 454 213 967 913 828 94 501 897 
69 966
5499 8187 17483 17795 22203 26227 34569 41616 50148 57674 61981 70964 75713 83389 88440 97844 102812 103978 105134 106056 106537 116375 124126 131127 134464 138823 139627 141236 147221 148268 153568 156874 164939 165369 174480 183956 193770 200526 202503 211194 214493 217493 219880 229781 233703 234687 240002 242907 250033 251452 260692 266084 274596 278123 283305 286972 292484 299142 308993 311762 321289 322176 322999 326739 332835 334148 342307 348769 356917 
399 363 632 8 994 910 484 678 393 276 704 302 115 518 22 625 939 539 744 747 235 269 279 99 589 872 816 935 349 989 755 102 815 431 895 989 304 383 498 755 362 613 882 237 460 180 784 670 594 392 456 300 172 205 395 664 285 703 18 113 711 648 310 396 335 583 559 588 615 
51 773
1493 2306 5050 9776 14462 16076 22082 27741 29881 39575 40516 40777 43395 52936 54822 55257 57472 65302 71920 77265 77956 85560 88778 92499 94979 103715 110145 119407 128283 129332 130841 137059 143132 146481 147918 150838 152652 153778 155748 158276 168206 168739 175125 180612 188010 196123 202022 210378 217796 224170 233543 
485 919 750 369 455 511 970 558 397 422 191 426 498 325 157 531 909 818 168 399 863 249 449 809 582 818 248 25 39 352 778 234 638 23 706 616 319 559 868 403 133 169 890 628 670 658 376 950 556 316 464 
94 390
5702 9665 13753 15548 22463 23627 24068 32094 41275 49638 57390 61314 64670 70106 77362 86986 88446 91211 95123 98324 103189 104718 107403 115023 118176 127207 127576 128324 131766 137218 138244 142148 142664 147653 155475 160328 165429 169069 169319 174622 178013 183866 184129 189413 197698 206496 207212 210992 220473 226900 234571 237681 246923 254811 264044 264068 272010 276303 277575 287205 297078 302861 311511 314815 318740 320635 322107 325948 330776 337074 340366 343716 349756 353325 359866 364191 368986 370307 379813 387476 388083 390230 393356 399365 405907 407644 414859 420808 430383 433318 441383 449281 452487 461769 
26 102 580 251 924 635 715 527 564 764 892 757 99 371 912 596 52 634 134 810 960 935 530 16 446 897 565 207 247 69 66 249 597 390 968 809 398 849 921 64 245 478 456 858 583 406 568 879 923 607 70 639 312 864 771 455 206 563 119 488 277 242 401 822 974 949 861 972 791 670 136 505 403 849 890 564 635 550 519 883 640 74 561 397 885 87 171 339 569 905 371 870 663 78 
56 166
4039 6110 15103 23565 31143 33563 33922 41868 47778 53072 59427 66707 72010 78124 78229 86994 94508 102884 107860 110514 117073 118804 128136 129412 133683 134754 137725 140744 143900 146159 155178 163990 172959 175870 179595 187323 192154 193396 199596 204477 211840 212529 214270 218024 227220 236402 239908 240716 241418 243112 243430 245666 252503 261978 263359 264746 
649 342 17 330 737 720 604 32 849 617 835 429 80 454 173 352 211 295 988 612 232 726 302 730 686 265 962 427 443 638 311 282 273 922 237 60 533 684 659 149 175 416 764 617 771 793 382 345 960 573 402 750 135 646 771 595 
84 236
4915 5110 6051 11577 15952 17837 20578 30424 34121 39495 48645 56436 56632 61437 63771 64141 70306 71953 74411 83319 85722 91772 92345 101375 106891 109324 109746 111549 116709 122516 125327 125504 129218 139070 139277 145545 155037 164302 164387 173699 178649 179361 186254 189531 197839 200922 208866 215462 217504 221070 227966 234089 235388 242693 245164 249017 252933 256110 260854 268362 271706 272463 280746 286441 292125 294751 302335 306130 315705 321575 329028 336313 345423 352123 356596 358569 361860 371491 373291 378717 382154 384314 387287 396797 
849 601 525 700 436 73 728 304 98 187 47 446 129 412 968 761 404 951 198 102 193 348 186 601 499 782 5 693 723 743 834 30 432 605 281 772 141 462 883 953 840 163 615 57 468 94 369 202 409 256 199 857 386 756 782 340 971 732 363 709 470 813 381 351 467 768 115 194 827 281 245 994 781 557 981 705 974 159 357 695 876 353 692 63 
34 484
2290 10345 11239 15339 21326 25821 27204 34958 38260 45777 48970 52855 54485 61086 68471 78275 80789 85202 89813 95094 98108 107585 113454 116864 123793 128360 133048 140447 144526 150351 151356 151484 158434 158437 
163 745 822 832 735 37 319 396 846 641 16 335 582 360 917 849 155 284 652 413 295 436 659 751 239 502 535 9 159 855 629 769 522 152 
22 890
3885 12453 19558 21178 23247 28174 33265 33744 40396 48276 48357 57133 61582 63992 73336 74384 79358 86707 87293 96823 104716 108654 
781 909 135 657 879 34 486 748 871 827 865 630 963 904 422 149 953 980 936 233 633 18 
35 787
7766 14951 15204 19582 21962 27285 31908 33905 43578 44006 52118 52885 57857 67414 75847 84837 87551 94702 95988 98279 99758 102128 109799 112855 120909 121207 125334 134670 141415 141672 141673 149407 151550 155972 163903 
454 262 800 183 582 343 645 850 447 586 877 696 512 517 128 958 257 489 263 291 702 202 404 511 635 754 759 990 883 338 274 937 599 480 632 
22 383
4562 12604 16113 19218 24024 29349 34821 38984 46243 47687 48310 53963 56742 61714 68898 76023 83303 86337 89242 89382 98280 98860 
846 600 543 387 141 823 911 28 315 367 232 189 565 967 633 344 522 99 213 845 368 163 
69 997
1430 11251 19257 23731 29647 36769 37643 47064 49762 54429 60088 61572 67255 70660 74200 74407 76191 80290 80774 82051 82635 87663 94474 97139 104464 109034 115446 124790 134277 136220 143235 146577 153267 159895 169231 176091 176676 178846 188609 188935 191957 196525 205442 213506 215397 216375 218201 221865 229362 237440 238497 247452 251762 256576 260625 269980 274318 278307 279879 282762 291450 293843 301051 310380 310951 319110 319685 329100 330439 
575 575 248 134 795 89 199 922 463 604 699 751 453 447 207 431 964 368 83 891 232 627 478 582 376 593 537 420 517 415 134 201 531 496 534 843 182 185 178 11 819 733 366 952 429 347 872 586 177 179 119 132 736 488 336 637 471 108 120 138 74 106 382 18 596 284 755 335 260 
55 158
6259 8780 17427 24803 34317 34634 42856 42977 50629 60564 64460 65544 72464 77163 83730 88767 97466 101745 102772 108576 110584 119546 128097 130953 131719 139024 146048 155897 164312 172430 178129 187850 189719 194683 199364 202655 212570 214692 215787 225366 235006 236205 238732 246080 249525 254032 259596 262885 264214 264849 270686 276948 286549 294049 299406 
793 989 703 601 303 839 159 893 557 622 798 97 119 270 776 708 444 296 192 55 581 848 975 134 513 197 459 442 375 648 534 867 621 440 300 228 954 245 744 979 10 499 828 425 461 39 684 904 266 915 611 38 378 666 238 
22 271
8745 12805 13695 17539 17888 18726 26261 33371 37782 45267 50150 53647 55554 61717 66475 70000 73993 80284 81492 88853 90775 98738 
711 166 719 739 699 107 546 151 863 740 329 71 476 241 885 151 363 952 432 591 903 55 
47 672
6973 10720 11027 20892 27590 29455 35168 37851 41381 45617 47234 47908 52229 59372 66113 71387 73892 79324 86130 88675 91729 101662 106332 109246 111228 112820 118745 126170 129369 131891 134393 138459 142005 145639 146123 153894 155956 163375 167655 176747 183547 192628 200478 201146 205308 211169 215390 
613 816 336 571 261 255 256 546 160 192 30 421 436 93 421 171 401 866 279 181 242 546 397 652 17 592 964 240 370 578 54 448 756 4 350 686 247 168 22 538 567 7 920 853 657 494 627 
23 531
4819 6685 14811 16175 16194 22253 23324 32549 38261 46994 51105 53070 59270 63616 64880 68535 75818 81923 88123 95572 103780 108439 108644 
10 472 650 75 767 726 924 358 660 42 228 801 367 971 6 43 929 886 930 47 611 77 98 
64 753
8127 11244 14117 15405 23062 30995 34003 36759 43187 52595 60481 69786 76779 84996 91165 92561 95719 99773 103117 106568 116172 121956 130691 131400 137825 139183 142583 144043 150590 151809 152494 154050 163320 167750 172131 178668 184150 189770 191520 197821 206736 207850 216328 218525 225090 232702 232976 238374 243628 246956 254550 259510 259942 265144 272911 274009 280431 283615 293320 300207 301320 307854 317181 322527 
62 637 436 815 311 309 587 85 877 516 904 411 85 512 384 621 542 81 791 489 300 587 840 198 555 677 706 972 387 780 479 599 170 842 970 228 854 47 66 968 897 255 777 305 26 208 197 457 672 739 891 306 168 675 764 455 120 544 47 519 170 693 49 854 
80 494
25 7777 9982 19617 20297 23382 26018 33733 35807 38974 45130 47566 56382 59483 62174 65376 74230 77802 86301 86972 94256 96133 100406 101950 103310 107708 114355 118417 122514 128717 136962 141030 146543 149661 159003 163214 166586 168917 171943 181072 183575 191042 192550 199120 205561 214554 219176 222410 228734 237554 246356 252935 260088 262027 268198 275588 279292 284114 286092 292227 300262 300304 307788 309443 316872 324298 332324 339167 348061 352668 360837 368106 370734 371975 377080 381820 387868 394747 403956 407422 
932 41 821 910 130 858 815 776 508 27 773 389 946 288 158 935 584 830 620 300 266 480 969 653 122 470 975 448 174 968 133 700 150 24 784 116 447 180 810 204 199 275 327 811 143 681 618 726 192 485 158 118 63 454 341 852 617 812 894 683 979 323 804 95 285 199 50 948 713 162 675 227 720 60 413 193 333 106 609 470 
95 63
8352 14357 17227 18096 20270 26158 34003 42591 48211 51998 56262 65716 70765 80500 81202 87829 92232 96037 97728 102523 109103 113091 118241 124918 126994 133102 136116 143956 148703 158527 159150 164211 164495 167495 173848 177335 186990 195717 198026 204171 204970 214493 218031 224287 233831 242056 243461 245336 255194 264771 265088 269524 270343 277021 278848 286322 289570 294212 296687 300012 303825 304037 304821 308467 316395 325591 334752 340921 343778 347184 354374 357229 363256 364089 374012 381743 389315 390498 399261 400783 407700 410280 418936 423391 426300 434973 438385 446230 453664 456639 462811 469425 471584 473625 473733 
331 927 38 973 711 781 656 455 200 139 593 107 372 349 96 868 419 638 109 123 33 223 345 114 569 637 352 218 422 768 647 423 746 963 572 975 725 94 808 313 110 910 669 858 104 823 2 275 41 321 467 886 484 557 864 763 508 951 214 735 226 909 69 341 273 236 749 990 245 947 387 854 485 197 908 426 216 971 852 59 831 226 279 727 33 655 757 152 251 447 216 204 135 619 446 
37 680
4785 13839 20568 27392 30115 40081 48464 48739 51999 57533 63871 69088 72756 73410 77469 86629 92013 97130 98733 99942 103308 104952 111224 119723 123741 129264 132708 136419 139148 146185 150543 153141 157962 167178 176828 177101 185600 
229 384 872 965 562 976 189 460 342 563 640 248 109 465 516 27 798 665 714 841 407 888 856 514 101 329 936 748 381 871 22 550 618 937 333 93 58 
21 177
1188 3527 7862 17750 20651 29412 33057 39480 40407 49514 49981 50229 55608 61121 64321 67546 77456 82335 89550 97840 99015 
219 566 182 651 265 203 186 20 206 518 666 165 826 957 344 479 421 162 359 580 30 
78 659
915 1012 7096 16249 20000 21275 22435 31192 36365 45757 51156 54293 56742 64683 73963 76109 82164 86450 94381 96613 100216 100676 105261 110417 111158 112812 118121 126473 126709 134850 139383 144212 152051 161022 166497 166579 175440 180390 182221 187799 190767 197758 202312 207435 213936 219766 225695 229599 232681 236970 244949 245924 254868 260436 264013 271892 281469 285414 293986 298899 300573 300634 302888 308577 309877 312166 320880 328716 329671 337935 343058 345356 349942 352608 353953 358976 367472 372761 
189 165 268 563 569 130 629 287 512 770 395 757 229 651 874 667 21 591 278 138 929 961 204 594 299 329 791 221 198 249 296 362 748 653 956 514 451 487 727 322 607 105 953 809 927 491 759 988 226 449 136 485 429 895 104 120 118 167 269 369 860 224 84 602 877 915 697 354 234 149 957 710 678 827 419 392 942 974 
89 895
4025 4542 9135 14858 21275 21331 24456 28663 30098 39762 42552 45524 54888 57322 60711 68279 71330 74680 80458 88534 94563 101590 107191 107908 115604 117521 124195 124470 134283 137582 139801 147428 152546 156143 161835 165471 173387 179215 187832 188080 191832 201230 209741 219305 223915 228906 234914 241161 246617 247868 250752 252922 257405 258237 260298 263562 269451 271451 277925 279510 282637 291792 296583 301056 309696 309938 317187 326647 333233 335785 339371 343718 352820 361952 365888 367382 370734 372630 380562 387720 391258 391619 401554 403512 407783 414249 417816 419281 421136 
214 714 190 732 581 183 127 625 300 886 833 129 289 699 549 915 731 976 202 847 585 155 985 553 591 150 979 321 772 108 821 404 42 246 760 803 577 881 815 922 55 595 775 151 747 114 690 553 970 948 430 273 261 840 960 311 291 341 142 212 73 52 715 712 487 828 565 921 522 985 94 393 866 431 402 14 556 675 440 240 325 439 714 448 942 308 864 418 87 
93 583
2633 10602 13811 16573 18266 18845 26448 28084 35753 38226 41036 44377 50216 51550 52615 54433 61426 68774 75361 78321 87753 96780 102157 108966 114458 123885 129509 129627 133748 137074 139752 143011 150019 155025 156234 165059 166141 168225 177152 181180 184441 191877 194215 199689 202029 205031 205795 207588 213993 215126 219941 228815 229247 234638 239850 241689 247035 250510 255454 264120 271679 276106 278299 282910 290835 300242 309442 313937 315148 323877 325659 334408 338157 347063 353426 356280 361365 366597 372945 380469 383492 389180 394607 398880 398954 407711 414279 414467 417096 422839 430102 434253 436467 
408 687 789 737 706 767 99 519 708 377 801 991 509 517 62 24 578 889 821 84 672 557 566 221 702 29 248 221 849 834 527 431 772 130 55 719 324 490 730 597 897 229 217 314 810 465 448 414 425 769 642 753 917 573 399 941 831 818 715 291 35 636 559 592 77 654 865 326 772 927 703 441 134 975 269 133 192 278 212 419 183 696 686 757 214 317 239 634 506 437 884 530 972 
71 30
531 2914 6658 14679 23585 31053 40038 42066 46201 54597 59933 66416 67141 67636 75753 76101 80612 90282 93636 98262 101067 103206 110311 115325 123865 131772 134281 144048 152114 157240 160314 165551 166846 175668 178197 178544 185560 194948 196366 197433 206409 210112 214416 223103 232392 239307 248006 255031 259870 262108 265299 267394 275684 283683 288826 294319 296518 300414 306693 306889 309114 312106 319044 327476 333806 337131 345715 346255 347764 351121 355603 
418 838 102 453 932 294 389 155 832 525 415 958 221 698 78 10 668 865 344 960 971 887 780 50 386 478 710 388 599 547 913 659 556 949 173 698 939 148 313 796 531 584 936 284 524 526 860 523 949 217 164 577 699 421 104 584 593 530 173 840 555 915 362 248 409 98 499 884 47 712 988 
86 677
6943 10678 18426 26102 29005 35752 35905 36551 41814 42822 44628 53059 62807 69298 74369 84094 90047 92998 97081 100060 108586 110050 117133 126221 135628 141525 141955 142524 143555 147971 151994 158326 161652 165692 166357 173538 180744 184127 192232 201298 202275 206058 209237 217120 226293 233256 241307 246808 246997 249493 252981 262506 267920 273658 278566 281876 289687 292205 294759 303859 312606 318854 328776 330734 336153 342004 345523 352734 354897 358518 366758 374847 379174 384067 386791 388543 396283 398902 406331 410429 419238 423390 430835 439309 440304 440582 
625 7 421 848 549 696 441 776 356 722 245 373 483 46 157 945 118 345 140 150 684 937 964 357 691 961 904 101 669 502 868 255 988 678 640 300 506 64 143 351 532 681 477 721 713 596 278 121 853 124 96 698 154 425 350 862 493 458 478 42 628 300 382 299 963 537 284 452 494 478 423 983 89 445 318 972 669 755 935 874 992 361 63 860 85 498 
34 328
8174 15739 23917 30022 32819 36464 39538 49447 54197 58242 65543 68943 72422 75365 79472 88458 96775 97205 106336 115854 120787 122600 127189 135129 144487 152197 157980 167644 174444 179460 181110 188322 191639 199045 
937 838 159 655 776 877 950 285 484 559 847 441 656 717 348 367 924 215 733 665 829 303 654 992 991 836 530 362 694 894 88 976 304 318 
72 961
9064 10798 11130 17174 23424 23853 25979 30972 31330 31957 35662 36734 39466 44813 49227 50454 52583 54749 55194 63818 72257 75523 81449 82738 87584 94261 101340 105412 108746 113047 115310 122239 129281 129814 137060 143616 143758 152894 160236 160431 166551 169457 173628 183407 189919 191505 195905 196563 200603 204131 206215 210121 216516 224894 227371 230332 233833 237428 244658 244667 251944 252754 254045 259180 263674 264703 274516 281120 283921 290319 294775 296530 
495 247 443 73 167 958 800 66 90 780 863 486 153 851 895 666 378 220 15 763 788 401 416 226 539 32 741 577 507 454 410 244 759 188 102 410 616 395 944 212 201 78 918 139 973 320 710 598 582 244 875 925 773 773 378 423 440 601 526 14 436 539 236 301 804 339 156 694 35 499 462 413 
23 691
9956 13388 23096 26491 32837 35129 35582 44029 50113 55024 57749 58532 64830 72134 78823 81480 81604 83038 88859 98780 100921 109696 115085 
692 807 496 646 143 148 337 920 230 505 189 108 447 50 814 778 954 626 427 168 263 443 698 
80 776
856 1570 7795 12130 16996 26951 33946 36902 38186 41707 42056 43840 45516 48426 50101 53802 56814 60255 64114 69654 77612 79662 87077 88711 97425 97437 104608 107365 117297 122003 127337 128225 135535 141093 141457 150617 159442 164228 167997 174063 176349 178849 182902 191707 198515 207834 210091 210994 214508 222077 223030 231303 240838 247208 250135 252558 260427 264862 269743 275108 281272 281836 284701 294130 296658 303122 306534 316494 324666 334603 337260 342839 344387 352533 356666 359475 364717 373126 378655 380150 
642 266 647 337 593 613 378 28 340 228 712 82 304 520 862 561 563 641 651 134 222 269 361 741 803 680 822 182 4 905 779 311 722 336 508 583 382 863 918 87 791 621 63 99 219 201 525 804 385 360 720 772 655 140 913 912 282 230 869 345 49 121 901 955 856 801 204 554 212 714 232 480 223 622 293 536 410 514 597 977 
83 599
1895 9762 12134 12860 13136 19997 23090 30768 31229 36782 46535 51477 56261 62261 70361 72332 76246 79008 80542 84747 94288 100451 102248 107071 114623 116085 118860 124410 133978 139554 148497 152134 152840 153304 161956 165127 169626 171020 178249 179539 183909 191106 191911 194284 203013 205873 209245 218614 220384 228611 230890 238702 241975 247985 249761 251778 252486 256777 260640 261097 265253 270480 280413 288619 296635 300606 300764 305329 312491 319225 325248 331809 339867 344334 347538 350354 352451 357736 363594 372309 381308 383665 391363 
682 4 564 544 229 943 852 168 738 667 576 248 391 441 744 336 952 978 470 909 330 610 984 723 974 224 251 246 144 904 351 475 359 6 877 513 227 702 921 495 546 613 132 322 9 961 325 861 70 716 267 360 654 144 103 129 850 903 950 863 654 473 30 811 214 681 724 120 22 325 755 606 820 947 19 760 394 161 651 744 767 661 361 
93 800
5388 9802 19333 22269 32082 34334 42813 49428 50971 51827 54816 58997 68688 76928 83633 92330 95481 102149 108916 113842 123410 133023 134345 140151 149795 159052 164907 168011 168785 169142 178594 184660 193991 198207 205647 207463 212642 219540 226106 228802 232472 234443 237715 240608 249314 251408 253530 254480 261108 263193 271493 271894 276694 277203 287167 295559 296212 303758 307475 311407 315701 322342 324281 328398 336758 338118 339232 346360 353396 358956 361441 370398 371733 376442 382225 391159 391927 396370 405690 411840 419775 420890 429510 431730 437632 443573 449366 453146 461540 462421 469279 476095 477032 
98 753 966 532 921 306 142 954 889 68 160 524 288 312 952 134 450 254 50 802 298 623 311 110 167 94 68 384 975 258 811 822 262 368 582 440 182 235 682 351 763 686 110 611 717 348 665 570 722 610 26 722 895 447 674 789 252 101 743 631 315 634 75 253 440 448 198 469 324 785 607 933 155 325 476 197 355 197 492 229 431 96 896 71 139 557 700 863 518 678 896 89 471 
63 786
3662 7560 11520 17594 25574 27851 33351 33680 33959 36103 44907 50724 60260 61707 69596 71305 72571 76657 84379 85570 90831 93498 100836 106783 113480 116652 117921 123364 125900 134866 141480 151445 155538 161918 168701 176958 186547 194460 201182 206122 214395 215178 216789 220272 225601 233240 233411 236944 245973 247177 251065 256012 257144 260178 263189 267987 274524 282488 288085 290615 292148 299843 304469 
584 290 168 448 785 14 456 555 426 315 174 439 361 343 135 813 986 786 358 382 521 130 671 490 614 924 597 935 491 379 894 78 382 951 498 832 832 168 440 90 268 313 60 371 845 470 643 23 681 58 55 833 138 323 826 632 39 348 991 764 546 102 260 
52 917
8048 10570 12660 15725 22031 28646 29262 36876 45332 49240 52197 53847 62917 66248 69937 72873 78854 86243 92022 93085 93241 101936 103331 103646 109782 113209 117207 123092 125346 134191 140222 141362 151107 157484 159314 161461 164943 174323 181814 183760 187849 196775 203339 206903 211608 213905 218643 219638 221428 229742 238041 240736 
224 459 87 164 813 381 851 979 210 522 228 626 858 893 327 622 364 6 939 805 540 920 533 793 784 376 647 836 607 329 489 667 199 954 783 996 175 140 748 177 5 687 339 15 788 815 387 411 385 79 781 495 
