78
54 960
4612 13329 22704 25224 30475 36512 42055 49770 50979 58387 59008 61370 62008 64376 73795 81188 86048 89329 90231 99998 101671 109592 116325 117696 126138 134640 139434 149029 158677 165384 174260 180389 180879 181793 191261 191833 198914 206482 210450 210864 215810 225739 226083 228654 231457 233854 239221 241638 246118 247995 252630 256010 259368 266147 
781 999 312 469 587 177 944 971 508 81 888 934 89 860 540 729 497 804 867 297 877 88 482 3 391 293 135 59 371 56 299 969 590 14 358 434 77 277 283 353 695 464 877 954 146 321 934 999 210 404 439 931 723 751 
79 103
2855 2952 4504 10525 12680 19075 19249 25450 27813 35776 36675 44368 44562 47108 54578 59620 66005 75249 83207 88109 95836 103321 104002 110081 114976 118310 121800 124992 125651 127366 131706 135751 145431 154168 160979 167523 169610 176419 179948 179992 183541 186252 191500 199653 205548 210121 210635 218805 225756 234112 242822 242832 252815 257747 265582 271367 278604 285533 286132 290237 292024 299081 306558 311246 315171 321454 324406 333847 337491 346501 350325 354367 356486 364954 369977 373539 374770 381997 386180 
344 178 979 782 82 859 65 476 76 297 303 289 338 207 456 17 842 813 915 739 596 818 997 20 524 961 809 386 844 855 731 978 886 467 938 267 48 810 350 882 488 287 38 333 96 164 648 408 287 565 823 984 381 759 499 938 613 92 386 332 781 733 21 178 869 757 204 436 243 296 486 197 522 800 374 264 409 666 929 
43 683
577 8907 18730 27950 30835 39825 43200 44211 44444 54417 59045 64719 67837 68781 74938 76666 83730 86329 90036 99047 106464 115130 115201 120168 121933 129356 131684 135067 143930 145252 151098 155057 159786 162825 172698 174838 175420 178077 186390 195131 197825 203210 205235 
969 536 595 509 751 441 83 987 7 680 402 751 607 418 611 455 519 664 245 678 563 726 125 922 686 368 477 832 668 712 282 889 44 187 414 23 827 319 846 376 182 696 20 
12 913
7530 16983 17412 22053 29306 30686 32792 36005 43670 46271 53139 57098 
594 59 987 841 281 951 95 770 419 203 34 75 
86 103
5898 9835 12054 14241 19981 22926 25601 33951 42669 50667 58996 67240 70920 72872 80727 87589 93221 95490 105245 114056 119247 120801 121371 121596 125704 132035 137533 138139 144085 147720 152091 161808 164848 173461 178008 179775 182532 191085 195539 204831 210691 215453 218280 222732 231385 235876 241664 243558 247515 250900 251388 260051 262896 269288 273146 274226 282449 287100 295702 297164 303140 312803 317261 317983 325906 329170 336364 343576 349118 355736 361758 362218 362721 368845 372282 376991 382577 387583 393084 395537 403028 411259 414084 415580 422427 427947 
465 547 918 46 136 369 329 375 809 17 488 845 881 10 242 643 105 948 767 564 26 966 27 342 403 169 755 253 80 345 227 100 78 615 251 748 303 709 491 172 450 165 569 672 434 712 394 318 669 909 427 322 768 898 982 988 668 129 927 714 144 926 235 876 221 189 128 267 712 605 847 632 51 19 995 804 270 627 745 617 729 36 468 913 630 650 
37 949
4534 5823 14781 21702 28452 36347 38473 43539 46519 49330 52089 56704 65042 73171 77466 78658 79251 80853 81588 85426 94344 94872 98806 105619 108629 109560 118144 119015 127766 137398 138574 148407 155013 156705 156952 162368 171192 
841 699 711 848 33 192 140 471 592 439 131 919 465 182 583 518 671 71 842 316 773 898 28 644 29 909 793 545 904 722 354 816 376 125 182 742 660 
41 835
5125 12344 22239 29173 36791 40213 43363 52452 55474 57564 66600 70354 76109 78261 86127 91248 100520 104683 109144 110127 110427 119129 119190 126260 127972 131972 137353 138833 145650 148828 148855 151085 154615 159299 162680 171384 181267 183748 184831 188704 195168 
746 35 94 372 695 755 88 352 632 644 925 98 920 981 61 477 832 483 41 986 900 422 13 594 619 781 28 955 4 303 191 58 692 452 89 480 978 682 647 505 4 
18 302
6803 13660 14931 21974 25553 25667 32905 40649 46892 52538 54128 59909 69123 77124 84962 88068 92398 98490 
197 488 186 336 142 850 779 270 733 129 17 496 50 84 177 708 249 427 
73 662
1562 11193 18782 24894 25903 31206 32969 33666 35565 43877 44483 48575 54954 62011 62617 66957 74522 84062 84458 87970 89484 90340 95332 98789 106862 109045 117411 126281 130385 134963 135007 142489 143343 145978 147211 151173 157232 162254 170001 176989 177334 184432 192597 194699 200096 208686 217394 217557 217683 223937 228909 233203 238387 242376 251957 256896 260171 266245 269012 278802 281510 281523 283854 290370 297088 306094 311689 316685 320321 322712 331636 335419 344265 
575 506 919 818 38 468 770 562 81 732 360 921 882 345 584 636 760 74 250 663 7 79 559 895 724 472 750 127 754 309 223 215 992 698 551 530 613 596 666 698 446 192 76 482 503 768 334 939 83 832 954 698 678 723 965 439 204 601 7 96 514 931 725 228 881 803 333 869 970 309 242 356 63 
72 834
5719 6675 11228 18766 27778 29914 30435 35569 36106 44818 50808 60094 66599 73352 79882 84921 87757 88507 91292 93560 100942 106539 114570 121918 126561 134168 142292 147321 157129 165879 174071 183257 193077 199152 206034 210760 211012 213935 219342 226087 228775 236918 238234 246126 252581 256900 265639 270433 276167 282137 282700 289839 297153 303848 311423 313904 320936 330361 330789 339933 347371 356561 361550 364428 364453 366213 367902 376706 380344 388459 396299 406177 
180 797 639 502 876 870 43 960 981 187 366 87 809 321 499 806 436 580 681 55 129 277 366 692 488 338 691 883 551 729 72 818 697 151 686 864 913 822 627 908 244 234 538 856 785 872 957 583 132 863 272 447 737 480 784 832 360 207 385 564 271 608 452 988 49 384 268 287 789 236 798 203 
88 135
1851 8508 15280 20462 21191 22663 23852 27994 28188 35693 41576 50807 52525 61928 62795 67019 67824 74262 83676 85182 91483 95838 103322 109824 117250 118287 122365 123979 127796 132171 140293 144937 145542 151513 156791 157620 157807 163482 166599 170035 178613 185294 192718 195818 200427 206290 215462 217254 225032 229746 236248 238792 246077 251648 257733 259875 266927 274526 276415 284509 288167 298066 298412 299054 307535 309281 318992 325765 327938 337533 347431 354022 355086 363993 367116 371112 376872 386460 386485 392704 400503 407782 408642 409256 410997 414050 415987 422769 
911 902 960 337 36 400 487 118 331 317 10 156 25 407 892 667 410 859 771 849 108 975 46 760 100 897 462 271 725 228 783 758 247 650 411 992 22 127 467 871 675 147 102 378 381 359 73 69 586 879 595 953 784 804 418 694 887 223 807 919 745 117 154 48 139 516 933 399 430 221 1 436 537 94 206 387 80 485 117 979 719 964 767 195 665 177 917 405 
23 452
426 8592 13226 17977 22454 22866 27154 32704 38267 46633 46680 52079 55854 56813 58202 65089 73441 82612 88729 97652 102969 112553 120949 
455 461 212 162 103 352 298 400 707 145 495 640 564 684 396 629 929 194 654 710 1 741 791 
89 758
6467 11402 12002 15228 25117 32935 38525 47601 53915 54389 57933 63046 69825 79648 84753 91117 94484 104003 105765 113079 120233 127464 129349 131413 138297 148026 151081 158319 162961 166690 168923 173062 175320 183539 188757 189816 198542 207997 212138 217892 221231 225451 231708 233837 237034 238109 242017 249249 251095 256011 257685 266656 268727 272263 278890 283454 290026 293473 297724 300612 302433 309934 313026 314873 321614 331387 331515 338951 348902 355156 362067 365883 366547 375555 377320 386129 392793 394329 396588 402231 404828 408176 413148 414297 422882 431110 440282 446293 451227 
964 724 280 643 145 597 479 621 830 132 414 400 443 249 934 773 507 779 748 2 522 334 25 117 405 937 333 962 754 672 402 667 151 484 631 487 153 509 103 316 206 46 201 181 331 126 175 748 540 985 204 417 727 215 995 252 970 8 542 551 670 497 293 200 394 783 703 515 358 95 875 272 303 147 419 653 307 110 792 200 499 957 153 196 604 623 611 901 929 
99 375
2647 2665 9670 19395 24487 30291 32114 33602 37161 46265 49027 58061 60711 67667 71482 72213 75142 84038 88277 89139 95166 102649 111910 121157 127349 132009 137524 144610 152176 155768 157722 165663 171306 174835 184432 185983 194402 203307 208320 212152 215524 218796 220033 222981 225080 232629 241638 242038 242446 244346 246787 253246 259856 262225 266378 268404 278298 279355 284621 285514 293502 295734 298244 301097 301628 310577 314357 314931 321062 325504 328665 336083 340699 349635 354984 355097 362153 369733 371890 381798 388571 397567 401083 405120 407798 408091 411813 417731 420702 429591 438727 445111 452011 458967 468619 474384 474486 478525 479489 
419 216 860 803 651 961 966 987 609 33 725 669 447 232 793 336 708 889 923 763 526 554 272 429 678 484 913 355 461 499 490 326 467 518 745 735 66 948 727 636 936 670 161 853 722 625 947 678 969 97 66 731 388 267 649 564 699 765 985 552 755 138 44 252 443 954 425 316 41 927 773 479 145 154 843 759 331 184 214 635 746 873 814 333 199 443 138 599 552 70 667 986 262 437 28 435 190 385 372 
93 359
7422 11698 15653 20724 27003 27691 35164 37676 39166 43306 48687 50146 56916 62243 71085 80612 88452 94849 98176 105309 110010 114384 118683 119153 123443 131632 131743 134130 137419 141559 143572 147297 154678 157358 162871 166058 175324 182213 189415 192080 196796 202595 207607 209581 217817 218692 225851 227418 231555 232050 236718 237332 245884 255382 261704 270118 279246 286215 291353 299638 307169 312268 313076 318771 326609 328973 331946 338755 344077 347312 352599 353285 360388 363122 370376 371524 378678 380265 381348 388951 393241 402049 406020 406798 407043 409471 415629 420199 423578 431245 435675 436418 442208 
860 9 787 169 157 484 641 432 521 92 531 725 974 411 722 563 321 283 23 431 460 349 245 721 558 881 400 609 401 706 622 262 473 792 589 5 58 495 27 882 26 49 79 437 423 767 744 297 12 447 580 799 344 558 997 437 51 268 832 786 798 758 369 388 214 681 707 104 379 545 829 650 707 595 79 695 752 977 359 811 478 72 924 865 161 179 793 540 434 282 816 47 542 
21 223
7762 8248 10754 18354 24084 26333 29576 32312 38076 41951 41999 47313 53551 56147 62516 71972 75602 77731 85634 86696 87968 
815 748 98 892 336 758 981 751 354 512 353 793 130 654 238 107 490 840 448 847 227 
77 55
2472 4566 8472 16949 25988 29462 30080 31743 33000 39472 45727 50435 59817 67178 73259 75556 77214 78918 81692 90759 99140 105485 113278 114192 123770 127186 128838 135037 139796 147933 149513 152266 158951 162511 162566 165189 170005 173449 181818 181905 185655 191105 193274 199734 202647 206116 209060 215610 215885 218645 218686 227202 233271 242439 250921 253047 255355 261277 263528 267765 269703 273742 279165 282528 290981 291168 299492 301528 310452 312166 319263 327440 329220 335858 340544 346046 347841 
812 987 114 313 190 619 405 665 722 447 149 665 479 390 575 860 191 346 344 350 129 83 429 204 96 635 452 421 317 617 522 999 316 695 394 149 638 537 684 181 724 294 506 971 70 715 848 344 888 193 516 400 340 710 353 49 292 526 89 635 263 992 541 234 926 682 127 691 238 194 346 427 602 260 541 769 978 
15 822
7726 9869 15973 18095 21049 21310 22433 22766 26956 36164 45012 48952 52013 57053 60515 
824 320 735 173 601 701 206 677 180 706 956 490 413 665 293 
33 949
5815 7262 12770 21497 26593 32839 36902 44167 45898 55446 62883 64907 67761 74676 75844 78452 81461 81943 82318 88542 90007 92453 97403 102558 107961 113018 118885 126879 129706 132436 133728 140419 146531 
349 533 998 461 874 398 467 93 82 256 334 870 286 722 600 333 17 889 803 423 595 357 189 148 971 560 986 614 454 469 838 865 938 
16 384
2118 8117 9343 14232 19645 19939 28533 31715 32027 35024 37411 37937 46997 53378 54380 58252 
420 757 597 654 982 693 606 468 502 29 694 572 300 19 456 794 
20 345
3720 10306 10841 18849 26094 31328 37605 46366 54939 60185 66255 68089 72509 77892 87595 90429 96894 101169 103369 107997 
263 547 411 183 326 193 723 721 700 940 202 340 140 588 861 242 257 562 84 842 
15 230
5162 12162 21005 21936 23736 30094 31089 38768 39811 45200 45802 50146 50416 55933 56264 
3 143 682 424 615 48 547 774 991 722 608 319 108 958 67 
69 317
293 5655 13733 18399 20813 29982 39751 46121 52060 57040 58110 64939 73587 74909 76351 81643 82629 86639 88598 97285 101311 111101 114924 115144 119640 120891 126341 126496 129989 139962 143201 147393 157088 166382 173312 173931 182939 189761 198807 199165 204587 207035 213730 217015 222807 232517 234302 241456 247704 255553 261000 267626 273485 281110 288344 295826 304122 313202 323044 330305 339443 343317 345915 349670 357222 363359 364755 374042 376032 
629 21 860 31 386 752 787 322 369 826 176 830 516 467 379 504 252 639 433 482 917 256 535 44 131 164 873 884 647 56 444 896 570 228 313 10 516 510 790 904 776 590 724 341 918 110 932 568 671 869 572 541 647 221 31 823 823 266 514 70 824 193 378 689 11 205 415 270 150 
58 897
6876 9907 16034 17269 18269 26445 35199 45122 46930 55848 64622 74070 82301 86817 88255 95620 100200 110000 117177 125089 129447 131936 138447 143115 150281 151801 153488 159085 161128 164495 167977 175242 180126 181910 187294 194274 203491 204683 207555 215101 219692 227436 233649 235195 237511 246116 247342 253105 254383 263295 263533 265460 267834 273390 274225 274342 274704 275860 
242 662 383 559 978 805 514 777 444 333 754 192 891 647 240 590 929 730 870 234 336 920 957 101 107 72 343 813 334 661 801 643 384 745 191 392 518 147 567 887 915 35 288 455 799 962 775 648 762 277 922 237 233 915 627 480 177 712 
19 124
8504 11015 18277 18758 22807 24027 33658 42943 43775 44165 48377 54994 57203 58593 68044 75380 83461 91280 93854 
176 558 386 653 745 546 278 802 315 972 492 1 254 121 643 434 776 754 96 
27 607
6856 13104 20874 22958 26121 34020 40857 42220 47189 49082 49793 55400 55799 62493 72187 76422 86364 88287 89648 91996 93782 95246 96043 97268 97904 98702 103870 
467 676 697 997 709 462 989 939 736 657 5 862 657 986 818 879 150 711 931 725 347 360 560 385 306 321 464 
90 825
2880 6800 7797 13815 22482 28469 31734 32637 41910 51072 53284 60557 65815 73268 81165 88569 96529 98739 98814 99714 102607 103185 112575 113859 120616 123477 125495 126512 135617 139722 141159 149746 150200 158355 159763 166696 171096 175741 176488 180691 186106 195429 200145 209834 211074 216790 226118 235201 244070 246075 254894 255847 259210 264094 266650 268072 276054 282374 288417 298312 303706 311605 312269 313663 317575 318656 320038 329047 337260 339991 344118 345811 349066 353058 361949 366146 367405 373525 377940 379658 381021 381547 384877 392540 393606 400027 409202 411184 411337 413564 
148 134 539 155 718 750 396 424 468 798 980 262 618 664 661 698 59 939 125 817 575 296 627 756 303 817 565 207 352 862 355 283 232 800 321 412 912 233 171 274 801 691 242 813 762 972 288 479 841 674 352 493 880 921 843 41 245 842 305 958 904 771 987 791 966 501 917 206 786 581 647 902 17 18 753 709 515 129 235 638 209 826 469 142 916 526 371 387 413 711 
14 606
9200 16458 24522 26600 31160 34434 42513 42716 43024 44461 48985 49635 51761 54200 
244 897 750 969 254 626 786 307 635 170 89 878 791 140 
37 664
8982 17850 22540 26221 28973 33300 39133 43580 48731 50354 55527 56903 59653 60354 64488 72384 75933 85477 92437 94569 101051 108012 111877 120081 124116 128976 129716 139578 141835 150245 157507 161726 165913 172131 178507 180728 182210 
430 700 527 627 159 402 296 423 675 921 245 22 824 28 513 754 79 355 379 554 719 619 677 180 466 942 212 408 359 25 936 966 884 985 802 350 821 
68 568
8045 10723 17490 21056 30991 35812 36150 44883 46904 53707 58270 65978 74447 74836 83507 85862 91027 91983 96945 104882 114024 123285 124889 133926 143456 152370 156329 160444 164380 172749 180533 181977 191131 192827 194344 198156 203058 203851 212743 217153 219572 221942 223043 226950 232339 240409 245325 254069 261445 265540 274844 284222 292597 292909 297910 300456 307091 313744 318126 320251 329991 331281 331682 332076 341589 350802 351055 359727 
792 606 849 768 888 222 318 906 888 783 690 345 562 590 595 703 619 627 204 91 273 529 524 782 18 768 655 55 207 784 620 61 426 128 477 833 582 630 354 615 44 298 492 353 537 8 623 5 29 861 269 211 693 242 657 505 399 967 453 418 573 948 90 23 681 121 458 244 
49 887
70 3792 8474 9988 11480 15225 24522 27553 29804 31339 40719 43937 47033 51783 58117 58234 61395 62725 65926 73467 79017 85346 86257 86581 96360 101002 107216 108871 114725 117784 123056 130052 137840 142066 147133 149763 152957 159425 161040 164826 171603 172631 174161 182957 183079 183459 187330 188301 189762 
448 15 862 500 440 161 663 751 616 870 716 42 331 849 384 654 523 247 859 350 212 999 544 74 479 227 746 706 713 857 135 954 515 990 407 957 319 116 599 487 676 191 927 740 233 159 564 509 393 
61 486
8631 14705 17086 23842 31411 36567 42022 47676 50883 55356 58139 58978 61331 67818 77316 80483 84391 92828 94660 98533 99821 104844 109303 116225 122374 127508 130375 137081 141338 147865 153984 163517 168953 171765 179362 179373 180603 181337 184299 193387 198011 201872 204295 208754 216735 218030 223547 230260 236813 245872 250622 255756 261973 271642 279226 281521 286034 292315 300697 309051 315705 
672 741 646 546 320 671 442 810 899 331 996 238 909 766 690 5 116 939 530 378 693 471 42 424 515 100 70 632 83 82 704 61 817 885 453 518 195 366 85 954 901 78 637 106 934 844 848 491 978 966 599 813 961 202 17 552 883 66 229 957 217 
28 519
1410 3433 11917 18209 27720 35100 36118 37869 43431 50205 52708 60461 68229 77327 86686 94915 96971 103410 105171 111836 116786 125741 135328 141215 146268 147996 152940 159306 
1 170 874 12 597 92 829 499 93 737 779 194 620 762 770 902 915 423 249 574 55 555 7 529 61 175 379 556 
38 573
8054 10321 11304 20111 25850 28333 34393 43423 47582 54094 54371 57884 65211 67574 71708 78843 78961 79694 80208 83978 85437 90964 99715 101562 104260 107307 108900 109286 113757 117451 120452 127798 132469 137153 146369 147455 149454 155422 
868 525 837 148 833 250 418 473 127 716 53 272 653 398 974 385 27 951 543 658 852 794 716 291 781 874 910 586 516 427 188 248 892 180 981 621 418 458 
17 944
742 1156 2133 9167 13356 18474 19611 29112 30140 37570 46637 52949 56157 62314 66097 68258 77376 
585 264 921 129 173 653 287 259 784 993 264 423 4 826 803 589 634 
21 344
8427 14671 19814 23873 29720 32119 35205 38995 41066 47142 56514 59191 61490 66208 74469 76183 83320 84685 91885 96515 97810 
494 117 98 47 873 430 628 429 523 435 982 867 746 620 113 683 952 247 705 255 936 
77 926
5297 10957 18030 23618 26892 36420 43342 43780 43794 51638 53844 56787 57486 64451 66559 67122 76428 83724 90021 98296 106151 114015 116562 121663 129981 134758 138179 144686 150247 155241 160000 165140 169959 175029 180090 181873 188795 190976 199610 207948 212942 214373 217703 217985 224205 230719 237529 246361 250520 251777 254403 257836 267370 269571 276983 285463 291913 299419 305144 307150 312606 313461 315750 318015 327471 334171 334245 335760 344610 347100 351873 352848 358792 367479 368442 373350 373423 
240 974 559 610 548 121 499 125 100 636 28 699 231 716 173 411 880 43 664 762 373 599 531 937 211 709 679 433 361 919 423 310 716 274 632 866 705 464 624 926 349 242 224 874 560 897 657 614 736 236 472 986 542 664 120 595 550 321 624 647 131 77 370 582 339 614 458 245 298 815 910 507 17 159 789 88 393 
41 336
3501 13325 19116 27583 28530 34364 34735 37602 44540 46642 55736 62148 69777 78027 79058 85491 91519 95525 102795 110353 118506 127093 127668 130750 137013 139121 140400 142846 149185 151985 157094 159555 164517 168466 169383 172499 178809 178908 187249 194441 195888 
376 624 470 4 616 958 882 609 76 563 283 678 190 240 256 19 296 714 44 913 745 136 794 710 177 67 3 342 750 366 614 755 897 86 335 571 663 30 792 521 598 
45 977
2245 3724 4394 4787 8621 9989 11321 13568 18064 24827 29168 32588 33702 37315 39901 46089 48452 57818 67526 75707 80019 89405 90662 91236 98110 106920 115249 121826 129392 135534 142713 144708 151092 152885 156736 157157 162555 162613 172077 179103 183456 191749 196662 200013 205029 
371 462 554 159 686 585 621 693 655 617 68 620 323 407 348 939 684 959 392 295 776 554 65 830 405 825 126 933 95 689 577 816 68 168 7 965 102 435 369 772 604 440 358 613 21 
20 378
1591 10656 20378 28759 30990 31711 40852 42022 46001 53819 57301 66473 71496 81068 88266 95210 102769 105419 113315 116507 
674 252 469 622 61 481 107 54 680 210 192 813 447 113 925 917 811 524 694 717 
21 190
2625 10424 20412 21676 29602 35944 39972 44645 47403 47680 52652 60543 70471 80402 81474 89610 91938 95170 95366 103873 110528 
345 283 832 88 693 44 168 713 856 423 337 414 692 274 785 28 96 164 333 41 107 
55 841
8359 17285 26391 28697 28700 35384 36005 39297 46568 49434 59201 65206 73521 81371 84953 89068 89547 89689 96715 101539 110005 118685 121827 128363 131994 135741 143965 147304 155351 157923 162700 171600 178637 179079 180026 189103 196588 204094 210750 211489 212523 221134 227637 234164 240769 248199 255110 263835 271595 272835 282034 283126 283155 289380 295982 
276 218 125 451 407 732 556 830 159 684 151 715 425 269 956 169 953 185 729 386 493 296 457 429 548 510 554 299 64 327 317 868 53 141 323 671 121 993 911 226 326 658 852 786 337 440 356 219 195 409 412 795 170 671 207 
71 215
7015 12321 21059 30445 33265 39580 43546 52927 59541 63940 66627 74507 76300 76920 86081 90590 93014 101635 106849 107816 111151 116084 124020 128419 138135 141961 144315 146646 155279 156862 166037 172379 174137 175370 178020 183148 191168 198778 205603 209679 213298 219179 219333 223520 231285 236255 243042 244429 247267 252273 254389 263434 265194 270224 277577 277998 281034 286963 296408 306112 314650 316628 325147 329310 334587 344128 351501 357755 367108 367777 369346 
323 448 205 424 357 953 144 113 960 789 558 547 149 863 430 219 367 755 658 820 968 619 500 302 496 721 158 367 961 807 504 785 195 723 957 401 221 520 194 327 521 26 176 832 471 21 648 816 108 142 832 644 112 205 969 116 653 52 790 594 392 869 788 399 838 44 421 449 273 226 971 
15 220
6321 7589 10078 16306 16804 17629 25950 31170 33232 33615 36395 39033 48651 55581 63773 
667 783 957 368 969 121 852 974 403 260 539 513 921 392 511 
50 812
5504 5563 14625 14724 16287 23371 23687 27873 37094 44845 49567 50260 59338 64480 72907 82255 87594 95812 102652 105241 113558 122378 128903 134292 136044 141908 148171 152220 161510 169885 176617 182305 186717 187337 190786 198194 206586 216273 225810 231208 238834 239162 246914 255144 260119 263482 271587 277766 278003 278607 
327 896 820 81 240 107 442 810 932 53 330 528 171 377 638 945 762 427 887 491 542 928 341 849 752 549 841 30 134 992 318 457 254 621 840 512 776 194 936 763 691 73 527 150 91 673 771 764 742 37 
55 478
808 9548 14706 20030 20778 20989 23439 30147 34125 41004 46131 54004 56324 63167 68272 71222 76946 78259 83531 91705 96110 97680 97882 101590 110485 114104 119507 124112 133707 141677 145683 149720 154461 163703 163933 173648 176069 183462 192400 202131 208198 211858 221623 229216 235670 236674 245369 246911 255147 264056 272628 272718 279466 280204 288298 
71 403 727 292 916 493 485 336 851 104 568 622 258 603 466 374 324 896 468 414 121 469 662 886 259 954 288 185 437 616 473 153 957 128 938 583 671 824 274 660 19 378 882 975 891 29 950 611 25 816 456 869 157 313 675 
86 978
8437 12040 17749 25634 28792 37614 41335 45250 54043 60565 61014 68063 70455 75044 79807 83514 84207 86220 88117 92274 98599 103203 109687 109914 117817 127458 130133 139189 143695 147840 151433 153428 157743 159594 163068 163197 169925 173657 182119 191188 194336 200376 206674 211055 211696 221619 227778 234225 240307 240804 246849 255465 264757 273186 279619 285932 291324 295004 301364 305259 313729 315456 318109 327995 335011 344738 348924 354899 358967 366797 376108 380958 390529 397063 403938 408296 416892 423608 432583 441951 451106 456246 463272 468670 475399 480693 
533 281 921 168 583 775 117 508 610 983 149 115 515 440 889 376 296 139 817 876 85 678 53 968 701 130 10 805 229 542 294 103 234 52 266 880 843 418 338 945 40 110 809 711 439 652 991 591 573 392 974 158 650 325 517 22 687 573 858 688 360 716 544 558 231 511 475 388 376 791 757 218 774 957 581 475 301 645 50 781 288 779 513 741 769 224 
24 45
684 4241 7021 15106 24770 33367 35422 39340 47357 54505 56312 65911 66347 74551 81123 84935 92946 101798 102354 110688 111976 116523 122958 125713 
814 506 270 467 169 767 112 26 595 775 520 711 149 721 335 540 670 821 225 13 332 538 837 875 
11 265
9857 10571 11641 17923 20062 20624 22674 29183 36175 38782 48276 
190 325 104 129 401 722 114 46 716 203 572 
84 421
2623 11911 15934 20880 22028 24764 25311 31076 33540 34215 38618 40918 45735 55241 56610 66223 69441 72888 79613 89575 98893 105541 110924 112647 120071 122546 125339 131596 133117 135635 144573 151857 157028 165898 166174 167815 168038 174238 183362 185369 192330 196919 203506 207113 211340 220552 222672 227163 235351 244807 251710 256743 264834 273234 278362 287068 290657 295387 303920 307913 313887 316387 321455 325800 327523 333349 337173 338612 342744 345626 354522 362095 365327 370960 373396 375615 376136 383124 383666 392290 399951 404364 405204 414445 
75 657 86 931 630 790 640 37 171 338 373 853 190 766 589 922 608 70 106 742 196 335 533 490 497 20 173 939 695 20 198 901 121 382 825 259 719 607 250 855 724 752 551 13 216 680 657 539 423 220 853 203 896 399 795 81 745 73 471 624 989 387 995 453 824 659 375 776 322 357 943 448 513 708 678 807 638 682 14 624 348 10 845 436 
95 21
957 2077 9098 13054 15364 21761 27689 33962 36655 37363 38809 40809 49970 56080 65424 66215 69357 70153 76975 85205 91092 94661 101661 110941 119334 125499 134754 139820 141130 143048 147630 154239 161988 170151 171052 178113 182071 187916 194002 195651 196035 197497 203831 211577 214754 215750 220054 226691 231802 240041 247371 256125 264194 266757 273169 275959 276825 281514 283286 287306 289733 296835 299230 308192 314756 316389 323144 328889 333045 334873 337614 346888 352516 358596 361708 365522 365814 374224 383800 391962 393500 402524 407463 409384 416151 419571 425428 427327 435889 438793 440042 442246 446811 448537 452049 
661 916 491 935 802 102 555 951 801 695 687 167 117 738 704 31 63 319 236 968 78 465 603 116 743 344 331 646 930 834 905 305 381 13 687 929 331 690 433 808 150 840 514 951 528 648 784 407 242 751 157 561 891 4 981 775 83 407 772 313 67 376 430 657 952 904 84 360 849 786 975 205 66 114 212 3 65 205 356 137 928 748 868 810 972 742 227 829 902 258 886 118 961 599 856 
25 182
7078 13327 17282 19309 28300 35083 36535 42161 44708 53283 62504 62913 71067 80963 87515 92811 100348 108391 115096 124951 130624 139451 141625 150796 152687 
51 729 903 229 216 712 61 340 254 98 426 414 837 58 645 297 24 896 983 998 519 567 839 512 47 
92 75
6697 9066 16700 17770 20685 23164 24161 25788 32618 42117 44931 52335 60048 67277 73859 79181 84821 94407 101989 107171 107193 107495 109141 111050 117815 118165 121087 126098 129037 132623 139034 142563 150221 159424 166507 170542 170561 173991 183515 188900 191426 191497 200190 204151 208441 216430 225120 231283 241064 243683 246972 250792 251877 253566 257653 265109 266133 272907 281047 289182 298020 306888 308908 309670 310139 317702 321481 322923 325815 326830 328225 335187 335762 336108 345699 348079 351536 360885 366895 370324 374203 381621 385824 388765 391381 393987 397781 404067 413754 419785 421928 431286 
402 31 664 185 662 824 989 775 729 569 809 797 633 574 668 75 4 609 448 835 617 210 143 626 167 650 647 29 533 515 609 856 545 637 694 647 628 230 665 926 564 659 880 22 811 929 808 247 722 358 284 524 54 536 192 51 617 297 771 145 74 355 483 269 958 441 300 410 763 7 148 882 510 846 677 930 512 54 140 164 753 144 324 99 592 349 519 559 128 564 584 672 
18 784
8152 15069 23405 25946 28834 38145 39904 41359 48789 54605 63679 73013 80676 82606 91114 94379 100548 101025 
973 290 223 681 579 743 188 410 962 740 259 286 417 475 738 207 252 649 
19 414
1531 6809 9052 14890 19154 28334 29240 34207 42321 46785 50509 51530 60010 66177 66285 66392 71298 81028 90030 
191 340 494 471 249 796 425 638 288 375 914 846 938 954 20 224 552 79 347 
49 633
6540 10393 18422 24456 31831 41159 46084 55427 59463 67280 75579 83695 89013 94336 94763 96274 97945 102889 105178 109629 110303 118179 122097 124474 128563 137200 139436 146107 152410 152685 152931 157777 164399 171211 175966 183294 184851 187623 195656 202877 209829 218761 226899 235876 236059 245086 247737 255847 256597 
323 880 555 521 635 57 746 168 108 705 642 529 432 471 915 889 939 6 411 196 767 179 9 715 863 74 950 227 580 96 135 394 989 796 858 588 25 120 790 597 790 962 268 576 562 912 489 408 18 
67 651
1811 6227 6750 16691 23546 25692 35614 41070 48844 52172 56299 58472 67726 70873 72037 72313 79517 81644 87398 95695 98525 100150 108507 111558 119044 122671 131539 140156 144382 153820 162884 166615 172689 173756 183497 193108 200703 207256 209460 210156 211923 221859 223758 225758 231752 234101 242380 249009 256508 261051 270070 277850 281376 290223 299641 308972 313504 315297 323017 328463 330026 331868 334010 340755 348926 351410 352188 
582 879 115 272 840 393 531 22 469 586 326 809 350 963 770 932 639 184 154 226 151 466 79 413 932 86 7 660 336 414 158 966 665 684 612 880 929 204 292 535 801 617 750 491 247 955 546 200 20 192 839 498 231 870 477 339 726 437 574 97 818 362 724 864 463 977 71 
68 456
9883 16397 23279 27067 31249 33170 35598 44888 54197 55524 65445 67690 73500 82517 86270 92886 100141 106875 111725 112126 121118 129123 138935 148772 149029 151780 154384 156308 156509 160721 166474 172055 172189 179993 184388 193883 193885 200978 209181 214850 220356 227125 233008 233888 237457 239449 244763 246241 249294 257757 267459 269124 269482 278780 283339 286910 291542 294720 296537 300851 306296 312664 312820 319904 325973 330377 336155 340312 
258 304 788 692 467 389 441 204 322 695 214 842 905 968 363 565 466 158 373 295 400 918 771 962 79 612 69 946 84 539 375 224 805 606 706 751 549 146 121 844 546 813 22 927 971 372 904 520 685 443 11 325 167 881 197 558 172 498 935 591 27 694 880 263 469 777 87 957 
22 503
4304 11582 18553 20057 20661 25138 32987 37760 41415 48610 50691 51498 52178 61426 66438 73613 77741 79546 85957 94067 94212 96360 
979 374 124 947 52 129 531 471 368 94 194 634 80 71 518 99 781 882 99 46 260 337 
84 784
9677 12589 16843 23478 31328 37588 41019 44077 51297 51689 55322 58078 58783 67395 75575 79867 80352 83943 90686 99856 105625 111733 121070 123404 130602 139847 145552 146904 149858 153638 153645 157406 161527 168894 175027 179219 183241 187222 195614 199456 208922 214600 217165 222421 228855 235632 239337 248654 253832 253912 263267 270008 273803 279972 284591 293157 295783 300885 308764 312751 319434 324159 327794 331939 341471 344814 348517 350344 357942 358223 358601 365293 365590 369839 377360 377635 386113 390802 391945 401879 411803 416665 425172 431919 
524 746 947 554 555 667 701 216 289 549 978 826 682 191 177 582 937 52 425 904 675 650 925 625 229 282 624 171 312 11 611 29 536 469 835 649 894 957 24 425 811 944 684 568 765 324 244 851 36 958 778 642 474 600 163 433 648 88 912 819 269 580 763 197 536 313 286 287 383 804 265 455 253 993 634 681 890 768 761 737 97 603 77 90 
97 611
9705 14162 23541 25073 34963 43419 44947 53080 59253 59547 59921 69535 75215 77461 81265 90261 96561 100177 103988 112266 112525 115045 118939 126355 128723 135816 143945 144435 153804 163492 166217 172312 176077 183638 186184 191066 200610 209922 209924 214626 219410 226777 233366 234226 243328 247871 256170 258677 265010 272056 275634 276223 284279 289072 291736 298862 299640 305246 312582 318095 325717 330299 332487 338933 346588 354870 360062 361827 367266 375304 382232 385335 387866 392030 397591 403069 404283 408859 418102 424803 434485 444275 445566 452439 456354 465834 468893 471432 477479 482337 482707 491602 499262 502211 502798 508026 508619 
934 382 948 77 658 831 240 313 738 880 116 943 612 992 211 229 569 86 311 148 586 815 145 106 933 377 257 637 259 290 639 538 160 113 412 125 728 489 378 967 376 930 830 240 519 738 900 664 393 763 199 132 845 100 434 286 974 561 412 733 75 544 575 579 992 61 364 785 86 942 752 168 11 656 24 757 438 190 614 775 459 528 889 563 842 210 764 64 446 265 818 463 792 32 417 54 786 
18 822
1687 1721 2108 6313 9790 10720 13564 14967 17243 21471 25273 33636 35628 36913 46833 47247 52737 62655 
116 941 733 933 197 390 120 662 487 867 580 382 819 698 656 925 330 581 
41 221
1497 4358 9088 17234 24946 28385 28734 33661 38940 40947 46295 47721 53710 62324 69407 71970 72163 75541 79589 84435 94086 94493 97062 106078 112917 113820 115394 125303 132164 139385 148575 157484 160639 161396 171157 172084 178708 185453 186987 187851 191140 
708 734 796 301 70 674 414 131 903 846 358 498 13 650 461 819 86 993 751 530 496 621 209 766 219 631 24 148 152 467 969 167 166 189 981 447 428 91 922 280 973 
85 758
8362 14890 17167 20153 26866 34347 37653 39085 46906 50787 56996 60110 62284 66660 67437 72336 74262 76142 84989 88584 95164 104224 112529 122059 124030 130236 133336 135742 136517 138289 138677 146814 153933 155071 159314 162114 170165 171438 173814 178444 187154 188132 195052 195176 202310 209319 219207 228207 231546 234568 239736 239838 247248 249175 251183 258941 267826 271270 275861 276020 285976 295545 300670 308398 317023 320137 327171 330372 334496 337934 347792 349056 357116 365389 368670 373820 374059 380179 382763 388993 394879 399065 403837 413190 417038 
6 118 907 14 198 279 287 52 382 318 992 558 688 468 641 699 528 167 915 287 417 300 334 507 22 138 629 463 148 543 861 819 561 355 129 726 261 709 848 13 218 636 575 591 374 553 947 754 182 155 806 230 384 692 180 759 583 209 271 462 842 421 314 551 865 423 236 456 970 203 6 555 935 189 315 508 895 518 887 82 212 637 254 884 340 
86 410
6609 15590 20525 29462 31002 36660 46316 46643 48477 56895 64171 69667 76664 83560 93443 100256 100368 106412 115863 116946 123465 125950 128633 132394 140847 141360 148946 158188 160121 160921 168289 177939 187778 194648 198688 205613 212275 221669 229144 232108 237633 241948 242507 251811 256582 258703 262496 270008 278340 280561 284701 291617 294711 301662 310237 317097 325600 329479 338394 344152 347321 351723 359707 362147 364336 370048 378775 381660 383321 390768 396137 403243 408386 416911 425651 427082 437056 438110 445653 451980 453504 453590 455356 461875 467778 469557 
512 68 687 709 60 989 955 925 214 546 400 9 13 772 61 99 735 89 921 634 555 283 588 621 878 44 690 402 159 130 541 607 693 88 376 779 989 483 148 761 173 314 767 531 503 825 400 905 674 597 968 96 807 83 302 764 609 400 511 374 489 858 654 507 45 315 641 950 992 115 416 859 912 566 833 427 278 770 33 482 356 694 728 780 474 480 
92 280
586 3665 8782 9875 10971 16326 24873 32612 38272 43667 48191 51656 57053 59902 64109 65803 73352 82499 83510 92974 94802 100311 104525 113291 121424 125604 134604 144100 152181 159811 161262 164180 171026 178075 186037 194090 203886 208917 218099 218875 223749 229594 230214 238870 243809 244966 245711 249955 250889 257028 264149 265214 266401 273001 276138 282650 284374 288293 291695 300137 306659 316080 323381 331822 341171 350281 350920 354553 364390 373343 381222 389375 397930 398828 405136 414528 421575 422171 423705 433133 437071 439193 444228 447127 456553 459691 464889 474690 481963 486769 494668 502996 
683 453 37 66 863 943 57 433 52 31 201 645 262 636 444 917 756 507 107 358 588 157 337 351 301 650 693 716 649 956 489 951 731 279 624 461 580 20 321 396 733 289 5 747 244 163 195 712 658 274 921 169 312 76 377 139 562 738 911 769 200 592 590 589 88 566 276 116 330 200 955 618 509 207 70 992 945 694 15 471 861 886 292 645 18 371 695 677 417 811 915 679 
34 442
5671 8236 13053 19826 28602 36692 43971 49921 52749 61012 64150 72115 81275 89982 97160 97247 98797 98802 106324 109523 110481 111817 113256 116795 126238 128441 136745 143601 148762 157962 162458 166927 175970 183653 
371 794 764 142 784 424 818 838 12 634 410 339 534 47 659 78 411 195 952 200 975 852 95 693 149 715 127 708 49 790 485 298 691 459 
68 597
1517 2304 4767 10047 14475 17766 18380 26671 36011 44741 45305 54090 58936 60024 64545 68141 77069 82740 84013 88576 95766 96479 106105 106355 116103 124091 131953 137429 139542 143249 147738 149051 151031 156813 157248 158841 162814 165899 166962 169334 173186 179987 189923 192076 192963 200995 204904 206427 207007 211775 212477 212701 217539 222899 227561 235786 244502 249281 252803 257936 259290 261506 263022 268144 277870 287412 287538 288078 
171 124 720 106 651 781 843 365 704 217 820 516 257 637 616 640 651 668 714 428 328 334 776 672 91 789 155 786 273 505 482 825 214 776 762 944 534 279 79 117 164 41 297 837 471 304 31 16 882 229 890 244 557 192 441 962 182 956 289 675 856 109 572 703 793 942 938 875 
65 323
9878 12051 16975 23999 24859 28315 32638 42516 48286 56666 59716 65452 66716 75564 77189 84185 92672 92774 102143 111697 112422 115568 125470 133698 135307 144974 153743 159320 160294 166701 176472 178788 187055 188073 196022 197597 206716 211738 218628 220022 225358 226397 234025 239820 248329 254229 255975 258965 265901 267689 270055 274507 282461 288648 290521 299088 301777 307355 315306 318593 327876 330031 338938 343001 344536 
421 145 472 554 887 253 77 167 488 785 688 367 409 262 523 843 61 929 951 941 428 492 327 599 92 900 824 646 407 345 873 59 875 981 957 840 71 557 131 184 559 783 78 89 363 929 746 635 908 196 219 271 534 925 808 969 480 664 454 513 761 971 746 173 15 
18 825
5178 8946 12116 13883 23742 31988 36968 44219 44615 50961 51213 53608 57565 61613 66340 72355 77599 87149 
94 964 71 479 724 145 179 20 430 215 959 833 955 108 304 142 18 388 
43 534
4970 12507 14322 23827 25693 29981 32144 33234 39750 41726 45849 52004 56915 59678 59795 68676 73937 82202 84943 87149 90282 93512 97934 98542 101069 108262 110241 112031 116728 125138 125823 131730 136682 139956 140179 147425 154536 160110 161377 162797 168503 170804 179279 
632 624 383 784 421 818 702 272 508 253 437 221 98 421 228 854 294 833 315 33 721 322 988 415 476 932 843 359 704 278 294 78 4 37 851 642 692 199 623 240 86 113 769 
66 401
8808 13495 13740 14510 21521 30855 34871 43689 48816 58770 67441 72828 74227 83976 87032 92869 101109 102236 106387 110352 120167 122615 126902 127233 129385 133273 134329 143694 148387 152981 162575 169420 176423 183552 184123 189060 190489 199254 202701 207602 209173 215926 222498 229086 237953 243599 252702 253276 255053 257149 257352 260876 262505 270161 279382 284238 289107 291151 294692 296498 298077 305429 307875 311682 311720 319674 
133 336 970 152 254 605 400 910 339 975 78 284 325 936 902 77 93 513 659 67 723 616 904 486 660 922 730 664 311 68 33 29 402 19 213 713 147 481 703 895 736 485 589 297 386 307 165 106 935 936 684 483 805 370 143 217 824 7 475 995 186 960 304 333 152 608 
30 697
5165 11720 13002 14375 17671 25533 26388 35182 35607 41528 43906 53622 55307 55395 63156 65157 66749 68872 69390 74615 78656 85698 91962 96407 103329 112863 115033 124209 133339 141080 
463 258 26 681 153 192 620 798 715 523 842 466 345 380 509 522 217 492 946 116 80 162 209 729 9 695 814 313 968 877 
19 323
7217 16104 20159 20595 22511 30082 37966 44050 44067 47533 50671 56486 59024 68753 71840 73631 75796 76002 78561 
476 945 760 795 30 456 975 622 678 415 14 377 977 926 653 636 871 371 169 
77 499
7263 12216 16476 17203 22846 32741 37606 46958 49176 50468 58064 63670 69364 73643 79577 85407 89031 90340 96451 96777 97316 104031 105370 110887 115322 115947 120464 126905 135630 139757 142032 142719 147358 150875 153118 156949 158899 159642 165609 174347 181820 187541 194926 202614 207692 214588 217908 224509 229139 230961 234781 243846 251965 258851 261904 264528 266030 266534 268737 275771 280852 287747 292302 298049 307815 316626 321055 327406 327570 330938 337511 339009 343794 351657 353180 360749 365015 
722 729 666 407 579 680 295 489 104 978 550 12 932 412 494 697 199 358 192 969 10 42 194 487 145 189 323 47 256 887 538 159 409 97 981 813 41 163 229 109 613 495 117 838 534 233 920 273 839 274 997 267 525 608 707 806 211 634 403 451 960 302 662 143 442 749 195 989 829 183 71 803 491 609 397 222 785 
24 696
4637 13792 20625 25843 34538 37891 42401 45090 53942 63586 67144 75630 78099 86085 88303 91038 95597 95808 103899 110916 114790 119742 119944 120496 
68 70 81 599 827 228 670 876 940 206 668 578 756 279 528 951 273 151 211 351 858 582 142 96 
22 394
4374 9229 14469 23926 30321 33349 34073 43327 47804 55637 60233 63576 70765 80101 85821 88708 97010 104511 110849 116079 117776 127148 
147 265 886 283 498 441 592 139 967 635 897 560 292 79 688 834 389 599 51 201 77 705 
77 23
151 7983 16508 24232 31641 36372 42483 51889 60811 61724 63196 66127 70040 78120 83054 86265 95568 99308 106168 107710 109455 115889 125039 125882 130862 132325 132578 142552 146645 155850 161166 170615 178532 181305 189085 197270 207249 211776 214433 218124 227539 228397 233492 239721 242171 245711 249634 254306 258245 261201 270779 272352 280729 281455 285418 293322 299597 303035 308091 317904 326119 329562 336143 341030 348504 357612 360079 367621 371914 377621 379688 388836 395197 403269 410836 420039 420512 
693 848 8 823 215 773 306 576 660 150 982 495 625 735 495 868 462 514 744 225 574 754 83 687 932 424 1 856 509 499 567 497 26 180 956 896 65 905 976 392 523 376 570 731 60 525 450 606 980 975 609 453 18 873 625 519 237 407 813 294 675 935 737 898 727 758 722 859 291 112 8 403 985 102 810 323 817 
