76
47 903
4300 10372 13922 17426 21215 26699 28432 28677 38538 47547 56135 57970 59451 68403 75656 81206 87383 88918 90847 98649 102407 105510 106195 111412 115991 116267 116411 122046 123134 124116 127866 130666 132440 135188 139551 146534 152134 158551 166453 175270 184958 190920 195945 198923 208753 217465 224938 
163 195 682 411 126 95 433 487 762 192 192 833 851 537 501 953 854 780 583 445 245 824 157 569 274 194 412 189 480 713 118 738 678 100 77 805 542 275 302 541 861 555 890 197 34 541 685 
96 685
1411 11145 11981 17314 21423 27150 30569 32811 33506 36363 46155 50435 51573 56039 60450 60888 70471 75629 84049 88434 97452 98883 102135 109997 116804 122700 125781 131571 140013 145121 153073 161873 163392 172701 175476 183066 183267 193131 196799 205374 211354 213128 214833 218717 228478 235800 238892 244431 246821 255980 265916 272416 274482 275784 277199 279867 280564 284896 287336 294166 299368 305578 311246 315419 315987 316377 322375 324522 331378 334851 335412 344963 354555 360310 360587 370134 370958 376847 381304 381472 389492 390489 391230 397758 398211 403231 410547 417979 427504 436796 437836 441464 444601 453442 460088 466891 
314 743 110 454 972 872 639 920 642 547 943 985 271 593 550 254 438 723 163 157 682 860 914 523 589 191 830 565 890 199 941 183 612 12 491 729 505 38 669 543 87 173 386 386 432 957 138 189 982 662 811 883 574 620 109 716 108 894 773 395 867 948 413 110 237 422 510 8 783 284 154 605 945 348 297 235 582 101 830 650 94 382 737 946 143 79 212 163 329 692 199 81 433 100 557 321 
64 374
8008 11567 18926 20700 21166 24047 29672 37518 41798 48136 50787 50920 52887 53339 54904 62133 65422 74343 77163 85628 86327 88976 91325 99600 103320 111459 119615 124792 125180 127008 128367 132979 138822 148060 149347 152315 153944 156437 157525 161680 171623 176885 179263 186135 195192 196173 201690 211600 217849 222758 226053 235829 242710 244136 253085 262460 272299 274786 282266 290831 295476 295899 305068 308662 
806 638 802 202 880 557 192 636 697 736 653 336 15 166 370 738 538 913 185 54 915 137 47 209 389 560 177 762 486 706 493 399 806 661 727 632 299 698 131 485 672 622 58 734 546 678 580 103 645 555 566 584 588 761 683 103 413 601 10 503 143 302 973 507 
58 97
5319 7588 16455 25973 29216 38536 45563 49097 58975 67067 74963 77542 83596 89671 95835 96458 99354 104732 112068 120772 121906 128050 132711 136831 145149 151028 151922 160621 167334 170976 176663 177365 177982 177983 182056 186526 193232 196579 196842 201205 209760 212322 220061 225431 234177 241871 244685 252352 252576 254371 263079 272623 274306 276141 278337 281641 290080 290404 
413 754 322 998 378 611 916 662 356 313 35 484 72 142 559 920 838 885 55 433 373 664 613 396 110 806 259 611 629 879 895 274 653 987 614 570 990 781 3 585 806 103 428 160 426 123 885 297 964 156 403 632 721 953 774 354 31 781 
49 164
2584 2733 8516 9941 14725 16215 25953 29476 35651 37455 45972 50504 57901 60635 69092 74263 75006 79619 80718 83244 89666 89808 91394 101350 110010 119188 119843 125305 125709 129705 137902 143606 147083 151858 152331 154871 164551 167288 170581 171949 173125 181407 189007 197558 199177 209066 210685 220416 225978 
346 61 48 689 187 832 257 259 721 236 119 521 203 141 483 99 273 782 653 575 6 119 51 213 766 191 576 60 281 227 631 80 739 634 447 977 280 19 979 814 393 557 523 472 876 686 849 792 75 
25 439
1798 10303 19270 26843 36603 44990 46604 51907 57049 60588 67989 72865 74672 83360 92685 96851 106753 109129 112312 117222 119087 119539 124425 133428 141700 
402 304 191 472 260 367 686 122 709 419 664 890 949 513 538 14 545 242 658 12 819 985 652 502 416 
87 367
7404 13179 16182 23306 31154 34588 43152 47838 53326 57097 62415 63167 66995 76410 81643 89582 90008 93059 97619 106376 115313 121343 128112 135973 142415 149366 149965 153017 155187 158337 161055 170820 176284 179064 185829 186870 188703 193969 203568 206697 209351 217390 220047 228507 228715 234288 234317 234706 236127 240142 249881 252909 260579 269849 278085 283278 289900 293259 295322 302195 306225 312627 314239 319342 322593 329488 329732 335765 338675 345903 351103 356290 363553 370957 372608 374277 377638 387435 391028 396000 402008 407592 413564 415761 424307 431056 436640 
356 596 974 365 859 361 805 509 88 479 980 562 660 695 470 434 453 480 28 98 996 240 79 957 583 238 917 793 850 148 789 412 526 249 522 690 446 33 187 609 915 941 572 315 777 365 641 585 486 77 948 3 637 400 820 736 624 229 290 359 887 297 955 440 168 66 785 281 495 745 861 989 380 369 556 943 380 118 425 664 474 97 868 598 453 859 187 
46 524
9525 15873 15885 24371 26317 30220 39594 40234 44374 51947 54165 54954 62837 64337 70156 76043 85225 90338 100244 101340 105047 105318 109651 112690 122654 127899 133862 137375 146444 154429 156745 164654 167177 171998 172441 175833 178716 184384 193244 193366 193768 197107 207070 212998 215538 216608 
185 433 17 499 233 205 843 863 735 243 149 109 584 491 724 361 578 900 400 831 432 640 617 942 202 724 290 962 829 144 607 110 4 46 583 469 937 558 116 673 742 186 3 828 311 769 
68 405
992 5815 13631 20884 26493 30727 40692 41706 45001 46778 56104 63800 70544 72500 74248 74456 75511 85431 93543 97685 102614 106191 108505 109991 114231 120837 121352 130431 132060 133121 136120 145947 149465 151998 153301 158268 164104 168806 173477 181111 190494 193812 196363 204875 213052 221207 230401 236461 238258 247012 247746 251839 253252 258291 268273 269710 276928 280248 284303 293608 302450 302485 305168 307735 316159 325426 325856 330246 
551 580 999 243 18 192 876 388 311 129 25 869 67 896 740 978 736 385 560 211 693 282 105 680 295 909 215 950 391 339 854 877 516 73 835 747 351 508 438 99 880 800 324 223 974 175 234 370 384 627 785 784 808 441 997 610 161 77 814 894 964 209 987 154 985 595 757 790 
62 713
8679 10337 20317 25184 25434 25536 35372 40276 42407 48493 51848 54898 59785 66707 76383 84084 85253 93510 101058 102468 111891 112027 113599 114266 116634 124748 129970 131278 133601 138843 139531 146207 150780 155114 156257 163041 164553 168883 173932 177328 183106 192148 196271 201216 208771 215992 217522 217675 225877 230369 236084 242924 244506 252393 258372 267538 272350 279190 281846 285394 287920 292573 
812 889 418 252 638 604 430 319 302 805 130 846 821 727 541 311 497 421 471 611 238 336 714 707 571 485 12 439 971 838 117 745 529 66 523 757 638 82 893 226 893 857 60 521 997 507 703 213 985 502 905 884 914 651 798 985 941 91 435 260 914 933 
40 446
4281 12044 12925 19811 26952 36279 42457 50712 52953 60624 62067 68801 76475 82711 88214 94670 102102 104764 106729 113191 117588 127198 134137 143225 146844 154700 162969 163057 168557 171350 174408 180587 185419 189687 192222 196916 199913 206991 213986 214849 
522 441 511 144 289 262 595 297 21 495 878 108 77 475 4 2 860 101 356 201 470 584 968 285 996 299 119 307 634 501 499 893 69 62 2 127 992 499 560 290 
13 438
9704 19137 26943 28193 32868 41679 51268 52232 56886 62382 68234 70520 77942 
226 525 529 281 315 671 392 319 157 839 128 499 917 
24 233
479 2742 6139 14391 23325 30606 39192 42043 44995 45951 46142 47608 56337 58163 66344 67365 72961 81975 82309 91036 96644 99214 100708 108650 
96 754 716 645 791 340 162 467 775 555 185 734 135 627 178 776 478 383 673 903 586 880 147 60 
81 974
9272 11216 20287 21318 26045 28025 37580 46125 47986 52189 57165 63555 65586 74125 78810 81372 88735 91664 97710 105319 108202 115656 119488 128335 138294 141544 144910 146349 152336 158030 161289 167491 174344 178515 187082 188818 195407 199666 208409 211562 219607 220512 226751 227549 229862 233631 236416 244267 253607 262318 262662 270027 272022 278427 283541 292605 299622 305759 310445 312370 315842 319062 327409 331530 334871 335427 336842 345217 346948 351270 355194 363212 369999 374151 378059 385514 386698 395312 401519 410915 420135 
403 59 208 401 947 916 624 476 82 8 977 968 728 709 526 976 805 926 670 748 62 234 953 431 922 463 651 864 584 339 474 831 492 843 475 484 676 567 243 354 976 519 936 98 644 265 189 929 614 372 51 251 771 200 830 12 561 274 632 484 940 149 423 444 126 554 400 895 135 254 369 336 827 227 745 390 324 973 857 703 838 
31 121
6460 11489 17074 25335 32215 34127 40535 46434 51724 52892 56176 64450 66402 69364 75585 80165 85009 94326 96886 99712 104670 114659 121203 125838 135294 140496 145201 150606 160494 167892 172107 
566 73 788 17 188 335 665 396 74 888 577 599 353 955 588 667 235 490 70 26 826 871 475 332 879 145 29 46 545 403 538 
39 322
5330 12681 17505 25529 30245 36379 43673 50827 60558 61103 67402 70173 70486 73839 75642 76549 80879 80977 88661 96726 99917 108009 108661 110455 117840 119466 128612 131962 136126 145132 150111 159377 167151 171973 180434 187298 194195 198753 208116 
639 433 468 645 644 774 393 596 71 327 957 84 108 421 484 994 493 346 505 124 290 63 672 20 531 759 10 538 612 174 680 791 831 341 983 120 952 94 68 
48 567
7719 10800 20055 29156 32314 40581 49052 54755 63783 72126 72366 79971 84943 88655 92185 98584 100679 110506 111465 121348 128712 136304 140993 150403 154535 161035 162946 169045 173803 183663 185769 195581 198278 207010 210047 212619 217333 219078 219582 223287 229770 230687 240358 247691 253989 260383 267993 270699 
547 257 402 492 637 907 359 896 30 524 845 481 617 592 336 107 321 144 166 730 952 497 467 496 874 494 315 49 899 306 528 187 569 448 6 47 19 170 211 921 79 603 742 692 695 34 405 960 
34 924
7428 7872 17384 19867 28164 31726 38316 43339 50673 56956 61257 69251 70975 71584 75680 78637 82068 90702 100497 101729 106263 113027 116388 121855 122985 132793 139178 143468 144429 148994 155154 157529 159791 159873 
86 885 986 156 787 933 692 912 936 329 993 821 770 803 973 257 140 567 309 920 967 947 690 500 913 114 891 533 641 710 127 673 438 693 
84 399
9302 15004 24969 26225 34610 40509 40961 49207 57701 58975 59101 64390 73507 76309 80728 88408 95173 97322 104555 106328 113422 121270 128172 132558 134117 134316 140484 142536 146789 150493 159518 162947 165325 170162 179759 183704 186051 189847 193745 203443 213395 213451 220697 228775 231090 236400 242845 249236 253910 257879 264934 274534 283172 290281 291667 298226 298381 306639 308413 310443 319521 324806 324916 330438 334322 340571 349301 356880 356933 365445 366817 366970 375356 382262 383616 390546 396752 397208 400880 401790 407515 414707 418548 420012 
684 546 741 915 885 766 842 129 391 549 27 361 223 264 306 820 669 881 94 222 554 272 689 895 232 764 948 279 513 963 429 997 875 658 704 109 182 449 257 45 234 594 425 441 659 781 933 337 395 505 818 495 918 456 531 833 830 901 315 734 312 844 447 396 604 970 868 763 616 294 226 962 642 143 319 313 972 706 150 874 191 132 112 855 
92 359
5252 10947 19520 21745 27184 28329 34569 39103 44821 48294 53102 56112 62686 66190 74350 80443 80806 83452 86196 94748 97152 99986 102829 107386 108746 113774 120772 127159 130761 134590 142824 149108 151789 158767 160430 163407 171760 181658 190232 195069 200117 200312 201041 210906 212994 213025 218889 219637 223652 231153 235007 236668 241874 247962 250542 259091 265024 269078 272455 276015 279217 282188 283435 286772 296591 303028 308730 317254 326854 336050 338039 347118 348490 351036 354339 363719 370018 378788 384609 389469 391399 400744 403837 408636 414392 414554 423717 432634 434770 441266 442263 450825 
533 745 813 59 585 16 72 116 989 689 854 933 277 763 590 885 36 396 681 20 332 816 237 369 15 316 656 856 626 327 741 494 656 622 3 508 954 393 606 462 885 398 8 120 590 913 801 578 242 811 335 797 152 896 352 573 97 360 390 886 543 81 228 904 643 171 365 569 315 443 199 573 294 822 57 898 371 659 459 555 17 174 653 828 869 882 611 565 366 187 960 797 
37 63
6443 8819 18611 25179 33057 33465 40516 43341 49984 54200 60565 67881 72874 74931 84750 91175 92840 99213 104428 113659 115723 115819 116048 119893 127601 137160 141063 143005 145664 149665 154530 154947 157297 157517 157648 166714 175782 
48 339 421 973 217 314 119 757 314 700 345 950 461 840 604 962 313 417 693 596 657 831 477 202 177 376 247 467 912 782 766 553 198 211 868 337 671 
59 817
5635 12227 20876 24987 26177 30444 35359 38734 44226 53090 56148 59772 68211 69870 74424 81124 85200 88248 95754 105260 114642 123062 124065 126246 135291 142098 143168 146535 147661 150666 153561 158183 162449 172077 173803 178534 188346 197809 205070 206389 208912 214462 215554 220131 228880 238051 239080 247659 251825 260349 261482 265123 270188 277850 286996 291730 301395 302497 311909 
557 781 698 597 726 373 824 823 82 811 628 206 229 345 622 412 872 538 27 461 742 218 419 932 52 816 891 354 877 845 456 24 267 580 799 604 656 977 449 205 611 12 516 826 799 472 458 613 457 835 37 404 425 517 473 971 828 746 358 
93 607
6826 6891 6903 15843 21064 22426 25159 30007 36763 46289 51211 53772 55657 63743 71606 75937 80887 88834 96349 98924 102225 110225 119038 126358 129372 138975 148943 154613 154717 160086 162878 166539 169554 179413 179673 181096 181658 184328 194292 197347 203566 206532 206860 211680 213467 221971 222356 229651 232912 235451 241272 249984 255538 255670 265035 271392 279697 281753 284173 287995 295352 304761 311008 314052 315529 317290 320542 325305 330069 338534 341570 343370 348551 356639 360999 369388 370825 371370 380067 383286 389432 399245 406302 408589 413266 421575 421745 427104 434957 435305 441947 445280 452808 
932 41 405 629 905 132 401 28 908 297 190 496 898 878 897 824 75 867 762 475 656 436 636 150 552 180 531 855 414 29 788 457 791 901 66 810 559 519 309 297 674 389 464 583 272 283 991 961 377 227 822 18 806 890 816 465 237 689 578 681 34 342 629 928 889 337 293 599 373 409 468 218 37 999 970 961 195 319 307 932 459 583 382 109 934 492 547 516 900 870 715 359 106 
39 867
4325 9549 19259 26788 34265 43232 48183 50958 57036 65035 65607 72878 80984 82901 84391 89008 97321 105706 113632 119191 122779 125792 126402 133332 142892 152003 159471 161667 164140 168272 174043 182529 190096 194112 196929 201383 209918 218148 222707 
988 214 251 600 317 355 274 925 679 651 971 945 206 477 369 978 33 722 570 598 843 831 115 353 705 620 248 585 561 826 155 20 440 843 723 131 239 299 669 
53 810
7279 17143 22057 29264 38910 43181 52536 59113 67352 72404 78811 84141 87642 90534 95908 104266 105932 114090 122395 126723 131199 131931 134142 135722 143116 147569 147929 155380 163349 171707 172468 179116 181052 185139 185589 191179 195191 196801 203739 203753 208525 217051 221627 225779 226727 227758 229624 229667 236899 241409 248579 258218 261112 
731 909 761 231 780 771 314 147 862 869 18 585 811 895 633 802 164 576 312 932 152 360 429 753 510 665 529 814 982 367 297 702 302 755 408 461 158 788 939 709 777 929 189 561 313 719 840 463 985 527 337 345 256 
49 76
1280 3936 5384 7401 14274 21501 25706 31014 34625 42269 50608 55869 64488 66720 68428 70794 76453 83400 90031 99303 106723 114901 116353 117038 118372 120795 123905 127114 128076 131977 135403 140535 143305 143365 143524 149384 153499 160319 163692 169940 176664 177200 182157 191373 192590 195651 197889 201601 203357 
404 82 782 770 172 494 949 816 735 382 434 922 927 424 9 684 320 72 970 722 184 122 817 166 85 867 148 688 327 724 777 529 798 709 649 405 824 387 976 936 558 829 724 541 24 697 216 289 992 
36 691
4380 4552 11877 12756 21623 22744 25401 28412 38154 45399 48268 49582 50759 51684 57547 66685 72581 73104 79474 86268 88590 98449 103898 110880 120257 126383 135607 140384 146445 148191 152193 156788 162719 164799 168671 177707 
773 96 229 296 122 188 511 825 316 35 566 740 333 359 643 562 371 913 596 386 101 931 808 313 711 207 756 391 724 433 685 925 219 644 515 495 
38 178
8321 17118 17709 20465 28260 30238 33248 38050 42292 47118 54937 59264 64803 66695 67060 71992 81450 85666 86076 89922 93899 94253 102582 111318 113699 119934 128485 130211 132098 141949 149410 149911 151987 160292 165514 174894 178287 179665 
442 912 242 955 420 725 417 359 670 414 584 63 154 357 754 620 289 421 510 378 345 406 718 125 344 644 724 268 317 134 163 669 621 512 566 592 396 677 
94 952
4004 11739 15682 21247 23685 24184 28718 34442 43864 44619 50465 52933 62700 68205 77771 85639 86909 90431 99899 103648 106195 111199 115601 119683 127300 131369 139538 147512 148875 151927 161359 168151 175737 183090 188095 196489 200314 202091 205788 213404 222082 223434 232643 238311 245510 252772 260902 270090 270284 277774 286626 295455 303406 304996 304999 313198 316813 318522 321965 328196 338179 347805 352660 356775 360599 365552 374048 379862 388794 396500 404448 406314 415541 418553 427510 428271 436716 442266 446622 450499 459542 461052 469116 477764 483925 488514 492043 499987 500157 508454 511277 512378 515450 520897 
622 499 900 847 173 998 482 781 436 32 326 401 263 38 390 142 198 644 787 191 154 340 480 541 142 334 236 923 328 35 727 653 832 221 701 363 674 737 285 172 33 324 512 662 965 782 908 109 647 796 277 699 142 953 284 766 195 361 222 259 835 168 751 163 334 884 168 231 959 809 555 876 591 544 56 829 551 126 964 344 182 665 203 164 983 344 697 30 86 964 829 494 329 913 
57 841
8132 8844 14061 20284 20739 23376 29431 37336 38546 39779 48203 53798 62024 66387 73674 83500 83887 84528 86515 89528 91603 97671 99577 100831 108487 116724 124986 131284 131584 141035 149748 158427 163077 171772 179336 184592 185900 192085 199377 206398 207665 215981 224468 229211 236432 245363 248254 253764 259426 266976 272593 274532 275630 283704 293430 297172 304972 
952 922 173 601 528 347 42 116 551 190 222 558 862 45 386 874 373 669 43 440 681 879 472 457 765 219 556 448 458 879 79 910 914 615 937 177 219 90 671 673 35 426 424 791 409 616 6 216 518 960 745 958 250 231 348 390 164 
48 48
7621 13018 14878 23931 28686 36704 38781 46969 47929 47954 53461 55125 61201 71066 74149 82427 86305 89049 91118 91579 95899 101915 109354 118374 126798 131690 136864 143419 149572 151948 156500 160281 165370 174139 174298 178225 187686 189284 195520 203327 204255 206049 210476 211414 214810 217108 220144 222495 
490 258 471 824 178 937 723 865 664 596 104 916 228 309 84 821 637 437 25 829 691 812 795 104 843 354 949 969 400 495 249 8 120 114 635 353 138 207 522 558 849 870 498 87 327 112 863 699 
97 527
1586 9870 11982 16692 25372 28701 31856 35145 36194 44150 51730 53442 59470 69163 71796 74620 78843 84347 84574 85297 90968 95777 97889 104882 107346 107517 114399 118284 127493 129730 131154 136649 137249 141292 142975 146087 148120 156503 162141 163273 164654 166899 175282 178067 186356 188266 197765 201749 209080 216033 221107 222573 230308 238408 245506 246248 247637 253774 263223 265133 273036 278682 285145 294739 298292 307135 316434 322224 329208 330906 336833 340357 340417 350329 352521 354869 355339 360369 361773 369332 379160 384175 393983 397577 398602 407057 413361 416246 423008 423382 427483 433333 439458 442188 444388 445842 454205 
675 229 189 542 28 725 385 488 14 256 895 496 151 339 455 709 782 836 843 607 990 858 387 175 205 72 572 865 242 33 218 311 737 135 86 296 261 947 332 14 283 916 419 866 52 922 144 521 507 602 734 277 468 335 358 684 200 39 434 119 511 748 443 19 380 789 651 405 772 112 341 385 369 847 858 165 344 397 830 656 213 17 921 326 50 123 86 641 876 809 742 799 635 726 284 605 577 
97 115
8612 13888 23877 30955 39190 43491 51257 53112 54992 57095 59860 61371 66209 66816 67288 67672 75364 75676 84319 93770 100578 105068 108936 118579 124784 125765 129349 139105 139568 145417 150041 152372 158503 165341 174721 175522 184558 192878 194320 202082 206485 208728 218554 219004 223084 225635 234626 239218 244749 245150 253197 254943 258613 259767 264453 266365 275333 275903 278805 284767 290733 294773 304629 310080 312641 317919 318442 324784 331405 331885 338113 343592 351816 359230 366065 372225 373374 375685 384354 389441 397988 407565 409980 417148 425908 427786 437758 439968 447911 453295 458684 463886 463896 466908 470166 475320 478183 
496 883 363 454 78 642 448 272 406 159 474 73 801 46 426 402 397 190 920 543 624 300 354 749 931 866 113 928 846 177 767 310 3 262 554 776 307 547 878 477 650 978 199 797 943 749 884 48 992 159 532 243 753 840 843 382 4 565 709 902 695 990 237 802 925 215 787 545 535 13 58 842 49 374 278 254 121 622 277 883 818 815 104 564 756 535 632 314 184 773 20 559 887 535 970 169 115 
34 722
1651 8292 18037 20755 26713 35854 42338 51602 61102 64597 72654 80996 82286 86681 88386 88528 96131 96868 104226 106436 108691 117316 127188 133823 140761 146021 146829 148634 151597 154264 158707 162339 162363 168439 
79 464 208 740 479 59 13 410 833 302 755 673 78 549 56 663 833 516 263 939 95 361 15 123 959 501 330 370 135 881 954 415 357 606 
62 418
4972 11823 14130 18021 18340 25938 35206 37386 45123 51384 57140 64056 70743 71272 75506 80819 82174 91557 93007 96379 104111 110098 112000 118426 125693 129611 137767 142624 149551 159525 166000 167655 169603 177945 181693 190005 194999 204074 204291 211925 214332 220390 226959 235047 240729 245566 249889 255512 263168 264246 270218 272620 275706 282433 287760 289261 290518 294920 301638 311618 311637 317068 
757 32 983 504 330 348 326 353 491 998 810 964 815 877 887 672 585 502 8 196 522 850 596 417 632 266 184 417 506 266 671 876 926 135 770 735 936 563 191 101 269 321 655 630 280 611 121 937 601 268 114 437 828 805 792 362 953 76 410 248 113 919 
35 238
6620 15086 23645 32099 41572 45200 46321 52659 54551 55232 61467 69745 73591 82901 91665 99933 109567 116850 118472 119761 121589 130720 137944 138021 144810 150501 154791 156381 161488 170759 176703 184079 186514 194119 203421 
505 993 790 796 589 353 414 671 142 951 681 383 608 657 35 488 922 768 118 231 615 324 457 96 554 183 274 152 405 551 273 866 868 660 876 
39 522
4230 5156 11041 15558 20636 29124 33440 34686 40394 45274 46415 56350 59632 68220 73590 78148 83273 92798 93748 102393 109390 114429 121132 124337 128772 133065 135183 142233 145285 145860 149850 151948 154095 163949 171542 179614 180419 190315 193979 
55 423 233 942 845 611 557 911 640 696 628 942 414 974 983 197 60 346 153 513 790 959 198 983 593 657 915 77 431 348 113 738 226 679 403 962 241 176 728 
92 16
2096 10900 14349 23780 29524 34997 42406 44426 49234 56992 65748 68813 75969 81058 86388 92283 101778 106520 115349 120902 123004 129349 138838 148380 148619 153814 157873 162531 166943 176821 183224 187648 192675 198915 199447 204765 207809 217127 219755 224562 227933 237778 245683 247661 256306 260393 269047 271421 277952 283584 291539 297898 302423 309087 317452 325373 326513 328101 333259 342885 350257 351802 358034 363739 367059 375701 381672 383665 392783 393145 396874 397876 401329 404806 411335 415173 421315 431070 439885 442960 448632 458366 462067 462444 466805 470832 470919 471913 473059 476023 481261 485640 
762 680 502 226 643 12 104 249 789 583 556 441 707 551 989 137 658 39 408 269 253 28 435 554 225 849 286 611 34 561 821 437 340 407 445 737 127 31 243 582 728 43 764 835 54 71 107 832 929 622 992 612 353 274 526 295 500 389 483 617 595 564 902 185 111 698 348 300 982 157 995 586 481 380 184 884 416 772 180 943 99 10 345 754 228 831 320 984 568 444 334 271 
29 348
2099 7351 14387 21547 24513 29307 37020 42865 52170 58730 62569 69726 71673 76794 77257 77418 86597 92961 93823 100200 104849 110763 115224 125188 131807 135360 137591 142495 146314 
935 451 527 236 580 300 565 677 397 260 199 263 614 365 931 392 893 500 168 955 694 309 995 611 525 727 403 590 560 
19 570
875 6161 14040 14074 20511 21758 23014 31969 36315 41531 49369 52307 60697 64995 67249 72094 79949 81344 86032 
738 139 8 86 345 562 234 498 739 661 429 51 44 279 257 648 707 912 186 
85 769
4700 6268 15122 19804 22630 24183 33293 39256 43691 48802 51973 56832 63126 72887 75913 78478 87137 90090 92415 96440 98951 107244 112733 121573 123817 126899 130045 140015 149117 150606 155224 159616 166932 169559 174619 174849 178606 186245 194521 196261 203627 210905 217872 218156 226024 233596 237511 246161 249028 255930 260593 262611 268243 273776 282909 287638 294222 299376 308418 311598 320667 323832 327102 333499 337083 342364 349044 359024 364679 370811 377088 385296 389269 390292 399342 405773 413777 423572 433140 436878 445034 450162 456976 458207 465130 
74 292 572 138 626 44 191 21 370 494 203 228 586 780 400 436 489 847 995 315 275 766 483 32 589 431 660 763 6 942 917 668 446 188 830 31 702 183 970 206 12 531 233 357 861 598 444 910 808 472 790 621 148 504 57 467 124 950 784 712 85 951 607 992 848 891 950 142 289 662 866 373 579 385 819 601 90 782 90 732 440 64 558 363 505 
83 12
4445 12116 21285 28129 33785 34577 38786 46053 55870 62282 66826 73741 83516 85122 87252 94386 98022 107292 111337 111712 113187 115769 118528 121264 123700 131467 137325 138481 144616 144971 145799 149986 158513 161718 161896 166005 173197 177618 182808 185388 191127 200942 203868 208340 210506 215333 216750 220516 227004 234030 240958 241675 247027 248500 256599 261026 270460 279699 288178 292683 295520 303683 307887 308813 310557 318075 325750 331688 337150 337841 345732 350215 359347 368303 375425 376970 380872 381284 381528 391463 398682 405478 409278 
758 970 505 669 902 510 727 368 572 720 40 424 172 333 269 129 60 223 404 902 989 754 359 509 327 18 866 945 173 119 457 951 278 971 219 189 727 949 613 98 954 68 253 314 254 191 210 537 794 331 499 51 183 837 835 605 808 758 113 144 90 223 891 757 565 985 595 672 941 377 185 370 650 615 630 92 671 8 502 883 683 844 114 
50 900
9840 11291 17478 18684 27225 27378 30116 34235 39061 43913 45764 46423 48863 51842 57067 66568 72739 79181 88065 93917 100164 109847 114687 122033 123259 128136 135695 142424 142625 144511 150721 159733 169103 170530 170927 171481 178505 188472 191994 200108 208741 215022 223979 231470 239039 245544 246605 250395 259225 261162 
939 929 491 878 812 786 419 268 103 243 664 979 423 638 914 492 366 106 376 862 126 58 262 344 816 107 365 345 962 391 739 220 514 181 744 818 779 336 683 5 807 615 497 140 351 315 576 971 295 246 
87 169
8780 9738 15158 15707 15822 21350 31002 39003 44613 53154 59826 62249 72036 72165 78175 85705 87419 92095 100218 101255 105235 113307 114019 120212 126726 128716 136211 142332 143456 150051 157120 164428 168728 173845 182231 182728 184407 185933 191556 201051 201128 209973 212753 216139 220477 223329 231758 233077 240499 241993 248728 257610 260591 269395 277144 283661 290296 296992 301469 305429 308318 313671 317854 320064 322688 329816 337351 340712 343795 344408 349479 353008 358297 367199 373757 380252 380409 381446 383543 384411 392047 398099 403658 409080 409166 417927 426601 
916 721 755 648 535 789 724 84 395 542 87 286 988 37 979 261 972 176 905 833 279 824 370 860 101 928 299 243 925 36 119 390 221 984 922 676 49 794 457 782 627 934 893 22 923 518 202 472 859 606 321 305 482 437 572 816 824 78 547 308 303 24 764 357 122 103 819 961 219 478 476 136 129 197 38 191 867 796 177 996 387 835 46 233 275 890 703 
14 41
574 2813 12749 21916 23905 32937 36780 39049 44958 46245 51219 59223 65362 75043 
757 354 462 316 941 974 774 78 183 433 490 958 934 200 
70 628
964 9511 15720 23282 27018 32709 32913 41656 43616 45187 48793 56243 60680 66662 76571 77571 85727 93427 97035 105498 108080 109536 118781 122701 131962 133600 135220 144197 145122 149555 152843 154990 161139 170346 179927 188214 191920 196293 196936 206507 207116 210880 211877 215776 221821 222397 228882 237478 247420 249398 251526 251861 252960 257072 258637 267095 268237 271090 275898 278903 283350 288356 294124 297726 302983 312187 316303 318962 326224 329481 
693 276 381 867 225 339 23 54 963 509 141 914 122 504 741 950 263 424 959 944 960 152 444 387 121 613 371 666 918 601 295 736 163 218 810 813 451 114 750 74 594 569 692 30 603 9 339 84 830 951 986 208 637 377 153 945 626 162 282 873 499 784 150 662 840 886 473 492 66 756 
11 984
9295 14818 18144 24042 33394 38303 47502 53727 57521 61247 66812 
214 537 843 63 536 512 55 365 665 855 900 
54 695
2676 6135 11990 12180 21863 26914 34118 34508 37589 39364 43859 52503 60351 62104 65470 66543 74682 79160 82944 88193 97316 97510 101905 106746 107003 113350 113753 119986 127526 132647 135822 137247 139118 144516 149778 155230 156276 157675 163444 173088 180453 183476 190994 197687 198069 199068 207944 215713 216306 217840 219092 221595 228340 228667 
21 952 886 983 414 206 75 253 109 319 528 501 450 321 110 461 704 106 695 778 659 804 624 844 567 51 598 74 104 251 544 192 229 577 355 49 835 627 635 553 185 844 760 677 153 154 687 172 517 545 426 505 914 508 
22 978
1669 5301 7435 8814 15373 21624 29318 34524 36364 46066 50476 52842 58063 60077 63591 70894 77356 86093 87103 87367 91724 92836 
102 636 912 931 537 532 478 69 360 999 515 576 461 187 588 528 424 180 924 105 181 28 
55 484
3347 13332 19467 26004 27231 28128 30709 38974 44452 53734 59026 59280 61218 68644 71848 72699 76494 85533 91907 92319 93776 100733 101635 110271 112760 113400 119593 120233 126662 127649 134442 140360 144189 152697 153816 163445 168018 172254 176216 178270 187070 188795 196638 201558 205669 210974 215578 219525 220721 230306 239454 240905 246616 249871 254948 
520 674 267 390 203 659 800 186 81 337 419 416 201 705 349 345 109 36 255 523 92 543 330 915 746 748 129 796 717 246 341 254 52 801 641 434 717 987 217 829 781 761 985 358 919 229 589 787 466 127 722 613 185 257 710 
83 52
3612 11042 11945 20485 22009 25326 29009 30665 38295 48163 49979 53323 59870 68095 69207 78890 81142 89493 90457 97732 103535 113063 122339 123053 128626 132650 137829 142114 144341 153198 160637 164600 168652 169588 175857 180155 190078 199785 201020 208694 209306 217023 218363 224559 229775 230585 236464 241743 245466 253860 257274 264206 266376 273267 279407 285727 287701 291022 299059 301960 308896 313661 313947 319626 324847 332579 337298 338922 347921 353506 359147 360262 365860 373143 378627 381036 386404 393931 403870 406853 407780 412400 415401 
361 92 605 536 779 965 628 672 91 187 234 668 533 380 732 957 334 19 426 458 873 770 351 750 620 631 782 856 723 71 583 451 927 553 910 805 516 13 665 782 184 946 178 906 11 561 479 384 286 654 460 135 259 259 764 725 192 369 172 682 889 620 422 913 682 843 255 41 442 598 67 176 685 98 505 193 82 865 705 7 959 595 17 
19 230
5146 15015 21393 21837 29531 33254 36004 45056 49030 54507 57860 65633 69017 71489 76905 86730 93602 102433 102850 
527 359 261 386 100 795 335 877 239 573 602 743 830 892 440 63 51 656 263 
92 174
4597 8549 15506 23689 31603 35292 43332 47470 49189 53942 62362 66891 70449 75356 79622 84283 87933 90795 97887 101730 105074 107059 113223 118417 119182 126088 128842 131057 140138 142842 149206 155493 162312 166891 167180 172667 173779 181258 189190 198875 206799 207416 212489 215402 215561 216121 224141 232345 237166 240851 249611 256738 259870 266357 275268 279264 284422 290696 292551 293492 298241 304948 314439 323378 326564 331620 340089 344720 350862 358358 366200 370064 376473 384844 389580 395153 404937 413394 418872 424980 430149 436192 439921 448497 456614 462401 463776 470362 477817 478687 484280 486213 
549 533 872 220 576 299 936 107 370 628 795 50 908 767 540 277 798 947 289 477 54 101 173 84 970 594 878 479 418 515 360 603 856 952 34 257 367 206 162 63 765 350 743 33 454 555 496 159 329 842 600 942 790 499 844 693 980 613 603 56 165 740 739 676 643 599 22 451 974 756 159 755 239 220 653 774 896 453 65 830 527 989 58 8 839 531 889 435 967 272 482 744 
82 992
9118 16577 17496 26030 35629 43518 51316 53854 60815 68978 71592 77889 79324 79872 85672 89365 98175 107162 115446 120839 128071 128921 130514 139920 149535 153366 159878 165336 168172 177514 180762 184302 184399 192193 195368 197654 206272 208839 214123 220739 223920 227636 231535 240618 243206 246760 256399 261104 269885 270790 278633 282435 289138 298437 308258 313744 321606 324060 331565 340147 348776 356293 358126 363515 364363 367206 372772 375334 382599 389986 396224 403241 406734 414620 414636 417688 418312 426272 432248 435589 441829 442978 
885 788 526 748 994 802 857 879 717 228 583 197 579 345 867 873 802 100 481 834 882 759 331 128 944 442 943 896 256 100 78 724 942 917 63 947 135 866 338 352 344 601 464 655 705 878 733 507 762 328 425 119 942 701 867 587 373 486 351 527 373 95 475 565 463 599 480 528 482 492 543 707 144 495 498 55 256 177 388 420 191 162 
56 735
1696 10341 18518 23337 24882 27131 34009 34121 37870 41342 43497 48718 50529 53508 61497 69355 74656 77985 80759 84482 86719 87222 87605 97310 100556 110284 112829 119162 127592 136185 140267 147165 151888 153366 158140 164561 164755 165307 173571 179808 185985 187724 190399 197864 200850 202560 208520 214658 218510 220234 227685 235025 238297 244836 246851 251044 
598 263 654 700 933 411 209 311 585 210 23 477 2 841 641 526 360 554 771 636 958 656 710 357 560 587 710 264 717 901 179 977 402 782 406 469 172 460 163 548 87 345 824 906 729 299 991 782 243 372 998 924 208 941 42 334 
17 735
7888 12647 14458 16499 20701 30094 39814 43190 52859 56298 62292 66564 70873 77068 81202 83186 83332 
725 928 544 174 784 13 326 343 87 351 281 876 886 574 550 796 741 
67 181
8207 14034 20649 22358 22626 25160 31080 34020 37145 46978 56878 64789 65709 72242 81832 89521 92984 93995 94153 101513 110426 114135 118991 122813 129919 138691 147235 155739 160105 160578 162950 164241 169657 171768 175489 180491 183045 192843 195271 201107 208092 215276 217566 217771 220331 223986 224424 232874 237242 241659 243491 249123 258558 264707 265454 271983 281553 291308 296370 303355 312750 313496 313516 321279 321952 325177 332563 
772 848 170 360 691 279 802 519 162 380 866 104 599 177 318 990 714 685 602 636 940 757 409 832 608 673 415 200 236 795 73 488 184 865 35 501 726 680 488 644 858 202 120 509 392 788 858 633 301 306 237 408 438 903 568 11 730 932 741 930 334 488 996 35 112 520 414 
29 449
5243 6106 6306 8188 15123 18102 20250 27575 29611 37548 42706 49916 55363 64018 70944 73263 80024 80527 83084 92746 100420 100848 105990 114230 118108 125671 126434 133276 134029 
979 843 293 249 935 752 161 370 950 938 635 409 224 806 544 462 338 893 80 343 147 685 39 24 800 379 412 759 727 
98 256
507 5893 12011 17241 24929 28889 35597 39008 45165 48784 56536 62236 67863 71385 75002 75101 75836 85127 92651 93463 102465 106382 111311 114088 115627 125355 135119 143017 143384 147864 152149 153758 162339 167240 171685 177252 186887 187081 196870 200539 202872 208567 208678 209376 215597 218347 223123 223520 226569 228436 230205 233450 239459 240867 248197 254710 263378 265965 269267 271186 277278 280759 290748 293334 300941 304526 311522 319065 323712 330192 337128 340553 347069 354242 363024 372671 377846 379054 386001 392554 397848 399370 403030 403172 409566 418604 424191 425715 435005 435014 443412 443752 443975 447002 449153 453772 454095 459846 
740 59 959 360 735 557 161 585 527 718 648 993 737 480 519 717 7 639 878 771 21 675 803 852 364 750 801 514 556 151 775 676 164 568 424 100 274 170 617 970 806 750 437 331 607 54 240 890 959 797 8 486 474 410 625 605 91 843 3 918 257 254 221 138 954 401 848 641 878 956 693 687 298 792 183 268 509 588 731 195 197 317 5 592 14 356 663 754 869 801 45 73 718 274 625 369 28 990 
43 525
3803 4679 13869 19564 21752 28325 31213 39070 43278 51793 53610 60991 64226 66819 70734 77270 78887 87623 92786 95119 95663 105381 108011 115361 122565 131904 132828 142709 148987 150791 157959 158814 164251 171003 176829 186593 195843 202433 208151 216605 222897 228025 228210 
706 205 846 940 65 577 554 676 311 413 717 975 419 867 690 984 104 999 52 124 830 769 679 440 226 965 919 502 543 421 927 616 563 295 244 625 176 771 78 936 676 389 284 
55 200
630 3093 7915 17007 21321 21931 25259 32497 39063 45351 53746 57150 61052 67686 70827 80050 82629 91400 99968 100469 109114 113571 120521 128252 132800 134368 135159 140164 148025 157542 159231 162079 165987 168608 173832 179861 186996 196140 199067 204179 212598 214395 217404 225265 234343 236418 240774 247144 251018 259227 268673 271210 277460 285470 289955 
386 341 46 943 976 927 132 244 965 368 952 523 914 806 713 13 793 992 423 261 816 876 39 522 485 253 688 932 687 547 344 347 160 291 403 999 179 767 459 497 565 25 123 443 658 98 537 495 979 371 240 153 765 880 290 
70 953
287 6878 14935 21243 26800 29896 36748 46243 46503 53904 55127 64516 73576 80457 81949 89159 96398 100320 109950 113516 117009 117851 121292 124042 126996 129949 137855 147170 153746 161647 163744 171967 178510 179166 180503 188257 192265 198835 203657 213238 222795 225204 228516 233345 237309 244048 247548 247624 251092 256582 262128 268544 273570 279155 286315 287620 296005 296416 298109 304004 307541 313039 313100 316007 325088 333975 334559 335651 345186 352654 
165 927 877 34 994 951 350 65 399 174 426 15 21 110 871 219 684 774 384 788 916 95 834 983 939 914 736 683 438 23 131 983 432 224 415 62 689 137 951 851 634 277 359 718 602 965 868 6 545 40 47 105 700 673 330 913 75 960 724 594 48 476 786 446 585 239 13 652 718 878 
93 774
3710 10369 14367 15634 18702 23693 26949 36633 36668 45027 45159 49886 57699 60376 64146 64364 71773 78033 78424 87883 96447 102686 111896 120782 124992 131822 140239 149925 152295 155262 162357 170614 178620 180522 182483 187024 195095 202217 203827 212275 216604 219174 226760 228245 231095 236043 245267 246967 250559 258075 261039 270368 279975 287062 294032 294664 302813 307070 310732 317714 325319 332663 333326 338174 348147 357869 360773 363517 367702 372932 373875 381729 386679 391031 395548 403616 408363 416506 425672 427558 435975 436392 441523 442308 446476 446516 448189 455506 465131 468216 474610 479022 484043 
7 690 624 317 335 498 926 859 715 752 948 617 802 373 937 457 133 67 292 909 416 696 281 734 135 977 403 19 903 190 105 880 174 89 394 225 642 367 427 978 503 387 821 705 153 533 212 18 819 483 555 656 53 557 716 986 590 154 140 17 261 137 741 205 704 909 947 931 993 743 173 218 21 331 454 189 555 311 888 617 451 975 879 894 83 90 19 315 624 571 947 287 495 
90 951
8016 10142 18021 21987 29321 29778 35749 36991 42944 48079 48195 56437 58825 64342 71124 78176 80506 90228 93842 95250 99613 103186 103304 111557 112055 115012 117378 124158 127388 134670 140096 141780 151604 158324 167655 171297 175191 178351 182516 183954 189514 192033 201577 205435 205722 208058 215220 223483 231310 232904 239693 241768 249177 257225 259948 267460 269836 276149 279992 280294 284790 293932 294405 296240 305382 314035 314451 322314 323244 331661 333594 334814 337664 338198 347405 353272 359527 363788 372785 374821 384057 386067 389934 394953 401421 410685 410916 411253 414543 419750 
377 706 349 726 187 943 503 377 760 5 46 121 992 243 108 51 30 70 416 378 346 269 326 966 378 834 370 961 340 366 306 798 852 307 72 166 88 489 6 118 98 357 720 483 3 677 69 497 476 929 639 352 941 954 988 917 690 79 10 3 472 959 989 497 553 236 550 626 649 48 155 911 996 635 729 572 940 934 68 975 528 447 646 312 8 187 374 68 963 794 
12 435
9158 18279 23419 31085 32137 41332 41337 43059 44980 53284 55117 59738 
557 940 561 574 526 917 593 981 198 422 806 175 
60 93
6219 15587 15591 16876 25708 29648 35554 44997 49886 54753 64690 73294 83170 85665 90398 90645 98157 102197 106988 111848 114154 121874 129228 135226 139222 144241 150279 152981 160435 164908 172306 174661 183443 186942 196598 203689 203949 213376 215448 222276 224305 225554 228903 238537 246366 248806 253431 254165 263332 270744 273489 275535 277063 286510 288692 288891 289865 290239 293585 302978 
598 209 484 921 762 39 755 446 286 723 95 374 959 136 325 186 857 992 656 492 287 138 498 485 701 490 610 461 882 143 827 73 338 826 892 674 296 653 55 719 557 359 348 476 490 64 118 567 552 853 288 153 603 678 549 227 190 421 5 147 
81 906
4743 10913 14008 18550 19024 25798 32312 38093 43134 47041 49579 49712 58549 68001 74187 80731 85487 86845 90423 94730 104060 112466 119714 128639 135569 140461 141376 148746 153947 161257 168755 177015 184004 193505 199319 206965 215107 217403 218041 223602 230177 231782 235590 242805 250103 251355 258700 262735 266650 276096 277344 280595 283952 287607 291844 301729 306921 315905 319459 323250 329331 337304 345832 353365 357912 364157 370275 375354 385136 394857 396472 400891 402547 408355 410965 413194 413497 420915 427651 430595 439142 
50 257 931 775 18 609 773 631 605 640 448 462 263 342 496 845 992 421 818 960 433 420 736 109 755 250 628 103 768 692 740 459 121 163 253 989 675 206 587 664 195 53 927 403 326 345 553 728 111 607 698 405 50 396 373 861 133 298 44 505 743 247 841 244 204 64 367 222 45 24 479 167 842 878 366 407 600 977 309 340 739 
98 858
240 7988 10836 19067 23522 30664 36701 42979 44654 54624 57682 67248 70086 72945 74672 83911 87738 91918 93404 95560 96179 98559 106538 107497 110663 112314 119421 128047 132446 136010 138102 145205 147347 155047 155166 161601 163414 168378 168492 178343 182527 186285 193326 194497 196948 199446 208133 214699 223185 225381 225498 233833 242692 252576 261448 269303 277910 283709 285764 294698 303170 312550 315401 324431 333405 335810 345247 347310 356526 364142 364474 373062 379290 379694 389638 392816 393241 400196 409981 412658 415107 418074 420887 428865 431358 440116 449431 450067 452619 462400 463028 465741 471888 471895 480446 480768 482529 491308 
637 735 601 230 867 345 735 296 613 211 475 988 782 346 333 516 975 181 261 814 553 687 579 761 218 411 604 984 477 233 345 172 612 121 885 857 625 278 761 3 135 800 962 509 363 890 454 219 419 394 975 301 451 941 473 532 458 476 794 10 672 272 535 597 329 240 744 272 734 514 733 617 484 510 977 393 622 441 534 841 745 497 307 989 850 759 681 153 739 578 142 91 996 624 751 406 807 357 
54 353
5778 7760 9135 18507 19690 24853 34071 41185 50983 51463 53596 56443 58098 61653 68832 76724 79050 81979 89784 92885 102400 104662 113082 114816 123431 133359 139599 149419 158118 161779 163518 163541 167092 175383 183097 192929 195544 198425 200403 206477 207138 211336 218781 223578 223902 233361 237445 240949 247050 256211 265598 265601 271141 277399 
68 702 764 8 934 183 999 981 494 453 476 663 314 461 715 304 912 273 817 845 893 151 315 658 978 705 906 794 571 191 586 301 239 685 457 976 860 279 507 138 660 599 322 435 740 618 269 452 843 129 10 314 592 730 
83 646
8762 15214 17774 19611 20760 27970 29824 39679 42158 50796 58099 66295 67621 73364 77158 81669 84639 92514 92573 100017 102313 111746 116672 117906 120328 126708 128233 128239 130689 130959 140867 149231 156259 160836 168837 177559 186961 188046 193395 197455 205399 209186 217443 221519 221604 226452 231842 237221 243562 246455 250806 252194 256986 259722 263928 269404 275140 277769 281334 288714 298409 305390 310304 313513 314954 323390 331863 336615 337337 339786 341516 345070 345673 347752 350871 356292 356752 360633 369068 377093 380485 382625 392278 
648 224 722 157 824 946 119 548 178 510 965 350 844 857 914 8 226 597 184 454 917 500 484 518 195 776 32 565 670 159 33 182 621 450 948 448 558 300 486 456 572 138 402 316 686 232 358 208 688 788 716 630 750 492 322 73 955 409 798 966 96 482 503 114 328 747 957 334 667 61 306 474 481 194 789 4 219 666 262 628 967 58 568 
96 667
3603 4642 7746 17205 25656 31976 33188 41827 42880 49285 50456 59374 69353 75910 79161 80478 86804 87546 87862 94457 100580 105252 109789 116025 120799 128529 132210 136132 145453 148376 157593 165084 174023 180603 187268 190987 195532 197290 204228 209460 214040 223366 226026 234922 240090 249472 257087 258719 263060 263797 271124 277190 279400 282647 292062 300494 303851 306260 315312 317477 324311 332028 332641 340594 347843 349081 350650 355634 355837 364381 365739 368563 377801 380242 387003 394732 403443 410972 414739 420628 420631 425057 427941 430831 439453 442310 450875 458042 467318 476142 479701 484711 485368 486640 487480 491512 
950 831 581 558 866 595 208 448 494 383 903 939 960 415 970 385 944 158 79 694 992 305 386 229 34 868 294 457 118 898 973 996 204 672 853 768 498 805 687 921 601 260 716 139 1 625 296 670 193 889 943 29 630 90 567 890 790 442 874 750 923 302 429 809 471 784 693 745 497 504 780 488 667 119 242 648 798 125 130 422 928 361 785 958 41 731 605 432 999 633 97 727 114 933 994 942 
28 381
3085 6885 10704 16670 26291 35879 39589 49304 57157 65982 74241 82451 86958 93510 93628 94423 97802 102951 110235 120220 120347 128952 137656 141360 145309 151193 158755 158846 
621 998 941 262 593 390 959 451 649 478 152 852 814 612 407 995 282 557 813 983 135 506 860 81 913 277 563 443 
46 448
6921 15391 20527 27366 34089 41222 48989 52757 61052 70451 73654 77723 81937 82983 87831 91195 94697 103227 104184 107998 115564 118849 122744 128120 135972 139636 148464 150133 152730 161600 166638 169953 173993 178099 188040 195082 201002 206118 211907 215893 224091 224899 233421 242077 247462 249000 
874 497 592 690 65 709 296 750 867 945 898 908 630 962 731 212 573 71 408 125 686 620 912 816 976 712 612 510 574 155 983 192 786 944 996 447 560 121 982 593 736 361 175 464 653 722 
84 362
8266 12140 17285 17886 20373 21239 29171 34112 42134 45428 52146 54397 58379 58540 60235 62093 67387 68482 77802 83576 85191 85497 86582 87602 92591 102023 111216 118186 122473 130386 139308 139615 141092 148508 157470 163517 167910 175860 177070 184028 193737 195444 197996 200972 201182 201809 202475 209857 209916 212923 217602 224185 226238 233644 239699 247390 255308 255409 256129 256928 262399 264651 270108 271277 272147 278742 286494 291989 299408 307834 313688 319204 327757 328718 337092 340043 344082 350668 358539 365997 371259 375323 379456 381824 
53 673 846 102 127 522 952 22 3 74 587 458 730 5 785 186 344 175 852 57 453 692 147 260 464 232 667 919 922 84 974 218 5 724 484 491 909 976 651 259 863 838 124 386 652 619 828 188 473 82 867 956 790 756 147 325 255 963 799 41 577 211 244 12 642 621 105 523 625 353 170 944 28 780 625 552 248 902 579 295 420 663 599 219 
77 251
9919 16169 19345 23290 30804 32950 39526 43248 50183 55689 61490 69016 69455 77129 81685 90795 94150 97190 97525 107252 114005 122480 124444 134049 134838 142042 151220 158459 161572 164482 168656 171497 177996 185715 192152 198039 201097 201141 203451 211852 218783 219647 228736 231007 234441 240361 244802 253113 262851 269633 276817 277330 284221 290987 292803 295993 303593 312377 322020 322283 328187 333565 342118 347617 349797 355237 355837 363667 364652 365052 371031 374777 383173 388936 393340 401159 403361 
359 328 273 168 317 594 285 304 100 138 969 770 250 844 984 800 625 820 184 244 465 740 314 263 883 445 20 994 228 928 141 856 485 953 462 105 217 749 973 539 971 555 64 471 699 631 10 288 868 875 757 660 718 337 81 720 268 251 138 84 815 995 160 398 46 237 514 412 100 958 729 596 760 901 31 379 177 
35 370
4236 7033 9616 16674 25236 26958 35301 43010 47041 53982 60386 64891 68305 71552 72471 77063 77525 86215 92753 97539 106193 113035 115044 123250 133101 133713 136891 139655 142924 152207 153838 163827 166284 174433 182873 
468 20 540 514 57 407 478 622 648 268 518 915 188 54 857 728 249 667 484 537 872 457 849 689 642 761 321 363 503 759 450 63 387 258 57 
