222 787
74 148 699
99 6 363
55 98 296
45 9 719
9 138 885
48 34 708
202 118 398
114 154 455
128 145 333
41 141 778
115 87 5
182 149 225
187 143 778
184 212 802
179 94 247
18 87 73
168 175 458
93 187 664
148 21 988
213 80 295
59 15 701
197 84 700
21 161 985
19 6 592
55 58 550
70 25 205
83 31 584
22 142 331
149 98 293
206 16 161
193 219 865
77 47 525
191 17 866
77 178 215
109 12 85
7 222 41
126 155 235
189 2 911
201 211 449
174 220 820
192 146 356
38 202 724
204 13 639
94 83 550
1 195 260
44 201 91
94 63 647
109 178 858
57 66 546
156 2 31
208 3 527
102 25 467
25 130 42
15 102 513
75 26 637
40 69 901
209 155 806
3 56 -9
30 110 80
144 87 202
181 200 787
32 44 585
10 182 865
214 124 652
134 153 465
83 16 817
60 10 399
117 190 346
98 103 37
153 36 138
24 46 583
97 34 285
42 126 877
137 192 898
93 139 150
101 170 42
63 182 936
8 64 717
49 77 367
154 1 114
185 122 246
145 184 10
82 137 800
156 68 218
150 101 237
214 59 0
44 22 170
201 32 969
169 90 36
145 40 755
57 63 394
116 211 666
153 52 623
55 198 243
136 52 921
53 24 703
151 124 421
103 160 41
61 79 958
172 157 912
67 57 117
210 82 658
10 179 630
188 96 125
59 38 73
167 136 4
116 30 144
137 29 495
188 152 442
78 178 12
63 146 368
14 219 814
128 166 150
110 148 791
165 126 3
77 3 566
173 155 265
156 64 260
160 179 839
80 103 342
24 116 781
54 60 559
180 220 792
19 110 913
7 75 439
57 97 275
208 63 817
34 215 601
21 136 166
206 181 121
110 186 190
115 126 163
182 126 876
148 35 720
126 173 423
101 12 105
63 32 86
43 126 862
24 68 101
220 110 166
171 52 373
155 182 993
81 40 1000
182 60 902
203 112 560
55 155 159
155 33 624
154 116 756
44 148 203
102 57 771
63 141 44
155 68 799
144 150 973
102 133 682
192 101 118
93 184 36
101 61 345
68 168 930
186 210 3
95 210 876
106 178 703
166 100 303
46 32 517
114 190 462
180 115 12
188 198 487
138 173 607
40 167 123
7 79 202
200 68 896
113 109 861
60 156 971
23 51 844
221 26 643
41 189 972
221 141 541
149 69 664
70 138 640
19 115 994
172 184 92
59 212 469
200 57 340
204 124 285
55 10 784
191 218 49
52 204 636
87 13 814
113 48 145
194 179 533
177 138 581
152 19 996
65 103 72
189 172 536
172 99 507
81 20 348
190 78 817
62 137 921
122 198 654
32 13 494
4 33 332
96 160 798
90 64 245
63 99 248
31 211 959
47 75 852
44 53 832
100 114 756
31 36 242
57 90 279
18 140 360
46 31 899
120 159 675
191 99 1000
111 120 718
214 127 431
179 200 123
74 68 849
44 23 783
157 94 487
114 61 85
50 25 700
56 184 408
139 86 709
61 216 134
31 121 495
216 146 676
143 104 986
59 140 563
110 80 173
216 110 756
221 172 301
181 191 416
5 43 440
79 67 16
201 51 26
163 25 498
160 98 444
193 84 116
129 207 942
66 152 777
106 7 965
93 74 261
7 212 420
132 37 424
168 194 772
169 10 477
33 196 177
202 182 4
216 193 32
156 149 341
120 207 66
18 129 140
69 83 437
34 157 757
71 138 848
23 28 827
77 79 438
127 128 558
222 52 566
25 161 957
81 140 114
40 194 76
130 26 254
80 189 48
191 37 166
187 175 648
209 69 874
168 93 4
194 217 585
168 51 182
8 107 246
170 133 656
186 141 392
198 133 188
164 183 722
163 151 938
67 21 116
123 157 539
108 33 52
116 145 849
132 137 447
158 216 67
186 120 670
107 159 711
4 96 279
88 38 621
148 56 745
12 142 237
12 200 359
97 62 32
169 100 108
89 171 371
8 212 273
185 163 2
58 48 19
37 78 482
182 186 443
1 175 262
210 22 356
150 193 410
194 221 558
189 31 206
139 103 428
148 92 951
188 78 125
222 138 970
181 185 853
89 79 49
216 111 693
222 197 133
181 116 326
147 211 484
120 95 685
185 93 604
202 142 537
177 179 549
75 130 805
120 62 380
221 184 521
63 126 762
167 22 896
94 186 521
54 106 211
182 6 199
212 84 385
215 164 411
121 216 147
100 98 505
111 67 964
154 162 456
184 187 441
131 105 570
210 133 953
87 130 240
18 116 857
174 206 705
84 74 263
201 190 974
76 175 585
162 157 719
189 145 787
72 88 360
144 22 326
55 53 -4
16 9 604
173 78 945
105 61 535
122 89 763
218 189 818
120 86 709
87 76 59
157 76 80
89 209 477
103 212 778
214 201 315
82 141 34
129 66 648
110 122 640
9 91 558
4 93 415
104 147 910
127 52 900
180 125 250
153 185 940
182 73 472
121 178 472
178 31 724
25 77 351
72 167 80
47 197 587
67 59 216
134 107 242
54 168 302
117 135 676
121 58 601
39 190 486
171 66 478
137 158 941
47 169 646
82 106 385
153 95 80
222 74 82
95 177 926
87 49 136
204 106 64
108 118 477
105 73 708
10 112 358
8 201 392
174 37 254
39 18 4
107 124 242
173 149 616
104 1 84
93 156 26
105 146 154
143 206 338
126 181 446
13 10 363
214 124 207
75 217 708
150 217 512
180 107 931
98 146 637
83 181 715
156 165 467
61 86 418
146 199 347
3 119 479
22 182 285
177 28 616
62 4 2
58 222 877
82 111 879
165 131 879
213 95 176
162 145 723
133 150 934
127 203 315
44 218 191
147 191 391
71 70 221
105 6 994
145 202 91
68 148 150
104 58 745
161 222 322
18 51 400
79 200 79
87 82 547
86 53 336
95 137 311
73 140 24
79 32 75
4 120 21
197 15 394
149 88 655
75 211 980
137 165 212
96 148 105
27 58 381
26 168 2
142 171 570
25 193 950
150 217 1
192 61 991
97 33 392
145 12 889
117 184 585
107 162 854
215 55 596
4 20 933
191 183 106
71 182 746
205 124 363
45 179 154
184 198 690
97 6 649
10 109 799
153 115 242
148 24 97
14 119 780
17 145 137
58 53 147
180 78 838
79 134 28
67 99 110
98 206 341
61 216 719
93 206 31
99 171 333
147 121 894
96 174 801
90 81 664
185 118 912
141 33 383
170 55 729
102 40 12
131 128 687
125 104 441
202 95 722
142 118 85
153 20 782
126 82 -10
129 34 102
186 207 393
16 151 865
79 136 894
44 2 335
20 25 844
218 46 279
88 149 333
30 39 397
29 17 732
145 142 790
26 36 25
214 119 480
69 55 810
61 68 606
73 168 748
115 221 877
77 101 126
187 57 329
91 83 732
32 31 104
43 18 452
75 23 548
208 51 713
174 118 145
167 83 510
204 31 743
175 14 454
10 145 990
174 91 687
49 193 529
72 168 815
165 5 28
60 69 811
166 39 33
204 146 796
156 74 967
25 69 772
214 82 275
32 202 576
141 90 549
39 183 438
76 136 669
199 74 298
116 220 341
67 154 936
125 19 542
65 103 903
106 38 709
182 210 90
199 53 678
126 93 647
131 123 951
66 124 594
33 117 521
171 155 295
32 140 787
130 61 63
181 111 57
36 100 924
123 130 193
98 44 93
212 169 469
32 212 875
215 202 117
183 155 705
38 107 463
179 222 517
97 214 661
37 170 440
99 207 490
165 180 670
185 150 297
101 173 0
80 53 779
66 200 333
81 82 745
58 12 657
110 149 464
168 211 948
196 196 81
170 155 710
142 18 948
137 207 92
23 54 627
59 151 124
179 16 64
195 130 876
177 102 303
2 139 338
217 54 563
29 12 112
50 222 728
76 218 254
32 72 580
117 103 328
5 39 877
197 142 70
103 96 241
170 179 613
144 35 137
83 50 171
128 137 46
147 181 228
94 163 261
99 141 586
99 144 546
54 37 935
41 161 310
214 59 353
125 170 183
181 9 836
86 68 830
107 202 805
199 195 545
89 98 477
10 102 384
196 112 970
48 206 644
205 188 247
156 87 474
132 78 839
174 72 44
129 73 104
143 78 34
128 144 312
33 210 370
140 28 180
116 96 210
45 200 877
202 7 996
48 111 259
147 93 664
219 91 390
121 2 916
69 109 969
34 176 50
99 25 284
222 125 458
220 20 329
47 114 535
75 179 534
82 180 94
104 215 236
5 10 264
125 125 293
120 161 223
41 157 382
31 48 966
157 144 324
5 133 -10
217 30 97
69 149 787
93 81 121
12 19 131
128 39 848
12 5 777
17 195 976
192 141 164
109 152 756
160 208 542
112 4 533
185 15 956
70 159 318
221 6 416
177 149 379
100 204 80
131 182 39
151 94 899
135 69 110
12 39 908
29 75 573
129 140 997
54 98 6
118 185 990
86 60 557
72 95 793
109 190 881
137 108 2
23 17 236
83 127 206
102 116 196
105 208 239
48 106 769
160 48 173
71 196 228
156 187 261
120 176 850
34 115 473
139 26 991
38 151 179
54 67 742
141 123 158
115 108 943
36 103 323
220 213 440
60 81 547
13 145 298
106 97 540
72 143 498
179 185 570
189 5 144
81 188 584
205 98 201
87 19 85
132 144 619
218 213 302
129 152 182
222 188 269
5 189 278
34 167 563
78 34 307
163 195 165
111 165 117
185 96 691
151 84 14
131 97 310
214 95 880
206 91 412
96 9 797
28 72 800
178 130 699
200 19 379
98 55 198
117 84 966
219 125 62
14 30 659
128 107 893
102 206 658
54 118 898
123 170 259
56 65 867
23 120 347
220 165 846
118 63 132
162 178 348
173 194 754
45 33 13
145 55 164
122 114 990
194 158 381
136 171 125
221 199 201
202 197 403
154 136 777
152 102 396
210 173 62
119 141 339
36 50 921
3 114 9
152 165 463
105 206 555
219 105 607
128 175 730
136 92 553
210 214 665
80 55 757
90 66 298
90 21 620
95 19 364
99 202 239
161 146 225
92 131 783
13 1 692
7 56 214
66 161 930
181 101 915
36 49 195
32 145 656
91 4 450
208 121 646
155 55 406
220 9 306
9 197 468
127 118 809
96 139 551
61 46 19
158 36 338
49 195 824
24 129 792
127 160 936
185 211 315
98 73 837
179 57 310
89 40 294
63 87 789
204 220 494
9 41 520
167 18 377
189 176 593
126 70 150
148 117 282
76 37 210
186 10 242
164 88 933
150 80 1
198 70 796
115 152 758
52 28 617
206 130 483
129 207 562
175 203 615
85 114 594
