839 3689
475 269 510
97 522 848
588 817 925
185 693 184
688 354 783
514 770 568
157 539 145
333 761 80
772 319 459
659 408 123
209 327 618
718 750 252
409 634 890
111 300 580
81 533 333
493 99 62
422 400 791
596 139 314
234 243 692
216 9 414
513 133 680
267 648 689
309 239 283
273 817 429
486 523 904
821 459 342
18 785 196
514 692 137
465 19 949
501 746 568
313 149 284
303 647 686
534 758 251
692 824 574
307 764 304
767 99 453
162 157 979
800 579 653
109 543 53
443 571 491
791 417 545
251 327 745
253 798 285
11 128 365
92 107 843
614 769 731
324 753 933
684 419 821
712 168 589
288 693 207
790 753 813
133 773 423
196 803 748
525 796 18
544 437 250
30 80 622
25 336 738
741 708 713
718 665 404
470 41 396
513 273 15
232 344 47
426 94 538
502 64 603
240 128 554
56 276 455
298 144 837
480 275 159
225 404 281
474 513 690
836 284 291
703 394 767
704 807 534
336 46 218
654 244 271
43 79 930
497 771 838
424 818 464
523 32 23
729 529 952
133 698 57
493 616 693
183 267 316
477 543 -3
482 649 685
440 807 959
545 632 221
90 325 24
247 781 69
787 239 310
138 299 607
835 546 906
771 227 980
699 79 267
109 721 -7
553 136 990
516 710 616
498 819 262
739 459 795
84 22 -5
667 71 641
773 464 262
154 667 296
619 331 585
279 773 551
42 621 667
154 675 227
178 741 320
297 169 523
663 331 415
432 784 123
268 593 719
350 580 613
655 103 928
538 701 516
393 174 971
810 523 615
802 259 90
30 112 65
697 754 650
829 46 38
555 377 99
279 296 235
311 520 528
98 371 417
732 512 910
608 835 819
765 452 87
801 70 455
503 99 257
541 66 163
217 186 263
623 500 452
448 828 507
320 27 521
394 772 198
364 285 843
628 545 804
776 202 973
585 755 591
541 729 81
799 543 751
825 378 213
689 182 101
49 62 926
579 832 973
368 68 208
443 661 794
718 253 611
463 168 486
364 365 361
358 121 383
467 26 81
223 410 303
663 49 17
436 630 785
351 366 778
299 529 465
39 377 542
2 78 63
455 680 326
603 606 206
459 214 535
352 130 402
357 316 -6
241 598 373
222 285 863
94 394 888
630 182 1000
480 761 161
384 82 212
65 658 662
623 36 984
640 124 381
156 706 555
13 501 288
640 434 479
191 299 238
800 323 981
89 453 47
710 132 910
21 279 776
234 747 705
33 701 782
245 147 221
491 229 891
697 318 957
731 626 689
771 705 486
383 80 583
401 578 862
597 37 232
211 805 119
779 313 895
558 124 940
296 645 525
23 229 775
395 475 183
316 71 353
647 260 204
739 328 846
608 526 37
364 480 729
96 408 581
496 810 501
19 736 87
302 91 536
646 241 979
681 784 812
91 598 624
779 177 689
648 729 99
357 42 780
116 194 685
220 13 538
625 353 121
174 561 146
72 434 677
147 134 743
83 832 555
321 511 582
326 422 145
796 819 197
142 239 509
458 764 667
687 800 849
576 516 602
815 309 890
33 608 155
493 615 893
476 291 994
702 440 4
773 265 882
304 806 744
730 287 615
540 695 752
326 167 207
470 666 38
163 575 903
298 425 647
107 726 306
378 278 692
158 85 773
6 57 87
2 535 95
578 730 634
783 665 476
454 829 468
685 716 217
503 378 240
763 101 83
687 215 263
797 21 856
50 365 978
351 336 271
536 35 417
527 437 593
440 52 546
561 501 736
311 831 422
793 326 928
143 56 490
819 586 870
406 280 189
492 644 303
563 515 478
355 448 460
223 430 254
823 71 255
89 275 745
561 72 608
165 651 595
512 1 420
378 554 101
206 359 288
718 603 665
591 782 692
173 415 126
666 59 825
185 178 560
676 617 830
620 704 966
451 570 180
495 834 819
214 69 185
211 216 675
741 302 632
461 264 825
251 325 863
711 236 214
182 455 595
798 330 84
426 55 542
436 679 78
25 666 887
655 800 611
130 725 121
526 145 232
281 631 772
39 292 262
158 598 611
67 557 493
739 272 658
571 508 805
747 257 651
611 271 621
516 388 181
42 647 856
231 517 92
432 640 52
385 800 701
608 409 59
153 508 483
729 438 209
587 457 366
798 559 845
645 110 362
644 724 40
557 528 428
179 566 36
540 705 271
50 640 529
541 424 589
102 490 114
763 778 735
254 446 995
651 424 886
702 297 33
341 642 342
177 791 803
337 743 834
513 373 589
549 314 432
642 447 816
121 100 788
89 337 353
833 726 1000
278 67 401
154 427 998
39 417 189
233 166 329
26 69 872
682 333 130
437 125 380
792 363 64
471 338 205
232 661 476
138 113 278
36 647 446
516 96 550
282 812 270
638 759 402
47 807 595
167 408 180
301 279 999
523 324 583
106 20 414
242 692 121
500 699 493
44 813 919
590 643 112
578 468 863
546 557 489
458 420 814
365 582 308
816 143 778
491 780 649
220 735 160
189 546 272
800 576 796
680 650 872
711 808 768
626 659 345
593 781 805
509 808 720
759 621 369
621 172 86
562 74 269
468 414 689
60 306 1000
716 349 991
379 102 183
534 36 657
50 512 764
326 175 887
730 503 429
361 551 700
688 707 542
791 87 170
784 824 1000
324 319 644
742 65 783
355 579 975
659 752 238
318 769 409
429 383 120
320 192 980
4 680 861
114 259 464
710 405 740
682 36 578
227 724 921
583 285 669
414 814 733
653 733 993
831 298 459
827 800 319
813 184 264
727 359 696
320 31 747
219 274 3
250 268 760
138 343 940
557 777 155
500 596 934
750 256 191
252 831 264
128 820 313
79 396 674
817 703 517
191 672 940
227 394 498
554 829 269
280 748 875
393 614 432
581 333 663
624 247 914
117 26 135
774 67 235
513 403 168
428 241 358
422 677 954
541 513 659
695 206 135
58 162 0
195 124 734
244 334 552
549 749 223
514 740 636
77 194 852
634 732 218
586 707 879
485 117 553
405 214 267
540 144 452
273 777 890
305 221 174
824 601 168
174 455 39
653 174 876
708 290 823
198 154 372
403 399 770
794 108 180
135 146 201
392 790 56
330 411 590
409 308 6
659 199 139
825 704 802
429 264 134
723 333 699
56 312 484
444 793 371
285 532 969
394 47 499
194 237 80
803 526 855
253 417 811
59 726 508
801 768 860
543 113 292
280 256 84
682 717 190
698 431 345
69 691 913
724 595 427
240 260 257
519 605 923
201 350 618
736 61 997
519 360 532
475 686 708
356 837 458
59 127 804
732 28 829
168 64 844
796 754 883
28 248 193
150 31 -8
37 685 726
713 275 610
32 413 29
130 770 376
394 305 324
835 760 867
670 6 726
659 180 527
502 143 532
180 814 987
659 486 14
70 427 56
169 632 592
781 526 190
462 34 995
599 353 888
734 487 554
447 397 131
643 768 285
328 39 956
630 719 586
44 535 42
308 291 617
680 361 912
403 675 62
172 357 240
39 11 30
500 310 331
69 52 354
284 541 272
569 227 562
473 480 370
512 329 800
83 277 441
251 554 323
244 397 588
263 149 792
310 689 798
703 539 752
805 312 772
562 504 425
12 793 173
286 733 587
681 458 113
24 516 22
228 103 705
23 706 275
14 133 644
197 671 552
722 826 19
117 97 90
157 137 581
165 793 374
636 524 65
341 461 174
502 246 0
830 13 922
519 442 192
428 256 138
391 557 219
93 160 865
411 218 174
826 787 841
95 133 483
730 166 826
454 394 437
476 659 14
448 280 702
96 777 151
789 161 254
482 455 784
799 337 928
27 380 875
120 326 570
446 250 508
765 769 47
70 504 855
534 708 451
13 777 541
483 784 325
763 507 766
628 346 133
317 298 149
348 762 12
321 607 352
557 732 621
496 449 284
463 207 361
180 297 878
192 685 642
148 12 814
793 311 750
810 747 216
779 246 104
706 695 887
39 321 59
486 761 107
831 437 14
446 343 310
827 198 20
108 395 599
559 179 367
595 306 483
251 57 751
168 14 561
696 693 27
4 5 358
655 557 518
378 642 610
298 609 454
128 5 697
311 356 136
476 732 592
296 706 923
476 769 713
376 402 904
594 663 450
580 333 719
315 60 62
40 589 185
547 3 418
207 502 56
670 401 301
225 542 400
446 300 789
170 697 77
132 719 133
89 312 487
135 163 22
401 758 843
808 211 615
480 362 205
439 86 244
246 497 395
553 556 122
255 381 795
453 512 146
132 226 733
451 448 759
106 498 68
797 737 364
703 160 135
124 317 933
733 386 376
804 363 465
782 676 438
491 54 993
39 621 506
736 40 217
632 345 464
246 558 195
306 537 504
574 97 302
672 586 509
281 122 567
495 269 878
795 635 380
711 269 295
776 633 868
798 275 580
833 631 518
273 502 835
636 47 185
325 519 909
247 104 126
519 2 337
651 443 698
445 71 175
749 825 990
636 711 449
601 273 613
613 4 42
452 166 393
307 89 230
222 727 774
136 428 896
653 447 780
402 317 130
575 378 527
641 652 778
490 269 655
654 631 385
306 452 86
508 438 872
746 479 -1
151 544 62
86 82 844
172 518 39
10 63 633
801 452 463
334 637 268
674 156 898
732 409 -3
198 64 654
553 459 258
263 16 610
405 247 462
516 302 313
206 585 188
720 559 784
793 232 749
748 4 727
33 95 510
612 320 604
293 476 853
551 174 327
829 525 511
21 152 723
407 158 247
517 103 505
103 320 190
244 246 632
197 721 432
382 77 742
820 258 994
674 727 99
688 637 280
696 10 503
178 18 187
545 541 -8
722 238 526
613 155 222
595 146 220
326 800 132
405 480 121
599 182 305
340 379 634
759 421 554
718 226 3
545 679 915
166 359 168
760 338 103
500 815 712
757 507 230
575 537 64
638 24 815
220 47 691
216 566 118
827 681 410
102 353 -5
39 206 253
286 437 910
778 231 570
346 340 241
754 575 211
256 553 894
190 207 189
408 199 402
260 159 994
793 466 962
540 559 284
709 355 34
334 698 136
434 162 897
102 303 675
405 211 715
68 544 635
690 76 125
298 573 783
69 510 396
787 745 322
547 165 267
69 431 662
710 317 436
423 612 277
640 431 242
576 794 438
321 293 388
23 363 415
112 352 500
91 46 804
180 441 356
179 375 2
118 66 217
223 519 744
19 97 240
556 514 321
708 396 807
740 216 404
368 622 871
124 27 267
399 330 36
162 645 421
536 327 565
339 638 371
435 99 823
628 25 982
28 269 319
559 313 29
6 305 422
495 783 368
352 543 614
325 674 887
55 547 154
511 300 637
253 101 677
152 536 921
54 24 247
525 223 489
178 420 655
42 166 732
430 453 549
208 171 360
364 618 706
327 209 22
261 529 324
137 581 857
463 784 235
619 703 413
553 818 289
416 672 -8
729 378 444
495 514 439
809 466 128
220 233 47
536 179 401
54 577 22
90 777 575
511 449 77
698 381 764
203 160 914
447 160 563
401 392 22
224 569 780
67 638 629
268 10 386
222 36 748
406 735 93
356 730 470
285 803 696
499 55 679
441 723 276
826 419 89
94 73 486
214 80 834
763 262 947
332 702 22
203 236 297
742 678 148
87 395 732
786 604 790
366 452 354
132 148 996
34 786 569
138 584 790
605 763 953
76 788 735
364 39 512
489 237 -4
704 493 522
142 531 28
809 170 766
118 15 629
381 755 949
754 329 794
539 316 981
393 176 926
66 227 797
123 184 785
649 544 72
539 43 842
383 822 762
22 794 253
591 355 197
289 700 333
747 655 183
639 703 972
485 134 116
600 531 80
140 569 699
540 148 233
281 792 454
293 53 926
58 152 487
757 244 77
446 216 475
729 658 378
597 721 421
286 8 450
773 76 120
486 720 28
454 226 381
119 106 140
519 279 562
507 797 814
157 388 260
421 42 493
747 737 219
616 57 880
198 636 245
733 175 405
176 105 721
797 175 415
276 259 613
829 469 288
815 210 515
554 713 657
124 261 532
175 799 868
279 684 545
47 365 805
354 370 176
552 143 369
746 611 19
338 104 359
385 733 27
503 406 780
478 82 814
581 755 455
530 657 224
118 281 359
421 642 677
42 401 296
272 359 124
555 193 160
521 808 667
320 98 221
800 124 193
277 88 713
452 161 553
274 28 413
795 139 635
111 231 284
200 627 347
38 728 494
163 520 606
344 107 959
461 717 604
93 97 351
519 406 495
655 668 926
359 344 981
833 560 756
423 348 275
81 154 250
55 706 845
103 114 692
638 832 801
720 768 680
499 523 233
88 765 828
813 412 515
33 350 183
602 235 215
437 385 2
402 736 425
788 788 382
399 444 953
665 112 111
229 433 679
295 548 528
400 456 790
90 535 718
174 310 482
439 65 679
72 306 583
782 154 155
106 323 816
603 421 756
782 448 166
206 514 442
433 428 919
619 729 94
634 773 647
601 390 131
820 445 484
474 803 157
493 14 683
521 304 790
441 271 342
644 637 736
50 200 997
231 58 583
286 173 715
306 413 34
675 449 736
606 130 287
122 798 998
397 81 221
10 829 26
722 586 977
742 372 363
78 41 430
365 838 35
375 76 887
457 165 30
432 131 608
731 555 701
838 521 764
502 330 684
292 149 537
300 379 813
451 663 557
492 699 34
595 234 369
820 339 34
332 82 994
553 338 805
77 677 474
265 77 605
502 530 19
532 327 320
64 126 630
655 33 742
377 738 829
612 502 84
553 576 390
360 436 309
337 637 449
784 490 536
537 22 3
601 360 179
200 341 652
460 312 364
142 100 12
671 459 750
15 420 331
349 159 680
183 659 683
348 656 268
170 303 675
579 823 265
368 489 965
611 44 545
629 739 731
224 586 16
751 238 552
748 709 747
543 7 214
829 537 79
439 791 -3
186 484 575
424 254 487
299 537 282
620 728 649
169 23 162
381 655 370
76 831 953
285 774 215
470 633 721
758 224 781
492 485 285
439 288 50
202 497 591
818 642 20
257 757 789
546 795 247
442 687 718
376 75 952
188 747 630
245 37 138
259 35 640
786 140 540
305 542 101
827 778 801
152 827 410
271 643 625
765 442 714
817 751 724
810 503 432
8 458 283
149 48 586
590 145 29
140 352 551
402 101 302
190 132 761
83 68 36
88 207 22
448 247 507
552 303 915
438 698 140
816 798 580
227 544 184
672 480 949
668 611 630
836 570 6
389 510 74
803 500 353
44 605 682
26 806 110
203 185 323
559 9 553
21 435 989
552 655 641
297 312 444
109 440 510
568 72 679
475 178 11
237 140 467
155 223 341
219 744 714
414 743 944
622 465 816
520 81 22
828 201 260
355 388 901
681 552 487
696 287 506
48 684 968
319 39 868
785 434 563
477 594 474
603 770 467
23 73 668
229 496 933
50 712 999
277 412 831
761 790 473
304 73 690
544 199 553
660 448 491
673 486 334
719 169 851
574 119 520
714 700 762
237 170 449
79 418 187
614 428 387
655 831 928
712 13 898
782 554 467
793 649 296
49 436 884
271 138 821
507 228 790
712 618 587
354 358 564
655 646 315
419 112 233
187 149 74
647 560 536
220 783 932
481 789 877
281 803 737
277 286 242
627 834 905
270 63 984
191 130 78
807 677 235
371 418 536
35 358 969
526 126 793
239 805 471
336 17 213
117 464 825
784 428 350
529 372 275
813 677 684
605 270 501
721 727 147
402 249 812
345 442 971
128 402 52
575 553 237
569 505 990
277 48 820
491 10 260
173 624 60
75 124 751
411 87 677
729 249 173
87 261 430
481 745 969
472 260 714
582 396 469
60 657 636
821 823 671
293 109 964
752 680 874
122 733 978
579 427 126
377 142 461
78 515 273
293 11 297
262 179 578
103 634 48
543 36 111
241 199 322
160 725 51
266 250 443
457 99 137
36 389 857
517 682 662
405 40 402
650 286 825
283 703 13
542 9 987
451 750 155
798 633 291
232 15 700
661 204 807
735 753 315
256 132 231
346 509 721
471 412 816
147 476 513
129 567 537
499 155 40
638 270 154
742 98 482
262 743 485
746 678 740
760 620 53
257 224 202
833 558 919
576 612 236
122 812 334
26 275 535
754 334 749
550 833 306
772 504 954
447 107 870
645 717 987
813 374 195
458 799 939
744 286 99
442 648 749
782 816 239
572 396 490
454 289 317
502 533 62
443 707 664
532 331 368
425 177 540
103 535 4
702 526 673
682 63 114
281 639 498
395 400 922
104 331 150
177 95 154
390 754 546
698 418 863
95 658 8
227 728 430
671 198 657
232 716 178
487 789 130
456 747 719
550 12 256
359 108 105
470 573 68
68 827 266
832 344 512
474 453 746
526 400 714
576 69 195
562 669 329
190 606 82
124 51 408
329 371 740
621 313 461
578 87 51
75 621 874
366 123 922
756 377 103
659 389 665
344 559 579
8 150 122
203 241 405
493 809 603
816 173 350
528 142 395
208 626 52
514 39 293
9 81 742
628 47 155
700 666 903
460 712 150
229 581 225
168 220 880
10 507 747
31 495 6
340 545 869
303 297 215
157 744 660
330 524 339
656 329 170
191 26 491
124 510 930
386 829 1000
236 667 529
9 318 675
704 299 833
57 73 409
74 14 725
815 611 459
63 688 305
431 518 339
323 695 966
301 165 300
496 321 782
518 123 984
4 587 418
829 486 14
289 3 787
707 472 162
685 782 988
690 325 823
719 272 852
399 9 210
687 442 601
589 458 888
125 576 742
532 625 791
153 286 556
6 222 86
473 717 383
812 731 853
353 608 399
74 440 865
523 328 392
509 768 617
722 336 825
692 714 786
208 755 676
208 18 562
639 437 528
419 315 316
109 695 42
87 771 270
16 340 727
714 226 518
210 45 734
411 249 49
42 68 120
332 694 163
734 214 767
197 312 189
539 99 292
553 810 981
212 276 860
639 49 898
219 311 262
640 152 632
433 519 717
555 230 486
771 297 983
633 826 735
451 418 369
640 689 761
195 744 284
435 766 655
831 159 14
658 118 675
441 818 115
349 737 945
648 222 942
828 427 765
416 596 263
246 699 105
310 140 976
839 775 795
340 26 502
523 361 975
244 264 865
251 536 973
691 325 603
745 159 26
195 668 996
359 689 84
837 668 72
422 662 592
541 777 567
600 750 124
618 108 481
517 392 883
524 296 427
70 746 440
101 606 222
385 638 835
98 801 635
434 343 302
381 513 263
191 401 451
648 139 2
624 599 369
556 194 268
483 154 594
436 418 195
780 309 323
686 644 639
507 708 52
537 515 416
613 582 395
440 355 868
357 803 775
727 732 129
401 550 484
685 42 64
316 21 171
186 499 943
670 323 248
94 165 140
600 769 517
718 695 571
472 686 244
687 622 135
777 228 666
6 709 817
650 530 884
81 564 442
78 61 133
350 520 265
751 568 192
591 759 75
398 242 313
685 831 590
483 52 819
532 27 48
697 16 944
86 829 816
670 596 12
839 721 838
557 470 619
822 102 703
352 418 653
387 605 569
492 3 701
800 835 103
135 177 959
166 481 869
808 839 975
212 180 500
675 173 369
587 446 962
335 546 186
457 7 663
237 175 116
463 44 726
498 416 677
413 752 724
612 772 15
162 610 880
388 103 514
381 606 430
199 632 830
147 801 641
39 718 225
721 172 874
235 170 -8
9 755 202
809 118 245
151 493 545
140 413 731
667 805 580
543 823 705
362 495 506
383 377 656
474 429 382
224 124 652
78 824 287
20 673 973
345 391 95
835 377 306
736 153 671
704 744 347
278 211 166
137 306 660
820 117 295
596 219 863
265 154 877
409 156 268
429 659 293
333 114 861
733 444 533
303 282 470
113 539 57
91 262 209
455 472 653
131 366 708
554 569 255
393 159 688
572 219 251
619 410 767
771 37 477
708 633 278
470 91 26
374 591 978
172 785 127
333 531 156
388 372 430
145 773 28
823 113 918
185 60 927
694 180 496
507 114 880
648 77 943
834 265 554
216 634 244
398 774 9
808 653 881
712 657 188
751 140 553
268 181 -9
85 666 943
662 458 559
584 598 483
710 112 904
223 216 123
503 31 832
242 643 412
454 839 77
17 21 439
248 424 617
81 568 282
290 452 777
186 33 471
109 289 714
694 533 519
153 184 363
668 634 598
499 53 917
332 103 117
535 263 320
8 616 547
11 522 284
780 339 795
452 501 361
723 760 712
800 33 991
200 526 151
774 277 793
347 350 732
449 752 814
426 201 467
245 672 191
676 471 726
723 548 801
346 37 125
671 607 787
645 82 818
711 460 380
176 606 566
373 320 666
682 741 879
32 370 793
271 757 38
391 639 144
301 25 228
373 357 208
547 106 674
185 222 675
117 102 435
97 268 830
286 572 159
582 482 761
33 344 885
531 768 786
575 187 887
758 183 918
382 823 6
626 372 602
820 728 999
188 18 767
311 201 575
389 243 683
170 276 162
62 490 529
730 564 841
577 356 979
67 715 227
19 684 252
458 263 87
74 833 742
98 597 994
403 652 686
503 762 690
496 616 874
10 7 113
706 125 747
452 317 518
681 802 24
233 676 911
634 165 897
590 343 233
527 389 534
252 39 602
292 2 478
241 38 387
530 700 72
174 481 572
808 14 685
395 288 485
691 232 297
18 665 307
141 394 560
30 635 370
580 621 991
82 629 358
363 185 799
314 112 174
168 166 641
696 172 387
436 514 3
250 799 726
673 457 382
289 426 537
201 139 278
285 339 656
450 59 802
773 454 269
677 535 675
66 704 553
3 79 93
489 70 287
18 181 975
35 638 263
546 777 881
510 419 161
301 492 224
24 739 244
325 294 143
553 558 170
730 817 318
11 570 433
828 33 423
353 24 247
114 264 508
796 22 319
424 88 705
444 711 253
358 180 96
557 138 756
703 457 962
243 214 312
817 191 705
545 121 101
99 294 901
610 426 560
589 403 315
498 12 382
279 325 569
667 503 998
670 288 423
524 829 58
811 359 546
469 98 649
170 151 932
666 134 -2
797 789 443
143 44 42
211 89 605
455 692 949
303 748 321
90 96 31
593 81 401
495 209 204
702 431 835
115 576 264
396 467 737
500 715 957
677 289 191
80 198 627
138 711 266
146 305 445
476 375 171
654 34 81
96 554 658
188 430 852
494 594 53
798 323 715
138 450 59
471 22 258
342 166 398
628 221 409
497 164 603
312 340 235
536 52 399
722 129 763
327 208 71
778 487 941
711 741 31
515 507 417
726 456 635
381 77 501
113 5 473
490 409 125
291 7 729
171 628 251
788 117 619
135 748 631
496 670 43
526 537 795
17 678 270
273 40 193
667 401 556
654 358 967
361 419 328
104 774 973
706 12 584
273 650 742
524 299 204
437 171 862
426 297 852
329 653 516
280 728 490
357 416 485
780 94 731
785 108 271
601 425 595
467 572 545
177 10 450
671 404 109
703 120 889
568 269 151
679 54 634
491 445 589
630 292 502
764 521 616
274 64 114
399 436 291
410 647 960
75 95 524
347 327 4
38 622 777
613 174 489
614 613 545
610 795 997
479 634 524
492 490 877
262 148 675
709 664 628
18 794 893
393 414 83
514 134 585
414 295 136
128 162 -1
491 483 445
338 756 781
734 824 703
695 97 156
289 600 740
284 373 91
657 426 984
279 628 304
561 372 220
246 67 161
63 370 515
125 7 189
520 633 36
472 378 420
436 639 934
230 264 624
333 707 242
745 23 238
683 203 610
221 58 754
531 268 802
665 814 616
403 622 684
37 616 875
285 205 452
771 761 212
499 36 300
384 692 117
507 265 793
339 87 713
656 308 348
107 480 340
68 268 844
565 46 462
771 243 857
602 775 721
349 735 570
356 728 651
256 558 56
20 357 966
27 43 871
745 596 815
69 195 604
459 106 32
144 484 226
497 268 44
587 132 777
36 286 958
180 394 897
728 551 900
469 615 784
474 740 971
60 78 330
717 268 328
198 409 766
95 631 676
722 189 629
756 425 143
332 590 399
516 531 447
721 647 242
473 555 589
514 780 843
620 739 884
62 90 962
504 506 636
353 662 54
760 86 799
666 231 287
27 179 283
540 28 650
649 124 -3
735 235 788
287 654 885
679 812 522
346 8 314
170 529 95
56 655 606
731 478 575
45 406 932
95 482 815
210 773 138
742 651 923
664 620 733
226 483 359
831 175 178
264 670 596
214 179 94
742 652 834
493 491 423
347 592 536
528 135 430
317 665 453
90 705 415
369 529 565
286 232 367
745 258 911
195 659 97
305 250 170
95 219 781
730 255 208
223 221 855
485 661 133
472 186 877
440 714 382
705 464 313
761 178 78
319 661 586
494 621 958
53 693 851
5 118 322
282 455 343
282 425 213
747 318 59
230 835 255
141 681 243
305 498 693
180 81 379
183 351 771
214 38 282
42 482 351
37 599 67
163 197 956
160 112 932
376 583 619
659 14 744
129 382 804
484 633 241
763 125 225
565 23 772
589 338 968
156 544 93
757 217 55
537 66 961
446 218 370
155 351 354
329 387 509
531 34 582
246 499 155
234 293 60
26 401 249
656 223 553
830 488 583
180 813 825
110 688 550
706 370 373
754 255 529
349 454 474
558 355 90
128 545 295
772 592 82
108 304 258
262 258 600
192 422 296
516 834 575
142 456 499
395 74 337
511 623 674
575 273 470
163 248 120
13 723 384
225 526 94
758 807 995
814 146 54
211 169 77
277 818 733
287 818 682
518 649 956
697 229 759
800 49 506
333 610 738
135 560 902
127 804 150
199 252 760
273 184 894
378 300 818
301 692 553
741 146 563
124 742 172
838 156 352
625 106 736
198 799 204
628 172 681
659 576 444
505 777 170
176 640 614
586 64 637
417 708 265
6 634 871
416 531 647
362 205 302
221 526 550
194 503 178
174 653 230
200 839 568
578 318 204
458 277 932
649 712 239
199 61 876
764 150 478
478 810 182
610 767 254
290 761 662
806 448 774
575 434 883
292 569 607
438 217 393
261 282 366
46 794 181
652 694 467
86 253 634
754 427 597
403 394 767
427 107 940
336 273 933
330 633 394
718 565 762
96 806 387
579 451 365
127 427 751
666 386 491
346 113 940
836 134 790
381 661 990
693 515 751
349 25 180
453 69 148
101 707 806
30 213 602
410 696 -4
614 98 655
421 556 673
272 385 854
497 777 282
795 205 590
256 305 296
288 379 747
819 20 966
778 557 605
348 503 243
761 205 759
749 480 730
714 379 4
86 117 660
42 292 843
263 634 927
188 587 330
485 144 296
608 722 711
87 719 454
751 170 973
612 733 959
832 744 889
351 794 577
701 43 664
64 461 182
360 417 421
478 350 551
700 642 890
69 86 377
590 117 300
98 712 98
304 635 374
143 131 898
328 531 307
245 383 281
400 831 976
823 52 331
520 529 738
804 332 368
609 365 647
318 589 71
369 650 751
604 691 773
312 386 312
609 495 1000
423 362 205
543 691 235
753 305 305
333 247 150
372 596 349
229 381 799
258 231 68
562 523 819
724 128 713
469 579 526
206 757 378
538 304 298
121 93 524
261 306 975
764 51 206
638 142 346
349 423 745
278 235 652
654 813 578
821 231 944
443 280 623
804 74 311
450 316 640
415 779 597
221 501 213
16 464 336
524 360 884
168 403 915
599 342 648
297 357 743
341 724 833
338 783 817
540 194 727
586 58 217
115 645 239
612 436 154
515 458 635
499 580 398
427 702 113
625 429 215
76 239 523
115 619 121
354 626 629
106 613 103
45 416 272
655 813 627
562 830 710
41 143 414
688 581 106
436 38 405
331 6 810
582 58 28
826 426 424
721 130 43
123 274 280
294 213 756
607 226 177
502 778 608
290 298 948
192 754 461
483 127 165
264 439 588
499 492 945
182 497 649
370 798 262
780 62 871
709 664 253
641 721 951
839 453 103
119 186 681
575 15 789
75 486 312
98 207 366
498 404 794
180 402 246
672 41 163
311 12 925
352 597 581
174 235 992
298 236 451
740 497 588
589 428 571
414 740 496
101 137 112
261 724 428
112 635 628
692 417 280
108 503 60
558 681 766
437 366 212
696 440 159
187 441 651
435 17 833
725 828 270
624 732 923
680 545 327
549 26 346
418 431 556
289 252 178
371 281 88
229 450 182
784 259 462
692 22 167
460 110 959
327 803 130
696 646 658
815 162 570
37 131 337
264 553 450
158 225 848
455 455 490
467 607 802
664 155 661
456 42 361
66 177 213
65 400 477
22 200 816
544 584 642
176 352 195
173 577 768
839 368 986
669 739 164
669 726 305
602 608 813
77 515 874
788 555 557
35 490 739
146 768 581
305 257 245
392 290 717
94 474 745
39 32 -6
262 718 956
647 428 145
744 709 872
37 535 429
574 228 971
779 636 64
699 375 230
475 725 606
130 579 145
312 224 963
247 313 318
590 620 717
118 576 59
306 311 541
3 101 729
229 494 926
633 68 979
652 252 322
8 829 525
141 431 107
689 268 144
682 601 598
455 812 195
232 510 88
726 385 226
165 715 1000
788 82 503
384 221 551
373 8 772
360 797 343
444 100 429
685 839 940
378 334 257
790 635 741
805 758 943
811 73 927
351 762 85
576 543 275
453 60 560
418 786 100
181 679 599
138 599 576
644 630 552
124 44 98
266 580 820
600 817 3
62 787 108
436 503 961
654 207 94
106 440 810
171 742 334
551 113 393
444 116 116
653 486 988
324 157 299
11 542 379
493 503 526
153 368 423
28 147 592
562 498 644
766 745 246
492 501 -9
310 209 197
368 31 776
102 612 504
129 130 670
444 602 622
463 708 563
628 187 275
573 627 137
436 137 463
677 4 131
784 779 220
539 821 358
476 368 811
285 368 613
121 549 574
496 724 988
351 804 252
631 734 573
443 256 684
811 668 526
349 86 539
275 317 140
342 470 350
759 540 898
69 618 988
450 253 859
731 589 633
733 485 213
27 439 748
461 77 688
669 339 822
712 227 956
267 651 858
515 56 419
627 399 869
520 467 83
600 199 795
113 561 892
337 313 849
750 472 566
476 280 657
384 626 932
717 86 205
625 59 293
547 528 132
229 341 554
594 13 985
787 218 289
827 633 679
189 131 356
455 103 300
103 34 969
538 794 136
200 5 114
643 440 628
242 349 807
71 771 93
672 424 55
701 330 708
733 99 83
792 383 3
777 111 888
368 205 62
314 740 46
568 35 903
647 819 388
279 826 639
408 398 186
253 27 647
795 3 12
454 342 268
327 503 372
723 442 848
91 651 264
250 325 573
401 806 981
780 346 810
158 792 804
239 236 284
468 753 616
661 518 998
43 483 949
723 149 891
37 340 623
498 325 566
777 550 963
263 626 43
295 817 47
119 752 741
826 513 116
785 446 392
215 324 636
143 326 294
720 428 356
112 463 217
468 292 -4
432 531 948
144 537 469
107 295 508
585 341 23
472 768 110
255 78 571
182 146 898
620 338 2
722 146 176
5 179 1000
432 708 321
295 4 943
831 134 52
482 157 554
417 448 895
513 201 685
463 688 35
767 61 22
789 176 117
461 161 538
799 226 733
451 687 378
427 725 254
172 339 299
176 828 817
654 837 940
202 244 7
123 323 662
507 818 417
229 529 868
651 812 266
27 241 727
304 319 261
823 454 102
701 521 401
695 768 256
76 373 172
404 158 999
366 2 25
230 799 525
198 728 662
620 623 219
210 332 190
203 189 918
655 562 369
776 12 474
51 424 462
356 631 878
397 586 -9
790 706 362
56 285 527
247 372 736
796 62 991
594 106 36
547 314 332
622 236 900
235 485 345
281 697 251
459 532 243
497 539 836
240 177 17
444 252 952
145 209 149
133 583 568
387 788 373
176 29 338
601 655 370
669 231 520
664 137 270
765 350 422
625 349 224
189 592 724
107 66 995
772 237 666
399 746 553
438 236 272
605 83 124
640 220 304
572 533 576
744 146 191
229 181 83
460 574 794
30 626 646
441 731 365
647 11 55
283 466 347
688 316 682
182 556 72
712 799 136
557 751 906
557 720 413
76 343 308
331 354 586
164 133 520
163 78 138
250 192 396
300 474 767
396 80 172
177 224 517
139 84 758
659 624 801
418 832 369
282 76 359
331 491 649
771 512 318
43 579 892
25 789 733
461 674 889
3 213 719
463 779 215
422 484 2
216 215 700
326 495 112
476 457 924
748 461 265
694 795 607
378 336 673
767 510 482
509 625 940
816 746 529
441 557 258
717 151 554
142 580 710
290 446 708
97 258 167
155 645 148
520 440 915
822 328 93
498 824 334
245 248 665
542 272 72
207 159 674
586 428 262
622 393 251
332 360 611
677 575 59
272 471 209
378 785 465
396 70 618
435 427 193
526 28 874
210 307 879
839 208 469
217 113 780
198 57 140
787 811 797
324 138 901
447 469 729
373 32 513
115 73 797
434 88 467
229 490 510
330 136 29
454 12 730
12 348 454
671 695 985
774 630 925
479 740 191
580 329 962
631 123 735
70 140 484
348 187 394
474 373 42
165 701 625
708 627 446
650 368 17
514 100 199
646 470 469
794 410 471
584 210 829
406 141 782
457 158 216
85 295 865
123 157 970
676 195 651
204 310 905
524 268 257
107 166 143
773 663 750
344 29 362
677 762 19
366 282 794
532 103 523
446 665 31
357 281 239
120 831 407
606 365 681
9 58 519
344 518 53
373 28 377
665 781 51
743 236 861
658 832 246
458 792 705
581 660 551
654 372 20
827 825 304
793 341 600
32 689 296
506 185 803
176 414 501
333 680 78
194 384 326
446 431 249
336 384 492
129 695 756
293 208 556
756 752 975
715 226 249
115 630 228
463 608 828
55 457 550
89 622 650
817 59 889
600 30 810
220 142 47
170 243 839
195 823 405
413 29 741
828 371 519
80 194 600
312 418 328
35 386 907
664 688 898
353 65 772
380 264 50
280 234 67
147 548 774
110 641 997
761 354 920
435 393 766
718 463 39
701 397 928
157 525 427
140 761 357
279 164 95
543 632 430
57 341 641
35 480 788
618 437 411
293 787 515
653 342 483
393 266 75
53 437 688
427 768 433
772 584 280
139 268 907
54 172 875
433 209 241
186 521 241
359 145 520
327 197 856
449 660 -8
464 404 956
274 575 838
478 312 579
335 112 693
716 101 655
263 475 746
727 590 219
651 680 935
613 258 62
670 533 51
385 56 151
228 96 935
664 545 528
775 436 874
567 531 893
622 411 968
84 803 456
353 459 190
406 683 482
399 204 599
634 603 742
631 407 506
825 590 66
146 716 669
124 693 175
802 118 262
818 68 991
461 627 386
490 443 806
220 129 439
5 244 259
453 464 203
826 611 0
281 169 498
133 824 750
265 387 644
69 142 369
324 249 102
802 408 721
639 831 693
508 146 636
332 443 710
804 529 177
619 193 738
744 204 765
438 660 812
401 37 76
585 818 195
493 53 212
511 675 19
319 511 833
428 622 853
433 738 810
311 533 55
808 250 122
577 170 608
620 632 550
662 701 564
732 386 499
703 760 258
173 505 777
605 161 170
79 552 38
265 184 965
228 355 227
726 381 761
834 327 141
456 322 515
412 395 882
762 412 622
577 584 246
207 474 617
456 149 361
813 485 459
113 666 724
114 467 25
748 420 968
152 605 579
221 529 620
817 820 492
699 740 805
581 660 920
806 74 385
710 301 207
134 102 617
552 378 626
743 699 193
125 295 184
341 331 26
17 214 739
518 667 493
421 745 733
624 135 602
418 596 129
711 151 446
285 115 75
73 444 628
568 284 473
237 42 162
131 817 208
109 631 761
393 411 892
317 555 183
758 726 116
207 805 822
41 542 839
760 735 441
244 306 427
401 389 314
70 820 39
260 398 376
761 379 12
421 78 423
550 337 5
839 48 677
490 692 798
125 703 49
94 459 539
704 698 969
718 238 603
180 298 233
551 503 933
733 564 50
466 167 192
113 821 789
733 120 526
533 130 766
256 90 92
529 208 225
409 623 963
363 267 678
384 538 905
480 390 613
34 789 433
267 610 48
329 742 812
471 289 62
687 550 363
835 7 125
631 811 604
308 832 855
665 309 454
186 159 714
838 36 94
564 338 496
590 616 491
469 554 427
388 163 779
734 170 446
367 643 886
211 313 453
40 383 338
520 188 516
553 268 16
7 30 911
782 227 79
167 451 850
523 705 781
796 553 975
833 642 267
496 253 280
447 58 102
417 730 976
82 347 708
329 610 565
185 305 794
353 65 785
538 246 496
506 495 59
415 114 739
579 448 49
211 460 482
588 127 725
302 196 936
340 50 180
380 209 870
423 40 966
318 512 87
84 478 59
355 173 580
243 809 404
503 778 502
592 735 714
331 606 267
428 258 768
742 116 794
281 39 575
826 140 505
27 799 665
533 803 476
203 291 37
829 715 230
312 454 355
357 191 339
322 722 935
583 642 856
228 189 471
386 277 7
175 511 269
72 801 868
775 469 83
33 383 613
129 385 243
584 609 804
330 250 600
50 1 312
777 297 793
684 593 823
30 390 51
377 645 217
360 270 392
359 447 398
287 6 120
103 528 747
208 183 272
102 575 146
677 333 199
565 307 295
30 796 726
686 807 428
624 762 380
177 370 995
771 402 107
571 288 738
781 184 708
129 744 41
505 479 877
299 666 416
470 235 993
195 19 357
469 51 757
807 838 478
144 73 129
664 750 283
816 312 339
178 616 987
278 121 683
837 508 521
720 403 861
184 472 503
398 27 299
518 51 693
311 615 513
54 9 549
671 351 641
439 338 237
627 547 659
139 232 993
452 556 776
686 187 904
277 316 469
198 791 255
836 703 370
221 502 274
86 451 574
172 232 260
746 343 568
717 806 142
412 463 263
28 394 77
509 465 867
301 728 317
518 581 926
422 135 947
704 823 790
594 229 875
169 530 527
309 305 579
585 120 122
739 697 948
227 363 288
64 650 734
17 122 820
684 622 545
838 710 169
731 734 946
21 186 320
581 139 906
519 562 365
476 514 297
281 691 315
791 233 844
213 515 387
413 654 674
733 517 -9
245 170 764
188 236 117
117 658 719
166 355 194
264 12 557
159 296 338
751 222 928
565 379 677
246 654 393
376 38 892
768 336 718
151 397 62
61 322 741
109 672 939
52 212 289
678 649 534
420 534 545
752 416 -3
684 362 639
152 564 377
398 91 126
141 210 346
683 711 599
204 718 947
572 771 636
707 739 611
757 446 931
788 502 289
282 59 838
587 333 933
62 601 35
53 376 713
56 822 620
792 398 919
416 184 -4
66 137 197
635 705 539
464 266 290
520 625 536
811 616 847
344 350 384
30 541 679
563 315 966
176 131 783
457 25 473
28 565 635
502 103 184
328 641 336
208 131 502
17 475 459
129 373 277
185 814 897
212 71 196
676 721 896
526 337 878
620 485 606
75 651 463
135 671 897
308 212 366
272 10 596
443 422 815
17 532 83
803 831 4
735 372 42
189 523 149
349 688 15
288 196 568
530 785 384
360 71 147
182 831 724
594 568 761
125 383 975
242 244 841
7 302 271
353 476 793
330 569 296
132 163 465
90 443 246
677 37 557
93 492 619
4 744 328
212 111 567
332 155 293
529 782 43
791 110 500
652 142 919
297 783 527
86 226 177
25 578 544
285 566 610
94 74 170
421 699 868
799 464 217
391 581 496
72 828 686
713 790 468
386 535 597
661 687 259
491 343 159
530 790 908
213 59 530
114 371 558
679 678 237
582 97 695
4 269 182
161 391 673
64 625 22
359 708 831
747 536 94
690 347 375
753 374 795
290 442 795
444 526 986
562 749 529
572 131 14
659 456 441
461 811 32
531 728 509
452 381 651
618 384 506
496 440 -4
567 700 645
631 384 211
761 276 179
408 561 899
685 275 351
594 668 268
108 493 768
20 324 439
531 755 734
26 110 140
325 167 918
625 466 158
134 590 87
447 585 948
279 821 465
626 243 464
481 208 254
431 496 291
149 121 206
373 307 732
521 272 669
670 312 192
5 159 694
217 428 982
400 442 0
348 406 640
749 365 48
94 765 891
595 19 450
109 102 433
583 44 327
461 136 140
347 615 710
271 156 419
222 760 827
12 442 471
228 453 884
767 185 124
784 699 873
575 365 986
227 266 796
640 521 300
360 494 121
405 405 130
476 793 375
84 605 428
428 622 430
336 608 631
147 536 448
319 406 54
192 670 467
306 61 250
733 806 608
493 233 190
712 51 280
293 178 463
118 552 86
319 586 433
740 171 165
520 631 440
39 754 326
333 810 310
398 409 114
609 359 48
611 293 1000
83 223 784
652 502 473
340 768 105
508 342 963
612 748 114
163 87 221
202 722 982
127 713 311
156 727 720
519 633 128
18 220 573
535 377 643
675 827 815
180 420 80
51 392 42
271 747 2
71 119 207
230 50 471
524 646 691
232 266 364
675 201 809
727 598 283
502 550 154
91 637 289
706 94 138
548 317 552
387 789 237
54 278 220
89 778 679
386 258 362
142 41 33
700 698 654
18 785 165
748 338 618
801 69 124
496 294 45
672 551 866
230 398 553
700 188 132
342 569 618
209 197 152
823 592 288
318 203 280
444 38 398
458 162 915
402 803 850
573 127 24
570 796 818
830 605 -8
739 735 891
510 721 492
481 52 835
219 162 526
717 674 166
661 686 436
472 454 958
299 591 27
421 486 969
836 153 521
131 470 204
568 423 119
662 807 88
575 825 980
817 328 499
411 266 827
307 21 849
303 694 512
563 499 872
470 782 812
669 741 954
376 584 442
166 195 100
835 131 971
819 315 543
241 379 439
488 7 553
133 548 647
40 477 224
717 667 202
497 455 813
292 794 848
400 564 907
480 453 851
311 139 365
71 106 719
528 640 186
737 693 88
293 746 815
474 513 789
668 443 217
18 115 346
806 11 971
675 521 801
266 431 893
452 459 305
405 817 695
191 293 754
381 328 396
194 566 141
670 584 602
413 203 713
215 76 559
384 69 435
460 189 799
540 582 531
812 161 738
416 45 334
520 496 974
555 100 800
473 827 948
246 216 29
377 273 135
584 496 252
514 47 979
479 503 567
712 113 394
727 550 762
119 777 672
48 583 515
60 745 789
183 622 475
197 429 193
606 68 752
143 308 454
506 810 609
776 236 982
10 62 -5
2 45 454
486 522 853
479 242 15
783 193 445
587 600 88
84 713 959
489 400 597
415 732 842
768 322 964
601 380 237
797 131 77
586 478 40
388 722 391
793 666 1
615 658 585
606 7 194
196 365 803
185 241 454
533 717 139
792 731 799
7 387 378
698 49 0
61 467 886
388 262 69
32 711 787
620 419 261
336 670 579
483 811 910
360 98 330
248 226 34
374 224 540
297 462 742
384 53 294
343 49 822
804 697 196
786 826 42
572 360 816
304 822 364
89 214 623
484 287 978
389 334 469
569 168 737
337 268 974
236 788 597
230 603 69
572 674 76
161 371 648
379 560 595
614 89 302
764 486 650
680 197 163
590 541 360
475 146 954
448 158 399
321 417 726
511 427 -4
246 102 251
179 181 385
255 52 378
118 180 217
583 584 764
637 500 341
551 773 335
242 587 90
296 740 186
360 582 952
820 689 640
763 530 308
226 403 396
502 803 960
481 359 36
75 690 921
681 744 775
375 769 244
646 348 809
190 109 276
656 623 121
830 565 308
712 136 991
715 57 615
610 687 403
26 121 868
699 726 660
482 273 127
32 483 618
42 780 723
167 738 151
570 275 548
462 286 744
381 495 998
425 179 214
431 513 460
458 801 716
781 580 829
240 152 611
454 413 361
656 631 531
199 630 471
686 461 353
239 337 567
775 458 324
816 711 788
816 386 760
258 403 946
318 322 716
335 563 99
227 67 446
319 278 867
273 689 140
777 169 295
515 710 704
776 265 841
520 144 369
385 433 917
576 442 693
221 588 697
101 583 376
714 458 524
290 47 980
625 346 510
217 628 844
45 380 219
48 477 954
536 412 412
302 74 461
187 521 32
11 188 988
757 486 397
663 73 661
441 620 435
495 134 325
183 517 375
563 725 935
18 825 865
241 440 814
698 770 130
259 710 524
115 229 837
455 708 476
115 199 228
577 181 582
140 508 573
422 702 812
278 822 106
343 575 912
472 198 827
836 505 635
64 527 653
780 570 842
149 816 118
266 555 54
502 682 889
350 715 305
465 95 933
821 236 336
175 332 317
199 458 586
640 43 991
449 401 310
779 309 461
332 500 149
1 291 365
232 252 811
581 300 395
768 635 818
788 399 279
209 486 99
437 420 730
611 33 44
138 326 211
238 320 784
191 197 684
367 732 842
418 491 403
146 416 606
75 369 498
9 364 232
450 240 679
362 682 985
12 270 498
330 447 341
316 230 37
135 271 520
152 531 913
820 660 183
211 737 836
839 144 155
123 533 403
217 470 49
762 550 689
139 481 900
170 421 564
603 31 883
626 703 586
645 389 639
706 136 470
84 519 593
387 215 568
250 237 763
536 282 746
798 99 920
349 427 992
7 620 977
619 653 634
514 780 386
75 207 667
547 466 153
321 57 565
81 372 216
760 52 367
125 125 428
591 666 392
753 409 222
50 248 180
470 692 567
596 553 537
728 837 164
441 812 800
674 118 782
785 489 249
100 363 785
703 547 428
808 500 396
287 838 34
406 284 870
601 797 204
485 356 140
684 121 214
413 124 903
141 163 936
617 406 803
637 821 911
693 348 165
529 67 564
673 152 671
661 201 917
675 229 99
363 637 874
673 117 888
751 34 813
655 375 719
789 126 630
574 778 516
745 517 813
163 507 509
410 258 671
554 599 411
637 106 433
819 214 916
243 8 932
397 352 59
313 593 902
294 606 223
376 180 188
532 58 168
723 806 449
106 115 117
278 433 385
685 371 812
20 568 827
139 515 170
768 442 184
673 626 684
290 590 159
766 27 222
211 29 102
79 832 467
99 509 371
31 415 287
649 626 124
784 134 202
794 598 804
621 90 16
255 623 561
58 810 321
744 97 389
340 589 916
746 154 650
450 671 833
263 659 133
602 12 578
420 367 63
322 611 1
236 745 604
477 739 17
257 409 30
388 805 801
619 48 470
619 293 67
639 59 132
546 361 409
410 462 482
499 61 271
84 523 576
23 143 125
785 231 54
54 502 298
254 675 42
656 799 181
626 774 266
546 210 876
263 368 934
730 11 660
704 432 605
255 82 258
391 415 838
167 444 839
81 502 782
249 215 1
833 793 34
348 291 145
555 641 658
303 13 -3
583 141 842
466 784 499
252 376 61
732 496 305
137 597 826
692 746 689
674 545 354
213 394 359
544 306 384
578 325 98
162 34 193
275 295 310
55 197 44
450 17 582
97 565 106
208 29 565
301 231 170
517 20 809
487 431 426
527 829 192
735 402 526
546 767 616
533 440 641
511 628 96
745 397 531
739 645 340
70 176 827
726 504 136
663 404 307
283 630 208
502 598 480
746 283 61
761 281 574
119 712 526
717 283 756
69 482 443
791 213 56
100 188 326
361 500 389
735 789 675
810 587 743
669 174 595
100 813 768
712 263 339
296 350 801
793 277 701
739 449 952
605 745 486
801 28 910
665 599 153
231 815 742
345 771 298
267 185 993
214 393 950
732 351 844
314 441 619
736 357 620
784 408 813
464 703 848
610 98 352
737 750 928
514 629 552
302 237 955
635 48 753
230 193 214
651 508 233
738 743 556
50 109 145
783 768 707
676 747 346
13 691 294
364 331 663
705 786 599
43 574 89
77 168 545
645 427 183
373 404 51
538 549 569
99 166 150
146 377 501
320 628 422
128 286 645
97 774 756
224 637 786
414 406 845
162 486 575
53 328 816
304 341 395
684 328 802
327 124 619
539 62 242
521 764 195
660 836 913
384 332 410
73 281 157
40 55 907
609 112 50
53 732 220
14 270 294
630 478 85
132 686 205
506 389 983
832 282 852
234 527 336
125 167 502
52 235 753
473 687 252
340 826 675
532 618 917
168 547 994
170 748 118
454 530 917
178 497 678
24 189 751
819 572 534
357 757 408
791 652 480
8 186 459
835 128 -9
817 519 130
683 802 119
215 310 11
828 637 731
424 762 66
375 35 331
133 265 686
34 158 426
377 449 14
455 474 431
559 82 676
764 610 864
481 314 580
358 546 85
483 144 1000
220 399 929
37 244 373
584 472 193
129 63 972
619 333 5
343 192 162
739 366 286
631 250 977
268 415 42
800 733 921
445 691 208
689 536 521
465 773 326
563 418 377
67 837 943
763 274 286
610 161 543
705 416 111
195 585 358
636 607 180
70 370 278
459 49 815
534 539 528
120 193 16
163 831 696
156 630 540
676 335 111
496 383 330
521 71 609
109 51 496
605 31 174
11 706 192
244 146 682
803 793 81
811 741 692
809 338 995
123 450 958
622 211 276
601 33 382
382 294 700
142 508 464
579 677 331
257 32 720
493 369 493
309 354 679
121 625 209
681 245 155
827 440 372
160 98 490
114 304 22
716 26 229
196 229 796
86 702 603
104 835 483
43 217 605
223 394 839
793 100 812
187 425 280
608 705 865
511 342 573
823 778 284
730 275 190
804 586 605
369 386 694
84 382 743
778 50 798
237 74 62
438 310 543
667 597 49
610 261 146
706 397 668
617 536 384
704 85 74
551 536 601
788 183 601
804 752 347
450 799 314
539 145 885
42 235 711
305 165 64
666 96 639
832 480 549
254 140 44
625 149 592
749 271 588
750 471 569
276 177 398
260 789 842
776 469 852
365 402 706
719 160 999
286 811 929
779 93 288
129 25 212
465 512 829
412 408 797
352 104 978
82 127 250
190 688 911
435 441 953
744 484 453
454 572 614
834 381 499
678 612 298
13 816 966
372 602 274
820 582 847
