27 11
26 90 95 35 15 89 80 64 3 36 69 
51 40 17 99 41 52 60 48 8 30 48 
86 27 81 80 98 64 89 11 84 80 45 
70 41 36 88 96 55 24 33 92 89 38 
33 54 32 90 65 87 25 27 73 32 50 
46 23 58 39 5 79 44 70 96 63 61 
52 95 28 23 85 34 58 51 91 32 4 
3 93 87 83 26 100 79 55 26 18 32 
11 4 85 52 91 35 56 69 82 83 7 
89 53 99 32 48 19 33 34 70 81 4 
28 59 31 3 43 48 28 36 19 38 56 
3 21 34 73 21 63 12 83 38 69 97 
21 26 59 12 28 84 79 93 56 35 26 
59 14 74 99 91 11 7 16 62 16 59 
89 66 52 76 33 48 29 43 75 68 88 
97 56 74 83 100 71 30 44 70 71 72 
63 8 43 36 76 3 54 68 60 79 32 
94 100 13 35 92 82 40 38 40 53 58 
75 29 27 82 13 23 36 10 37 11 74 
18 63 5 83 47 21 82 84 41 19 15 
68 21 32 43 60 96 90 89 47 29 99 
96 85 11 35 81 37 66 89 80 39 85 
99 58 64 12 28 94 82 64 19 82 36 
60 53 57 81 3 67 10 78 70 66 8 
47 100 40 82 92 21 65 23 80 65 47 
82 30 17 85 20 21 89 59 13 42 5 
88 43 97 92 40 89 34 51 18 89 99 
