30 28
14 12 95 92 9 72 37 66 37 77 49 83 61 44 92 82 90 53 7 54 99 78 23 67 88 33 16 40 
66 17 59 78 30 47 34 93 82 88 39 24 98 96 18 49 37 80 33 95 2 73 18 22 42 70 50 32 
19 21 60 36 17 96 30 86 84 21 15 3 4 24 54 9 49 86 12 30 18 35 51 56 18 19 66 85 
38 8 54 87 44 21 59 34 67 34 96 14 77 44 61 15 25 59 18 80 58 59 73 18 34 15 96 21 
41 99 80 65 62 94 18 10 52 29 12 34 97 76 86 37 10 64 49 84 63 41 95 50 5 28 44 36 
97 32 12 82 99 52 5 86 31 9 75 83 40 75 53 21 78 41 56 79 25 21 24 69 68 77 11 33 
81 96 24 100 90 21 53 89 34 42 7 29 67 64 28 31 96 71 44 40 15 54 7 25 98 95 4 79 
62 7 93 73 25 59 45 39 52 1 86 97 73 1 52 95 21 12 96 23 5 98 86 77 76 47 5 4 
56 93 44 64 81 16 27 72 43 91 21 69 36 72 39 68 97 11 98 8 76 84 84 29 38 21 51 11 
81 95 43 34 83 66 8 57 41 45 58 30 35 63 71 55 69 53 59 79 39 49 84 96 80 31 82 46 
3 35 74 72 25 83 55 21 15 59 93 95 71 75 74 24 64 82 90 69 52 77 54 7 2 82 69 64 
97 12 95 94 38 70 85 62 78 28 35 22 83 57 21 14 51 47 59 70 61 53 6 48 70 94 94 28 
27 31 36 49 53 39 9 96 89 93 94 38 99 93 86 35 66 51 95 72 37 47 30 17 16 71 36 43 
70 86 34 82 32 49 4 2 6 34 51 27 66 9 94 5 45 40 80 19 37 21 2 95 68 28 22 72 
90 25 39 61 52 20 41 8 74 64 78 93 15 40 6 100 94 80 24 38 79 88 64 90 18 53 42 33 
14 47 50 61 81 39 11 62 25 59 70 88 25 53 59 87 28 54 6 59 8 90 62 43 28 93 41 56 
77 50 12 52 75 52 58 74 86 34 98 58 22 41 22 47 98 66 39 45 14 32 45 97 83 78 49 52 
39 47 2 38 34 86 94 58 80 55 42 89 70 27 42 29 39 64 9 74 6 10 98 3 94 18 45 74 
46 51 51 25 56 32 60 43 66 60 67 16 89 95 76 88 99 50 54 55 16 15 85 29 80 97 80 82 
33 92 4 58 16 54 19 66 5 82 17 24 85 56 97 80 7 77 51 55 96 82 61 52 36 65 80 15 
66 24 45 24 77 79 22 100 6 46 86 31 90 24 53 29 59 45 14 100 45 66 68 79 61 33 55 20 
61 55 11 51 80 36 95 20 20 5 6 64 77 36 98 79 36 14 96 44 79 33 54 16 25 28 71 69 
77 82 64 3 2 34 77 57 1 63 68 88 97 45 1 10 4 57 18 36 70 66 33 13 88 50 82 23 
50 76 32 33 62 38 63 100 65 99 52 19 47 38 34 59 24 6 77 16 71 44 82 56 25 83 24 18 
86 10 46 79 87 65 90 55 73 20 72 8 53 28 96 23 6 100 99 97 87 14 90 18 13 12 61 1 
71 61 19 100 39 39 75 97 46 28 19 68 19 74 68 72 41 77 93 92 4 63 4 50 60 90 16 50 
52 77 90 88 29 45 11 84 31 100 20 39 7 97 41 12 2 73 53 68 87 38 29 61 13 89 91 47 
43 65 48 65 42 55 31 16 53 40 12 30 22 12 33 95 99 18 37 35 97 37 22 34 18 60 68 53 
37 12 64 3 42 74 17 16 99 7 92 14 3 59 82 17 93 33 60 35 8 81 19 47 1 86 73 57 
48 66 75 77 96 20 99 89 28 56 25 80 56 38 96 38 71 80 95 58 85 97 42 62 61 39 56 59 
