49 85
57 67 86 14 46 4 54 55 23 87 38 50 5 86 62 13 95 18 98 98 43 36 5 84 32 86 81 17 22 98 19 21 62 46 54 36 96 23 51 25 91 94 59 10 88 9 51 98 42 23 70 94 62 86 5 72 22 25 47 5 7 98 65 98 3 58 51 16 96 30 12 30 91 33 70 29 55 51 46 100 93 100 77 3 24 
8 61 64 21 73 13 14 3 51 44 29 38 53 1 37 59 97 11 78 34 32 91 64 48 43 95 95 95 47 66 2 1 59 25 50 85 75 35 40 50 55 64 54 29 31 36 78 35 27 76 78 21 10 33 38 35 57 100 70 35 18 75 7 80 100 74 97 97 21 60 39 98 29 21 15 29 6 90 8 63 65 74 68 58 24 
81 75 19 50 9 72 87 72 30 71 26 28 84 42 39 72 62 83 54 50 1 2 97 12 78 87 89 31 17 73 20 77 90 44 54 74 85 9 39 13 3 7 28 96 53 43 25 45 62 31 95 100 84 43 23 54 29 76 20 49 47 39 31 51 97 61 36 3 51 2 87 24 27 16 8 21 8 54 73 70 44 90 59 75 44 
64 13 80 74 47 63 22 70 17 89 43 72 94 42 82 82 99 79 38 31 63 17 86 16 75 67 27 88 2 28 98 12 12 99 51 64 79 61 84 56 26 14 73 53 99 67 48 36 95 8 93 76 85 73 78 66 1 25 46 44 14 58 55 12 81 74 39 54 69 45 12 60 50 3 2 41 5 63 92 39 56 2 34 85 39 
9 30 86 81 6 36 97 53 7 7 67 99 7 1 44 38 24 72 23 98 47 51 57 12 85 68 75 75 60 95 14 28 36 53 94 27 84 59 99 37 47 68 55 23 95 8 95 95 7 43 42 42 88 11 52 30 93 65 72 57 72 71 55 96 28 59 18 68 52 4 17 98 58 37 3 38 9 18 8 41 7 35 22 61 17 
86 62 2 12 18 65 18 85 81 83 64 80 98 20 28 97 1 14 96 67 53 75 31 15 86 16 30 59 71 48 57 30 71 67 5 70 37 4 62 83 70 97 44 96 93 12 29 86 31 97 1 96 42 66 19 90 29 52 13 52 8 75 67 61 2 49 23 5 33 4 23 84 15 77 19 65 15 56 35 97 42 28 48 68 95 
17 67 67 17 17 66 82 36 33 51 26 9 36 31 54 34 34 51 77 39 64 45 4 92 66 69 66 60 48 59 97 91 39 22 95 33 42 24 27 65 1 93 18 69 68 41 33 62 34 92 79 92 80 4 49 58 61 93 17 21 62 73 87 20 81 62 85 76 67 42 51 50 54 72 12 11 66 73 11 66 60 77 60 21 59 
52 45 60 65 1 78 43 56 26 83 7 32 80 71 28 16 50 53 46 47 28 73 69 98 57 33 37 83 46 7 81 95 45 2 13 63 83 25 94 9 57 78 78 92 26 18 62 63 51 70 20 95 40 74 75 73 23 24 67 62 52 82 42 13 7 7 85 87 42 45 25 83 18 9 58 19 17 26 72 59 47 58 22 22 32 
67 18 98 22 24 79 45 51 27 58 99 86 37 78 84 19 42 72 36 61 63 96 11 63 23 58 60 53 27 4 79 32 93 97 81 14 88 47 92 41 49 18 28 23 73 80 35 43 32 28 11 20 99 34 67 48 14 80 90 24 67 79 61 69 63 10 85 8 58 72 77 8 59 100 55 98 91 63 60 85 36 26 67 97 17 
77 84 53 19 38 31 16 39 3 5 20 37 92 24 55 42 9 16 58 1 20 72 27 21 21 1 91 56 10 48 71 37 28 99 2 35 83 6 12 65 1 74 38 60 74 49 49 99 26 93 77 92 47 99 99 81 70 33 51 99 24 97 73 83 50 57 17 24 3 43 31 80 99 85 41 80 57 38 37 18 70 46 39 73 75 
4 3 84 47 84 1 4 35 56 48 68 55 17 13 52 67 83 72 12 74 83 58 81 75 52 77 98 98 37 61 64 45 41 38 56 56 29 45 34 52 44 49 44 44 75 26 1 55 10 20 84 25 52 37 9 30 72 61 37 40 3 18 42 47 7 30 66 17 85 21 71 53 37 25 71 48 62 18 37 67 72 19 12 92 96 
5 41 64 100 69 36 61 40 79 88 27 6 23 8 80 51 51 64 7 92 3 55 85 53 68 59 58 53 29 83 66 37 53 84 79 48 52 42 28 98 91 98 16 22 96 66 63 79 8 33 74 100 22 20 15 23 61 68 18 67 61 4 7 65 45 61 68 70 7 47 82 14 12 79 79 29 80 20 20 53 83 79 53 85 28 
83 25 61 97 77 55 64 94 46 88 96 70 29 30 23 59 44 22 6 35 54 91 66 88 94 90 25 52 14 59 52 17 81 29 12 29 62 40 41 18 89 73 97 16 70 24 5 84 47 67 14 9 74 55 48 50 25 53 72 77 58 79 62 76 43 48 27 40 22 73 35 80 6 68 25 22 24 40 14 99 81 32 87 53 10 
70 30 24 52 27 89 30 94 49 78 67 80 83 20 11 9 62 60 63 62 38 32 84 88 37 78 44 35 59 85 37 88 32 46 67 84 30 37 62 86 37 19 61 83 80 60 79 74 25 34 55 97 78 51 3 68 30 32 26 91 48 52 84 11 83 7 74 6 87 2 11 17 27 79 20 23 91 35 75 28 10 78 2 32 12 
47 60 81 52 10 40 15 70 7 21 46 34 78 22 81 17 80 38 7 61 69 12 18 1 40 94 65 62 41 12 11 34 29 49 34 24 25 72 37 96 26 98 100 17 5 62 37 55 52 75 18 59 4 77 49 14 78 27 72 85 65 62 68 61 97 83 16 84 8 65 28 51 95 8 74 26 96 33 24 11 20 32 68 99 87 
7 68 27 28 47 3 65 99 57 14 58 56 2 65 91 14 100 64 40 28 75 32 77 98 66 32 91 11 89 51 10 95 100 100 42 12 37 57 67 66 8 35 30 61 73 53 28 36 82 97 26 28 4 61 45 40 68 34 90 86 54 18 36 55 91 5 40 74 94 19 70 85 39 37 61 10 68 64 9 11 3 57 39 63 84 
20 32 82 12 67 56 29 72 17 33 10 2 90 81 10 76 45 52 33 82 13 50 52 61 40 87 1 66 72 44 65 25 6 86 37 68 26 10 39 50 68 37 33 78 56 62 44 45 55 62 27 8 26 60 17 60 80 23 81 53 27 15 92 8 77 84 9 82 49 48 25 29 78 94 20 87 14 46 60 32 69 68 31 2 9 
23 9 60 98 23 81 25 63 31 61 5 20 44 8 20 26 25 25 74 28 44 61 74 100 8 9 60 50 81 24 28 7 84 17 69 56 64 56 33 94 91 36 12 5 16 77 54 63 57 26 43 24 45 6 90 57 36 50 99 31 61 54 43 25 31 23 56 42 3 41 58 16 74 6 100 6 64 11 63 31 9 76 6 79 50 
60 30 55 34 46 70 56 89 95 48 93 40 6 90 63 34 70 56 68 38 9 81 32 5 65 90 37 44 10 43 87 13 96 62 17 14 96 21 14 96 93 82 40 42 9 55 65 77 72 1 86 85 87 93 56 69 2 94 51 73 40 98 59 51 93 17 78 76 35 11 38 49 81 53 98 98 68 15 47 8 42 3 51 22 3 
22 28 50 98 80 31 99 70 15 18 80 43 9 9 81 84 35 63 91 94 36 81 61 47 17 66 14 85 35 87 15 32 10 46 84 36 49 71 8 36 34 97 32 57 55 72 79 78 87 35 31 70 51 2 38 91 12 27 20 56 85 3 98 1 48 17 51 95 8 77 88 21 84 62 100 31 77 97 24 68 6 25 13 50 1 
75 95 73 43 90 67 100 47 23 16 2 67 92 7 13 33 78 49 75 50 70 90 88 89 14 30 80 58 21 72 43 60 100 42 88 1 33 40 88 66 33 26 48 17 4 91 86 20 37 88 90 69 98 15 70 1 69 47 8 28 77 35 22 4 71 32 67 86 70 13 84 96 17 21 12 38 39 75 3 22 45 97 1 9 63 
78 31 6 53 67 95 15 57 15 97 10 88 72 43 62 20 83 31 77 21 33 77 37 68 1 4 66 49 86 78 67 69 32 28 13 45 17 58 71 47 65 26 10 19 40 18 65 91 74 41 69 51 29 10 99 27 36 65 100 67 40 62 28 38 94 10 57 27 5 19 73 29 50 42 31 30 80 9 99 35 45 55 47 13 93 
53 50 77 44 43 100 28 73 25 48 98 69 15 55 7 63 77 65 91 63 94 6 32 29 21 51 65 34 61 70 83 63 4 99 10 46 34 85 17 40 80 35 46 57 43 3 17 76 44 61 44 2 99 47 14 48 70 64 9 65 40 43 68 69 56 30 57 87 45 55 83 30 98 40 63 76 63 30 42 5 95 59 14 5 11 
57 28 66 66 32 32 39 44 33 70 34 22 48 15 82 75 49 63 94 3 80 69 15 97 82 4 1 65 37 19 12 79 63 52 82 83 19 46 63 11 62 17 25 46 63 97 46 15 40 86 52 30 84 1 29 89 91 22 8 3 75 99 98 26 44 68 76 15 35 47 48 9 39 66 71 14 2 28 84 4 60 63 23 28 43 
16 14 95 15 39 15 91 2 42 81 69 32 42 5 78 94 94 48 33 71 92 17 7 2 95 27 92 38 16 19 34 31 12 71 37 11 56 61 55 87 79 81 55 43 85 3 14 76 12 26 70 63 21 69 39 9 96 69 85 81 41 70 61 83 43 40 66 25 47 53 31 23 89 55 11 41 9 41 93 55 51 61 65 91 60 
48 6 46 43 16 36 57 59 46 48 45 20 36 95 96 34 3 62 11 4 84 51 10 7 61 38 48 62 67 52 47 73 39 27 2 28 50 65 90 85 61 94 17 56 38 20 19 29 16 8 29 40 57 5 11 8 62 17 94 45 12 63 15 59 69 50 25 57 19 58 86 14 69 27 26 85 41 31 22 70 67 66 42 9 60 
68 53 95 16 53 76 73 27 26 39 76 19 53 20 67 37 36 73 12 80 28 93 73 10 97 47 90 87 77 62 89 68 57 1 79 14 81 4 57 51 17 70 89 26 28 79 42 76 8 35 25 25 44 36 86 22 29 88 74 2 28 11 46 66 91 14 49 36 51 27 26 26 3 28 88 27 67 29 31 46 81 65 78 67 95 
97 45 71 45 62 42 53 25 74 13 28 74 50 66 93 23 22 17 67 40 92 93 50 16 16 61 39 92 16 79 50 43 100 99 83 37 2 31 53 88 80 81 89 38 65 91 67 35 69 96 18 66 30 42 42 26 14 43 61 90 95 44 51 64 9 18 88 25 48 29 38 58 53 14 99 85 55 3 65 56 93 40 62 49 63 
100 58 74 82 16 96 92 1 73 71 50 73 82 11 87 90 42 58 63 47 16 62 47 97 4 35 44 49 31 80 9 85 12 29 49 53 57 19 31 66 30 15 52 61 38 13 1 61 39 67 15 45 97 55 51 22 45 98 36 41 42 79 9 83 9 63 32 50 39 83 64 5 78 47 5 73 24 42 23 73 94 97 21 33 73 
41 18 97 34 54 100 90 66 86 67 91 70 83 75 54 62 57 67 92 48 73 44 66 29 66 75 41 64 18 61 85 84 43 21 29 46 41 24 85 9 63 22 86 14 89 13 7 32 6 96 42 60 77 32 46 100 95 62 18 75 4 52 85 79 43 24 75 40 49 64 93 91 28 22 66 57 55 3 78 89 48 20 91 48 42 
45 38 39 29 26 56 5 12 63 3 81 20 5 14 22 3 95 37 23 60 79 77 87 23 52 45 64 45 36 31 54 31 9 89 75 36 36 82 83 87 15 90 91 57 51 89 11 34 76 88 84 56 97 69 77 41 38 23 40 91 39 14 85 40 3 62 59 90 64 83 33 19 59 8 40 68 64 94 76 89 86 3 75 13 93 
54 72 100 100 95 68 28 63 47 64 87 58 82 30 51 3 77 24 32 33 55 88 27 86 21 26 56 14 3 13 22 96 5 88 92 80 69 46 84 9 5 13 51 22 57 98 48 11 46 7 29 10 57 29 22 89 52 71 66 85 49 62 95 9 64 60 82 55 58 1 37 36 19 68 58 31 6 71 11 93 83 43 64 3 4 
52 32 68 62 65 42 80 70 26 100 29 50 73 80 85 60 62 29 62 36 9 29 37 71 59 55 72 15 64 56 64 64 97 89 53 38 17 31 98 28 74 14 75 46 46 12 6 41 98 4 29 1 13 37 61 95 67 42 89 47 19 62 8 92 5 67 72 14 33 51 65 64 56 32 65 55 99 26 40 58 60 93 9 11 50 
16 10 44 63 21 90 10 76 12 68 73 51 17 41 29 22 2 92 99 67 26 47 25 9 29 49 18 9 47 83 5 42 76 44 50 29 83 12 80 32 87 1 2 1 2 10 63 98 13 81 85 82 28 2 5 18 74 96 33 7 1 24 31 41 1 53 44 53 22 19 43 86 5 59 86 75 66 25 51 43 4 49 4 33 9 
77 11 36 52 82 62 44 9 46 7 66 88 60 1 83 79 92 12 7 91 39 68 82 24 25 41 11 37 83 79 85 48 33 53 98 99 56 83 42 73 63 14 95 70 30 91 79 4 100 21 58 68 42 51 44 33 100 30 87 31 78 52 21 54 99 55 94 73 100 95 67 7 90 100 88 18 64 36 37 9 39 18 51 48 94 
4 22 48 79 82 15 40 92 55 15 62 40 4 23 33 32 70 100 96 80 78 40 23 4 37 59 58 60 94 89 24 8 74 4 96 99 78 17 35 94 4 22 95 45 97 33 92 92 6 70 66 24 56 16 58 29 84 19 43 24 36 42 17 3 64 27 41 75 74 89 10 87 74 83 45 4 65 9 82 18 64 62 92 41 81 
73 34 14 35 68 25 95 91 28 58 66 5 31 76 45 12 89 30 72 33 85 35 18 20 71 37 52 36 11 15 80 60 98 8 55 77 90 4 97 36 73 63 82 5 53 42 40 77 59 47 82 35 67 46 45 41 82 73 64 37 92 3 20 54 12 88 81 27 79 55 60 68 13 91 7 29 53 38 7 21 10 60 76 67 86 
78 84 70 46 34 73 96 82 82 11 21 35 2 86 30 8 21 50 14 87 7 100 25 46 76 66 42 45 41 21 48 77 75 81 20 46 43 59 87 70 72 3 8 24 77 56 34 42 38 1 88 21 50 50 49 58 37 63 40 76 17 9 49 99 10 95 70 20 35 67 81 33 91 6 69 95 54 31 9 86 31 82 60 3 55 
21 26 68 13 7 56 97 89 81 41 40 79 53 59 44 58 27 84 22 6 58 82 24 95 77 86 34 97 75 46 98 10 84 24 74 43 59 48 9 70 17 25 8 8 41 81 24 5 77 91 26 7 26 79 35 40 73 46 36 61 78 33 90 76 63 89 23 7 30 42 72 62 60 87 37 40 7 56 55 14 12 100 34 23 59 
34 66 10 71 22 94 6 65 49 93 99 76 67 75 19 87 95 85 38 30 98 46 87 49 76 70 20 21 46 17 3 47 80 99 46 17 54 65 2 24 58 99 29 33 85 52 17 32 48 42 100 36 99 15 5 9 71 84 37 18 77 44 52 97 68 91 5 77 93 64 19 78 21 31 13 29 74 75 45 68 96 3 38 77 24 
37 76 82 64 63 64 17 21 13 99 83 72 79 77 67 68 81 26 92 4 53 12 82 13 94 56 62 78 66 9 5 46 9 27 37 52 1 90 18 15 69 35 53 88 30 11 37 38 82 4 23 1 65 79 16 89 2 9 19 31 28 14 55 1 97 80 86 14 68 19 66 10 5 68 46 44 74 41 98 52 64 35 32 40 44 
19 99 58 8 50 61 73 7 31 23 74 11 82 58 46 5 46 10 14 1 48 46 84 93 18 33 34 88 88 73 100 52 74 24 95 97 7 40 47 53 10 25 13 69 61 25 46 71 63 4 17 59 79 4 50 1 8 18 46 18 89 6 46 39 97 99 78 28 45 52 53 69 3 33 26 35 58 72 70 38 17 10 89 87 82 
30 40 100 55 97 38 13 13 71 50 70 77 87 10 32 20 72 74 54 25 28 22 36 62 75 78 33 50 45 30 24 91 13 35 29 88 16 84 45 32 68 75 4 30 37 12 95 7 88 40 84 55 47 85 53 67 90 60 73 42 50 51 3 69 21 31 27 84 41 3 33 81 24 30 96 60 28 46 30 78 19 47 71 18 77 
96 90 32 68 38 59 90 100 68 8 86 55 17 36 83 60 84 60 68 60 77 17 76 45 47 40 58 67 54 61 99 1 20 2 19 25 7 97 48 38 32 46 86 28 62 72 25 55 33 3 8 23 69 4 16 3 53 98 29 39 53 15 63 60 12 13 57 42 40 84 32 87 55 33 58 18 15 37 90 46 84 81 53 63 89 
62 96 75 27 64 53 30 54 37 1 47 30 25 67 8 68 100 76 81 71 20 24 7 63 41 30 35 27 94 100 51 1 83 15 46 17 74 91 64 8 79 88 90 43 99 66 26 33 45 34 33 95 12 46 5 27 85 31 70 12 13 30 15 27 71 8 73 73 49 77 23 42 47 35 17 74 18 48 87 13 13 29 86 30 8 
31 62 93 27 36 84 73 15 79 90 61 46 99 76 77 60 4 9 12 45 61 68 68 35 70 21 94 99 26 99 2 66 13 13 57 42 74 64 35 92 17 50 11 52 99 82 10 75 80 48 64 79 98 19 4 81 46 31 77 75 16 9 48 17 36 94 83 13 88 24 63 46 94 53 8 62 65 72 93 80 13 60 8 76 61 
34 52 78 18 67 69 13 90 71 95 22 45 72 2 55 88 44 6 74 38 89 14 43 5 49 79 45 44 1 42 9 50 68 7 69 39 11 41 42 76 40 60 15 40 69 54 17 29 65 77 79 36 73 54 52 69 43 98 67 92 7 35 49 40 4 20 62 92 8 32 69 55 35 1 43 55 72 88 91 15 70 73 78 55 69 
99 82 23 8 85 88 1 23 4 14 39 18 30 11 38 66 60 61 56 95 92 52 81 88 83 100 85 10 70 90 51 63 72 27 26 29 41 52 32 88 10 86 88 6 21 78 93 13 48 49 61 18 68 18 6 16 29 56 41 8 100 58 24 54 48 64 7 46 14 47 96 77 95 9 70 84 34 33 53 77 64 36 35 4 1 
44 23 74 3 95 24 48 12 16 89 34 48 73 50 84 33 29 1 66 79 54 2 96 32 26 6 74 5 14 83 11 20 72 86 83 54 8 98 49 1 25 79 44 45 86 69 56 71 64 6 91 9 9 22 29 7 10 19 77 20 33 70 25 29 97 100 55 1 96 99 56 82 7 7 48 73 99 28 80 87 20 87 62 13 90 
