10000 68574906
15071973
9791199
66679936
71689175
78866064
61376659
28268144
19479599
81092529
65619082
65346428
84985815
95313068
68536943
12306068
87355269
50037191
82104880
25826306
91085588
98102168
63562857
70110532
84419273
71784578
20975323
39164129
6181817
25464656
48003756
73772517
8819660
30857973
2458342
51020258
58169102
69900092
67027465
98369850
77434800
19557543
34672711
84656944
89342216
58534486
21836099
38084615
71171435
58644956
65255069
4109821
41137177
19006571
34977687
64228422
30651515
97087918
96927743
78607892
68686865
26566120
60049648
83304825
85422381
60492288
76893136
15596056
59929440
57679809
94129238
46843401
77277795
68788872
67532179
66345477
59695302
59890393
3522669
62333619
94301098
633682
28873252
7729069
40864882
98522932
79739382
36889108
5904791
22355014
74531044
58588469
42475638
20701092
56371038
53353553
38677772
70090109
14044594
63267507
60422027
52007003
27928331
5050279
96194820
41900808
69691875
53789790
22083312
1001762
6624510
88672665
97084868
80169068
35963601
10702702
18928737
71465115
78186078
19551960
64537634
46124109
73821482
67965345
21202784
32715616
47971570
76325094
72416089
16862174
1031415
98207152
57753900
70366780
91168252
11272082
77090229
80675040
37929402
3410106
62304121
81079646
30254525
15692883
77317416
92905977
35285207
62319680
40725089
97116820
70429572
15108184
60569811
13058959
64819863
86694185
14756116
24945521
19552610
81270627
27511590
38874662
28253717
71821955
64772709
93886501
73918117
28278180
17175850
21782869
89864986
62506999
1878646
89105266
53766143
88611617
24035665
19502348
94006576
42721244
55391356
51993872
42131218
25614312
49258970
32122043
63080385
53674192
81461056
64851565
14876266
75191588
31796831
36581015
62926256
30640419
91458654
58478117
49884245
14936282
22821301
43893557
84317533
27632658
12337179
24769992
72757394
34110876
28470111
57647800
5151184
12842624
40104863
95666047
62254135
51493607
20637272
89458891
51415155
99475310
96208688
33416105
34447922
32437019
36443767
80289924
94255935
70013643
18641779
33881321
23329381
32222061
28550606
62044382
17819356
28094048
5830125
23335334
59967825
10468061
97105698
38971574
62113638
1260957
64475103
52771865
63191862
82759561
60268688
68452598
67658048
60831536
58108871
39786862
86137796
29596812
92947823
41106307
90298284
12442354
62340108
57302185
67511989
48922589
87255694
39557188
90227674
20820492
48411664
28273464
81130855
48403461
83704895
73734820
48265936
21117842
34362412
71358531
78864732
46002664
45727034
8309180
75313198
97485816
10511574
93939838
81276730
37283760
48936087
49331944
78209397
88206887
69386288
4070716
2566968
43615012
79522777
24966439
11755367
63622426
48347489
49868229
26301510
82968391
41783058
91890821
13221655
24917282
10017322
22769619
78339172
52355217
51632926
68852692
58067840
23517438
3738044
52322080
37853207
32152723
55711131
5323455
56467961
47271750
14549161
67927483
76242246
17375179
43828730
57699619
23640706
46408838
80392364
93368552
34804857
6794234
87398117
5566617
42832200
60609787
54086397
45883865
38922980
96691278
16454462
39849004
5934980
11700701
85291703
45651343
80077969
69578008
54979556
5081745
78601650
36725409
77042710
51910237
60479962
82433433
68167478
82101740
37033533
17486585
67352711
82802072
87448768
18655318
11044128
75627186
72404064
4413208
78727448
83933417
71829551
12598263
73350276
31966186
45181064
86913769
84282992
8106811
92720233
15586893
98985615
25131667
79285235
67956420
78342683
97927803
51521386
22206754
74185007
56549699
11582933
77610913
97134079
16623960
61919080
64265323
29741860
8421254
78294429
88585748
80763795
20524023
80980892
70230527
748631
45808177
87392699
2211566
97591886
59058278
67838290
34998263
76974864
69323
59588536
71576150
67356453
56211749
91836318
79138636
54361686
37821683
87264306
30685855
56496045
55699453
45186505
80546415
65079220
26649775
49472892
84927246
64419678
76239846
25936626
48256075
77390551
19511524
16214130
61567843
82517099
5334274
45096769
41980039
53272404
57654247
27070256
96695057
12718946
55104600
28708814
2089876
24906845
51637105
4885514
98679804
64664480
19127344
99475596
73452098
79087587
61933780
37011023
73834547
38771649
26686861
93547904
10711570
64645741
55089711
94870267
64957809
36876303
26561560
75711875
42156122
89811976
41830571
39590393
84314054
28405368
46802000
90307493
3271217
50883195
16843997
95888928
76647657
68948730
25454175
73855661
59057273
30940466
99939632
72676669
57167336
5705215
10519762
90768044
36339630
93585948
83944603
70916090
32626633
1465269
67994428
78729390
92891371
43044958
2053288
19513881
39237981
44481068
33389708
14554326
72258816
11082249
1700400
41276232
77251905
9565865
42065340
74400309
10665541
63783990
65044324
91627305
19578582
98402732
61237499
36322686
79778327
48053210
61484737
88591115
49458833
66392797
6994075
24128241
75534438
3072821
6873290
92620075
85776509
1204568
9549906
14246973
23694328
53306242
29788059
28904058
7589367
72252763
78492701
43726187
93016982
69292796
85143955
31296051
37197874
6488034
25078467
11700499
43661867
14877986
65928738
52914645
49689918
95034500
45968146
8948409
87850548
34713642
66210466
62250171
58224900
41841311
63596853
93043533
54091013
94614440
9771981
90737737
94939179
19597798
89033179
96302661
45019171
41120233
20404166
51660333
70481312
76900054
66796074
93367629
64942195
85874000
89211020
52054572
83529720
89142951
50528649
12082402
36183879
8539683
88132484
84779852
60630089
16305508
28972449
29450981
11920520
14279078
70931172
24337433
38608613
90862286
53022237
76145445
79167837
20844805
9391110
69137564
844645
42312863
23651142
29009346
69502561
54670505
12004558
12159047
88445607
60636649
55490171
83548296
60219375
83719505
61415163
43448322
93588866
68861222
83715471
18878255
32608523
45711498
61107944
42068791
49475310
29753023
44193423
5598727
18325191
26666713
29580343
79589989
26678338
22967404
64802661
16319397
78272801
69802314
86144706
48741028
12364067
59153873
8287995
25683193
28264450
96039067
3602988
33550161
5555288
61284421
41690204
73801532
91258873
54298454
94240825
72804002
58203039
26852046
63305404
55248982
2700218
78097762
83824695
24276700
51024124
80711566
11926224
6347081
41998403
89836023
3233163
80563602
47517092
20328273
32682980
51984330
47706511
25420646
51314609
30878834
45837361
20410999
47412459
13894919
83909946
6824112
83650592
7738646
29482402
40964761
40420091
49121883
23143561
94966094
41447894
83491275
49863792
5061141
66223649
25445081
63269895
2349971
92465759
14244640
51363363
39827655
93060226
4530210
2821073
61093189
56485706
88086448
2435299
12675792
93903739
68795597
71960787
2415855
29563139
21153156
94063920
61545407
502469
29265114
99399990
70874257
9519625
60339818
71310803
13958042
96981696
53635070
27500428
1414331
91928435
74191538
62754604
14358177
99200917
14801884
61846235
38180634
55555688
64280053
50347467
2275456
61940158
50294949
96248904
28986439
86587156
47391397
82658477
45296070
62808711
97284989
78453458
65289001
36464116
99638646
81878079
35529218
47078298
96761426
75861055
36155027
67829839
35405580
82189445
18505059
28526882
99633569
96342693
52824928
8703714
98825015
51357871
64821143
37612100
80589364
27540264
97701432
76063108
48146038
82131720
40816829
94998095
66038153
67614264
58858188
42372882
17539902
97519636
46891149
99414227
63603630
15174860
87138530
22704025
37385935
41688445
19982167
24524681
74322127
71360988
74299051
5271697
42118417
84180583
57116358
90027631
65399240
73835955
26915759
90918196
40017121
90235720
72664140
81755815
86199277
58627223
76862753
94515895
61551832
12890960
49278636
72683155
95406575
77359592
77327949
66145882
4129214
8347920
5417113
24723000
18554607
8779476
47018271
62657536
65707614
7581374
48999643
43968449
47090022
95330240
43843135
14426090
77054882
11932607
89280277
34657210
27383732
29094936
90332511
98080972
67983667
46622559
57146311
45408820
79764356
1927881
1041618
94678841
97844741
37641249
81455230
89676779
31996401
74285738
33821802
6662743
23864949
15434156
47804997
22386046
63996509
55556411
11784325
12728962
88048167
82554612
8051945
30405723
98671774
18842483
28181204
75987606
31755556
1450420
90905119
34644635
38179433
16362712
15294393
44029465
25846729
7633677
40420313
60846792
21165995
67493920
17766955
19265374
14725984
28285417
4806394
86653274
76931480
43187722
66427324
48261718
89689871
88991460
14244200
71318633
85091161
93293817
57221457
53810984
96968713
22238776
21345749
32941008
33933724
12351915
20706629
18868923
6804121
98589277
62506389
13675418
7246692
7891025
11628367
45865478
27659897
38873482
97992507
12869349
44964751
30543428
56952720
88639115
61775774
76728540
10508851
45812217
28388995
12380100
26837263
61956124
57461772
59691410
42847655
19888362
84306516
59460869
98520194
24286667
42054048
10456769
5110174
32696149
29423002
2354104
19249231
14803648
25399891
43152611
86844594
94590475
12787653
78780827
19391057
33251329
99378985
67713698
53123884
6554727
70289255
9991932
42043681
12636171
99371976
90714491
60711447
92464261
9560959
14859847
73926830
246390
20804881
12593572
70551484
12174780
95382112
53066419
60324057
58022748
78382683
58199680
95522721
22627976
12962538
2707277
85584116
44935966
50743639
39192241
85975450
88149226
2669574
34012424
62831518
84463330
45291521
47935486
93191998
99213913
12909093
35653848
98965577
37962617
21753188
58121968
13072138
30419055
66144761
66413114
429467
73396256
80381895
28152284
63490480
96639921
94014500
86042843
70458398
65354233
40077857
67206244
18774631
44614453
83854843
2435153
52960364
70581411
91803192
97834694
46940647
25196964
98907069
90577700
12697929
46489745
99994458
34754029
8683558
58170325
46740674
41498927
53551346
84664490
85060855
47997642
89473231
44579881
2368957
65490428
87456576
22231432
81049358
52332029
51124544
15242323
43355348
97496486
23610207
83509390
59005460
224912
19875256
44506907
19474376
5086145
12301424
37360111
76379172
52695109
17384217
77942283
64444667
2243254
42114924
90511328
87151782
31361975
80906883
33687654
52763951
8922264
15148951
42124902
83573259
43905162
10390143
16417944
66428285
21018725
74704257
75684310
69272214
13332486
10712196
95226324
35152324
95840360
64435423
76869865
73910841
47053677
92332648
37677731
8216545
55898748
42431699
67348302
1973938
8349378
35922725
25993190
19834121
43493170
89445854
41587339
20711243
34966278
49002350
76943531
98547713
82918277
32235693
85782056
16520572
90213151
10483503
23640924
78857942
71099461
75663024
94755576
42469417
667888
71230423
12439168
46796096
26584413
61989262
22191135
33406345
49954479
57207269
13558854
82758568
57323846
58882897
58520631
62546126
86339538
34588847
41668489
42741727
79882259
53045873
110612
47120821
8954540
1017691
48198609
74960182
45317943
30989084
36928443
15436824
89467903
57197371
26647967
18792391
35145705
33986824
7160836
30501362
4935892
94244993
19449627
83560078
26357397
19161511
95229943
14497959
76732385
3769336
92520686
38042134
73506417
74922453
29311997
87019002
3485437
90079903
75639078
29406688
28231530
89824148
41284865
61012130
91617626
33418515
86620011
23114855
75354207
95321975
85481295
62029019
82370118
44875988
2710502
8256793
44456883
96032011
24942847
82359417
88248472
80996877
27240525
98160915
22945607
8821837
17633136
8641750
20804682
63103812
22518821
90184273
24765015
5625387
85324267
22391229
98769986
76462406
40427700
55521444
42323266
17297862
56524105
60176284
55232731
35946568
77181442
47450038
16775875
26945705
51843578
77255949
10991791
57946825
84909591
1909408
67462285
26987259
39353653
21232246
86623620
41062301
36059812
98050363
74080041
1745644
81763278
22114771
42971368
73427951
5125465
441842
98203629
49655529
77861327
68143702
18461749
66998983
68779663
60365846
67471682
11120114
23794154
69470328
85299035
21114852
77744058
33165727
20604660
38124570
61419658
83513844
23633070
28467009
82135820
27323333
44542296
92738902
79074093
25296540
51393081
47957874
49804103
82316393
81029047
58939091
10401207
43601109
55746219
26575201
97623387
87700417
97512635
60389017
7886992
72793347
39733724
77806374
77276183
92142531
62946393
2320605
52048896
66831997
16312814
85531658
85837714
76789619
50038152
23476101
57753761
16459512
98152806
89884566
14117116
80487707
40588631
16521554
8034356
49809774
10569012
11219916
41283888
64193856
78939078
29624307
17768806
4200800
66442731
59006567
59815857
90739615
32475436
5902323
1160000
200352
26472370
63703333
54896329
90664178
6321093
81530120
13001668
31523336
33183976
47563682
21356673
44316951
14053171
9725603
22520751
87940555
63996119
56143041
10253556
67699497
57460216
3212371
11855491
41082009
25480862
24252817
27189012
42313300
99557764
41992898
20124604
44412203
41568980
96243417
82511376
15135547
23915934
39111404
42863670
71535823
83096106
1048348
77684646
30621118
18113237
51456754
49059080
20401891
57171514
66326520
89957121
2373703
16583578
31085145
88734624
12928539
7528874
37611273
84522612
43016594
74868680
45439187
52697200
98586243
55855116
11476814
97250235
18535685
80740605
28866325
36501698
32573941
16806585
4423353
57979016
45540774
5274320
1650282
20051969
52752976
78901676
6576989
47188452
54352148
62305056
20983698
73803455
76404228
91160789
24549401
77576411
60254008
59748323
6770568
6932703
57625639
67137302
8273443
50223026
440796
37230237
11140474
92517233
18564899
68461557
46013093
27420725
83144629
67124218
19784590
56293465
72564254
96960651
36384638
40241048
71847626
73273122
76039022
23193945
74137693
6126772
68282504
93748688
42170131
18502936
66912273
45136083
70795020
79756989
36347128
40038100
9427897
55207298
23152521
87972838
95010927
42326033
4765683
5589056
57147115
93787296
26437768
74620690
28198641
87730959
732414
39922089
47742031
58426788
83027686
65147047
32693230
55646867
87663331
16575026
91958718
73451653
83032721
44816369
86455870
65378294
88063575
26353762
85312174
70657006
38242983
71576740
31047869
22759694
68503679
40971095
67304182
60825435
13713133
71912861
52540447
99616014
28977154
9187001
40745860
85608738
10987810
13124761
17615680
67144908
86062514
46074725
62722704
14888659
86574524
88295589
17904839
56851411
419522
60734823
72222900
7232031
70227261
85736903
24787418
40736612
40823618
33730738
92353359
20607482
38697356
78922989
41182537
72694715
95977501
95204498
74768018
77521410
59753034
57843144
13962636
66700130
44218285
45607548
24275246
15909087
1024945
28989804
68413218
8460456
75943015
63133971
24339961
50719186
19038852
34084311
87671152
27152605
15114810
31585678
54570493
35877990
61692479
42543123
26593178
89831263
18608401
51538012
18517318
66013939
34722349
1304406
90524569
46137784
9349017
40224941
30059093
29468833
66012727
92365969
28801553
94382467
47896385
51373323
86355414
76495798
73822807
55747158
1794409
55687747
3965014
79033835
33259228
10112914
87190518
23225717
59644042
67203228
10538649
82885777
18551576
40104887
62411131
79841940
52117490
69804333
84225266
37816326
93081126
73100407
8327837
16490590
77691581
24303619
97945514
72128131
79748594
73321645
55293054
91556458
17387789
62727265
57703602
87095356
5830281
92049081
8545687
55179599
56398167
84787851
53064680
69745578
67614709
44228293
40701667
10395598
20536899
64839746
88656014
80720220
28849304
702796
96879754
69258192
74057742
39848239
40016478
39731391
97644162
64803843
64376999
25185859
94423324
3578382
35866601
9577112
37550235
16151304
14154052
45777082
4506504
98227373
12000716
64745400
77426211
62615809
85732856
63638011
57220971
42893071
39129036
61907948
50303947
42824856
5851168
21848164
52838620
62274253
43340641
2009476
25602230
83964888
87067651
27874435
34336949
17087049
37918279
13930456
75391685
62479013
6573201
14521054
7270848
79575177
99143113
38879414
23555059
27639335
35619942
87665586
31892965
11658943
84242319
90288303
30711903
21452481
98806557
72757627
84890435
80214363
19787847
98377406
26335773
67234287
2645007
85573605
18804418
15971225
43322641
29657213
76779267
39492180
18450727
94551371
84096226
43313941
6848732
85273341
18465328
20261135
65093377
51541311
95624946
61354217
64670695
512469
40524624
60006508
637162
11617177
16391830
97531213
40089085
79944912
76878645
195412
28577842
91192016
98588841
47087660
2430349
96475246
82214227
76712339
64542962
44518632
97827932
1055258
61416858
80495243
84522677
9028550
99985438
59610476
29146617
81310489
49146408
89573172
44722018
79228368
57652228
70181860
65888859
64130612
59752062
93830760
61871376
89324174
20526577
45083796
74933548
26243002
84177388
28629737
87289707
69754732
56330902
23212819
93702431
34144963
8275562
84921238
14423190
97785868
48346215
63910726
32522209
89780986
57819089
12045009
36595539
46874010
57394073
5050010
63339595
69665494
57663524
37363178
41476454
44030896
55757086
89826329
12366610
25023336
70224992
67462688
32569539
90503350
2440423
33158309
67403047
87372340
14151902
54332476
73325246
37278314
27276125
57645972
82431221
3797129
6742586
95027994
97971524
99549600
92835093
70373658
34225482
20401477
71611105
97244592
4190685
17366318
5988146
29114039
35548707
71866252
22804991
3888393
15791225
95222351
25818469
59670221
48542449
74201563
16605000
40135492
10712731
37377978
24384270
96638248
38690198
83024743
46703020
17655721
19399846
41378721
64020344
41613522
41859239
95160474
74750437
211019
5494624
51526909
25541072
30990880
71469788
52861960
56090620
99532997
26547327
32358118
48799700
2211773
14200360
28694933
18939183
60446384
93946125
82145356
20562029
15600667
25646848
61996090
71684577
83699332
14261081
2435791
31986828
53039050
52149823
67876929
73016437
56558635
97718455
87276048
15869705
23413984
57076217
10946800
18064691
82087682
52506722
50656948
77934186
43666999
95431176
93968969
63755341
98281179
79707339
17536028
3197678
35193560
90926307
55965419
38638720
34701089
24565018
18059612
13269050
50983133
38440771
7484376
95111469
95614460
33415114
68767914
70480812
97915044
26210917
51761678
20657603
9225023
33782734
48343806
55779569
27075076
89230326
57947886
40092206
72988532
12848678
98337017
49719364
87193562
85525869
79423275
87296604
49548220
52129109
87850315
4411123
82108355
18009779
9458654
31080583
19584435
58907279
60000772
56080594
31079325
56014928
44459106
36166569
18958094
64348160
21666763
97893750
54493576
23585459
38819948
32827737
40875871
33475854
93730670
48100826
81846102
11360445
18974693
19372718
45488445
54956476
23499483
60669396
66077222
58495617
29588850
46336391
84460370
17377892
15120768
58780155
86108386
50225325
53147820
14531415
62105371
42906740
12033421
86125256
73689563
1402353
55683988
81540673
37425780
56418979
32651120
45610008
32999331
44142284
43949390
8723139
67030827
89645776
3978012
9986631
11202028
58861157
90143874
85492579
90024690
19171412
82476380
82440356
20923974
84199920
69609410
74854044
73176120
84590218
26057963
32608907
95430089
91844724
31835054
16979359
72538843
86002085
28196184
62158835
32405529
74081358
1892831
94280477
72270622
2560985
6812458
99026472
84247839
72900978
72208721
90257617
78790211
59923707
25821451
90865126
40224830
81262568
98175637
42824132
53817440
20066851
4201530
93780038
32777919
73721019
96393522
23393861
48097126
85088141
16298583
78587253
91302439
12927247
35522890
99260368
5025611
17010489
50743577
92901541
4590260
70035377
61902172
31620564
81547694
83981289
81059939
32678300
32476895
6656426
62548235
53025928
86512144
7441226
39364588
8428273
31688485
60062502
16307652
4074560
81905979
55270133
51514905
81759375
23650371
18304984
94500580
97302782
68691637
79814467
43026156
57162125
33933607
4683869
51013187
18193209
64771927
23511485
44259099
9409210
95100522
16900481
9464541
16463625
16090530
21538821
88562324
54778850
72883527
45899218
56646961
20374785
61008958
53601008
51909534
87934266
7096959
31838086
92410419
95858420
28508744
48731515
32548405
33766375
82210497
85630225
84568699
69684395
46763888
44964069
4529400
59939596
63546042
1286002
39313049
12526424
28407905
79496315
61146956
99553375
92543246
27183989
43199142
59470714
40561065
84067024
57236757
39640613
32612439
80286744
62034710
1410296
25382918
26287515
71654696
70190039
31627241
43939127
44047095
3973543
78633186
94797939
98054953
95130564
48476506
48542367
22079699
95327995
2166544
27332428
89846312
53950162
71387717
91387040
72010939
87724937
72466265
18895335
66798827
53693034
45793704
83690962
16465536
14406320
34060517
10354491
41689501
33013832
79564903
33249189
1374114
13007567
92818767
68312090
33478394
58580365
23592309
22857652
30598208
2971614
27007072
42536849
5661051
74326542
16233105
98148003
31062933
75470718
94340299
9272344
87339722
7402104
85911546
57750891
24866634
85373782
79969472
64794615
97842268
4425472
83020851
81028596
17809136
76980893
48733497
77245339
88593506
55106390
82404424
91393212
32154453
66729928
62896115
81109655
10278210
29822898
50224924
32518540
36661871
4876955
30468735
6796234
3813341
35083555
1469
50779013
75741779
24361227
86960782
30202223
35714313
41912797
83722988
58660762
55987567
23861111
94135362
33126293
74648904
49734833
73279332
42101957
72834871
37811487
97148145
79170853
69718628
22414090
21839673
74721866
47035417
94619375
38107791
95169137
2426204
97411907
64441861
99583860
58630242
26405156
3180091
73566073
36137851
25955154
32804735
10322914
35348146
39579727
37305877
55228598
72870565
86070432
74847947
69947548
26609106
76218792
81404186
9004662
55835921
23075584
4232687
40270913
60210023
50448912
6290594
97032816
66396580
78193992
57722536
98332143
10022452
57661478
19695116
55142289
64369229
75169758
6643098
63393176
6602186
67988483
89104849
255511
30970280
25090436
14941416
34757680
37695568
83569780
97920677
14625178
65490628
14202059
53211448
42111108
1747621
91585973
832290
1401562
45953211
44583281
58591784
96584775
24328526
30427961
73096515
70327717
78365251
31948455
94295086
65801148
44564916
32663860
45877911
12973834
16920603
45220107
36459091
20465841
83547062
3978675
32268064
72304132
89062548
92367634
73639394
71661258
9603265
15502103
22989664
53547586
56883372
85800081
73317559
91866158
25372821
7831923
9126774
58119735
97454432
97596447
39538989
10211462
51998034
84621220
47052461
2300292
31638130
39101490
80758535
78059160
8406797
66992091
77270981
53058922
3648184
49244820
52755303
51752969
45432420
56313628
76942017
26591035
47616559
49050875
81137062
98901952
55388833
1639741
38688083
21399459
46271094
6797112
69733618
6423084
36889825
19128563
53884892
27043276
19473724
5467405
24547007
39196319
80504937
33111486
47080102
57393976
90520157
71752916
53193906
69901528
95817112
48019348
8288293
38560943
82201358
66693667
6539838
67985199
48166754
52930597
14811600
70637930
48762740
69344119
93659266
32832958
29487194
60606950
43848817
47525657
49408262
38173941
50985003
85921555
92469750
40901075
7370015
39331987
52057219
32495362
33942348
24376025
59493988
52132243
97460861
38202036
9984116
44568235
24032697
38517343
42588182
92336141
33437164
29664839
83231427
63193431
49512888
51900555
45022349
82798345
31969927
67070620
71442937
7640243
79061973
85924072
61473616
83696807
30491980
53632759
38689295
40326629
76249966
83669197
8433165
22100140
62553755
68221195
4148422
62510622
12287851
15525527
5716908
63504747
31550652
83029574
1265584
94234686
81443866
44115274
58183084
49707370
14929800
42239044
66061010
31554620
87575968
56439388
56363146
64510790
71636634
36974807
48395349
35710499
41391814
15196055
1851583
59073565
43400679
58087818
86882553
38427214
74096358
88952562
98690579
60839558
33233623
10163548
31966075
23052625
69301253
7429526
52449157
41172525
66457635
67944316
54098249
764527
87478154
88770695
51770435
89640669
81295419
48438844
70955229
95348081
71301174
29423735
27048604
13616669
38341729
14745480
42457909
26704794
85651499
75667127
29547784
35600441
18460523
83341037
64274840
7858966
50713951
7898278
73287527
16598694
10780184
78609627
37088413
41375292
41127419
50770927
98194370
79309867
72110762
14769520
18539685
12261115
40789562
71238699
40629214
48587755
94869550
70223339
27384409
84478937
55532896
84253094
62595038
9980525
9773328
24876026
4309999
27477174
19271593
5671493
96707996
42949677
90388156
13708735
78600350
37866263
63393810
86944894
21049917
81977896
85205948
15322680
66798765
37512883
54757027
43740517
47230798
63719686
36468571
31380410
71858469
82940350
8099330
83621049
61469221
55037892
82033549
21384221
14138233
48758603
45810812
97164197
14456253
45653662
47455812
78857944
59938128
56119579
48955838
5170593
17476752
20035597
45560565
65587806
63917486
26498505
67756589
89320994
48778232
1785465
51063047
71204265
23816105
70956833
24881221
76127673
64160621
17376905
45357382
55202479
4957623
96197443
16552075
98888990
28489026
49523597
76842616
12488745
60312769
10123526
79179248
55119241
72709360
88536073
51203509
13482978
24015644
95341073
2752321
97269897
9766240
54994958
67948200
51149552
17575814
29530765
6909839
83390039
42581359
88231517
32367584
63373068
60433750
72660209
87421907
7488658
58390694
11550330
9555876
11241851
91820944
32113444
36508746
6682949
5148221
25962823
7053823
54981112
43488039
78786353
56560378
95951008
6813541
74146177
15732834
51915976
22939432
31707769
21441662
14831229
51475939
64134639
66098084
46085800
93332310
11142838
46405004
97667189
16877629
62847564
80092113
48673708
77489559
18830015
2311610
98829839
92253958
67984845
66131700
83417205
35055241
72525552
81029896
24669042
89373467
9608393
79861626
75034025
62682293
75496682
49251095
86481380
81693180
22355264
10523019
35911800
66219124
91417364
53791810
91621694
91395996
45258319
99410294
69854961
68828904
95357135
47615577
16272805
28533083
62301633
14031866
1144945
1185022
59259120
52801420
94447662
92816656
35659107
87452866
74196268
22048344
19299889
59094699
64929612
29318616
78788134
24480393
79569093
80110100
73884561
33653664
57525098
70503312
68949418
9795165
89500999
40528976
22553232
7976503
61864008
49116323
4058228
67461051
37835038
22349336
95701269
77373544
49504913
4056134
89557994
64716645
17151367
59700658
79442683
45948984
52776579
61875716
3692768
89732919
84452664
48783771
94304265
18926349
7639567
4218025
52885639
17721029
6178458
96103512
5189884
6398110
49198554
7700813
71125462
44306262
65223899
62173000
80302363
66746784
83990319
78376784
68223549
10340747
59806143
53537420
78874159
62611146
4772900
7039969
91039306
17282310
10944793
32279773
26154157
90250064
85612207
96284363
16618078
88447696
61936050
69917008
38449758
901491
79963614
85051542
40697981
23682574
80333393
93563801
66355324
30383218
92531164
74340179
94515896
38993751
10915068
13010156
95772362
64194852
72926377
49639985
4370220
14327273
70416855
57814827
32300569
4641656
58145367
47570744
29536382
26812393
56457370
95260108
61435538
2495042
46037656
28928091
87263572
17598237
28206891
52513078
98995675
79510321
8761950
33465911
97695480
26511461
76811649
92210522
41648719
95111158
56545823
570920
83331603
56566811
67600289
51531599
16946085
36649629
73759766
53509822
40403104
93589722
61609402
13385828
49469446
37100352
28400681
79366384
96562682
86354860
52613487
64843575
7748565
6143100
3807409
51433266
44972844
69930888
6084200
9457502
4208704
5345339
73815307
10244031
44806367
60571826
9196852
48394690
39104174
30019777
39372947
51433144
40722506
84763002
42857771
13709837
83034420
70526238
33150013
60933040
97124424
38072288
78050941
40760137
29831625
31637047
24870873
27184284
87914970
42286802
26326419
39528890
86024303
22189267
4621278
31281105
88504450
76052578
69562453
1520074
96279845
38254090
38072628
3898394
67163912
16506734
3869561
78871274
72626466
42698559
25309833
13570854
87448532
48487768
81502982
37917579
86309735
61577052
165357
34384307
1719808
72098235
77082859
79827393
69027998
66014954
45020431
55132145
7233605
82276470
1933486
68983949
10234254
67678912
42544629
82883315
97471317
38840211
70830269
56236760
13713525
11081863
94224890
85008478
90725290
23016271
85780560
32793505
21952409
92754103
7298868
62370429
48372347
63337479
71573274
3362326
36825406
19427307
50414969
46869785
79549816
97485662
23355919
6513617
75730351
92240887
61672179
16919103
36421889
86960781
47153501
4997704
31107265
20556343
13992668
54917666
31659849
8886241
14264650
69804912
7675705
57724207
35050035
27677611
38479985
32558906
13500515
95600609
6393651
79412872
33152274
71122657
6904311
21068312
47266364
16419329
16246938
70029727
93315803
89581296
2523378
71827300
32424935
22508316
25231006
56935717
52851538
37236991
30844287
61572111
58531511
39205172
31637411
45027181
48582200
48297412
85215720
38653442
28342489
78754648
86348138
35479266
89490571
70446459
7282811
14314436
27823211
20406790
32764484
61715022
80321764
11646509
1411963
70013452
63976609
87508159
69533550
7040277
99631452
61988099
76930547
43702101
76784167
35302334
99404305
83744428
55758235
35128725
73110400
25919883
31010295
22979659
25402119
82794858
41325121
21311306
21151625
56646564
81139361
9586696
29681387
28116066
76429183
99670621
7648213
26593648
39484106
88461975
87420631
38613235
33270176
91129474
92660686
90420672
4766513
3920849
77773300
44103975
90350554
94641685
41867841
93169059
64621536
15505532
90337311
40926755
33705120
79704762
61984385
66084664
13888154
7543835
66239659
70833530
43232777
24175317
99654762
25690164
5067238
46754384
39629026
20438836
40502177
32756583
95300608
76708980
61730812
10845877
10199821
86509030
58596795
55054900
39074294
80879517
89208037
40871232
53596342
33096105
11915260
95838916
95769803
42222401
81512324
81313638
24033433
17151283
63683771
63255586
29912342
17804628
47874230
48491347
55735354
17911023
79441167
82901936
77060841
83601404
90483002
47063176
43796543
75861350
62093789
15570455
74328743
5284205
64836495
39121305
7267787
53061168
20317715
39645621
26235702
18937251
31576147
4580549
89214632
30881202
9227919
81334266
47511864
59147767
8302181
66093796
36764783
93636677
33315740
14669136
62302824
99771989
28668981
5727567
21670123
88521923
6917370
97654998
1369990
1655314
71473762
12812753
96202533
84246441
46485595
12334319
88833294
99097341
32774877
28585618
16467366
48172968
34273059
26049729
16934214
27696768
35834686
98642756
17073333
66539718
56161403
41708681
63286995
42872541
88428470
41795329
44976060
76127013
30410824
76872990
92437840
94846937
23596573
63288403
51668998
25060838
12141439
31224942
2310503
53132036
25162097
88865291
16833819
38414548
75301316
15834027
2582692
86265439
91757280
48129480
85208963
37815971
27676977
89827577
6945666
3298383
58801174
55902432
24060684
80920537
2361690
86814046
40686728
25338834
29096147
56478357
93582193
75084782
79180697
59697960
29908144
24493687
1969736
66630361
12682457
90817558
32898621
81533194
29958692
6727148
69496199
85597730
39549624
37201985
6279536
98139151
22384869
58070141
29259842
83830031
20090536
96889414
26530207
74150233
18015734
52259660
76133968
73540128
85650013
19983612
46375354
58008343
305034
18278457
50232557
17873064
77770383
51054797
66407098
95424771
7723507
61574016
70524089
87274674
61232382
10479865
52772024
20206289
79951699
76470633
67267593
80392422
44165849
78680631
37956308
56958463
3405360
78665894
15167094
48233456
37016848
83860271
41129406
84984957
32316680
62949587
55689993
22109385
9049729
56754944
83832547
44857791
34816685
43900767
73336150
78834442
59153706
36041350
55802235
81158326
39792028
61836109
90237325
7551711
69471786
86157031
28513957
48542464
98107290
2339464
64602352
98682749
7525663
78195779
19731315
99038195
87132364
90677981
16137466
73269971
6324913
77806570
53376550
83803372
97868355
20167082
10438100
97083510
24961468
48187527
12663886
29999755
83977275
44466789
97406863
50329940
52929424
4961146
39532303
65827506
66554201
89666229
53238371
4084987
47520083
72086124
21015010
80646008
58540133
34116706
70173150
58280987
68097124
8447616
46899517
32760547
65433302
62307232
58518262
53000057
64150456
25839868
37398231
15807508
94740540
61573821
82115252
60824322
75414614
34783204
40250937
7158727
18739102
25962460
39190739
69507999
44307158
64114493
77784149
57423986
5344199
14678786
81048583
13027150
26030761
51254692
65340439
14600643
12311880
72796644
89598403
65947695
73093208
992753
96871257
43604554
12873477
47095756
35215702
68225367
31372086
20963564
6321099
25954006
67965563
83926065
30905178
29712135
58651652
44252329
29699878
92600345
69083288
17525859
60148986
18655165
90028345
36282579
57855878
61731702
87940802
3533849
37808520
9543866
90551142
25733760
58437460
15109308
42617592
23432418
42410322
7329357
88961331
74075758
21061483
49576924
88946477
54171284
79105358
97756079
38399202
19561541
58027420
95327606
87678216
57713978
78598681
66623953
92033887
59179686
93112369
55708957
25439629
91134817
79786762
99024584
70511397
93577704
3502611
31978825
42805581
45272149
1506489
17481361
32375795
66935538
48871178
16816534
49174403
39557351
86142591
53079044
80515982
91582380
240017
72911249
35849803
53953895
11076679
19563839
49392774
59339963
27372370
98940782
14197864
58982178
50453316
188134
85954446
60281694
86680558
98344889
98167366
32147685
55552983
51801042
46431744
14335751
23060165
17577544
52111331
8742566
46042820
8154588
8697119
59837190
40493373
83821925
89075194
11286323
54861992
20067321
6385864
64338276
12338224
95061523
48572414
88299026
24453293
57570123
77158864
90624822
74157800
85694751
30256256
38695235
66113506
33658082
89793613
30778928
51093896
21431479
64474892
67001187
10065696
19112376
89342030
6388225
51583671
15899470
12675982
94309221
9561479
31765880
7363232
32476819
11146573
25544832
81691667
28350023
10394723
77101626
74974702
66583306
99396303
43551988
45148193
80719395
72718326
41387706
20144522
73448866
58312723
79011642
13508077
15740716
64064282
39609137
46392324
74122017
52907123
831032
79644684
46269878
62795577
14443913
10394156
99264569
2660465
45397429
90316058
35713682
4822573
93655042
87074229
24271216
10077956
65324819
34219045
68478493
63654408
14853659
15345093
93860263
15053832
44976166
14743868
42903203
77850270
88024794
27937959
61277938
51677989
86094806
45192571
19749584
87856751
51943521
74109090
42095525
84864690
7834602
53867965
69051910
9330962
69016827
13591957
8472566
63423904
23414686
24313280
87413398
76596087
52228420
52164148
44257093
61069415
58292660
98437171
81078181
30918377
50786971
6335414
74115885
37316038
31600635
40581582
77315898
72438093
30630302
76727212
28767655
14703703
46892292
99143712
90659405
931677
9779406
73580043
55913319
69747061
48420888
78833150
70720149
81315672
41569534
61213975
74005416
11050013
31318884
2320112
22294686
97213368
89945935
74530458
62824071
24822729
80970252
8246599
78572108
75372790
26385897
29382140
16381740
44022674
15611945
38912440
1611608
38647748
16759660
2751019
27827323
5402034
89528769
29926881
6203737
85208734
41769883
43840879
69503012
47143225
12769545
94284763
18257126
41254465
92100822
28270705
11197218
66820420
63535562
89200928
17581988
19719402
59666065
24001367
67256057
23547496
23214923
80394983
65737122
18039244
99599911
60771933
69235662
13652484
68575614
98768816
98154724
95142494
64029485
40165367
46481482
26250149
87920145
36112235
48283149
76326006
75992563
4578662
53895094
73672666
80144071
71274029
86504902
38278376
14267715
14706481
89838688
29287050
93789804
46997361
67245113
69162601
93978948
44798616
15937524
83284172
76463706
83950378
61429227
79662292
21592925
25584796
85286375
61626707
85223185
27154629
99662361
67312274
4782108
31343406
57725080
23783337
25227516
84231370
66495514
8745095
73714813
32140515
12662115
4272500
12533935
75188956
42856548
33971741
86937613
18846387
72078106
89823315
12226717
70357756
37562798
54542084
33657195
89199487
70255026
66595184
44401288
35665168
71463194
16258240
56056799
92208726
22073034
9604398
75358808
56661139
24838345
1699579
7446894
78770579
26954349
6713223
59272207
80361998
9859166
62550695
41586488
34331486
36165256
21440474
17303205
41727704
87037217
22691890
48426333
45925788
98775007
68731750
52964410
79635421
68489626
27365262
74002372
64654435
41231356
13430976
99688661
71222325
13884652
56160372
98263447
48193087
70730119
67639954
1315430
95130827
24174906
97174042
47798387
50803287
84188129
64537439
1748360
11406027
81170425
14774825
48899222
50453243
56598419
30635936
25287057
50394825
67460999
99285212
28670195
87151230
88633704
65817107
71344364
64878325
91632453
72642671
25118114
90265407
39408116
71297907
43107037
5927837
43713858
86406224
4413950
42438860
68844506
13003136
95981906
82235341
13864205
26881788
38917509
7420562
65542416
79287029
88688645
90676399
1253699
82785103
92263344
35849110
21808192
74089570
95307005
86541484
7501538
16649035
87425862
14370423
79298386
50629426
7828669
33462718
16651552
29852910
77469019
53135079
585342
20128834
15319387
10424126
30332534
94751361
12873162
62244157
17591852
31732944
34532045
65383512
81128471
83383058
89696731
64100140
61925175
77368277
80975940
23003851
2129553
1726576
63455483
89764809
27742121
48728430
16071474
2111724
10438894
3136358
69582603
41317983
60170571
18275074
67839057
11843922
10672250
10099564
85307329
60833864
2877019
46057675
10378055
84185173
63529300
93764915
33596212
68099183
16203571
53492333
82075073
57723290
43792696
51010308
48173093
68600180
79176528
95758042
17686472
3767080
33051562
94060026
73041098
21118817
29470217
85962604
87322022
60503734
4875
86682336
42081116
80931409
64545813
11781020
331733
26285934
77853372
44988409
91123927
75895980
30270927
99009812
31426461
80524930
74208804
49685497
92922642
60351851
63233184
79316120
53927506
94869611
98174238
38888415
37355765
66191601
63608333
44524072
67822167
73526650
11422395
46498423
32649206
14881806
3784218
21478720
66460278
299963
87087894
40261110
41833315
56320178
68095857
60295354
86417191
43079550
86356773
70541329
99585891
72949881
75365275
19140087
51027329
74279124
4723420
39806152
8871644
64062442
66429094
17405414
55629366
66926824
90493296
50423051
17960807
29388115
16663592
42938530
3967636
13415125
16160707
1051684
13710852
82309273
20425705
72618811
20221128
7977268
17027151
74458056
25676370
25388758
50515083
11905012
1352669
72646654
56245342
89245805
35844843
25908304
93304671
95473700
88520676
27528652
56738493
58421367
95751533
55915325
66093343
73138584
70092123
23810508
96232881
57493589
56138261
54262389
65671998
4070035
82735628
12870436
87444489
86595488
74311033
66470835
18201515
31418452
96235089
21869985
50471548
9856061
20652784
63740340
98318679
83754284
65353987
53424167
26436506
73324098
64937752
46178180
17441068
63060045
81045528
83828033
9957145
3562238
56759529
4096175
28966425
99461437
69578087
46654382
62722042
44660706
89002555
25248940
33384187
99424306
53956510
24059340
78995756
36325916
72158112
26501725
3579881
91063892
89969170
81651412
18043759
30069648
6487922
25546239
36738497
94301978
21394397
91056710
93144370
53374570
61503122
16168777
57325789
73159418
32824856
46638639
78252760
83835585
95202561
94453236
60459243
10108070
1212
41337480
91847785
85038716
47205668
24226314
60466092
30749865
12776336
70130908
56810606
78097364
72857090
29478815
92868759
85414719
2925761
35638191
30328463
43200410
58406812
75990962
76456705
95881445
81546920
24476796
15485369
38765580
69981616
78628912
44536419
48513283
24063381
52126996
45847711
69971732
62466749
34242887
25985208
3147566
84605947
78746167
94800147
12093788
80071797
81554008
57479896
78352965
62574724
408405
52361573
15400597
90864245
15802380
58555840
38281032
97859478
10790402
72424441
58462713
51849327
69341381
79445783
7989046
61186972
52526685
84711588
30057375
76109990
76082651
2739040
68578375
34720873
46304965
46723250
6639131
84948116
2758887
93238905
22229059
31029989
94404366
43869033
11834765
11842485
58026522
8997826
23472019
54001117
1436860
29801210
32064191
54958951
96066673
23312771
53671477
4211303
40284985
53528784
82270510
76047045
32643667
46749562
31459456
61237488
73872782
29329309
47010279
72837531
54329450
10753191
71318783
24061882
53027907
69171299
36147644
51432158
68362868
31377931
57375751
36358491
26714630
62644702
91406765
41944934
96869711
95932654
90123537
84529424
14624293
37676025
88773047
13571105
26766182
81578539
36509252
52243152
30341634
69385373
30543062
27966239
32502274
59532243
65213511
79174478
42814129
76071622
99867841
79847166
2622629
48168321
31454709
76484748
39277936
58533877
54958119
46305490
33718537
56369617
86875947
94779626
18385083
2004271
41174762
32661148
31519267
541531
53067505
40894581
20370146
57333957
83804443
72982688
62628568
11798948
73108816
96744504
34217806
92151257
7068014
65819336
84639433
94881904
93158155
32216555
61953388
108592
88631565
37021665
26680842
54907757
36570572
85143998
60905057
92539892
71098998
82504704
37026173
92516412
86553164
8161769
17141293
33831188
41383030
21983527
77493027
95307349
50708833
6477591
72702751
97092655
62874945
12181668
64096878
88121416
3224172
3831048
3070610
90019245
32106045
92249554
9283416
27537073
89055009
30268798
73984397
49088764
98837468
5972032
99834474
43281978
21839629
38831853
5462163
28795918
17572299
39333366
85601480
46846392
9286575
79552385
92397891
1760606
1510520
13323836
90976273
28635987
10038241
93966637
8736352
21850103
95186024
24292798
61989995
87276042
82150770
83488007
93807436
16716007
62979950
67736311
26144525
72525435
53371243
9909789
49385876
27981244
11592017
497205
56782013
38462930
7408572
28973863
86742677
73174240
37678770
85368920
80857754
50594864
18583866
94817559
2371001
61844776
73926467
28569346
81294676
16593256
26613162
45838263
1138302
56373573
26649556
96487152
77367644
9924127
85470414
48857276
12079670
95330223
90748805
88612896
17757707
79226476
76911223
46898660
10034458
84988712
79244425
70678695
73530928
71758545
59178274
98983184
46037397
2663225
68255169
29291202
50487094
28298838
17616418
12667583
80498191
68990695
51299024
20942694
61187039
15876308
73419489
78070789
42230658
41449235
65279788
38317895
9049205
27305371
82291990
7079600
33669125
45756483
26881966
62475857
51569094
2397394
14669796
54734978
18072124
98985274
24984561
28598782
6180176
5825018
20469819
66213305
55990052
64500546
48087126
2273290
94580840
94916480
94493245
46686799
70144016
87110876
99436
78346177
47482770
7083736
54723212
84632587
11662316
3921358
34891451
51598759
25024443
73404506
8338647
2462701
95316487
63283855
70855733
8919927
3241183
84911099
56794351
39617021
28618041
71040947
62013638
81723572
97849278
82116711
93522112
91550964
61447416
55931462
18757300
14393994
8514620
3167340
91547398
19379598
38377893
56337286
86756568
1669315
98223869
12491555
61004413
99129704
59539548
28282946
79638585
6495924
10875406
29141490
64189782
2605027
79003956
29415031
48245362
76318325
64565307
30781870
43829393
16196965
46336132
30225910
37632001
28065400
64715537
17846053
47837839
26046935
53322600
15300115
75404525
49997646
40981174
8018869
72438598
28490357
7939336
93001194
85911141
22052007
90273489
75986660
2854636
11951331
73708121
53897766
63713734
95669148
97811038
11021991
23562755
27232480
58625632
91084757
22994750
88924828
52317737
73127403
99156908
4172579
5364140
51640528
1842922
66860550
73992758
89633067
13535056
32450349
76034361
93996387
56166453
98801030
45851510
6820300
72843845
60220635
98426943
63164196
4274475
79026792
71708860
62130058
30389573
78769759
22927565
95676691
21185115
73033884
97271855
2078317
41986629
62878472
72648639
1102516
99768900
39127789
97513102
56307019
7206169
50232674
54991906
28938930
36132176
27207262
73321453
57115918
51119961
85240215
11727254
89546693
56577517
77197537
43736450
73664879
3830825
55257345
61413684
83649743
59881699
62252015
62634437
15949310
78226577
98197085
7904732
189111
16469273
26465148
33261458
468482
61406145
13878439
47737382
19758068
89474259
37899954
52243245
26837605
30954289
87512393
32459740
70763869
61927606
37955914
94481371
92186841
79319068
25267167
10107295
29033810
53991846
39345896
81458819
75463074
47986764
45436337
18978774
15896635
13766770
8875212
12932312
36373448
88467231
20366201
54194224
56452484
70562518
80917028
14458804
70248237
40772720
79624287
59886458
98893114
49445656
30972390
55258080
80163360
35483
31321082
3780748
6290776
36492066
13274801
79211451
66297427
50929108
94791376
26119572
10183069
53232444
31118663
41494031
27560055
55225166
73337263
57322417
50331392
99459953
4928817
83553508
10812749
42227685
16363585
92888731
43763576
49528764
21424872
2130889
82527945
16117929
98874116
17856866
576027
95511962
70480855
88831760
63586608
9821836
28071892
70642171
28166849
33651712
38105957
39364092
71451692
81879183
85604949
59818617
26062772
67921301
56011492
79493268
42115149
9999472
43069235
78494771
23548691
80431332
69323872
72483410
94695635
82230673
86679025
38594863
45681392
20025705
44525958
10557866
47006248
50350366
62986266
88536957
50997222
33632914
65148808
86520289
20775956
21676578
51559524
63743371
95859835
59733562
37506262
83236365
62991405
21680080
18700454
83833155
95133152
99630849
10537188
52871768
58903643
13273420
46587975
80396274
16143094
98551326
7491312
63546600
14581275
9104090
18236002
18816810
16573871
69696981
80723413
47855963
16044484
37553592
39159460
96938832
45446710
41308108
91147073
14532929
67469885
38367940
37810011
19654885
60965375
56076172
22261617
40293783
33425869
5191489
10167955
73157711
9294941
88542635
33887
99377137
65706031
16867718
39912699
25053410
76592154
6346587
63726436
1287947
8924470
49705787
74779541
88062260
94709068
31799662
39982623
95123698
78487246
1640195
76730717
49512786
47398497
47009333
88900079
74906600
92307891
99476910
41309433
72612125
64476657
68343301
33259697
65248432
72304681
1393713
8375083
89635981
93591423
82983778
99892186
74385074
72414640
35388261
18786920
54799999
78285675
78755212
1254772
16579992
19921151
10968522
75272963
98712181
36498264
60364470
58573261
97428515
11898328
97800318
75195833
72080401
25523750
82797020
2946617
46530792
86057763
62091414
20230533
40021839
66761179
86372431
86434230
36110202
42118610
36831265
81399583
59085437
49497052
5146093
69040976
27399003
8717367
85448147
84071265
40755537
17244501
81866854
15011129
20144782
43349071
20357893
57724197
90602992
12734681
64022271
59765521
6363971
24010072
36650938
11429097
26005555
97292278
98661282
93839772
180159
36170348
16687720
89581397
64260762
77056344
53829270
34686735
80377494
48308089
60032148
53945961
12442367
70521891
39120938
19568098
75610865
95733188
50807981
25316849
10997942
29369069
550852
60569487
99063066
35125780
66514670
45350587
73677071
89759306
96803440
23015561
49588070
50221199
68171212
63312118
5920095
47016413
97516109
4281140
58450269
18969778
35695249
63326224
62745388
41892524
95435
2235002
73452315
47224645
89034224
26038985
15522796
97868236
92269331
11313631
44454522
90849061
26522100
85859646
75037377
35824740
74812453
98833672
74846653
58653847
95525631
78027274
93878221
22712222
44418411
20783533
34694568
66520999
34778864
75615932
57577908
38610341
69477510
71923403
2869746
99510328
19854516
21151615
17000676
65209717
28044599
56753024
32180758
4419771
13917676
67164585
42783021
20057848
28013448
30223792
78058251
64207135
19662684
16773250
62789284
65144249
86764085
50766196
62821996
63749304
95992217
59181485
23669275
32322471
58417206
55842890
56664430
20213411
62459564
64291932
37143267
11374515
29299096
56094285
87558284
41853775
73314178
93071433
90682308
75159016
62980850
61496220
17217167
19765470
94514652
47898563
49443141
61838406
85092961
68371462
56606962
89743691
54011858
6336618
1471558
26613697
712075
82308870
2355598
91106935
50468337
40809784
24789389
35489625
59101575
21337923
94188360
98334289
40753798
58534666
60355999
76864389
87618631
29736739
274186
54169773
39390678
93231903
81988879
72547453
5867709
59458562
37258725
13578235
68874097
9090266
10596557
29303528
50042856
90063943
27053900
44583585
50102323
79792419
54211140
17218077
13074762
93861459
43956357
39777478
10989787
57833750
87431628
49528759
92921318
76092215
57254198
17372302
88858725
98768950
2319601
43237630
1583743
22353394
90498677
75543256
9210499
85469631
50351109
87948886
36810255
82304443
61287873
2974930
96483149
9490362
82995489
62890237
11661683
48066328
10404972
18830989
39377789
90470254
86097084
13972101
36386460
12118114
53645759
37425858
36325508
91710145
10171436
60337579
45686328
23836449
98992425
48145820
49776508
85275697
15850563
45504814
21362903
62736295
26438222
62213125
20047935
5712242
58682197
18521093
90718816
77653775
46001296
78917099
70401521
88951770
65667565
83504389
51061887
48094720
76925675
68993118
71902407
7362595
13141546
72963680
99341361
6686308
82874465
88895030
35484030
79397090
81750623
63946990
17311476
43574757
21825491
30680501
35361024
44086301
35824788
6744946
43916572
94510852
58470638
87173706
57858893
32145160
84177376
35202928
67576729
85040109
31082905
1310101
42333712
84470035
88400147
35795082
74290721
41700820
41318759
75582504
48074685
27792719
79749034
35328451
69564613
22807667
75008880
18979811
12017894
87545570
49227135
76026518
59081220
78576379
17046899
12258487
2084637
25639556
8527146
66789129
40742571
60343236
18831430
4737182
59451292
24858190
59092941
98734112
97068819
95804637
10561081
70797377
75880626
79495837
24641119
73194779
55008782
8256726
64246516
445244
91535566
84717136
71186083
85774932
73542134
85613466
56475287
26357502
8169131
4133699
43462546
80803746
21368416
94171041
61766758
63112226
19995319
72130878
9872651
13946247
52669032
37055852
64625180
67705393
99358085
63699665
72559813
5908085
57580091
21437706
22334585
93405734
99113695
73977396
28414095
41252522
69231579
54372325
47311882
57867207
89524747
24812275
35501320
39040188
55524846
30382270
38734808
88964341
33367979
36676428
46787961
63999299
76347279
54945972
38911537
91745848
77480532
20983765
68934285
52129932
39790108
29438888
66961626
26090959
68152176
79166646
13089885
37816417
17538519
44454925
90592693
84608681
92880746
94201154
82611495
30015873
98973068
15785185
5157538
93467039
50346023
74813000
34325577
51209857
96963340
88811323
47654141
49187056
86997892
4878726
15409989
20699831
25873074
15456327
45074239
59587561
74307982
6682482
15048902
79421219
91530688
94921754
57297403
89914612
88566317
86106245
8902757
17711293
86957803
15481250
4333772
40116360
45731186
90657446
92513559
79602623
77555659
66737418
57493915
56681824
96747700
69266760
21767333
86924367
81069444
32895331
99456089
54897664
59089894
35054601
80155823
56670691
14412119
87015942
48718757
89083354
26619919
92864952
71400577
92560210
90019734
5007416
94799053
54710022
45728361
54363392
2893851
94937230
36960045
56214364
1886320
44315563
53890265
65896005
98988444
21418871
46886561
23722117
31925216
17800788
87360999
44795362
96347791
8153135
25313936
45493472
97375573
51564214
51065298
672607
98407580
33927264
88752080
76936907
50184383
29608902
58031942
13206818
7524869
82241062
9529691
13637652
28154158
60322960
4839756
78430273
65014388
83608249
87867043
69719318
98269649
42105724
62825490
16123359
35403025
25730442
97207083
78359299
99290110
78637255
94834275
75271991
15494940
76807797
37565691
75498525
69331898
45483369
41947159
87297121
83248638
31601809
86874181
46217890
54493721
27949472
90599228
77881909
94046237
64872443
10151207
64318082
18216361
35715165
29893049
21927527
2331395
20862154
85227107
11051702
38402614
59402637
22027773
19816658
27700613
22500072
30080912
74837435
43530429
50011556
26236294
45452223
36075061
66126550
75091551
77489620
30196970
9565401
55755293
77132535
55455641
42045281
63640694
14510505
41446867
46444988
5454350
22334304
91249166
15070739
33790385
3717024
19468379
47610622
11727638
17137437
71346114
19249172
94453107
30864412
3179347
75716392
84304607
67425278
46287622
88340219
48757725
29257248
91987832
32328953
98283687
63342704
14570130
9654373
65667563
71488654
67307444
88841344
43724762
39647486
2979563
64024461
87317675
13980158
25359036
75688521
62697112
83176585
71672664
75985585
79950435
50894741
2324626
95216860
1181371
38932556
90409188
7449891
21555512
24394091
40515187
90812579
72724080
18867971
28229690
56404983
19884814
91887182
45661396
61327260
30032567
74413889
42942187
12673289
44055087
94734313
88372542
15880550
58385274
42843634
85462180
64437517
55077983
97478014
6566637
56357251
88598038
18430498
42200391
28945847
94974190
27742895
3195465
56861466
92181923
19406378
92593638
86265850
69153887
6043120
61009013
60096599
78959159
73434129
77532562
59409450
69534312
74845771
73224744
76499338
45745459
56751458
17986834
92467630
16899818
21212353
17221074
54909528
85763347
65577562
29446349
51693645
16146944
34199286
12282072
92510375
53371648
36801747
51906713
17773150
43332536
7260411
83603494
27690241
4761907
27731650
63108711
13765464
67923256
10550462
84481905
40735080
94890472
8618777
13345090
16445350
27095251
34787795
33853604
10887451
73456115
35720875
21151845
13068546
56979553
26800153
34798472
46252190
22153895
39742144
84957281
6090374
66886549
99053759
21072015
49074921
69056681
89311160
55955475
82656741
31688468
60185382
78602562
86341735
3991313
82129054
59572337
30095164
49103108
32814240
91114876
90770074
48700341
59588936
14220597
15884626
68050701
35190684
6828774
8947682
83323469
26609334
46498077
98119254
76571024
56714634
72158200
31245529
32687943
53998622
23038865
51097588
8037745
59707469
31130268
9942937
32672121
11694320
78189814
49645919
52197656
72309417
72877984
57729444
81336327
53385053
39311315
91656240
69185163
85562025
62286530
45101640
68391038
77298599
19603166
86759995
86151743
15043759
57997114
35206845
13210788
19671524
12386274
16525001
90378472
56633999
59379871
18022934
6288272
34373161
82656846
38859845
80219596
39397281
10804106
47840689
71026593
84704271
25043425
72636179
66371649
70556652
7582905
220955
29119567
81366071
34314294
10696838
76654779
5354207
1811309
76201409
10027293
66589105
15073402
65855847
94426332
67211673
72300898
5801832
21131612
72884230
79002015
30821375
94171350
79028246
24607268
96525826
11188620
26475479
48260548
50027812
56342558
39678514
61028
58400594
27624219
47725782
74228898
56349632
77230658
54943741
67040966
82448954
97521498
82458442
81460227
67023441
63869157
27334428
53975313
73822592
59947719
6226316
9117677
85230855
91460712
84589348
76252041
98655906
54472120
38769049
94491054
45656158
12272032
14118841
14918636
55028259
47990317
34566409
54043940
7641949
68513417
37614617
53801026
98143357
2240429
16638422
43765567
22901437
16061905
75246590
37251918
8029289
71962054
43743087
139538
18215737
29109888
84724311
74597390
50643497
52220344
42153475
25211179
37364229
73960888
23662691
26607910
18819537
50558460
39289425
83793850
28755677
36096072
5555547
94834689
24240072
68561414
10552486
57778728
17134840
58225219
44368824
98191893
15164263
61342718
1068552
15103698
14131012
72147886
56284425
45193666
68571110
79922533
9818339
93110661
74981363
81959082
53383209
53246672
74393768
53084136
1384064
74826183
7324256
81765475
99300247
94456792
53110053
68105965
76288888
16388264
33574372
14061736
51174953
72280384
74072621
85094602
99859459
76035435
69825598
70737408
38987397
60033754
76286425
76105952
25480041
41753009
12822430
63335441
97492812
62882140
80934347
72689313
20412478
7328390
42109509
52730495
98573448
75135978
70762264
33271257
49719766
18610404
97648143
48978628
63234703
2506216
33288974
39159077
73159704
4511644
16831972
80755669
55173415
65398683
14672500
39498100
28277367
52210795
47981593
26516323
31750037
44216118
51858041
88305728
62095997
59879185
90477063
5057317
4447977
33260233
61373150
66727255
34309252
76485688
77987978
7568719
23076767
3698861
35721152
75434558
63439446
87141660
91401625
91126335
64567274
40133464
32369790
53303031
76267227
88216212
37924362
17574626
45853227
40798182
27540148
45051384
43686848
11826817
44588291
36570633
77220064
8013923
64581944
97035673
89209920
27329802
73476540
93996128
52482381
93312084
19878849
41522284
68281648
29899709
44484643
37105768
72560562
7610380
10889905
34305396
25759956
58401778
82181648
67011997
56041584
34365003
93526860
71022386
99215960
32253581
69240232
6258718
78235394
4067465
43676973
13947850
34783829
1970724
63410331
84238955
41002387
63827081
83776750
88423477
76570901
48554461
4106673
3167416
70531552
2544459
17719835
27259091
72670522
36503900
4896954
93351277
58494187
826251
98636373
86518118
81819411
27399755
50096144
31293424
61401914
72930178
57731575
13104082
24517015
54112263
63062588
30810393
50623528
24135551
23781292
39543579
24096703
58337937
831294
24254814
66727454
85124582
14509530
73758877
47021162
28644824
5189085
9886358
96196960
26638474
46724687
3752055
49771840
22961315
35927394
27878697
5558886
10226110
92222761
13984477
86561451
83857428
71464246
61283983
74520650
37729115
29608217
68898837
4628806
76124492
16627358
11057374
11817029
87827620
72376076
47192922
1925920
36780034
17979426
31035811
49396678
59662607
91197863
10382402
2392619
42021987
17722649
50294780
4256823
41988042
466243
82757149
55545671
98583975
37724207
50862831
83962237
26695912
81647275
92141946
53265963
75476825
3554471
80105534
43750578
47017038
22071984
66937110
76987490
40805293
3459313
58873667
40176803
51776050
15036720
9386362
35181335
84539159
59102593
27182386
76405980
44256331
96000575
82650298
95056645
53431793
39140535
17557307
48487012
65059707
746440
86481318
50131312
85254123
49665465
30332536
10905433
51881365
62600516
92984994
86972354
41124828
56193730
96832038
59034438
56752250
98301893
7529508
98261167
78410209
39295662
2333553
6807851
93805177
7474243
68715973
44528593
43758611
51895427
33838197
98020616
42444314
25016641
22523048
69275700
90487521
69761043
73084788
81229793
58735618
55468268
59852053
13997898
92613118
76419167
5235118
54133098
26905050
19255788
14429693
37924499
31204642
4208346
87904631
99037511
23099467
58483945
958213
53828112
46973904
52358495
1368864
77281835
52910654
12085196
26858603
93155754
31532509
47825052
25944016
10599920
2411096
38744740
63395289
87532501
62952140
28994779
35350044
13627786
37342557
88231183
47525603
36306108
13353149
67272500
18020250
75943129
15061606
43025706
98843316
94150477
74337283
10129228
29326525
32274127
25578918
48794496
69968896
72648275
65629707
2606635
3363460
54726751
38118627
45061085
74846458
7580084
40052298
74863330
49935873
6311505
85176556
50693161
23417459
51496237
54604166
975183
8935911
96003144
42892022
82380085
57169133
24735103
62163777
25899624
74659981
24495159
17786046
65627405
48249404
35635877
71008443
40534527
70642481
49500529
17803900
62636188
2622782
46723865
28246104
10358566
89212807
10050064
14239416
8961382
95563963
7133775
71719424
48483791
6412283
45184948
13109074
97361349
87299786
47210258
69860700
65258756
52553771
26449276
71373384
67124857
15362019
94360861
80141953
46609691
65946799
35944602
26505466
94752020
30482783
67254602
14394870
21091451
89753363
32846419
90399255
7761545
48652953
4725829
87807252
45514339
53007791
3702721
19836607
46518166
58002116
48382532
99971505
54230699
1117001
48197161
4274344
56566895
18564840
99750102
61438509
68220710
63769951
35729832
68517734
89790323
176638
67621123
2468285
76987189
79139209
19006370
218611
65138023
89236183
8107231
7223606
32657277
54894523
81631404
56283028
57983167
38060124
92003205
71108397
50573030
10815892
66573096
25896320
87958641
67586159
47894998
90864342
18545831
91357425
22453332
19082002
19806862
36428853
17317064
14757701
71998998
51351663
13264434
93888908
15756059
82285135
60704339
63090224
23283812
17097549
77319578
72785768
84509230
93947894
28508342
40550943
88472503
96420331
74543946
78267951
57770654
41042891
25804356
95050770
37282516
19468294
80869003
19598190
84337689
38477449
43987505
21860055
62698008
22380332
67530691
76251106
17015899
69717874
65552924
38424392
95481116
63933764
16633694
80815007
7432196
28762382
72335033
4764836
62337028
87693901
15492517
12297776
81942654
32070282
82632086
13426183
7723549
88035694
77067476
10068029
87157039
18517470
50502273
90803632
20942590
54329810
37076847
53337093
97053359
16615563
86929573
75103180
31508646
31954696
70950575
94914655
61125506
78173590
73964908
44143263
28111488
9441134
58157064
25499763
45117294
29648012
65057736
29024540
92647567
59271113
15830799
27138338
6092119
82866984
5893316
37436718
29021514
891858
16944578
67238176
34779514
85143422
41412298
95837985
53270948
98255385
45184774
59283026
19925011
21909862
46709248
67347732
53895402
26200647
7074026
18141523
29354312
18054217
17107701
25370339
26639135
12478427
19064307
57747477
9908345
22945866
40071798
22682220
87330133
93414320
31605232
75941257
66702366
79971771
2336517
32536931
23606802
77268303
66773745
47981959
50597731
56714621
48039976
7089137
18762590
32092690
64567042
32794951
12181216
38529854
70454528
81612136
61472562
25415546
14408299
85398080
9332213
37053814
85818866
83357690
86465418
42702708
90534566
85194792
83932582
51367001
90911724
94276928
33987091
49097600
74393279
4339449
82637690
56322780
69706651
35502579
26445831
89995144
90154406
6057616
9911343
34771142
41305319
82151036
67342415
13318487
69546872
5215449
97097992
35339136
9413429
37022957
19837214
15337143
21476823
51629809
64264547
90473170
89526860
17434580
31874647
71621347
43709665
16469765
10979149
83554997
11127822
47015573
68492353
85208434
20374725
83829020
15493787
96792639
3472788
25041874
19068678
63068132
55320561
43430941
20744455
8352802
12388404
15541322
7768926
30830149
50434586
34994193
8565399
54738361
14569621
84365553
84662889
84318380
91174226
83976939
28125056
27354976
98490999
39930101
61613671
11332590
98906062
97380832
78947937
2386450
55701628
8052868
50293797
44663124
74994632
38676300
3664545
5724420
5836664
11458265
7842032
16761417
73996858
13500008
38097327
99527936
64045076
83157304
98983141
98825302
66217751
76564801
4688543
12770973
87859902
49759085
27031306
94989020
88045721
97366259
94429181
23435515
41439402
52948533
94851718
27010981
6557672
57211578
84319632
78609016
78215908
64324540
83666713
70811948
12327739
59957121
80418877
78750235
1427157
54839260
43234386
18051400
57843292
77126572
9421786
17667301
28600366
34826982
6276057
81595540
22201951
90791005
82381392
99382094
64538669
41409387
76876821
75349092
79794142
10458274
5309179
16422607
58735127
20725830
66070503
23979275
18702805
77366777
10854733
92015807
36895448
33734296
21115024
54199685
82647757
99655280
62344821
44645915
51158975
91048213
95838319
22367658
29215199
91445800
33963750
40593035
50311979
53949258
25770388
11535761
27045362
37261270
79864262
26248262
28235658
83747174
3775662
42394199
53579998
30409766
64808063
20968185
97357643
5990613
52971823
10774926
10676837
71080659
934329
66821937
88039459
56111925
85807502
50701896
44969159
9748446
73404475
44658844
37631062
57437831
56364765
35246217
95126710
89449236
39307910
71852195
8987432
3741540
37882357
13666647
30939701
16138251
2703463
41785903
10609408
91702374
67412177
20810598
41066357
80613011
60751375
87706879
37596339
72141314
74289103
94881649
37466950
74864016
30985348
1545282
39662415
57120809
88696749
48098938
75866137
35550731
33787472
52690387
26810507
62747805
57023309
95731334
86835486
27746861
95924643
86803511
92429119
26717508
57664487
29344056
29031048
49399959
79663809
72671143
45117890
25474120
39017387
49578545
75683482
136965
92123249
89746921
20212502
26528311
64232521
61514015
87967674
53223190
53991944
3902251
59142217
22891535
32913555
64867460
47850463
22092106
62371389
98409540
6340380
67574141
46465078
74229332
73896379
67810250
8419413
40723551
75518504
88738679
10813303
72063164
26283015
50602235
37550138
11337985
32309899
76655025
4939215
28117640
92469413
59966555
1443684
73497652
63166807
47726005
33747209
62232591
76606933
13387545
22878373
1105859
7295589
87035053
51505828
44980376
15086881
50208808
80953051
56935459
78467589
5721823
10318609
58710218
20202997
41180519
44230043
46902430
70866538
17733029
64773982
15294885
61857894
88999052
78734816
83388294
10226188
69382283
30593987
43482349
85565000
94747386
2802953
69434684
93001669
42944129
795213
55670519
76161096
17607099
11765418
89105783
63636068
83521637
19565746
67050622
58461181
85857680
84203242
15978648
57314381
41126389
65032274
79454629
11389902
78616611
76537640
61821712
35046981
96360811
58411217
18426372
32121089
27312857
19959452
89103846
69487299
84453922
30948559
15973685
997769
11915338
52218123
29934131
76297205
93302349
83796692
60300729
74099449
86961692
83301555
11466698
19733728
24428583
85746481
97284720
62284481
47090361
53765506
37258429
23366821
59158826
36409138
58869431
33217957
71382640
27972457
20641248
5611513
38866831
64854469
78196457
63582278
39405627
85869167
69411959
31353132
4753303
14437690
19006603
34790961
10103092
92684807
87594441
6040940
24324908
18095749
7508137
23917591
21928802
5611449
41201403
10982224
71915504
44837326
12897851
29405952
5395852
22437913
16302268
51080520
62369286
21067661
34868874
88544368
93095820
24002323
43653848
39403881
98624749
92439127
93794555
87066225
32195017
4650381
29639555
66879124
82492895
36791512
56398918
36877687
54308564
89237030
13434414
63522093
87667189
66086373
60019013
6634845
42255489
54493354
19414585
85057610
2905798
90229582
11744700
2852040
84809852
82313203
65043348
98222815
70775008
28238643
89228138
86774707
66581024
77570510
2755697
6412987
38340438
13494942
66365269
84122853
85183255
35865034
89388391
80206373
37799304
26362865
39936145
33181185
23587759
49909161
87223170
21310456
76020085
94218089
24033315
85651817
79123077
6824794
94367884
47430677
73561858
84939764
5943164
4941120
30487209
65416193
47743497
81729265
8196514
80254204
6011499
70936190
62932504
15868780
1350976
15019989
32305900
48006649
71527405
41272258
3502615
2840420
20731700
99233464
43224055
29865303
56678883
27791296
74234968
36191898
47651182
92170682
2120094
95735282
49508312
39583552
87539122
23628215
72356704
98094703
68213050
79445422
96530462
45176875
99477318
77926916
70943150
90797579
83497466
84267466
87049853
12363089
98442356
65060320
652089
23034333
28741374
21936624
7496548
75480827
7623606
9267108
30183299
76394265
94708199
727159
70906327
54492715
82393311
36639077
47416535
80939286
85631177
59079726
49766329
84038708
44071255
63257533
78467705
62272389
57384614
80414642
86215528
33755442
26693787
61631792
10861398
69042680
4090308
30094002
69523813
68561430
16465280
18578428
26731724
27264495
41664994
18992217
32471649
27953051
34489287
9277283
8632522
44402527
17163246
77210750
90363078
3618468
28703138
28347850
28912257
42198981
5146745
1800530
13599111
34535917
48451888
61559733
49327020
8163993
71438894
83475021
34784945
79730705
33234200
56124003
60489138
28834678
39618717
15931680
3916309
44044249
42765371
58989151
13879820
7576435
57528405
67245612
53799149
80954946
93463753
89121438
62528362
7200310
84766982
66238933
10505819
10075163
73786729
4589672
32187623
18746069
92070420
99390072
22208572
80320739
82874752
16301094
32103280
91023977
86082764
37149297
94760638
93135087
38650434
47731745
7995943
92977703
29257742
70642318
37799309
42051108
46412160
79313856
37354478
79545262
86323408
90349282
21588340
7130358
32261143
80582652
90004527
61211336
96135298
8662395
86627921
16309625
8682559
4860171
33221921
52632280
1257539
53326830
18760291
71008481
27112535
30785313
37148700
81212728
81413617
61414747
33199459
67973361
68190445
75394693
41872965
61469985
15526323
29064635
94551054
41024480
80659372
99919670
92502636
23884138
3114219
91508258
9540436
77712113
7999793
19827816
7008077
25318628
32752640
98990427
24428476
51436504
39283439
37098950
67326454
55346334
54819083
15484092
35088007
78697530
15620804
38278761
9964861
50907968
43672864
27905798
30617192
48953168
69778590
13842834
18789596
32924997
40699454
38085585
38153554
93797915
88165277
76716613
10136537
26119166
37512611
29860664
45593774
81241287
27461673
37479424
20395752
59839599
36992439
76188223
39636783
36743641
18194476
94821586
81920658
51400034
22589300
55177164
60134118
57188177
29619536
91721763
53813464
44413640
59447248
91291880
98051226
77152481
45511866
40376191
1903359
25031494
9371485
88996414
60477126
26834111
48165655
92107216
91983869
55054790
14441295
18685183
67850282
72211002
41559118
167098
25242506
99353811
11091839
86882039
74654875
87785132
19079167
95971581
72246775
14178670
81873582
44442463
4201828
44664483
33580932
50030892
64842365
30075185
34774150
75038106
18789435
63826868
94325342
2522
53045752
59354202
72762694
50695464
70467697
79920532
96550688
17833652
56530713
9425761
40038351
68475407
7154199
25961979
21196617
19943415
81530080
85846085
65600553
71402506
56819729
47431257
13362219
47152566
81099755
29359900
26936996
82134823
94944055
97390099
46341925
50812507
80038987
79017852
89422219
85160764
68722563
27491070
76260139
10156747
15634243
17046999
92679582
78991685
19658937
16164773
11546762
72454627
61662451
64401000
47986318
92183861
32738463
67997960
22791180
39525210
11668044
49461248
28559464
2388529
6088325
81074641
20064861
61958568
16791596
11340401
3830902
20190928
23455814
95561248
41117271
91327176
49669923
34363207
97352432
60064630
42710343
11420088
53324740
28340449
28910072
29218714
94235370
27524076
61441586
81097566
94066214
47848
82421625
9029411
30774553
53834813
24112782
68865433
90498121
63122164
88175359
33475236
84889012
45921599
41770845
14236490
26236370
98839091
25087481
58632206
67209124
56098203
57718645
13067399
91974236
71822665
43555874
91684095
1467094
45467820
46708423
47295689
96034146
93858246
33676370
69798220
25059122
24048380
72697987
10121242
80341461
46420145
39960768
80273531
69293691
55696624
97830915
5743647
95200884
52880673
78656068
37174891
16559191
79765945
85675180
97428821
24231437
8969788
67111809
41667390
63994871
70988259
4829339
50090168
229142
88864651
60185442
57267157
51897485
45293531
33456613
96678686
76990859
50230440
99680937
82662974
67798263
30183573
65472432
33853648
9656866
31996262
92272612
42712185
1757088
39262904
78817734
8945954
46559357
2242807
53115032
3519773
83523000
31714382
41517771
22675445
11920201
19062387
16630542
56267652
64674576
39521750
73261676
22441245
93840935
11394119
41756959
24477339
16223321
81894900
94479781
99060108
50883441
48280290
15910769
71294425
59837233
72950734
64063865
30595003
95113488
14933790
68051416
10932927
90915707
32639116
14886531
63668176
33805348
28385580
45796053
7562014
61547837
76955052
28602610
59056517
52275602
52470122
92950734
51807596
96487099
22349308
31562126
86065369
18981306
99275170
61395360
16233964
49302424
15732961
98056306
53884533
72245777
5407922
60949731
53459890
60156236
62446274
36277561
20265613
26185658
42034337
33297138
76371653
86587785
46491944
41069304
601021
6667417
64488076
17068009
22355053
34032459
93869805
90869546
60400091
65133696
4765596
4747948
41824242
30616409
87201576
23767926
3077098
97341610
4756991
81373796
23662537
87252314
96869663
90354332
48088911
59414055
68446409
94315129
92129360
74344482
29908586
97624148
81026226
39455060
73898193
22935378
90414889
79813116
14665606
80467670
74344044
25954815
33317960
85060405
34343722
77540158
6172862
82737960
38698434
55143049
27762050
76408171
81119226
94274311
98031942
37458917
45427526
22727729
22076796
95754817
26750867
31322453
25579082
83841243
10821708
58385630
58656871
32929311
73661329
62639752
84039129
67543893
57598405
8095134
64139974
26122390
7280617
67914875
42558872
65451196
18532834
37506
68274384
34707432
61030129
69852320
31020787
9745033
76460651
37063744
3038822
43394198
17279839
76555092
88515689
85638200
14581778
88582581
79538616
2003060
99804724
77311064
92180094
6928946
3858268
26798731
92135266
12549984
3468881
76541092
30020158
44332675
79929689
22752244
83948597
95815673
53696753
90992694
93823087
49102599
10047543
12925349
65950939
3375459
80097639
95263652
11116568
99393148
4242927
68851036
38050715
21335646
89825184
39696374
77349952
56427085
24473731
61104778
21541515
39806713
80342596
44610199
21605071
54823137
43388364
33554333
12494183
94467187
9351354
32457958
69297758
35822332
13244036
36044505
62133578
41785054
63491237
7600966
60748759
40627422
19171824
70885485
29557310
16842282
17792395
79813411
56128575
85190145
36778772
2930058
52216047
96957377
80796862
2464382
99269180
60772815
21451757
21841765
6128974
71188970
86186158
23160348
30709464
70603603
69406656
84746165
30732139
84547800
48727092
65805644
58497392
55259603
49498750
67476040
71185757
14766544
52657659
10799455
51985960
65405203
87700476
1281755
30572092
48942295
33407562
20163665
98229002
16854754
9677620
93707756
6677205
80346593
35511527
22086801
68513615
87108000
60035150
63927704
76816664
357392
10747487
17703300
41133751
20022982
7448974
97231147
66217596
16329131
6930804
20616467
41288100
67505534
14000938
17161544
26487273
95672958
88709438
21580549
22271178
6788532
7506673
6297115
90954967
33183381
26449861
40557056
9113653
45525123
89004482
59878164
98528546
73867097
49338842
23826885
47306426
96949339
56948266
91893828
107503
80743882
12190193
44309573
22442559
31433501
2907993
71448576
32646328
34094740
71152624
262127
88569628
28726312
38669068
64425881
79686503
18501921
39013938
33478088
17327332
12560071
2819342
47474521
90458836
86568244
90398592
10107903
99129846
38034805
91380298
77117554
57135482
9005396
95707693
30642582
83484142
23282746
21898330
22476260
54504011
93642789
7482188
79133503
80470874
14631376
87516510
49980736
45902156
32248393
54967870
59006581
81450013
73491035
78185101
76574994
14937314
55473059
94377072
32986276
6279645
92271177
67571542
42840872
63166954
1276128
10612862
32194300
3483807
48072079
36072015
49448330
49832856
24955518
45080140
28184388
25518067
25218240
38578726
99111885
91442313
84444538
46996828
21578567
19026282
27249204
71485972
13533860
29499041
98537593
17149559
17419915
28706405
65065674
88164240
20770020
87440487
95694511
85862267
80801948
85194170
11944313
11112346
31399972
62605248
90985556
50843948
12709995
3327981
33736528
83993053
12973873
59669956
54678782
61066299
47667219
36943393
94511688
54115401
9365283
32201359
1249201
20356743
18417813
62860885
6976496
54500642
88585993
2158726
54556671
52443462
18176226
5269639
13403656
45558229
35718731
86634528
15264483
82088932
77693212
1423203
16372732
5098000
820161
24746216
50262094
13581009
56002361
4410353
1944151
36687107
37570459
76555660
21985410
7644231
96259179
69846437
25507079
5287112
81453217
74253495
97624572
81589232
30457765
15920866
11962293
9322972
45199821
94020917
32956790
54745596
44541018
40001422
61216995
62027561
5802836
75040104
971118
88064293
51959527
97008782
70422734
90864382
91102921
59908699
88650074
21957695
32431158
5587881
89756621
85704356
81083792
62298253
87876270
12494526
69317451
86171696
90674103
26252358
13961627
14789845
17274448
24844627
1341831
79780818
8473896
62816292
12955352
12759942
16835292
32094143
66269758
16324395
85280716
36435913
37874846
92655636
13000720
57206396
80540539
99098849
21816542
53784834
55176562
95848113
39939588
58767917
89762607
52184658
14349548
78972732
44826087
24517808
64559218
93047559
11178770
19343820
67780408
59892482
74961260
81465792
6962949
67062290
27909147
66623
54734899
83853350
75005087
71688389
68418503
60231930
10427165
67511896
17766831
2478047
92351340
12622934
47218428
19751261
87470638
26629264
35970828
32747294
13483952
39653513
25572810
15401152
6117185
3049291
79483454
80413467
12744903
13046425
46087509
55435331
65988611
62881367
77757838
26457735
56721647
76962576
59491199
34531247
63166094
89990628
25384034
92555625
36961073
73418380
42397351
14260525
69624019
58036399
95328152
39784530
80065850
16098256
10972996
43649356
28646310
44166621
13486756
71144726
40008919
44482039
58883401
38602302
42639489
12847997
60881381
55771516
6808690
70655437
53411738
38804827
53674243
49175165
63850676
60695880
26377691
66819693
22090873
92082235
67487662
96592234
13694084
54622152
83847738
5895838
53710064
81293993
83419825
82666483
90771351
63671178
8499214
23527533
49572668
39369305
38962375
51010510
92416436
54469699
85428543
83649716
27329475
41640757
9556124
19030249
48208760
13776892
17994728
87865420
82532880
89972789
18116172
58492747
78179558
94208467
93476764
81642389
70865705
23506383
70393186
47611955
48549682
17643269
83559232
24293095
37283219
87074197
40425765
89885276
68664786
85432579
32042162
64888073
99909658
14574674
72194072
41690567
23621520
96433080
81101107
79537385
42952961
65764163
2958751
37157348
18372027
31526591
31474674
91135616
30592701
63193336
50378171
48894286
44771128
38883966
98637973
11934928
74380595
96481165
3387013
2874122
56054943
52998211
68743953
33567111
97334385
41762527
95071275
22003225
25767072
16288303
46299271
58531814
86669415
40979803
13143004
5871282
94049511
28792712
30620203
88428379
58622218
58840470
17190828
74889118
45481388
86528568
49410548
19355306
33099689
62388327
55360838
7002739
25517683
68713893
61242235
49449593
89360029
56127315
28509744
10588511
98984669
8760242
12654901
79390423
41961533
78754780
26989853
57620587
59783628
81569013
37268268
50469885
20982949
64685295
9183839
27130414
87242139
10906768
88945625
43231943
85456099
53656720
47269292
95155820
87183480
79822599
81331146
51197348
82059625
95799407
75133434
99320973
30321179
73732435
22706325
40353305
74449399
62995127
35863420
6690091
36510248
2396237
23644937
41833057
31256834
49212802
50876586
62383669
87920981
86408694
54732625
30196838
87828896
5157926
30546351
9295234
18561759
47121278
25036723
85702569
92429392
91404629
41256383
86993504
44603524
31391100
71267485
39784107
26737661
44053313
386871
14013866
98513767
24929469
18196580
61930560
16820619
90385995
26621621
94329440
81063861
61971552
41830942
59606763
80055825
21162097
4367508
37252667
3983409
2841852
25670055
24624079
7395381
41053253
11652047
30022566
17724664
33737261
37642886
47809023
46621497
28116187
64011836
69803264
97013926
24473343
48771720
52100595
86865937
6142614
81876148
99042681
26508321
79036419
41172945
54953542
38577047
72745329
8749128
62169354
23390870
50612982
99478578
82515958
7264060
13070590
49070898
29203082
28830083
47460481
97863663
67510678
63200547
85184845
30535091
57249277
37894136
29453729
32721497
29320487
47797286
38603257
54157536
8266288
53099762
92492721
33229639
11340448
5810208
87314118
18695848
94344884
32168927
36054647
17673999
59170957
64310139
70459939
44495281
35758862
79134078
58973777
76320928
3329893
58271031
20472905
28020559
82357036
39947905
98422071
68727079
4041682
73457269
54406093
62594941
77891527
81181592
93522138
73002052
37228599
79787971
10943159
48505991
49553280
49155146
30906499
81931928
88665751
30978773
53086240
48745035
83839570
52066825
49943348
50913506
4587111
88425895
81856391
45374108
32306594
63902888
32065832
23365466
99087955
43593656
26230135
81356920
12908727
5321439
31359978
429137
17599719
41693510
41943569
55997934
40116850
89176363
67886319
40081198
73115380
69515363
37999268
23885542
22768343
76417547
97755225
61678378
79327877
81465936
32948851
71639800
33655838
19344570
35465377
60250527
88075190
81858246
18440135
86681040
97068578
11333424
32241920
43035476
55514951
67877612
52829202
34099419
51206997
342426
78401325
51871596
90410320
89317292
95835336
68443059
41770211
78428075
38625988
98401235
97068141
76829513
67606842
55233819
11803
86705723
90176431
19496160
14299417
60228941
44489140
81608872
16506123
38730413
2937303
89500700
26710832
25266260
73420442
37037294
10783594
66344262
14533321
8744922
53189922
21547880
11085156
87353329
49588504
81999659
70890382
395362
2559207
43693404
51068685
89278348
44323872
48944995
93763276
44775790
63823753
1303715
3880954
95265555
42181074
53751369
67466105
76031055
59701322
81683706
26089833
42927296
10208236
93139865
46315613
3417381
78401382
79114996
80444324
20220256
28870802
71360550
87000616
97675478
34600362
83198874
20147279
4991371
25327298
17533992
1571079
48386901
24070340
6061412
80223546
91143467
18903252
1381342
78195867
11981906
91925004
9850010
48425802
68741428
13423751
73211614
83200826
49944101
44453854
50526733
53071353
60383147
66797835
46231286
24335705
70441989
25984514
6924218
36440294
25405247
49895325
40752278
72853089
32196214
30714757
70397699
64941079
73468632
42149119
88528021
95847751
94410848
36396944
73537206
760662
1097015
86619170
75214865
2766297
24170360
28249872
88231200
83204095
59685724
32319139
64452467
79897670
38696086
88572029
26896082
90772435
6571781
47889452
67840425
79752662
11231294
29418404
82142868
49894458
54826409
75990678
20104229
21155799
16229230
17818852
21874186
69090489
8680958
98993185
61930658
66108713
20417347
15506633
90257803
53558469
83545678
13847131
18613573
67205884
87901801
96338846
45313134
25169432
68740616
15197947
33400145
78312795
85710598
49564847
63340411
44093991
53493745
19921626
73310120
35078629
82288715
31841720
60186243
70090883
20128130
36300502
7219676
72916350
37930350
15520078
13747520
32396896
14856008
47307525
22913685
89850105
88946086
70308075
44173535
78810302
51424973
97466857
51545279
29949758
19487928
4650032
19797512
34495158
83481046
37634000
50336463
73593331
88471569
60088434
69194640
30423336
60143154
88899519
15519068
41820306
20305148
4535114
60857121
34753363
22265730
19813158
92528588
39687250
66656663
50160007
27793856
96416541
38774520
37233378
52588565
83616058
63688283
51236557
49846434
84526580
77251391
97925443
39182605
99080079
59205051
83698411
2013832
37618617
84433575
50741793
75810107
43702780
57171462
81125795
36948131
87027975
80784425
292148
64905547
63538223
71675033
73764612
79273853
98998853
94229212
59419477
56085320
72659104
4311129
62260375
64342011
92715786
14652404
86099983
19356513
93592774
63374378
8850904
22412161
33742568
63337607
37600183
94312404
95732417
85492347
51480706
80274446
77646085
68698964
48339387
89739681
24408137
86221177
85598368
9917352
93237016
13266760
3807036
8204572
78889900
19520347
65034168
2151816
35593161
6313973
4637164
19813822
43153411
49365446
57610839
1156273
27650272
19022883
17438762
86204302
47838480
73073333
88983236
79512803
73979559
12362194
977810
36511147
30605467
97295059
76011655
39499076
29538358
37309035
24035413
63836027
97839461
57240131
3729199
26272189
67086252
92776660
38244700
36755832
20057140
40224466
47048864
54741866
3870072
34913798
10957915
80696116
58963588
8319143
47714480
60914399
87399160
493334
29930711
51450258
66864649
89908248
7453240
11006967
59816496
78950553
22226637
27256702
12825366
99716503
60178876
56872379
24501464
63420646
15615087
74234811
46526481
89713110
53268989
67391090
78716704
29385091
27462512
68927004
47837635
84141747
40839327
34144451
3958925
1669566
43061824
47697593
9127008
98143527
45934621
60242177
95852822
19719462
41598226
31770749
24399384
65326728
60728224
55848369
58339523
14871436
87806012
81113636
13915259
20007961
57606668
437172
52366583
11335209
52519818
63616578
6851825
97086187
97246083
66321202
12984652
80653583
83374686
10883008
41312811
27578703
50714148
52193419
32292693
53579172
91716874
93032992
75095410
82447769
44376981
90278509
94371005
99385512
89244493
48743200
72605382
46703927
75598479
62544901
68723428
92218384
61870475
40348938
11756570
99663106
14494509
17819221
97068689
55063414
71461883
54840452
69410203
51005206
27742075
18558602
5176090
64268927
57174233
57520091
2964835
35151668
21142493
21883164
49929085
75147534
88495761
77606267
74369626
73928204
40835040
99082042
67522897
23660402
21969545
68841526
47180899
1263544
5432736
24671975
33940187
17449499
76193501
47615331
68759887
12085396
79980954
2127895
57143181
19107545
48391895
77298088
60724238
1535866
17801451
96516519
68189719
38780090
45862304
50595097
41979847
80610230
48659877
80194399
3033131
40578307
36926812
9448651
79037125
6340438
3384394
40973874
48354145
56936514
62494851
18785480
41962547
5080810
72388720
5624850
9605217
52830553
65439593
68715079
87981170
47610316
26339889
1727235
95536852
38732370
91502202
11417988
4321979
13185388
55133973
24500980
53482438
61794282
37386812
96599357
97022418
13855390
69943050
57455627
39867593
93380531
7502448
81074867
13082093
61538602
96337922
92251326
45797143
74834495
33238031
58726385
89163450
58149749
67550289
98471272
70096695
90819028
44108357
68142827
9070514
48496251
26025984
17136345
74158511
92520236
89739680
30146799
17641086
6764479
16323332
56720980
44564298
44007103
20582351
93555917
11934246
39554961
11328523
91070606
31865104
93664223
78643824
72859604
27769655
95038079
14353
78886935
70129545
95451129
94106993
41617289
2883636
79569356
92439214
87197925
43052769
61635196
54952886
38065347
28549829
91122081
86910384
83523430
66381116
16945430
64468420
72373416
92312545
43371936
3062003
79201726
8157060
18712111
58553095
67478036
24587787
80468032
65422525
69184671
66141665
27309897
98632002
27779099
99933936
56535718
1604341
32881439
99555033
78789824
33405138
7985341
11555293
75056478
66568620
92112042
33648042
87821156
52390711
58924364
70276595
41420140
84052692
81990339
33593918
38403766
58836803
68780178
59133385
60988189
81157850
61493701
48624951
3752535
41185193
47333473
58721438
99735159
59687999
22943345
66020237
56497500
59013905
51671881
65238652
22015818
13957536
79437396
93320214
42431220
92764381
60240155
64138864
66712904
46019702
13322817
83494126
24976797
19892148
45832862
15364889
44088716
30903031
76072866
10692003
46853767
58829639
37654216
86363297
87007469
81721128
17854446
80268520
89981924
17388304
76377779
53295018
82329955
84160384
80840979
64981475
51353669
54984315
2381932
46419366
5062161
90176816
1232167
55449218
5304171
45893205
37030356
54902977
85353896
14055569
22674004
53881791
26746203
8673268
81850340
84141238
72687153
18791234
67968872
34066156
34722791
49551892
51435365
24950456
65908135
31038516
7316307
10368567
65431189
75581753
63427949
18492996
78587897
97976006
17789703
34774805
5883162
99004786
56747367
84240760
66003309
9722559
87286292
89791948
64963160
34567695
4393455
87303016
9266476
56399427
73046895
11682071
84508228
8343699
7995734
23742264
1229655
58201672
56348053
80544486
49425050
50845266
55252047
32556980
75290822
82012038
79804660
39281141
60780834
70825463
5328666
6313136
52313340
89193568
20418043
50105894
12574554
14692209
50702156
67206437
76135241
58403031
36773947
34114084
49518798
24716303
52782418
80591852
26329768
86527505
98629716
36494099
51269491
24496706
12146428
53810956
80129746
13831179
60247158
65391135
95084659
49703286
17632744
80302521
4835714
33603546
98044850
82328176
11272195
42362152
55936367
67229607
88220277
30000561
70617409
81614543
20092737
38176600
31879899
52960448
32601234
10766753
55820648
68900421
11672071
41274639
3128272
98019594
26910489
74988124
53574359
87238972
48778846
31206493
18179365
33434017
17606984
45982318
47605440
55140758
79066899
90545844
10508583
3089189
56917970
99705632
58957075
93791222
64438592
94104298
36869647
20528863
93360070
22851204
8638069
56375865
58476288
93460974
25285724
25843568
72104672
67392098
63749980
29653685
56875139
66956021
43471468
68359106
41450894
44209377
54254148
17506398
46423225
82093176
4789598
87399514
64314932
27323302
61970429
60137109
90099529
51925771
11315098
10616635
21143831
18063646
39812299
4873083
16351806
87028431
70315462
76241995
44923840
5819082
61360413
83915140
13477667
29348606
58585205
61883501
67586952
5642172
45619714
77557895
64259530
70686504
46672494
39010961
28960350
47979983
84081012
52948754
38540284
93908892
587654
85970567
26868741
40266842
90937845
65988103
14312536
34161291
8840375
44708844
92559672
26974292
91036175
73539892
41737741
55399004
51292609
19193469
50533269
5256393
30203441
65665277
57050731
87895737
28855080
18287975
86089255
36677076
45938496
58173668
49719384
11029152
79337713
42066751
92913525
96826658
97891469
19877860
87525071
31237948
45949278
26130214
74032713
45766813
65097650
574961
53067250
23035388
45238034
62211096
22947607
86231142
64687239
44327132
44320224
31133014
17907184
73622841
8942361
35435916
40548988
72464003
11887427
67471847
33928121
52002696
27194802
50052562
41139843
91034556
69279275
54356606
47062957
20234500
5911504
28806360
84084332
74859080
73703274
57813113
70805572
7088808
41121445
39835428
15439740
21437243
11048254
4726293
52009817
85537527
76074624
29965459
90989135
17875191
13710906
42825998
89619900
96405649
28532604
16144042
47688983
34958485
95070693
9724806
27252866
31868483
66463966
55215233
28398220
31923471
39915240
47718836
58144
87752203
89817969
95355871
26267075
10667350
88099632
56567624
50386569
59402124
45563951
65872866
16500222
48570327
37432960
43829324
9094703
19176062
97889206
52639051
67290162
35296091
92732483
69537240
8390218
63844650
9998053
20169348
3440382
25417152
67184873
5267493
27014499
35133663
48343037
22902312
46023113
29990355
88568919
44789277
4911856
84672754
44858440
30556103
83262092
46035873
1592470
83656142
55755040
11536128
12655574
1874551
20064578
3854978
15522224
68046627
43832201
71102513
26837585
52828613
96060693
28759363
15589834
26089419
85440390
85155561
10318531
72584412
64572730
7983575
20260051
1648276
72526627
86226953
26069045
