10000 3137803
17657028
60999471
9254227
75973294
96638047
87918782
40388995
70534427
69621936
25376568
60136651
18889257
49307203
59556934
65187097
46266637
39500649
60506690
60345205
70054088
17158616
51988565
14884055
85256333
69432525
48196084
37999636
10011627
98782452
65350652
54058543
30341392
97430727
17762318
26271543
7021977
97826861
41501033
99472729
56800005
69149287
64443499
38325677
4427597
97160549
55836821
23706901
21948403
25834759
35231407
56285996
40156765
97652687
9886535
11154103
89481529
27104741
81618540
72661605
12095299
33126541
29495232
9035595
99490930
78385858
63501666
50079359
67065076
23478357
72172804
94138889
97516808
29830992
93796514
42973314
21872209
78676272
32948288
15990054
6911111
93393027
55980313
24859377
93374726
34779938
85913226
74604329
91264170
59660415
43204414
3343740
66512704
18512106
58219378
2827158
70589576
98106436
98350201
82050468
18257827
76017181
92671896
13965155
2438035
2570064
90733847
81164878
44773070
57415074
37139316
65856490
50617609
78598326
23948463
53288605
82650916
95001847
96382473
95197238
46155245
16586607
77586216
7127648
57557605
57774511
56392576
30238133
59029190
91599770
29152030
20528278
13956847
13498252
1836048
33903392
79705379
84775650
21758185
72614502
69220417
31522072
7677482
54605953
1451953
4764954
49005060
64666329
7263806
74299765
91334129
47993437
61037632
15135122
19056939
3289133
38526914
15915912
72840148
94666348
34886240
36803524
33611149
53061948
75527273
71036391
67412753
11174339
74905208
32786848
59729601
5255579
78675195
5708481
3321839
79904417
74644371
58678076
59843718
7141733
13281008
99822387
21455763
96314737
79228207
48319162
31414639
79115141
26914187
45865793
76020123
58876877
55609871
95530575
89699385
59951444
74635948
48058352
44834922
95252152
66135286
84862855
32761778
32209239
62520792
49776400
11143331
98824762
42317662
334747
41152871
33502967
59798435
29812729
68464162
57621575
9015588
88170440
54058878
84331383
74534449
94324498
11979113
97716349
42847551
76177676
93911338
83319536
8451954
91879621
88707044
95990188
40700736
60800043
20874753
10080293
84044623
66118040
48574434
45181476
39397945
49485207
97915185
36496424
28878444
53760438
1956719
90455102
81978788
98802753
69675679
54630623
49072452
3015139
6412210
82515677
34085726
42202631
88917663
30780790
46053330
48260847
51280344
53986828
88785947
21425193
87728768
87545817
23870572
67188451
46887078
22269898
60829544
35319181
8071179
84645704
60791647
94303715
66684963
2392575
11386951
11980184
76391414
1900774
52315702
37165163
34339960
34203329
47427460
62384905
79354836
68888339
1465453
6008353
27564651
75452467
7708374
51730317
10911685
48501114
49423964
58168872
15398296
36471248
34955667
19301400
50564717
20795308
99150579
89706086
17872101
11244036
8657520
60767619
42423509
85007229
63419068
90378645
80129834
25853637
42500978
87929057
89149650
12812661
17672588
94677640
99325321
73030066
57616305
65501363
83192966
83527104
7007788
50213691
32476477
75574996
27361780
43899228
26017393
90180788
53829208
96901716
11249416
6039515
30119864
38308723
69117308
94072285
32489914
74376783
8299968
96898562
54537898
71854743
26283720
49661207
49135134
77004532
16831436
9497652
37823403
18170664
28682910
53830616
52825245
79270763
8665995
63806052
6180268
74447414
62251851
8647908
17569118
14938309
88098108
51221509
62665163
83641833
1997421
34231986
24971863
55242320
51184099
92698266
3996916
43880007
29523698
36384293
56033877
7204758
20764683
4129148
77014789
99982532
44292095
31086855
25097759
90934558
34717102
92548862
72470796
60304797
65168473
65368318
33042868
41293189
29980331
86766004
16707709
82059655
88444143
74039193
56093600
77622445
5523322
98086190
4807950
25940873
98362192
42225088
7327164
78406340
55486314
53703273
62687266
24895325
54231111
68317725
10910842
89485694
7376049
81026927
84902270
94463004
79145107
59563628
72478017
94393187
31452266
54203890
4712155
25471954
58202577
22860989
56453245
2762926
1474704
59638095
27718474
93939892
99161882
52819740
5960748
22735215
58362968
25370712
67648222
72488954
53280265
2020993
842954
52416537
33953522
82668609
46637282
37043614
40030739
81490116
7361844
85157167
43553768
25543640
56336906
9980861
15486141
65646975
27411801
97041479
39713552
6993253
70997131
68990339
32101158
27257789
6050528
35673366
60235514
55649983
6903427
49021105
51234681
79675448
75595748
83425028
96711282
12877353
56296354
96363954
7040197
49922053
77362176
52624779
91316620
96569617
46816972
51957514
69187639
84297442
61320777
80596549
10067435
10088873
4594680
92123896
56904902
29977410
18704586
20800623
97052309
78954583
45079570
64519703
72253085
44158636
84742599
14833832
4453546
94728282
64283439
31083014
56395794
49078463
27421702
59283167
25431394
82624134
70655938
36875605
99443258
22816597
96198897
12952497
60655732
96985360
73690884
67688207
86175807
64193618
48767006
73047924
10522746
26372036
51509463
55952214
23697476
20054542
12628020
45599995
39651716
83022358
76912613
43926232
56443632
43951209
69643
8408081
53842565
59003327
62323882
67174112
92967306
13750022
71460751
25858642
38139007
61061262
4539215
61815439
76103138
44888534
7221770
99421777
19092599
31025279
66291068
25155633
34720564
47681119
35898168
8333560
48776177
72687082
50531009
72575462
69675805
99064352
93901359
32838801
1395692
63505637
72159773
79278215
79324245
11887835
65207384
53811688
10416100
31057027
49962357
26983458
5069585
20818872
37492522
70643113
87975078
304805
89202452
99355048
35015739
69722640
65236497
27953998
39761199
46006376
32182999
51218024
98980787
54661801
92684507
39953101
59738741
97187069
53501591
2103033
9585538
1433122
53318418
30104833
29034129
91389293
69775903
40606979
23412018
44422913
47925079
81413833
9101166
38253293
48440880
67049765
68575666
50467048
93171003
86999400
4371592
54569409
86647099
59257181
10417599
74075503
13432990
94697573
84904676
63815787
45638669
14949218
59661045
16876315
5036605
65568594
12101221
62154273
28119627
2308109
23349480
87850475
68099246
70325532
35786256
66630720
84430309
50235632
50068996
33636752
70498212
32263919
42497866
10612695
23800414
74117436
7493312
98105549
54307184
88722956
45999407
56684082
13547828
72706617
44684577
66924405
16537434
47943623
6004942
6289475
74400803
99654949
3275181
35758857
79257055
48928287
2633553
62469476
94500192
18884323
62752785
21019461
2502879
33147489
51853082
54672035
27712165
74103543
21029647
23469612
51096212
53917311
23831232
11161147
37122215
36669772
14414383
46099672
28569893
9150025
6624323
48910752
85958867
39539853
17422370
13008518
76900950
12399615
99972461
39048041
52124335
79986597
83998578
16022796
76765954
34744953
85361354
93301247
51311784
54822047
90946036
95377838
14223926
97905911
71897829
27694470
40239134
52371875
4539176
5352684
25410249
27322004
81073407
16703227
5100193
87643138
92218412
98263954
97701615
44859669
71352976
10917001
1452075
28426214
32416747
70707711
3959046
89660463
46572737
51806537
29764792
79343661
2633351
44760257
93948964
86936100
21494645
72588214
97931379
98992717
45791632
41421709
80598898
27866239
73449846
32572362
31283563
56196477
26122015
29954524
21475287
23005705
26420027
62685989
10371415
54407360
23209186
33147252
90555229
13613138
22313786
67583445
58239286
73566330
15178858
26843220
63401376
85851729
11009273
81125691
29752118
10888853
15958586
90450453
94194031
20505420
64376215
38939031
68221696
55246603
23041913
15448446
72429939
40035859
1811440
93256242
62312009
56886336
22053827
31433344
84552441
20223107
81296779
79255619
59675044
88871647
92530141
45278554
97813121
49144405
78468506
69634827
57766399
49752391
66312611
82734730
24920863
77721343
35261749
29518854
14606346
79741024
46681250
31713212
38483749
94119162
15927767
89430593
5656632
79352901
68797674
27319734
36834972
91370570
88244547
46070602
90862439
27891871
38063949
98489869
87968579
71960727
90859246
53055654
7952901
63998640
37315668
98714036
52480723
70171462
43465288
9318141
16564531
7845172
68618102
80375341
37544077
33147090
97384672
83044856
23479283
98772077
7352902
31967915
57496908
47041153
28966997
59576216
99510957
33644423
18331244
26196349
57001693
89298614
58503021
37098180
55415898
36474383
95431688
18155861
93510516
63258007
86729098
92602677
17381222
91377654
30543118
11823048
16978776
60776844
33097316
24374519
10015194
39456235
53954183
34348335
79876126
33879157
19691097
52595910
8087059
50552053
90068502
64147908
31194901
56855261
85458315
10794230
22937996
42641889
50470024
3763754
41332281
5807421
82054727
29234750
90850701
38048714
9206613
70089010
77491482
79145
23727704
71032581
5199123
9172427
84435472
78057069
49843793
95176889
28816754
97346490
79272174
84335291
27333284
95307893
3577032
79485351
79008196
62051789
46112371
11577694
98006062
93834721
4580115
66737080
91769307
57613402
29436854
38847495
31787765
37000691
87125001
20309204
11617579
33991018
99025113
80202152
13040494
9633145
66442510
65190234
96034547
86902748
90578578
32784756
64148657
33716505
43868882
19595495
4100037
72815987
47089600
81695676
13830825
3309128
66631620
51507464
76175756
53234469
10572526
66133158
49256195
99971527
6196718
82875684
60238818
44036425
52154094
19750888
82099689
80081134
7213884
32622395
70461149
38733223
84066113
46547452
65848899
48158805
83173511
2121327
61874764
91697493
34200758
53954284
25705715
54836639
12566585
58031651
59186364
82572855
13924012
79154766
13729905
50428051
8924766
891771
28680343
29173387
76678594
59472174
14516398
98549094
17769952
38038442
24931864
1416296
2020051
2406823
79098318
42472172
24899416
27079192
18751378
40040375
77756813
58082412
71533292
82604924
99817874
78890639
31828930
36936200
1332907
72090329
84181916
61928591
49604202
16438629
77167476
62981764
11862698
10520309
10756784
72508813
28838714
55252524
37904256
92794800
55170525
30400489
65750133
2308056
13728815
19907938
22979712
28105439
647728
64503511
79300776
43700755
61684590
96965054
59195449
68672904
61213857
2114976
34366242
22449965
49817353
69816139
62804724
51542283
76414357
9112310
88699721
2487725
73019430
74421283
90269618
78628266
98397729
23398539
95820708
30842431
16392691
76094836
46301853
66394769
52952064
99400907
48207423
68478904
92534920
21234678
90969886
87945948
72781994
47071132
74403700
8984306
16672493
29801201
71797588
2619779
4226139
43410846
42038107
18251322
44433522
2535786
64565305
95029121
18977099
13118083
61166854
6874113
84190661
83150302
10406465
29224709
37058560
66482195
28628351
16489534
86874472
92568850
13541875
87228261
71279016
143563
86305544
86128405
69553809
65529329
30052049
58320189
79558903
92057953
58231592
47824345
89917443
81332912
17387845
55299078
55368622
40547758
85037947
43309445
56073600
70437409
99001284
87455373
55862086
60443715
30255420
70045952
79792211
38632973
78527375
70174875
80804589
3618681
9703490
26212672
27679197
3092644
57661546
12658044
28169104
29281429
72255897
49604630
3956931
13027652
44802407
25821200
49039173
82446728
88324761
83190743
48496361
64367374
85204899
18701225
54826064
99322661
52581293
79513342
94649982
46667724
85815542
83709530
99891472
2684262
5493200
28478391
2836357
11296522
37245734
1481976
61204723
87463183
94965937
80983613
25920583
73074301
88125641
26795470
84502238
50619071
58555638
8789750
96767515
39700146
77984469
98873384
91910579
91789427
72627098
38304226
64700066
60210151
68322267
16425521
85303133
86112909
82209609
22743360
99384697
44153126
21653936
60379922
40021268
79574667
41859781
32973504
24218146
1031698
82855349
18095034
99258612
60297113
6226156
33983511
68519742
52590128
5454292
4027446
4338580
41307725
914196
32257051
69301981
65861889
36148669
72130913
2477566
99165363
37852868
89438243
17240262
20127866
71885631
57701774
88949354
18984514
79893465
93659345
57072230
54066961
50173018
9079546
81886280
31307380
93734062
13615363
73712493
17369497
41367593
22111156
77053842
9354325
56171367
118196
57354721
8437532
70583000
97035823
30895067
20347547
24807125
48630140
88804998
36639890
32593997
86288570
52143477
83882413
85591623
20851916
84773225
42499674
12342799
6169918
84883410
85629430
45249022
51568579
8545753
97360575
15520652
83441416
49823850
45502265
32750604
1878096
47910881
39924666
91087757
89109604
77348266
50446277
35024856
32773981
66709183
62274097
25977132
95628477
37920750
42175752
35033208
84088423
73218277
96211589
16111514
68574956
44812269
10430104
68551873
93814077
99567632
764176
68369252
38817279
69626553
56114233
97814494
67582779
4989585
75140504
66660925
42314391
56306616
50571000
25381628
7016061
68987761
84012519
87924869
93764547
91402267
88786897
54047346
35061884
81862783
57287874
2994193
7963788
66527572
27241878
54111502
98451394
5818980
90000248
2638950
69190231
78348207
25815634
43809754
9124753
15962598
57121740
4813045
67993869
91568116
15593871
11450063
30447317
92595105
99920594
73363707
58405186
41152166
96197329
91928496
30274783
73589345
71414322
31683310
2451691
65295907
71823215
7543398
44421501
89712259
78261480
37451220
27537836
18347605
7759884
95477547
88069100
90971546
93156427
65703097
74954736
33054580
7756968
97863669
3905754
2799368
70858734
72018139
79490553
31673450
6201244
15229486
81335354
19400235
93019209
23626362
78072901
78497690
84151607
63665164
35143921
39756435
14797826
26497764
29989759
77185638
27418773
84598760
33080071
10540677
50763410
91025233
70416924
57281225
92280478
31621418
36532028
36607747
94916049
52418292
86274545
56437501
17660582
10443355
84670859
26885897
52361482
82223082
37925887
16172315
79118442
43198587
83677663
57516371
25383797
82367621
91211463
36302598
34326131
78813081
56897583
18627263
90767858
31791203
75324549
68492577
18623596
30435158
3513854
16058620
90275369
95178689
81260191
48113194
73405925
44225410
9060685
50646120
53518590
35083734
17968500
3782024
44353659
15393417
70586796
27497862
42368168
66472680
64738639
51105952
13249924
52390246
66331899
5753955
24418625
88020160
8151711
31525353
74075507
14784116
30445816
42849978
21627136
8480712
89375906
4711394
38945109
6707169
72294099
47190731
23466563
84023965
14219492
35964095
85330306
46775068
82495436
25940530
27366990
62673086
93442531
16754108
13484387
93491492
31722339
81992938
52966375
1200407
92165356
19880567
84421026
33507920
96053511
83361845
45728585
37990359
28881469
8651976
82683558
88936904
37454645
72818292
67034859
32453961
8603796
40945586
69139753
99772847
47185124
9695000
98577865
45346320
27432156
21867765
17435124
11433232
55836049
4626871
67975120
58959794
38668081
51825235
16018034
8337326
77220941
19433279
71353035
28978755
26552893
76705034
39183919
62672931
42291437
38670973
41577973
86212450
72502570
68109649
27569263
68456718
43592596
1136860
20549277
55277592
50775847
42933454
65188148
78026574
17419007
17647251
28296154
74808418
45344281
62922713
69124228
34824990
62270554
15740733
75102196
2296251
20778791
36360206
17044598
40288566
57099984
59888172
16175467
45869699
47039417
40203605
42208580
6194302
9170500
33803810
17920114
17715068
20218415
20193800
99210113
22803499
97265462
50651770
25970371
4492857
51618886
6041655
553183
78327906
94017671
4198051
92033047
90032016
33253734
91194257
79424645
70741990
75513287
47622119
65679003
21271781
62539849
17205479
47866687
69774158
32351262
73478033
34639682
75681113
2348655
92149177
35685873
75066537
99211463
49980040
80178898
45257170
92405358
8770688
86047912
21794719
7041674
7423359
32228657
78726512
14308611
98991504
49936120
37744045
35894905
68977182
2309692
42291655
11891354
66602588
2032493
58996776
34317527
17251330
10057831
13803641
58253175
84433389
29926284
93627607
23860824
13608713
30662794
35216439
51150459
59037054
98559763
98337668
97644131
11013809
67145124
61496537
75335209
98347789
2400070
27774195
2010313
97260518
38018141
59461783
91080001
52363149
80327136
95491768
2123863
94265001
71535701
4829803
29110640
88705534
51118943
14455844
14028408
35788421
40161718
79422836
36559936
45548200
51600581
60820794
79362057
2830690
31677555
89577551
65726244
50218212
34194958
88065973
8321427
252451
10459992
77599044
99275825
43114075
406681
34743709
1441157
54473852
43853483
51136144
32522962
70383703
30999159
47621783
91426558
11968018
41452803
45360538
95123871
34477860
79234057
32380878
33759895
26200534
35278424
38567861
46294454
71964161
71391585
66329173
46209686
54725090
60976276
70150358
47868524
86853898
51449349
44532474
16277848
60737516
22290265
68895456
76550735
79657274
53691755
51094504
26198961
43100158
96782504
88004930
49946820
68474156
40833866
16325043
85450148
52789864
58637369
47475643
31769602
59950465
43339259
3317233
22571414
51020913
32718302
60237841
22002829
27781212
51498243
68828654
1003734
83208337
77226962
20686919
66727998
44895167
85718437
15847550
89936481
69907800
67972274
66442499
6673048
3640508
18819023
96989003
23638359
41137950
36143564
83078219
14132290
85107914
3198559
30812575
17531060
18363796
1885296
76541738
61090549
1021281
47437248
44515445
53930136
72512198
18899222
8538382
6825316
31374612
9817031
69716924
8186659
76351498
62684145
67259811
5366125
27298549
71521271
80156254
71897929
5082625
55697222
62821004
77817994
70172796
18796378
20273110
86577380
25496318
10166498
34072460
84878576
53106495
59262417
55016385
41808985
87415737
35079044
7635318
70368058
68908809
73175602
62992883
18510236
42350018
33674430
24305382
95221545
8790843
32032874
33634612
39858966
60196958
20124615
97531087
22571224
88885423
63475501
14005546
69599359
74531292
75541715
8333043
31434822
7192253
75056089
37894309
69135642
92355271
57961478
38200778
31477585
2835233
67945359
55091094
3762741
63915894
88219967
25780240
863328
78083163
4888840
74416772
58546311
7002711
86338522
49180119
30031716
25415377
5591812
37594822
63022643
98616241
99936541
6966793
45164560
96331111
8735898
31593106
90353828
85001409
8565533
18399090
64484610
72219906
41854584
78119126
87125424
7221233
83716963
2267477
42019188
73207005
2843039
88661887
15557090
35119616
10772951
98601204
47314590
7694141
65958699
89235611
45843253
51514957
20667208
69110990
13098877
23052338
13454802
69847054
43619701
14931037
55804278
90233607
68480265
79082382
34777721
87240184
55571820
8967766
86858012
67189448
55401962
35492740
95982537
8130187
83358699
43692060
99449079
84010017
63433821
95837841
24672036
64285795
11922875
90968099
46822135
85061911
55057490
35878429
55847657
76971344
42963000
7093116
26099696
8898983
74036258
60740512
87636632
30472010
28013605
46786170
49425547
77155106
20870518
97080288
99067958
62954548
96983535
56523366
42844249
72744206
57391093
1988967
77285597
44786728
79811740
19122629
59640413
58450666
49674937
67125988
93347261
30210203
29478796
22320461
12120306
33461794
45704045
93160754
4701373
22449809
77702623
46085056
34632835
74997613
42997033
9925066
48637940
62077466
32901963
43785895
42982309
10060264
29148926
72186452
88162595
26966912
60028637
90804074
16498560
33246844
49495761
25726244
77840406
80127435
53594754
23835364
76040563
25994644
55953319
37131445
62383303
63946727
93216405
80213577
45614483
19025459
15095351
82266194
80850729
65263114
89136
66146581
47205289
24630435
34641154
176307
35668790
24200173
85734363
72063158
41281209
45561257
32009450
97774669
37630640
31940199
89992892
37775130
58992611
15831251
409511
52757963
67041205
6654774
40167794
28031734
3864862
82697163
41676563
99463399
98929665
45764292
99825723
49347105
27885695
41747486
6883981
4007558
8589335
42749904
45500427
56702780
25292447
31425476
68117601
73487245
46917254
87702053
85684920
91224186
10229455
86001051
7271573
89437963
75437123
98632669
1779385
55809596
60189882
13425490
91703032
41988981
99762526
75365247
78073799
89261174
84057589
738959
8280842
15014003
35252921
80143569
53664610
43779328
43298512
31184947
53279358
3564101
42204510
28959476
50303045
44601365
72306168
29870790
26936032
61485784
21018965
40580208
33186331
3193151
29568997
68432837
80189630
321950
76579239
92367003
5469255
1518764
79320178
77038000
88866804
13894045
19736686
97031288
26565631
32504539
86979174
53885493
61177122
16604412
79625074
14352515
94325817
90315208
72597725
64348236
19700466
62216361
51640752
58411552
90565620
48096653
71252544
25995804
41284116
26551909
896201
54689150
87961425
9903759
89660584
59979113
33286787
89956511
29738286
41266317
3236247
77391812
62825843
1103340
28882369
40746127
25217796
42513636
6005634
20679673
49075865
68777133
36835564
82917138
82367356
14442430
14030340
21418795
36828540
73163041
34164913
38973912
59126259
24919383
91889357
69767265
1727268
53564039
68994181
13258054
97831318
49769813
12828883
75113875
94180098
12730840
96254359
66459699
43448650
96623825
63943590
68286781
25216484
48025326
35453155
59073103
71077239
43058572
83079427
82101854
12622398
87637103
40714903
58927913
16483252
70250077
21184978
98897164
25403739
57109978
20886541
64626538
41991647
32816427
98711694
22212369
85301811
65608212
37563460
63494840
48205406
57856596
18674713
25009491
78270258
20739987
35932663
53459063
72779219
92759761
48082028
82085727
80540236
88052705
48190628
53202677
74587801
48545363
55867029
51197384
62229070
53748443
36890667
58057858
77460621
57179528
61465785
31220625
13524276
25417196
7772775
20095289
79319089
16869256
31080644
55495662
49708846
17788945
69229892
27580583
23066598
66126506
69157242
41151459
36553829
18380541
60435450
45544471
57425390
78508408
23117704
54526203
59227880
75032746
9118143
28433293
5605227
29285539
4030070
2611404
24012147
90866963
24588904
84471793
76858576
85236235
88392528
26176364
32553984
82734972
62123443
79969331
92726353
93553059
46078928
7015616
48472304
34784586
18317858
56625480
28553365
47577463
62816789
93889432
28208707
65983268
35766863
53644431
27546891
47809934
20239662
41547285
24069912
86513649
55115358
89881176
29173954
12708788
65141740
680735
80373078
3559949
3403509
45779294
54976103
82490724
61444719
52151592
959783
45612050
90011970
70224350
37124573
52745366
75314370
63475973
63256523
64139480
27745517
95001827
52863294
94765348
58992489
74960627
47318262
15610642
43199672
74527655
62895017
72347195
22934120
68108446
11596095
44075529
85288901
32524841
85582009
76830810
46738359
62808711
87666163
63775263
16251066
97773968
79525627
55768754
244351
41412375
33827741
61988253
96254202
16406536
50355686
26507255
19212182
31250808
79661691
83814084
80389897
59545132
87783297
42646350
22578575
3413511
45735976
4791957
82401019
30547079
34547799
99785347
12831627
12974051
24413583
29312560
36888157
67978973
53653190
35891083
82350271
6162098
35644353
65800055
38458937
11337821
55525201
78929576
25241966
90415247
95143139
66033069
11865005
63141421
40577082
27783686
81011165
20581423
16043484
83214764
96376895
60349716
35183348
68594155
43751384
95211473
52702990
69614782
23418132
9544239
7216516
16046411
76742181
91193013
63582915
29119702
72663771
54766071
65058904
92248008
14411550
23739332
44012088
25594837
63854376
15526387
94885788
339264
43383208
77178101
51599726
40490262
74865103
50401855
18353186
56473362
51940480
79284096
52072535
33505122
26146374
86112177
67786560
21140367
17722774
70842245
28012911
23268294
55693077
97501926
75162000
19423522
12492023
93667801
17420334
33502158
11132479
97986970
80699219
50965691
89155199
29121822
26234040
88180886
2797401
50372595
35702456
91512422
71200604
79546865
25644086
49362142
17263095
19678316
73135376
80691540
17832045
24206014
69701916
39746614
35316694
6908135
21501451
97962979
5779182
78866145
26250369
76091738
29899860
56981887
70190787
6866106
94685068
652420
90069812
16728328
83683390
63032616
6191281
86493459
95181232
79734979
35891789
8153807
32810032
74262627
69982435
5671505
94129993
98669162
29806277
42072883
8785711
12398414
94686692
26649156
34629665
20153184
76368548
93334396
34565615
29416272
80712003
89149520
15384949
12073866
32143418
23175552
48551065
62262786
98134751
9224562
86866812
10055528
98903913
90281593
55659690
20915738
14383337
16742244
24998419
17632435
5250194
63190400
87772670
85567083
27574956
55215436
57294736
36553733
91150525
66853790
87359216
35595392
83710449
23124494
19678711
12719935
46926717
21330078
91842809
2485235
53580110
3964346
43939317
56373895
64577825
29962245
35555523
59922151
62663489
79803801
12868428
22022354
11678284
38716437
25069041
5925073
47582683
73260604
7094504
55615068
43289649
57814602
93449085
72888090
15115008
19607853
46575322
29662284
14640543
11883053
46774913
66471
91867891
18140258
55087300
454431
12108283
81860690
7030067
12842975
33627585
74579363
84826474
1863576
19937644
62584343
38890834
40683710
56430593
17158744
37605859
60725374
4255406
35270617
44916280
42370619
87421735
59132055
43427220
86519304
11130177
63014418
3052290
46159417
71269010
43564823
75231252
81289968
56662099
34822414
38006197
3210233
81033715
9798725
28409451
46915661
40883274
13572627
34544745
3407732
94980419
40938737
6105232
73537579
98046681
42847314
51241176
55513177
62362947
12523387
95496208
49530447
3902906
94630862
41300751
89873534
89835808
59410744
6964476
41735696
80607358
47328668
13254734
30443678
4699415
52854032
37112762
54979674
30837595
93299795
94821058
40962236
71338116
84447001
15307379
52969348
68476240
29250544
89535659
8287557
76215115
84909451
14670043
73970429
76792193
1035466
47186085
54303712
61749056
63194175
32798290
26767358
25296995
72862418
56900063
71443958
1464996
49876992
35506002
56238018
36896553
50456815
29963294
6073424
46844277
93662605
51635433
50222725
72904080
71675212
68016129
77799506
69054374
65065794
79247113
66799969
20083281
10708843
41884125
89320476
6827425
27851875
14630626
84385426
71131786
47598037
35044140
384743
45736607
37283870
30936857
30337869
95015103
16497320
56162250
1974692
68583399
30649694
41976864
82466612
49873545
25832751
18990239
58886893
32537920
68607192
70861720
39851019
12444551
47464971
15361512
43125975
13351654
16278683
57657171
43869625
91663177
96282731
74566433
39323505
48165887
83068188
62264100
13016772
20782700
30048334
50703417
62256256
36562951
37363814
34362590
64877963
21468726
51324966
45660233
20554720
38345417
80193719
34366631
87434794
78526595
61225019
63277796
43355270
83672842
35502097
34525663
6910569
98776228
99164208
94410385
97282637
44455781
81379034
17569177
32714863
25141893
89730991
60677033
7728971
36878081
8846710
47132931
73400544
99689485
32972427
91977602
22091158
246166
13652894
17065677
48527918
11669215
27873541
86295213
18533741
38464379
80055749
69869272
56376973
67750388
37130343
55879594
19991661
7567938
58922906
19750110
38429662
45086614
87872091
27191530
98329243
98439189
70434068
11595271
13673728
72461946
14990633
7095997
48381128
6642707
68878644
93219388
19425047
7201752
26852907
46045087
34676857
63030432
14890646
11444363
1397229
40679700
5914933
66223462
41659473
56766891
68300889
99413192
21678581
14182354
80766815
51479326
33882552
93172156
15404637
99782599
30820057
13227238
5631126
29586437
70924138
82586673
10052579
41830936
12874501
69755789
19598826
27566854
92380740
62677552
41349068
94459172
9072031
42824958
77775321
98757669
28407385
95857797
24907448
56919207
1911260
52189916
61920679
39448799
28722195
13995391
55584818
26564634
87548878
18400600
94216649
36867638
77635272
35066402
74432470
51807381
16395023
57647022
72690845
46311961
64096868
97475564
8181939
52355032
92235477
2559481
77012785
63054038
35199129
1925271
270170
51776185
68404987
62553990
26710441
33409069
15132498
35212196
54215534
2906517
306711
96109605
27102515
23648731
55233456
53568541
12009745
81440558
2118824
38616846
21050465
72837788
84091911
31307605
3118799
4427481
71167112
38602899
61317888
135461
34010087
67123457
94952087
13159611
16474728
59960843
35127344
70711030
77768259
82013461
20145343
89895529
45875756
14980227
40200099
30208035
1599911
37626240
5724035
12460096
87023400
73225313
69328577
98066012
68374079
30400298
85995100
48550542
5864713
55106617
11775493
48397190
52061150
43606448
42603989
58255383
93516717
73118659
82349484
4451954
92703748
89046068
70909333
23458425
30009378
19467873
57109804
13851861
55715480
47416078
78515469
34169272
48425539
47472501
80128098
56316799
39433675
56734621
13090862
68293353
85721068
46350845
53575575
77696314
61398274
77380760
82743287
532530
40430765
63735524
35232373
81020131
8540658
32888003
7547463
75508415
14790983
1509613
41495571
16771728
47127718
95636334
49643509
10248921
76931371
17157212
47616745
63773918
3147903
67060134
28315693
98284380
96944560
96518042
24847194
98085819
13861994
27644578
70210128
23441732
18748291
44532892
85269608
28293042
26564676
24908861
2735343
603255
61501874
94269644
64048531
80628707
42430457
66236587
55796035
34942967
78898415
76430530
90221924
32472930
87614122
65627600
57636322
13053086
94344778
88823690
29941359
96123756
77022348
42652043
74604074
47401746
28811335
17649610
73145270
28545258
72141757
15990404
56303310
92369261
50047262
7406862
42449601
64223907
1503945
64566753
41439313
48192505
46481316
59754939
57933431
19168870
91690544
63216021
49669154
51603196
32299226
26130488
17480212
54732411
96624486
371971
1911756
31516709
20316538
34408487
69934159
7664654
86440768
56099011
34844421
76450430
8065843
20636565
93181244
97569052
81253954
1623265
53649249
92840683
58699833
17127863
51504517
29380901
5192786
83137475
36000728
4041944
26911554
19077127
94104897
30877653
18916453
50890886
8741651
37738549
7152942
17291709
72480507
58256543
65263541
89086191
29882918
67043506
24846860
11365531
15329084
70538274
93377598
56502711
12961322
16833497
17496990
22847762
2735826
68600782
27041465
13493210
5908258
41612547
51781627
72760914
97784480
44859871
94727464
65699194
61317448
93185573
58886550
39350666
79346237
85802378
99695191
62521651
27173614
25307445
53887044
44570444
24754923
79492983
31407813
82399432
5455281
13909763
76257843
29593798
15222858
63460351
92033481
49812154
98480227
13335812
69958128
42272916
67223139
45785736
57998704
51852116
60146654
77832905
2740409
25789727
78185170
33870544
73543824
83265500
87242420
16765994
94958581
67663302
59206899
44768616
34961463
56180594
53857059
57926191
60670579
16715155
39022490
93470616
79247513
64615365
17682537
41445792
43238054
38333996
18987370
84522054
14226745
49861993
29364073
54009068
61948541
4098178
44040352
41719266
31921392
38426795
54028230
78867842
37923247
43178061
19178405
36455937
40078477
48137557
69695808
86306551
84329391
80979797
91052565
51272287
91173260
52438496
80414318
39691194
66537334
50417073
12198991
92562599
69859209
50554439
26588893
99070690
12852204
2573202
53176925
9089681
32120481
39095181
48392287
10404593
95096479
25486399
39544933
26512053
30841412
96676544
73755349
42283011
17768580
81054287
20288896
80251156
54438826
45909575
2298124
40831401
71436207
69296289
75704189
4276844
2160329
3833890
26929384
33326959
7594377
93204395
14921967
16722107
55712220
96362846
89115431
98106732
50481587
64317565
67371309
46972356
96454484
1443482
99520938
64242694
21511558
9037633
96075706
34497168
69532415
6656949
56354603
73931362
43777021
90233090
22794965
61034246
3119077
95923427
29642247
63148356
95047833
31256443
42686700
61355832
28616490
4974033
96717019
89789653
60407380
82740762
55336497
39531029
62476400
22854347
33263677
20258349
5807725
40983473
54021291
99481156
45938798
58761519
5130545
82968617
60021544
81551100
8503021
43533908
37095506
45323256
10153011
61622036
80755795
17866743
94545610
85490608
86931096
23845918
25067903
190835
88404543
99540740
77780147
43251933
77734735
56266118
66793182
50699589
68778610
82442813
27470729
80189081
92668919
39723843
35390263
23264417
76523127
66732561
76400354
53462862
8794137
89904608
63876974
79417764
73998041
83791567
51416211
83255741
16542716
12918847
87527333
75064516
59762144
41794214
27107106
55973742
90220106
39025693
24260826
90741340
32289259
34173879
11270813
92770509
89210105
41715839
61938336
7908044
5243524
1110912
97712037
42718638
78116689
79150189
82803370
52037112
70084266
60974553
35852224
72395697
33127165
41915369
69014206
38652962
30128501
10394721
6849239
49981
7334979
69506951
58082482
2642933
42794487
94685373
77636487
58691371
23936088
43425170
15561957
36216644
49101164
42084429
66249529
49379910
78879673
2898303
55537703
61373104
48719908
38275439
62899547
82674206
9343104
83391037
17916715
3140724
78569374
56212806
41949937
81092196
57504308
47984648
32793277
78838470
95628102
83115548
31638079
51215334
39275009
69156474
79871522
6185808
55324418
93270879
7227292
50611669
82945459
1616200
30873552
45628415
93602628
99952090
67081860
67892082
21507498
79669922
71300910
79318032
19527950
99099007
58320831
75794591
75262112
37124690
51425444
52777475
20971455
46968964
40969208
75551672
79216729
99925743
27177373
22954608
65411044
32439993
71109836
56645669
73671367
33024561
82796216
50978504
59292957
64481904
87028969
57923131
89626837
34518536
14745124
16562697
66362697
93744287
69815486
53745361
73304864
97253838
22216712
36414221
85386351
18539641
32989522
97713052
3819813
90007442
13439555
52883717
48088278
85007878
6226032
7557856
49230376
17273929
5348072
12496472
86338086
63914786
48172256
25445834
75076162
27701750
89437454
19234038
78603919
27042212
38791903
80328541
70449573
59989249
2778338
86815743
90638282
85180004
59164530
43171963
26587003
45401217
9456856
76477295
24936087
59085742
95482801
56482827
13904265
44608355
54254317
62964691
21634718
64434586
66278731
85742777
55851295
88629224
61737430
25536845
49667876
40112996
46488170
32876772
25983385
29878691
30289377
4178960
7619026
75008701
46732902
32660345
74781373
5306934
49253396
84100082
25315399
71493302
62079553
67260569
55116156
77440578
17039061
96292363
12227311
73730114
72757813
3360278
28403904
50042598
14839468
8674229
56246860
1141188
34400399
82715587
26614776
91385280
39833063
43999343
89328185
22995729
69563141
65147207
99262511
85149959
80136904
23902526
12161424
47245787
21116140
38230131
1585995
80669653
72306490
52287508
40985241
93011371
79202199
28083114
75947671
21869686
46231725
23813074
44161621
56646875
1275439
13466045
43479010
46931520
24155757
73617478
13967404
36533374
68499067
46871824
1089744
7285281
37556301
16388172
26613657
26602781
56724847
97498686
70921400
27399451
14939603
51607618
96574907
43907270
13673619
1331177
12774579
5604856
93456848
70582925
73007174
43350798
32719931
34006443
78916171
11080362
12025760
6912663
39911988
74597837
57834405
60575768
76107591
52725252
81974737
7654178
79208520
10771013
24537245
60136012
28951729
54866593
14874485
2060602
16747293
64973508
65614255
48855609
43624582
20434939
11772029
35969322
6540105
45602219
59669253
35671394
15856322
89833574
51346358
77971044
41222319
82878067
7979966
88214025
8163236
2872485
39132445
58506852
76587293
13413944
14553661
56468800
12639853
60391699
82091345
50319503
10779820
28515303
54670005
85019178
33899859
32631967
36724134
73870511
21448084
74235109
31446665
48337575
18039381
89999078
12684478
96111457
19082974
54489353
27753037
45160412
27973217
59579127
67418986
25814739
54562413
54731939
83267922
34567807
29059833
35062158
53265191
29809669
36469865
91120051
87051889
56630469
47659334
33485187
44979299
28745334
4459763
64478555
83251151
24930761
66493273
70807794
32614856
34499451
61532624
74307112
65925001
53876553
18685028
69149402
33494800
65098779
35239197
70424606
65394740
52585747
95090622
46849373
60662377
68344158
53519316
51205667
44513825
73976313
47812673
54960706
84557309
5698821
24654777
4519603
88724413
25505925
39682427
83382839
20929870
1576184
32143466
89001742
44877144
12497330
47367060
13383755
99488638
53453635
70136875
8562258
86480721
53589243
48155713
60430800
7660814
79790161
87595381
94154514
88005769
68392927
84429759
1776498
18202719
48864390
49625803
20881724
60448020
27754730
19116163
49585573
73390793
58867825
61051409
84041198
19287199
87840690
26414520
88864451
81757677
91847619
61964229
27433174
43809148
51709580
88656832
79917175
3367312
85439554
55827109
33050850
51764877
7804254
2212452
15805115
52861622
42264934
96727531
60706941
85652592
98180661
66008639
72562026
8371278
93992598
99899938
16052363
67561340
23236458
37525156
82471488
59356296
2063678
46651178
87255071
85380184
30863578
55923198
2305712
75669198
68042482
33179327
43479558
43044643
75742226
46255163
43644977
17892638
544480
407204
67936069
79670614
6137075
6520310
69341649
99287729
61056387
8116916
82288028
45284941
36812463
74581375
60476335
94043237
11394256
82165837
94092708
85791652
42124173
26537410
15735517
77728676
26095008
13336589
42973860
13823534
13394175
78318742
26139233
68496598
84884949
95273097
6924370
57826512
53652196
2609129
85374476
82112718
40342114
42069066
6540477
35681554
93743237
28656247
70452142
2723296
41114528
44472170
12261587
11115443
9751009
80131733
59769375
35557171
13778935
44601684
90370531
79090456
39505018
45163711
1477922
9115366
4999349
77628844
16417444
35597187
26194294
81877819
56452726
28702501
2403378
13069510
2117579
62100397
10813616
59553832
23852417
72871437
75672044
14423540
73002763
57617093
46957814
86699204
82111902
10218208
60090746
37629341
74034340
63344564
50088731
55521658
29868782
13513626
36229572
28709043
84680115
29052317
35920868
14560579
64767645
62907185
44225201
17623121
29539175
94679812
28098971
6694772
17667791
28016385
52059958
75880922
41130857
72544607
57403929
3234006
518798
65167970
37612388
55543214
70077688
16476023
50907120
84735737
61825150
95913511
73033317
41398399
26016442
8364476
50723473
12074076
57178339
1516786
63804080
40082967
93448702
56244152
95343089
45399595
31100831
78328152
31319993
72746830
31800871
24471174
19984836
82658986
26182877
79559178
25775155
41144554
27294282
24715497
12005242
19520863
98210051
77340898
40502243
97078871
66765724
99142712
92747147
25488035
27591037
91600881
88987696
7231126
8392654
51160436
62386291
3180592
49111858
1337453
95981568
75268970
40962038
39446350
73057660
37350561
65229189
38205003
55694015
30077561
18658868
99780963
33125485
78374507
72228718
70197522
55637578
57496099
49800346
81297778
67390414
24881660
87420893
15232679
71326207
88182952
2532896
84211460
97909410
7942776
55220951
67048608
13270043
21744181
62806324
50362602
89837180
49855532
44535739
97863911
68212319
50147509
57304491
36768691
47303714
79813977
81318362
5905980
65071036
25127397
58077781
97993828
67977702
23492862
43698205
30000684
30966113
13679359
88937251
18859549
4515669
89162016
51736442
92053077
58552843
34324671
87435931
8903946
8843755
39491816
72721969
39394056
33433945
32414333
57363119
91620807
90639354
18347153
42757542
81510831
68146264
57359905
77970271
15104919
35845923
69861245
57697921
54830691
58623911
82631228
65320744
1758606
10662534
36779431
41908377
43033519
6919139
14325854
68450104
65697193
37782195
86353181
6199095
68353558
78862392
58727232
71949718
42276541
27481183
45187905
75187505
159396
3727786
10054342
30525207
3238377
75513908
47667920
21127882
74566837
99804796
41894795
39321216
68037933
20405029
26028620
9690396
22079104
93484998
49042097
42668643
18099295
87236747
43355660
99666369
41747276
99964475
9969938
11425840
27813339
89152768
80160989
3114859
5559967
53443817
75914469
6801786
55458837
72811718
33657047
54974240
91747241
22890581
26878148
34456970
33494431
90929814
95597505
72281578
85534532
79967057
62022474
69171543
75295496
62385959
60282388
14216592
40886914
54885748
15078389
27629638
40306440
8932648
7315293
83960270
62115215
64376282
70054554
59485402
78511701
73678587
44653967
93809090
45848581
28951482
27253681
50089598
39187242
82740836
71192620
99886354
60693992
50677607
47819182
2224445
93189466
64596864
7420997
37730577
78564035
62086577
81158336
1228461
40366284
38861039
74064365
76135605
56653479
43312247
82829783
37871743
75902290
31769136
83869091
33722649
544091
57579176
17149569
58206574
49706739
85748405
64300914
6377621
51837186
2128192
20619082
99843107
24705459
33886577
47707094
21510333
42293027
26335336
32394752
47872075
21222373
2434270
38773841
6031578
51835038
24289797
43805804
70681745
54264675
20849979
47352032
42012727
31008257
71211121
27390313
1927330
87096415
69668341
36085013
67976871
11289700
37596929
39030371
6105996
90217919
76724826
69086644
38058408
36798542
42719868
6326084
1679041
9617533
59005618
9877883
84562726
26213192
78240687
71753221
38509545
42997111
50181095
50144847
97102490
74627481
21538692
68929197
44763574
19922783
75926610
68303736
76774614
58376474
83202635
56491080
84565590
96660093
23083690
37566176
40017768
34319782
50447358
64656034
92888367
60088629
75846587
42103337
98866221
1975600
31118946
48956814
62160275
50770295
47887609
88800808
61984073
73288745
52076875
47180613
12857347
10484802
91490917
35642517
55866789
32763323
23049003
73864269
40482680
54914633
86626737
11161332
3252758
84342947
84520322
80264117
41310843
20631376
66196876
79460060
85939027
84879262
24428929
94160675
32243759
83080596
46694710
85863146
65376643
73000079
60596013
3904697
64167277
6895798
71882902
81492872
18667348
17572396
26508675
93837248
27077452
17514849
85722263
58784933
98055127
63753562
98518911
63338218
7162505
80674090
2196415
27860571
98113626
97292147
47480585
27589156
22787404
5473243
78065611
49797541
88057297
57962508
99265527
83365591
99844335
18714973
4442741
84161721
23652161
74134949
34233349
37322590
60728633
8965862
44456747
5455250
25182549
18828381
53370518
8372525
74675298
26226063
49816700
19811622
22429993
6692308
4695245
75523101
36020614
98837439
99739716
13890580
12192113
76736305
48568218
33032449
54684982
3277720
84460086
60436645
16248
15067049
49451023
2176193
563338
4065391
76051145
23318368
45748631
99414420
12522274
48114607
5984403
66485823
4887392
28099626
22385579
63420666
26657416
88504011
17743194
72209285
98347208
20022872
53203103
95191583
20239034
73249832
33879618
40845831
41561938
69902314
95585929
62767809
13828336
4808246
66284930
70805119
88485812
86615651
80296453
89478637
50304307
56630455
84053292
81691924
13228693
63053694
76423298
3250176
73963356
43998897
48524280
32024031
70850178
9775329
16593475
41328059
46579948
92202602
60630210
3433352
69406971
1566117
82052419
2454633
9247281
15007677
65606447
44770070
34580805
5091363
63368224
16158501
37142256
70575475
16480262
55752470
51398964
49872428
91389313
89869592
94639021
32179660
88526175
26222264
64950862
41964170
47095017
3055782
23741111
63484473
53726425
47497096
10488866
19170333
62880836
8662034
93822387
88292238
80934859
52589573
82439582
43564543
87353069
73095446
35950096
69082997
52320701
66396500
25942616
95892200
66146008
59242368
66341220
28411945
58616007
44085551
47400236
61326248
22469572
82679488
2134850
34709104
85938485
42452055
5808059
45539864
65686831
87405294
52809816
40022087
7015645
56224843
64138320
22421722
72348926
50465582
33564276
6563563
66775181
77765536
86015584
4884113
47253274
43490654
66515322
30047929
55079356
95722620
45660756
72745572
21764619
7369171
80416621
58656697
25963521
47782322
40881123
11269529
78174423
47325634
71639122
79134117
69363427
58435755
76606653
60146742
83526866
34105558
50646066
46258757
21682753
97839446
11291417
41060288
69629649
62868691
35210561
56447739
75384875
6186863
12648673
98198887
42343705
81823941
80120051
79493571
99327722
55367054
76690292
67947280
47211350
91611373
70296303
45948340
76208148
198113
37926821
52589929
83629280
50468437
96996968
77594846
93276585
50556021
23067798
80074276
24844015
2872587
87610100
75145383
53412868
4774153
9902547
80601952
93570223
88779979
88362684
97183138
12067547
52609716
88054751
4559431
34348358
88984300
8128138
64601210
19455475
18615907
1499366
76060951
69605743
90220140
74790539
48643257
88356330
70798081
89903913
1581739
16067036
18784885
80876969
27537377
79085260
61052172
25642202
42842620
33428055
64308511
65674535
82191571
58945735
86358740
98711380
30469533
14188063
63609495
74831686
1029900
92150243
50844586
39817878
52585674
1670809
86658225
87627275
52367676
80481385
27379292
50668605
15778873
33342062
1999630
6137939
56986661
9332661
74351005
15259128
62686093
79896724
17649717
11723044
56531590
20077154
25624275
53456360
32598581
22760838
66381235
366686
91220570
98859018
38047267
48445794
42592695
81334252
17008715
75511199
72135209
51141121
95992708
54422321
45449183
58598857
55355351
1545147
55769531
36275745
81881422
68647720
8477815
69066948
43336605
51690012
5594153
58618732
62338000
69566387
54588072
89119264
33012437
11273148
47033218
93726825
17416998
92061543
48974151
68259793
4312052
29236969
12471171
49620525
72251825
17949820
29580980
79204951
81119430
79312254
19489807
73902019
96243258
84251494
65979176
93371732
97421358
66725543
93419979
84926223
3100256
45238439
41279621
61030313
43643415
60125144
23045320
85481692
47223686
66912662
72535114
25503949
84083671
52019633
9078088
23727806
68848068
11854784
8641175
88439447
31523625
80150054
55484918
36613117
13925180
78983378
45233432
78266930
60685353
72837374
42013179
89987707
24502226
54219058
56587183
10125077
20940241
81025368
20556290
13092533
52768455
40891224
87074406
55531994
51833035
74322312
98955371
20162197
44092122
95730674
63609416
84849800
47867232
45852129
84469817
4608041
20501853
26593566
34402682
51915907
59940451
7360978
55967715
72830300
29768078
51340841
88182947
87304883
95190780
9705571
63229802
16938131
76860947
93005475
28237541
22673810
19343705
47708437
3651043
947557
99119457
8622192
49970049
86194898
48329573
92356800
65510273
19174154
81496755
25790985
28481677
57524713
98830191
48908195
84882807
2798250
65815492
32326530
56359588
3490655
43864056
77279951
93444584
31634741
77416049
20103909
52733958
60160309
95587519
66160093
18948947
61803213
55630406
63989342
95290716
42470221
11722962
10708624
36832083
74700537
46316905
31738829
81890930
17258391
70051382
12938017
81483842
9230717
87282055
89304161
83701052
59483806
81999263
26907760
88637232
51578460
7261542
34282466
47456822
94749445
31473523
28485274
44298704
56602254
82869771
17700183
87299376
39122015
58992200
19090282
11489689
15743398
76696364
13317154
7005825
38817659
18000043
77335053
84327529
38952016
8556620
5911758
50638460
53982216
74166454
89342647
34681908
4833030
39458288
17731206
87856661
2232181
22454766
7958635
54197684
9869580
82476308
4054405
2490754
65769254
99151934
75532555
7773703
5063162
5778151
97611210
24907130
23452383
29409898
88390031
7207308
67534820
33318246
78049099
91528707
53008046
33787527
96505897
96202902
16449282
63214
3630675
72614302
65968437
8299305
29495710
73457571
64476120
4432745
19933745
8083726
78814388
36035455
95107928
36540605
92805718
56229485
13341671
85469631
10239247
20940599
41842440
75073555
85158538
24283172
34353001
45169026
74156382
64062369
84472142
76142951
20042080
27890169
7731148
60988084
68586119
70501907
40059329
53023360
67940341
44261609
38288684
75265530
26545328
33516631
584075
8802428
11609807
42410080
24341362
97791086
63486973
53781389
98668873
30618149
80306260
12088486
23350300
63954169
45427244
49134248
19091348
15191914
66131874
26766610
27464214
66419713
48075897
68500949
81465209
24826512
94476446
41046962
69267946
81964489
47150730
36262468
5478163
65196995
34811908
96404568
17988032
81275049
18362909
11986634
48478240
759762
61106378
3641337
72427515
87347032
84193134
38454501
66655257
42756317
45355566
47060754
30806412
78432183
20733511
71130154
29638627
1198148
16388397
64174319
5972932
94073426
26171881
24825867
31003362
20946117
57118986
65366876
157351
82751890
3860970
31435458
2536457
8953495
52034027
66370153
11079997
74821530
21732361
24064883
91799100
16767505
83545887
72662853
98039209
63385144
96925729
82793777
96388047
25072513
72824497
61771790
79030936
64350062
50530769
84356103
11770477
19286544
88193486
67650133
76197090
45531707
78593351
81189070
69403997
68981731
55163513
78492332
55986742
35177673
53873796
26705690
1625452
81741797
74822463
96397628
62935569
97534129
42098207
4366966
93483944
44885102
29746250
61382074
72711569
56798217
4986855
80711733
90339647
31843183
97026880
53312391
70385126
46010566
26742052
41857160
15261330
46879450
77630225
12776287
94750456
82188911
26016935
9540377
96955668
41386470
18672916
30279619
35113589
23268802
60590305
30905580
20430732
54887204
11803064
91910784
63055456
23313911
65475462
97069424
33990124
35760463
8631283
65985919
28394898
4841646
77934312
25262732
72750822
86420821
86071150
19291113
38940092
37732210
93377808
67282715
39301002
19222971
80533000
65306508
39519368
32138220
74871948
13149065
33408040
99265374
25116845
59153697
3610371
26099374
20667894
73625170
1168925
33706144
69807457
24218460
45517977
63094205
21227057
70490086
40527616
5571308
40730094
10622050
70017418
43298351
85896427
94116587
84206332
21640271
20656557
80243838
7920391
23898754
28243674
7561127
89978664
71214312
76545012
30313154
59777701
25893164
69759605
72146794
85063145
57118937
3066136
9828864
7008295
2363448
26645760
71819043
36248285
48747840
78357964
36047062
33957336
1254663
68627395
28866639
55933994
14382453
80958680
49939245
732554
96492506
9307202
21925330
44503625
87938029
42499310
91152441
59274843
32745866
7828245
75453732
24501024
5320515
58947386
48962359
95306282
67649280
6240950
52646341
40866625
37848279
84479652
24246644
49695124
30291389
30981052
13723792
59161054
30547285
21534948
26543217
17019521
86152803
13303723
96180831
54671532
89861378
67288890
55113396
19836959
29301578
68493193
48463836
51683372
32143162
73423337
8408267
44068584
162315
84766962
42139857
52809841
7397067
28954542
47979158
53860311
10922076
50234423
88639110
49403191
85625764
4237448
36027590
57320884
22365336
72969573
46064564
39419579
3837450
28803982
96063665
1950981
17761625
17973407
44389983
27872383
54341492
17003236
21282253
43031763
22402855
23154641
52240817
43741638
12673058
87010531
79924376
73124750
55100210
17686072
97808454
19503102
77963385
15549951
39636724
27770490
50473984
70667565
36674617
3454066
51072725
69935637
58602894
67180865
14050313
70058832
91113315
53142647
91270654
51294408
87663684
20315511
33636200
90546471
54914740
91850017
99436524
96012717
22622634
67513622
80298663
92684676
52205611
93236450
47168060
4032615
831966
53590506
17223552
97444757
89422679
84447890
96665047
44164493
17066098
28697230
89640741
21080136
75302902
29086784
67430759
74407179
72488847
55941101
82788426
14732147
33593422
20280478
82249229
5324307
27062508
1609255
60020285
9740219
33599530
65059875
91834254
4734872
53586072
9227690
77572577
48128879
67746527
4011789
65595503
97845314
79230719
69553034
47536828
66506981
23511815
61842159
25501566
18323133
41642116
82878904
48529586
86390019
25788992
64613410
56340329
77149025
49942590
68199630
34570406
73110175
40818449
30373661
91269010
7673824
54544324
16932834
8383814
1920264
52472244
87041438
27975682
55991504
64645399
70899528
38339200
19539285
54138165
6692810
50799837
49512369
81781998
88827896
72832864
87824698
33907679
78020461
43421614
9772910
29714101
91751826
52474104
21058436
31603170
9520324
26470560
43602748
51353448
90405049
95205228
8015637
36426877
83888890
70423718
14145120
11312767
80817563
42454530
88628154
2827326
67368418
28787958
65255071
14435894
37160904
73201694
62855240
3550203
54708506
42950995
75877994
83003072
67748181
71452086
17347969
23349353
46964462
95694146
7633712
12379247
86404699
92854319
14313060
71275805
36931173
6133515
82942788
26906356
64791973
94191906
21649679
17129678
15563533
57333326
45597019
94625068
99850072
30604907
16454379
5749250
36225075
32244046
31752124
75738036
79749405
12069546
67694816
54605142
59428108
12619702
49576612
74666033
67934515
41678405
239661
48319290
29998252
59165643
90669028
81797884
20046979
69035528
66091701
81575629
67556789
21327584
44522413
39317140
57528687
34820965
27860871
80198896
86446373
75714873
69274533
15465288
94293781
76010250
79954088
30301533
5762086
46081987
40575569
19420194
42939087
8472747
98126912
46096950
63037232
13724707
42132141
4157625
24542497
32938584
11630933
36354909
71559227
6894376
59777949
83149608
46127254
15455543
7178848
88132856
7033173
24943040
57132712
13758750
80611234
10753434
37677421
1835408
9509619
59960908
40133354
17676092
15681772
68628797
95645516
65011751
42209171
15237486
65381619
14422235
55943501
64921345
17737539
83578478
11283713
93484983
81882577
13102984
84603359
66251465
77517445
79174517
34699327
36409799
58244109
27434765
19059542
63787806
44810611
90396286
2719873
90294127
98696250
552812
84233190
92421226
25365146
54570952
61593173
36873619
13127207
15397919
99696564
74607093
13207120
53860389
96094812
81883217
16591303
89732126
26327882
39250910
77670200
18019479
23343765
84869096
38364114
67940570
64242059
76431667
29604518
73262534
55158895
57670493
61351309
29469463
62867518
47890477
43214938
35501292
78958256
47695308
66932791
26774690
86287671
33558390
73548521
55620211
15995996
25698208
524571
60062185
23350420
41574897
74267556
19214010
39137471
67126112
47873698
51954463
57065764
80054241
98239748
72760759
19874466
4318972
73241625
51492231
54548011
52235116
240867
91923529
62526787
31591966
88456367
80181001
3398869
3929864
70313705
78305805
37240630
96956609
11969188
12364781
89788226
64908552
74367045
43472799
63135522
3959617
83356142
43797058
32085251
16421809
61586968
81156410
44627636
47306452
82274677
45579331
85673206
65973264
45055954
36120561
60888357
94610528
53650159
66978717
81141984
89829307
8605105
46264051
26233950
59175303
56253060
24192263
86182261
88799578
90605260
60402110
89000439
3122268
23982028
6593644
168920
6685509
91023117
20150288
50316528
10593855
53381708
4781025
8333328
42505008
85246456
1084842
61131992
96675468
44394449
65172449
10981786
80084591
71256666
72840716
45826198
65191855
96437155
44249561
4317389
30623317
12081462
75336400
89461978
56568180
46055688
24748593
6667542
36824173
12582270
7712988
67352825
58185364
57842345
57188684
79561931
27937293
51205226
77009076
82024966
91156864
95639340
81192783
38005282
64272686
82641992
84137142
61822496
20538418
25510023
95110082
25305414
34786415
59781661
455591
55711167
9827025
49789630
70507993
5300931
48484189
11660158
6709391
39811604
82765561
17985371
4972411
69262886
27388850
66150779
79545754
56541504
49793502
95595813
8540130
93562063
9195988
71847805
36594834
17180835
29834065
29499842
69020959
3215218
5362280
26649668
3551685
74572513
40138212
46815945
79133546
57326647
19654111
18805149
45480704
35575644
50878246
77500477
57992090
32647212
24300373
67696594
46913131
9209316
76180761
25619110
30726669
72918187
81476601
94221133
53669954
63038807
44886415
93984431
92764204
65116265
64465129
35042558
49748118
4741974
28661373
32367439
33082744
59623149
94047200
52882584
75182843
16236054
69523695
96942973
98994008
73491684
360301
86626961
67540877
40773471
20433943
82391364
35581002
67402976
24627456
12567064
15250084
10651062
69920711
33010318
13667448
19633487
24072486
54660925
5674482
67913823
6128941
66509067
52646343
9427136
14162872
12261002
11289142
2602729
16023877
780272
39295491
69962999
84132276
55289864
22044832
35328643
63610720
95593775
93192123
65917349
47039969
79123349
90453865
17241823
563636
85962037
84890779
33042921
63765319
99809011
10503261
89077520
59589429
84798931
70028098
1194572
62911499
59992948
27695807
41397251
49661728
32082178
15362425
64617493
30685559
84414534
23421672
24056456
97353070
34127527
72391318
14949293
74975460
68024129
61931095
5843202
1652287
87242673
22809447
89633478
47684045
7829986
40972608
32148353
42507351
24078657
78490525
24028033
64811573
38346602
72122370
66454204
63981070
33070001
48379096
54308383
81611591
12394527
22241718
69021839
54568703
18583713
85626708
59499897
56101248
1757169
19456015
85287592
79002594
33627051
78452879
82414136
85832847
28924902
80236983
56767689
84319768
217571
93219562
41677840
59521749
16000564
71042265
32480290
17756255
4604187
39138719
67508617
99445114
23352657
16017885
48824993
22049945
39690883
85290893
78086235
29935560
51151172
68254291
42839195
62906579
30401946
97078312
22267318
19873754
74396191
21173141
96313974
44014314
88390412
52208163
66817812
49909680
22176840
15475245
38006160
48931572
17717267
33778343
47939811
96114701
70341097
23988167
28134906
27730589
43335837
67302727
71750848
22156869
18849742
14714530
44700262
26160735
78753239
12265117
94211971
44544816
47888700
62188099
33039957
53961040
8306984
11075557
99177967
10010884
31659117
20442350
51900189
58244605
18828531
25460766
59095212
38106250
24624394
14066924
2160650
73997241
71425866
68567400
59263381
18804261
72523823
10068382
39584462
99885449
50706990
65743894
93067215
72337874
38244216
60082782
45558149
20447483
1151167
41563352
818252
20502996
75413869
49076145
93463639
38887439
95362196
90490095
33643013
69422755
83265665
83892010
28546929
79056296
18423515
58824704
11853143
1252261
54212285
82584769
31651754
40582565
86875917
33548533
62122433
39834960
32810851
6016317
37148032
88065814
21609480
97366434
46059215
95689803
93101775
30858780
50080773
29347529
20497887
79373044
42793645
55062076
49623773
4313603
3569305
32030660
84254290
66072564
1196655
28564668
69165263
28036038
45006633
70560935
6380364
12398216
85914657
62745725
42027752
1619367
45297086
69920157
83462424
40754561
68515539
74185648
11619228
38013031
38328758
74873484
39349938
56029959
3845525
67245861
52707149
92981636
13072736
302727
1021317
36010365
86201151
91640261
40996810
11817074
34650186
93312918
84878007
76875365
68223669
45038281
13360211
17117378
21423944
54695353
78028804
37213461
92916111
6195779
76422178
64196139
72480105
4242134
27694169
88034305
67740624
51880431
38104883
5229252
93427385
94706955
37877381
49148652
10371689
48406715
23595277
41488366
48296061
77892161
90368056
50129273
57667023
22903907
12071045
10217744
26914546
26772635
11047253
51466345
42131593
67232635
13436907
96753207
23775568
16433527
81752497
97022642
10081407
62664601
8807348
84363476
36997542
380650
38314143
23949277
76291958
44025267
3369236
38931193
76062805
23777363
36584137
81607621
59347487
6852936
81468369
45416740
18431725
42674103
64363045
40663344
78579910
98477294
95782351
71860100
85976977
54918850
6930433
97958831
9631382
44296490
39931024
58963289
81120153
84499142
54047825
46001712
22966205
92787923
30067109
55069894
88879863
16748024
6715921
49154800
24529760
34102156
40745945
90294699
24183804
23029032
35271755
45415502
95688463
54357239
92926579
13758757
5559280
92879179
10687703
53943964
7249066
58583119
49711724
44446310
30038384
54258671
71719067
13890110
1037202
67317066
40628354
18161524
34030866
61144158
38236449
72222189
62042039
62270517
29525198
99014528
64412243
18126900
32393516
77815999
16052216
53210036
10560049
67764154
97928477
16772167
94248671
48972847
96324873
74612445
83241387
64795512
89613989
61864141
11298144
8727003
87103411
12538679
93999761
57879039
32359002
62130499
85502364
884997
85277802
6143671
35973028
23854072
3192756
73832293
19261999
18424149
13249549
34503825
21081046
50812383
17755555
52408313
60587033
44364924
55158631
9646738
62406598
95822319
86877195
97941321
72107137
12643610
20254430
40639151
45823008
17847822
56590230
39524022
58377470
48095724
75338595
4719025
25208861
80121169
92671457
70472663
92832086
31476106
52919791
48713224
114485
45461466
35825612
47922373
73777904
82925598
40622704
39646242
50343150
21829840
34683586
25988934
3470550
75386376
55330408
76422787
50038602
25994476
90830174
19609790
7189371
72925770
70429126
76798668
28716032
6370911
58115982
46947267
91977667
44984345
5359661
9963850
84610398
64718650
69306582
24012164
79962676
75169201
90291743
78028095
38941216
13400969
13181549
90676935
82226622
85632370
40147075
48560937
15896281
66887823
31020279
59885692
95002576
77392515
53510304
34349012
46225206
54774280
3221960
77525321
53116906
19171673
52483854
95160386
32782670
75706928
23419344
75235627
68326775
22937069
67096337
73406358
61935805
932825
5033964
64609378
98309063
48747414
63352128
69622586
57316043
72604715
47300277
17480773
95604914
26863883
40334211
37440952
9756073
98985405
81160005
34405972
61063427
25741110
60338213
44534608
93804297
11538337
55272505
97730662
47066102
35830989
14723932
98664903
81544916
51777414
7795452
9242062
77831989
57542404
18982139
26472338
79194238
83256609
77170510
65067231
10710761
46267897
75678034
72476320
19263494
14362302
13710270
6543031
7156905
41448820
92433562
42169957
61748016
27710657
27376639
24806554
86361654
92253082
25316934
81326320
86371908
8601523
44395604
34376996
6538103
41139338
8416662
34057725
30439385
56733274
18983185
43611598
2518674
37659286
59144439
43603169
40344500
33324668
45231789
71810845
84185305
26975499
63792121
27790068
98005910
9481841
83627255
27092388
84875492
84028990
33453444
68450844
4481325
45292609
46312696
523651
87290866
74166954
31327972
44401889
30144672
85522522
60416679
9190609
67441513
23293075
46172481
20549066
42654470
61145873
77604724
16048951
70975429
60337139
26588993
73643823
89630667
90773980
30111740
10355871
40988714
74405541
25541998
70446608
29099191
78566189
31418389
9488467
87689862
17597039
92559335
36392182
57183675
80315368
19492326
23044264
99757042
43281012
34452246
82205463
44424442
64291239
47231319
32350167
68527216
51033264
4605373
18093807
75564127
10715717
30728947
60503689
73199846
85490063
57308062
38568249
39189126
94206495
96453663
63419189
9980402
12977966
47343844
48499262
94025951
59000977
93336930
50160687
45304554
19308457
62123578
26386252
77857283
19574058
27662964
11945399
28807782
40124476
39538760
78490150
12781194
73303042
39158867
40659373
56602337
93502301
9461815
18179444
47808092
90941190
50921755
35998590
76479279
41984751
27714973
80340908
68414301
52044435
11915393
37945764
91095108
12734122
24564550
46492489
22518008
49898687
23999794
80812009
8570617
26193993
41474119
81967587
75571999
57432665
52031913
57601003
35269609
68604836
22056494
58553859
95864399
79169675
17253383
42557646
31311090
9078202
60512145
34531789
24821598
22283787
28060195
92941115
7845910
22566247
53420164
23990482
80252538
78550942
68081771
83833039
61204005
90433697
93412845
26359278
46662931
47397085
19467398
63194660
34759749
9405219
48833310
52532336
36619429
29454819
98919445
33143239
97939225
73667479
93280550
88258693
94710795
65391301
21727886
57774267
4284474
30001701
54017579
70013513
98465422
26439880
57072196
45133475
85569045
20788537
82981891
98927832
61347412
27827887
68220674
65713748
19311371
66415895
10537497
57546339
5106730
64034186
72450072
56839923
14320317
33837786
52322447
86252009
15856300
64788466
98886517
25466865
71449216
58824086
58115298
69549379
8322356
85027892
2273804
80379962
38372483
58424939
29270330
93855819
43388029
46298714
12744848
69560631
16493039
74722152
86980126
12487764
35140225
45926754
33814780
24896661
71410836
85784905
44021005
63668008
24600908
37704315
62197231
13840076
54534323
65117724
17477282
58990097
61302567
9868101
43032423
86497294
60434348
89688561
68606987
69667463
90306044
29607388
48362827
50066248
27292483
76816227
7219034
36705366
57161620
50710316
63040990
84764828
46455537
71005423
15394144
16495425
74623333
24419727
58196473
40724248
46972883
53695724
62897932
83440990
70928966
11055498
20976794
73586730
12574698
57077154
92292238
55594969
13529424
75990192
43643181
29006769
75103368
24695104
86243348
79248306
42919250
7135604
61225543
10117720
21691111
33281702
90910546
67198577
8532719
77211469
23348756
47508732
66016671
93906449
6101018
23984801
65559962
75406464
21488389
11508282
3875142
2437441
94971026
98299054
47183475
34501576
55358413
99826460
40543837
91265507
25287724
97516060
51093416
14264603
193212
88810147
85158787
48329130
18131769
11676852
6027234
83909627
60720959
14038814
63822362
92145594
58361153
69848253
32613108
23595259
13265759
80940903
28407346
11506435
51022426
48236396
48085044
83128718
22005200
80930105
25464879
40582932
87612228
11732254
9260542
73137060
3026845
20809815
82465073
50536545
1358848
33451514
57721535
5354459
28368283
62645151
20134934
3053948
44905032
41105916
55847175
48014736
71371999
1247067
61116658
71031176
89375511
30499509
79652905
27531649
82934811
3155686
18558815
48543332
69909753
95645899
24871455
76876353
99020806
41572225
29106732
39279949
22696387
58132336
3475855
27304982
43560937
91038805
63034506
82738827
42706167
19733174
21447756
58568670
10062405
26291203
79394964
76244067
21638602
13243073
52797744
5440656
94876342
15080181
96932068
97390261
89359033
67672887
99924239
94444654
52421913
77346822
69014106
14131313
73964057
59539927
2044393
94961082
16447251
1749118
97923422
40710810
7041075
78320935
29596512
33502161
60586509
5517992
67273558
85261258
12917254
62647923
43317863
58660610
51514436
6125355
3517128
58453634
85004331
26239656
34831918
38068143
37178977
62794655
91273180
65770586
19023542
7347253
44456004
69597285
96051621
26577189
30073221
4850594
76000623
71615933
50708284
12223608
23456093
8780266
7145123
85783557
30317756
37121189
49925199
52983842
99369253
13911936
7308597
94056947
48039039
18872164
98998514
77707838
42586733
74334096
52935594
44512423
1091067
43040435
75809916
77340612
1727308
85743307
6597935
35671280
34510339
5941478
63299524
4522396
37204973
33463856
36873034
77284170
27175322
27952935
33200356
34149900
59778876
52264797
49129994
75528332
92545771
28434494
97955082
1892546
62618082
96624544
23963094
52449731
62011566
2249716
37137305
33267134
89251815
27553200
9243995
51419412
6426451
9732623
20801069
58469066
27843865
39724093
4138404
31607668
50119305
18352950
19988084
33019414
94257692
12190839
22701047
54063145
17281828
60071580
30192425
46764432
41353558
88905394
45357468
50803858
3623813
67232546
50347627
99595698
38890293
86718373
14555368
14855187
38124682
44631402
28778884
33262414
74606245
15799755
27892836
62013001
33459711
31958614
53517352
57595978
43099898
53909218
34356792
82563321
51729078
56318271
24332164
8210485
3772419
30431899
33645941
97573597
28390242
37093610
18816927
40659684
95091416
36347793
92768894
59405939
21571464
93742212
43649523
75250134
5092768
20840316
92500288
34486278
68055445
81698213
58728650
8979533
87193069
97272227
14205449
25429550
39298724
73554804
50593290
20945472
39881262
13132178
90694856
31197152
59708911
99603360
12188879
43810372
12134973
8608949
56574796
63741940
51569357
39991576
43291897
92138804
37757966
11824077
32029975
98000906
44393726
43840248
96090507
77652905
26864006
55785631
33349214
29342986
88427739
94238564
99490922
44023058
12029632
15113242
24809818
2215412
28964152
40115450
98933405
78108232
96319584
30651858
55225327
23260703
13807891
41089778
49225809
40290814
71221866
25148679
69386231
96638000
33126836
4524228
47176110
43122961
11062675
83536882
77712095
13311354
20793298
65709887
67338638
17989966
50784988
86787662
3049794
20898460
19046180
55927308
86632866
12927476
50926469
57745979
8353638
6515273
55908538
63663734
91978905
17905181
36283714
19375376
14918633
19485399
40607190
4439506
89161068
26064575
98583571
39514301
56754154
17981324
23056975
45005634
67862655
39553874
94423125
46057884
9255798
44819591
38590233
99202153
36883662
6527773
59760623
44071246
30182792
17968840
84547841
69743103
14321933
32076181
23170993
26671232
73400677
3237846
47788324
17993818
57714808
51401134
78613386
33295014
51172945
91891076
42238870
94541426
67439677
41090155
31073178
93491434
77272684
55114015
76996348
82804407
51222064
29646440
46760299
72126367
90889011
79220463
80268371
89915749
21636659
65034309
81973121
53616730
69769097
4230199
32433651
26639370
17483180
34596320
85174434
78118402
7153996
89323003
16029686
75542157
45644658
11892166
56975257
40273930
62085435
13413781
58317500
95283240
53482164
86371955
95907066
62911226
94523912
54239097
25208557
16424988
83274570
88729846
39997934
69499000
28109102
25614294
65782463
35157643
87249513
12406346
5779266
23511605
51385624
10600548
51514896
75126361
36205904
98807352
98143450
11560734
39460780
59779233
65821880
54879187
24652296
35256912
8559242
5836925
43837786
45411008
8178937
31414328
81975722
86722580
92269350
81856915
29776683
77712914
75045514
87780511
22449491
70309092
80294578
28103202
14619335
31290918
16673144
3499471
33002091
68448718
7982738
97913176
6015223
2282846
41152867
27030521
84769066
6544573
74041906
83245289
93702466
12331083
9157593
22190914
92153843
64212249
12343260
39832415
7629498
74406926
93649135
60771278
9800434
35829553
48608936
89644460
88359714
40253877
17755338
61995534
42741438
91976622
91709089
21342119
25245614
8441842
86935048
94375956
86280922
19518745
47537614
10289929
86030102
1889596
46126779
30978947
94929310
54988151
27486036
47943496
33757046
47041768
74305540
83030648
78027916
82397072
59508747
192848
11024608
98394336
1419405
53664611
10795660
57043406
32843953
9540755
602235
18415802
36355743
68364745
78836316
15304229
96803878
84850372
26612628
80484243
59338561
41217714
75661161
10472110
56598674
47110046
45467068
31648944
89902177
98357847
92442986
93294660
31440661
91680896
68457084
56252674
83700372
36072159
50447919
63272153
76258931
89959060
28691564
61313313
4155820
31656823
93331768
89578352
37453123
23762471
76781573
26533738
13175658
30538101
54983868
10093399
84341910
77596488
54439257
89585079
99860208
19445167
7278339
35619794
71739767
73975968
42120255
44983548
47870137
48707571
24467304
73154157
60682457
35495750
52441551
65231967
62359790
31480631
7616348
22149924
69462785
82836077
66824852
90415182
72789315
68686935
34561687
68186939
90890411
16562186
90727989
13298960
7363482
73925480
40355103
18455204
52351592
80393221
55777741
93905114
47152223
68882370
3140492
10705385
10819856
26035405
16806669
99519155
33786966
43660210
25146718
44633184
68825685
59211711
94337352
91862922
90075781
64480618
45063606
37457898
2894964
61896044
20239055
34638431
63747223
93205413
74914968
7815355
3599848
5710102
80275424
93675204
31130269
71409840
47002434
35125062
78134578
21172194
1629901
740693
82711140
87049371
12658821
3686909
33951871
92856490
31741615
5915385
59579069
99892709
90202804
87374509
99873642
69325200
45782174
20109277
19865147
51906688
50085664
79795103
19356825
22491328
53939662
21258690
19317433
11754358
76364252
94741209
1678933
73317921
10893995
24226174
44458332
55402418
58197641
95443694
50452272
37053895
24071806
48412874
51669637
78504368
28826848
20489616
32778818
92783745
48966910
97585119
86291876
35570378
19780137
61366137
34932193
34728666
65823753
42595675
63547588
52449095
68375747
54097915
77174151
63615545
7007870
7760191
25655075
18710620
8892770
86301863
923359
6390418
92925262
63863589
15114195
86751613
11304547
42093697
39986588
23189252
74552837
7162495
48430222
53070797
43059366
36010044
82634227
19771466
37293276
34487400
18855052
54764403
98572367
83509276
90293801
23961543
77765857
18471483
47723671
75340360
87418104
11606830
88954443
19787339
52394379
92289084
67353927
33802716
96491890
9941027
56181457
89392870
81293096
2108848
2824603
80501060
64390911
5085092
22778501
32627356
74271464
70124279
16465817
61452375
66546805
95744040
46554595
73329861
95624212
71323910
18785378
93533327
78236171
37701042
89570336
72473690
38300465
30234526
30091629
77563464
56184877
91597505
48796401
64818341
22578895
91519366
29724668
80120414
49007516
55343016
17577654
2616360
60848516
55307341
72103491
60142792
66248763
52728270
71746167
55892018
96137716
49138285
62133381
31646475
28741066
73411666
41590485
24365871
1247366
3178806
46139434
15857072
76583244
85257859
50635240
24148367
80349924
56474727
20769946
30062941
22606784
73894422
41821385
7477417
68509459
92835477
72348641
96484556
88133739
7444350
25041435
54549012
38727888
72143849
81199614
37783669
93519792
16028125
10222354
27474834
73079676
56151230
757341
24551601
49908343
89875319
91645155
54154653
3273376
46851455
60780434
78789589
90822539
23014318
70139530
20127623
7788440
40856710
72485284
71790510
82804726
93887225
52555036
32923169
49093495
94511745
92164290
34962542
34415304
27066730
57257774
4199098
8484480
53806044
8448536
63692976
39538325
99568322
93475890
20637685
81909258
29188005
58462566
36965337
5891314
3967518
30950724
92781737
96809059
83513154
79260412
34842531
38088200
25827566
63238738
9832513
28723746
89290070
82448294
40887031
39780762
29870754
9680385
28529759
18274076
69630505
57172612
76376260
93268586
30100842
46519867
74156506
34024574
47695640
4685046
89380765
17794493
47530899
33406851
9350012
56391337
15261424
27694003
15312708
42175324
54980526
88924283
2153920
95204257
14663954
25161164
15219058
2017627
13114077
92722019
7516571
96875560
60081217
88925384
35601932
17068181
31295163
9285896
92431642
80039047
98969236
54400900
18775337
64119462
69493690
18041186
34990080
65755896
75972720
80807257
64088226
86117734
66930290
23157443
57334663
63655895
5043853
11283297
95480431
69725422
97561515
12752124
30843067
86196417
71916212
47502529
42295890
79207908
93106815
41028919
69787314
48270792
3482607
70168114
32563983
54793945
91709437
10919646
88975190
43298026
23664783
65988830
3349801
91539592
64017591
26492706
58184994
12025408
24040
85206625
19370953
26898600
72584316
10494813
11775614
81283082
62990340
35609904
88391749
76270444
51454842
15644252
33958530
9797081
42414483
5387102
15697351
76519279
40325511
85475982
37989809
8175442
65500133
19497666
64429637
93408482
19794427
14553519
8988596
25440300
83428066
22217615
88156401
87831481
22170317
23021060
63708282
9855800
80275665
75221365
51477576
601072
19226751
86459793
60146541
39043352
98881774
75761062
2300829
14959270
72672480
56557206
17300946
82173537
34592198
80676298
34290879
36017424
71264455
39187133
34445348
33433259
41040093
67135268
33878170
81723615
25750968
4024970
9412002
30559981
79653464
41328784
90835542
83656540
21050364
58640603
18626228
84766550
77866470
85262000
10197754
16084240
83451223
23321162
64552304
94098701
96529548
49935637
47571147
57749118
65464433
29006803
22530368
62029974
40511083
77403284
13513529
46184314
85908975
90668587
34380817
18177607
418767
88217577
7065839
64841055
50753266
25072890
58443440
44577431
89973866
76912388
147395
65725618
1306186
35127202
21906176
73365288
73767473
2363969
11529234
67115742
14073859
61987714
5752347
87761032
51671838
96298035
59690859
33082510
55089519
49730114
94230488
69481995
93879614
58736500
28452987
17362236
83190102
77138115
41640160
77094398
84486000
1981822
531018
41879723
14598488
53948736
40045886
13947918
9809595
3996329
983730
97802165
58173587
44573227
94392388
10437430
27317623
35458690
36678800
59588750
81876440
47499736
55678030
58196989
59346698
53918110
4961690
12053348
79884804
10169332
62815886
29302623
25129143
51522975
48856046
81752705
53541174
27866235
35382192
46369315
58789639
34859044
90970808
14322030
14941252
98326232
68427366
3722458
63878176
36115249
26684291
18523834
42656754
78954897
64450621
25883677
34724197
32373477
41840772
74221983
8876480
92316273
87258716
6715644
30185465
93203922
30342135
17158374
47249480
48000973
287707
63644406
90745672
50635347
78675033
21527617
4061244
91827098
96571101
43112081
21465307
82782445
18632183
88556509
15609973
13266624
70358066
49370537
98565812
66864640
66393025
14052588
80013863
66952365
28251941
68385289
74169553
88052537
21119925
43833995
23433377
12123890
46455422
92177288
624549
169233
98545000
65739232
70187174
84444424
22555900
60071652
41358247
38527503
41278841
95821532
28933230
55563911
25110459
76857715
11565408
22423523
43593022
69570553
83241051
77538875
67623233
14380000
42474385
52886360
98137387
55023754
51694624
41826277
86857462
1184887
57046795
74718503
42531495
16683148
653834
92845444
6856217
11691556
64245178
68791027
71757454
94795777
72527979
95017525
70181384
40985611
92906518
70215715
35221744
89609005
61194907
68356189
23627470
59618575
60633415
38852
1738349
69951920
9875746
55253246
30195206
78823400
31068604
64624632
79570573
94463820
51031003
93459049
11850920
26913733
14138325
6827310
43045519
85413893
83649907
58252828
86701697
6964090
16404318
56699836
63974754
36268334
91445795
45784932
50475303
56334078
89222711
27664945
87233533
83588283
16879348
15168942
82339018
38473356
94436048
12595318
33489310
88869673
39332917
74493353
61089522
76185147
21281546
47351353
22875751
36745841
72510563
35459205
99840400
20782554
79941504
12438532
40775126
68697806
95365762
30212113
53593806
90388941
31796817
5853363
20243676
49545814
4048566
70067689
61742087
24495563
32921544
87946097
83337574
19825060
92494715
28707421
98549030
55869427
6884309
59850322
72703007
10340875
66812524
54502522
80500552
23167423
10697039
22080180
17679803
2641173
97028659
28202128
74619779
96398811
41111116
27255259
21620528
99167808
70705043
35507132
12978141
3619186
51110582
30686811
87354211
25450467
67842252
58364356
24655435
18451446
43008079
73607202
40720327
86164892
55118916
45445868
2691191
29104086
44192047
42735158
92583303
4779228
23799512
98353633
43004311
48147008
28684769
89308076
15237843
71521154
53282554
46527365
57204053
64965094
43845341
91924096
26709404
54251032
57439415
38317894
76371717
26645097
6674391
1590297
26490614
54904380
47083592
45861154
49877505
27216357
91986949
33622391
6719359
64160084
76367428
67003063
82120405
25846541
82489945
13927378
43180154
21927195
38513240
5868989
7226729
1644245
68524561
95198470
70289273
15904911
54590970
70158055
2579955
46909326
34528951
29783301
45940655
21547182
94622288
92957724
23182545
19710721
83726722
19172311
46119554
42560039
98446225
37301422
31511948
94271540
9637402
80695049
82540644
10232036
8063749
45198067
2158970
54339445
11674795
72772195
60935513
77710253
94990876
75664017
41821945
33581101
88301099
13183557
78569205
88165219
20012597
12696429
1210328
47876038
81035827
71251537
1977573
34763893
77697578
85876772
86221822
79859909
95298064
23378434
61118861
45437758
68482083
95458029
45079493
30228916
35345697
50340751
38784160
91843556
20827880
91044980
1592662
4755427
42962891
13811281
79118747
66240261
20555170
36182325
33439859
90660165
52186772
47481254
34446420
30422976
28159727
3682481
28917841
52465314
16796583
82649406
72169054
35068639
70511254
45115168
3837360
18396317
76903512
25905995
96788397
77318715
97681710
20380657
84233581
70942992
33773858
66763283
88737967
33385881
75545300
20963483
55033978
26443613
17692007
72742824
40185824
61391221
71005690
47152595
49317800
29593439
42839868
9306892
80617208
74668843
17518900
57576972
14061623
20463974
84350370
16337076
97973543
80973344
43162913
49774878
2681255
31810304
57924945
96419510
69795088
50436342
66645195
24571295
37703245
48242251
21569904
11125253
34145427
63833500
69595517
48203640
19794160
2111674
94027150
23296140
63560509
43525260
36259560
99704334
47755801
78837503
97745263
78734952
7740785
78851351
86484092
50477236
92103603
41428253
42715612
15559851
5462204
72536533
15177349
20292930
312388
43395240
99968695
41988103
47410671
90830637
69564357
65815052
24654752
96964578
18767875
98090653
77426191
34360764
96402161
17345921
82209759
94422997
71301666
88438836
18950409
4118164
97837128
89851680
47802802
87782890
88320646
17650612
35348930
50772489
51152665
57103261
60260339
36103710
60918018
88352325
29324349
94282323
94615489
80669964
87985551
77160477
51006952
9182663
46309003
11475297
25117127
70842129
80602551
11726856
44323768
52508107
39278867
46181242
83406347
58917255
97574407
70701342
30488335
19694826
45401647
39263629
63094150
40819293
13471293
99094463
60406468
13329662
30029091
1137484
26286958
2067905
20401668
24996137
42609918
93879690
3601042
45828770
42067090
82239976
48646265
92340
65179649
95722018
82665386
12706524
84869062
52694964
10781333
73945164
87482012
66407298
97188012
16392538
31502709
87611010
82552756
96420170
56625265
48876453
32848601
95943232
91321991
35890181
62248243
39249070
88904219
31866399
2565184
14086704
2242380
59313119
1145115
56567584
82211655
3099401
76834339
58335072
74194751
93930198
84670340
3185925
73537052
1637058
28598908
6558480
57404298
99511699
64656098
78843567
34152614
82960610
79180031
60260739
60040610
17216182
72231516
53462588
97043082
71766891
89164155
84367002
10273634
1766090
34087667
35459149
79977584
92195551
66720206
37632592
62645399
87257039
13204778
24230953
2463193
47112137
32405481
13394137
97302612
35516018
4406899
56933474
45136214
83835795
97895421
82312504
99959456
8575240
72368101
88866917
59205485
66982358
63913491
59007023
77181368
42408276
18500040
48783737
2314493
1527765
88232766
6433268
59378468
81593245
47098425
30714987
67918218
67077846
56887533
70207439
20816904
43609580
32762834
52576641
50130957
23980051
95475808
61289336
65223200
94153220
69075532
75350892
12405833
76452856
88211778
54928179
25414478
44921458
90206485
2516709
76258588
11081739
31363224
60694410
90976175
28571729
80554729
66283431
40945262
94242668
77225821
87215708
52556482
3214558
4209391
86994771
62918355
7361991
63554448
85141397
74115213
6179877
25573835
56780034
35788736
46482293
49900311
57367228
90134023
16183277
61885608
29979916
80243869
74279792
36981692
59743988
83862091
50781812
88152456
82059357
96088474
64010406
79590700
74915760
29843772
25298423
18589702
56803547
52302795
54717040
49358920
88810598
29224387
42576407
34335851
26886720
80366867
20121516
39444864
73941689
80529053
70930829
45646550
480823
37136042
55195976
37294570
27442176
12485232
30327949
46015372
12361340
31461017
49779122
1679868
20113472
10115396
62890281
32950168
4853063
18361330
70069794
57461740
91189344
53587361
17118806
7676239
37167519
24806547
14184413
80213939
68310302
73024187
89079995
67652146
91247236
21116483
42370485
24547054
41012174
13983684
76120633
69598767
27016799
99372453
76391106
54602030
36148425
37472791
71089698
44720102
63074353
40823580
94191759
6297086
76735041
68124267
19373417
43983934
67713968
67174455
69910514
43346795
18857798
3584980
9333058
98228484
79112653
13561989
18594537
70387705
45554687
51619801
40313690
41608543
62273311
87673085
29840302
37761009
60609024
82095095
7369908
74918953
23512705
22122541
18418171
19664913
82297888
27440975
76098666
14416693
74381183
54400142
14901583
92977336
59087519
9892065
15160427
77124571
19443769
15667087
38311587
62962849
48629231
69808594
61973720
97346571
6010875
31809044
65835313
26992146
8443061
65672034
91691745
81041260
6885067
22419318
24187413
21049381
6770923
86123798
31440374
28776791
36409513
76250773
41601871
42532315
60551445
1599895
32176365
98165533
23838599
76263964
8149768
68294551
42734385
16363542
78390672
7501449
59555910
77045428
226440
15572650
10958257
31458015
39177244
35112508
49321414
41164171
86539124
45869491
55942209
70162349
11076352
40354477
70417411
42845046
61979097
5478457
26037272
37893048
50343019
46389391
63049294
86683843
58161922
5679329
96347714
43070284
6061953
5960924
15026336
61044664
77599254
21021762
92015540
88725213
83269936
89919993
58871981
94039777
4867180
12829453
49265661
99090917
36693750
73180776
63916160
56097085
7177372
6086531
43612182
58722803
76098403
79836959
6659291
74746263
69668247
91047289
48125131
2028242
51457989
85842587
28839334
58332679
22081385
5724462
72144181
2572551
73270445
88372443
21135939
11487356
60286247
95622488
34289148
34798370
92021933
89090945
6991965
27853955
98058347
64981178
5073167
84220271
95586181
22967647
74469726
38941945
78144625
59031858
668949
9516806
98569532
28750511
87489878
40080130
48365648
65845852
103822
36734915
87222928
56215767
3991902
77633736
22300693
87829001
95445080
54601652
19016955
70009363
9448995
84585694
57897470
48229646
3830405
16756458
62683738
47934248
7081811
46092860
30560695
75684162
26364305
86960260
70159383
47274876
34462107
240239
81099907
23778687
85495603
50591883
26594615
74528606
72869976
73334535
75687009
33048344
58718991
10057823
96278587
13626763
25275059
41569944
38673881
13125496
29157419
12117037
92321023
25820983
22422927
53792405
64760127
60337329
50940865
40170475
67572470
79271034
17617968
40316362
61151782
33660126
85243552
92674191
48814308
84081328
60079633
65674889
82426059
67178229
79507064
83198794
26523194
61055769
31740502
65027608
53728347
93200758
60751091
33165877
6393085
91488170
91009964
23811321
29924412
18810133
325877
20350537
36446221
35066553
55320815
10640518
24906504
97336469
97163598
4631656
72176717
71691561
4032711
77799805
95827390
28541791
89145593
42718030
40989587
12555492
75817970
33645922
67053088
28514397
79519725
7027991
63147695
70782911
57398195
91276813
99204596
66044452
38637860
50400795
91749663
97520313
66911374
13513585
2028736
18679509
57138970
12322309
48934194
48232966
48786952
94340819
75877173
79923453
1776877
88955493
14779848
60086670
69160516
49560508
48705286
4549586
521201
34666656
48532840
12041400
5431362
48742446
62982103
51887795
60124955
25380845
4358614
83205427
25625412
63991332
51860088
37723861
21195711
46495402
91814146
80395801
90672495
28749622
79521170
64108941
94647180
3758031
34896487
80493452
20702335
32880948
14256006
4657707
5212191
5807920
43866523
34156332
11528671
4197239
65573895
46874980
7971287
73855385
55248962
38331096
56932448
74577025
25613207
18425054
21201462
34047902
69688506
13551571
28970433
92414572
81493868
61213024
84346812
16137569
1369937
60293106
98234998
44893571
59113082
47783300
30332238
40119014
54818131
91798815
84996291
5377971
43739886
49565271
54900137
45151911
56456886
3584138
43154878
43209639
873125
28533587
11890821
89377616
21246144
48896879
65109648
77632766
46860467
16129312
88571270
88519072
65058398
68206706
44408749
9822306
23770580
37908304
54924744
22201052
352236
51187448
6031744
43415908
39960422
88824202
5607523
69409098
96258749
29403021
62426566
22583225
14389597
70611652
71408700
52435926
47035229
64305100
74228587
7294788
41775226
59959590
15201082
82709829
5948110
28923870
60653100
58670885
31672285
14676307
23132540
81110945
27376842
84467737
38586235
86554779
6101894
68708623
84894115
23385070
22688878
95245093
95717356
79925197
6839691
70989700
73533825
63206374
7006598
75794537
53402995
12266017
30302819
36068104
10723653
87716978
40134567
74672747
39037437
15780827
2061969
31896579
20949299
16788234
81900680
44090643
4139382
14110251
93504607
62463392
14861233
40779041
30414541
64248761
73618370
70151191
21326386
87493953
67670509
30362180
17700283
52299675
6841964
143686
26192504
30716737
52113755
42863704
91310360
52368486
62182167
74371514
14932970
86841984
51854265
42695410
5417319
21030771
33263159
19383654
75288792
15711433
38696622
59135060
94055044
17459196
59477458
11563065
94170803
74297201
51098586
54826252
64906844
17472246
73809864
49545714
78189012
64731930
27069394
82893132
2952393
35601751
24728257
2066580
5486182
88042144
94101310
13807512
93005859
83063274
49726820
97162679
91216367
25385701
2839133
74172967
14795013
98634557
20985469
87974746
80122982
81233596
15853729
73619204
21961522
34770037
64638853
71160225
70117620
61695644
83661177
42285096
17347746
78461049
26763576
57714860
9014259
39944139
62740551
91428030
61296034
22394592
66707102
85264208
14195859
40975176
18543526
97724202
79346835
14972421
49383982
54345918
20197927
99831266
22011102
73868864
74064396
99660390
84850997
45738656
49520193
66207150
8074104
3690689
58445676
68515434
83416459
81436455
99995496
76986688
24424640
47402875
74045041
48500382
52470796
1425294
67792258
32425778
21385763
24273199
93626295
54928891
37420801
44782273
37951598
67425316
30827936
99107037
33254748
99140025
46214001
93197346
36197098
41710199
19314558
62948678
47260405
34380080
25988273
49222296
92027709
18358496
80770580
6702495
33750179
45121119
79397273
35201437
98064391
43011407
59213021
10622171
19915661
90631290
59734141
65499898
40878473
42516976
39410404
84350333
61116425
53869754
27583410
80934518
74660803
68306295
53865627
6111046
1108566
8559797
53372342
20719416
62468161
32759075
94472725
97748320
12665794
77617925
17995143
10597239
12655636
43043144
87102246
22202946
38438795
29966259
66346867
57833937
53049259
45020554
38783018
30602428
3473490
29599758
69072181
80858
54371879
34177887
46180143
97937350
30359682
36161692
61120579
9855660
95427927
31046512
23420863
78938755
97301823
38640980
71145169
8344179
2072667
74406817
20617586
21723955
86250987
35559133
20700508
81935174
1382943
29314404
4482375
93825706
3319474
24813671
37354368
39159176
42662272
72706569
39092779
75396552
31344591
15234264
4214906
70008580
41125048
10037262
24164272
80509834
44810964
28564369
18231447
78795764
52070141
46903934
40964050
33304292
87787262
49466941
67045940
60913676
40264258
78471387
32291788
23889442
49256235
613917
18288776
34065207
82152406
25947145
48828947
22422587
30830899
16945704
48183909
34483636
57954843
25713754
45144463
57800797
92008750
50829105
12744705
84531268
46361179
87009026
41291106
17047730
40425618
35519157
46757435
63979223
26061976
85383400
20097092
10081946
65310704
55743720
12375857
24543392
37099086
79008653
15800731
64795988
70790544
58542277
72296235
34038417
9662449
66832965
27760858
76165227
83695211
33073032
41864514
92702172
43862480
1047638
17639026
21198997
36093574
78557198
47634365
7996337
17888770
84399479
71441235
55033459
5485161
8334958
93327351
6724969
79570842
58161957
