10000 6174067
47459438
21269669
45312962
34207011
21127519
53738205
75906458
92471653
43454998
57412025
20092373
90131574
43599514
27787546
50704470
74080978
24128364
23770355
82964702
55045501
86304151
5167714
57961971
41312929
97707432
74989231
87363286
43577314
77320318
29304377
29407452
83366187
23485579
6960272
21568282
18365349
60251391
11136984
26301949
79864376
87035426
44163985
47557946
94703171
52488615
16752855
39727756
85296787
42314473
89792072
9763403
81790425
22092184
38705296
75780441
42374270
14924663
96475515
11386512
3776874
55571113
50964852
87183184
73040349
54795231
9711889
99975814
68273836
11886699
67529550
36133790
8400330
62741261
96279826
54017315
16037573
36477865
67651869
79639071
98420619
61208538
70737235
35835218
86543907
37906773
67087031
14129980
72026784
51191693
94046551
61264433
18560165
35001430
53917612
89473543
56413009
93585338
89942303
78444844
93693140
36567262
56997154
83304026
61500977
22345532
77021801
72038463
31662404
71150963
75005131
78867257
50088825
78596896
53986342
75830270
64552841
76342279
84476574
91153081
6569597
2389742
72497898
52410927
58664701
60346205
39366700
25169828
83281870
48474111
1481883
33316150
42116903
28230673
77233692
13238496
74443341
78452004
52698461
25590294
52023992
22601306
25581397
71437983
28643250
68190844
42110104
15734005
77042588
55740638
61771032
30468580
58948284
28533349
39452178
88531036
30019557
15053148
7326510
33207686
16777241
5216251
3270287
37662646
20375284
29368930
94567441
2787263
68460385
13760975
481891
9149378
95277717
54402682
64527969
81408089
38589833
64791515
67151905
19485947
25247910
80461038
58378780
27728884
26922006
97911925
95649625
83615999
34697890
5748128
83136134
13277385
12604193
7839426
16799558
1145223
97755671
14139228
36217860
87407479
72452044
59290426
55687289
64248409
92053893
26524304
8547997
84860360
87064814
32915377
3739126
44031594
9174610
65027910
27851286
92544835
1587336
2280058
15005117
59625242
61197448
68266400
9283734
63379524
45456860
24717393
96747480
20114561
53814398
16595359
99005536
92100033
84191452
81668071
96783656
67160115
60247163
88382357
76476335
99702607
95388842
9871388
23413067
90134554
78615408
42964311
42263721
82015251
10490569
75302604
93486899
95867395
64934802
68063211
65427603
79862710
71091196
5615774
95881206
26786551
5976626
86215442
11550192
14606834
61976786
74916505
19582050
24493609
5347050
12467783
14913918
69566914
67801629
68732842
77015016
16131206
62608169
71044377
7956991
55394347
59382153
47073992
26967046
70710034
92595580
74062479
29968628
15418650
2496604
80720984
45202280
55136683
87338593
58845123
4426099
10052102
88242103
82152081
40910308
88932096
20882275
28978050
10217490
60853065
64055950
66802816
49563078
8915706
13425899
94786089
89019766
31897335
53619591
23983053
65855153
14345848
112463
52970054
74386015
30210617
99394437
8749890
78450504
593948
99069156
13355666
24665540
68638098
11962953
80472927
42829298
25748242
54324483
26159622
56506215
60898281
8872759
99412761
45809883
98291250
99441502
67438742
14306917
84335533
84776253
5147984
21800895
34947775
55564354
9332880
47565096
90621787
96873026
95673920
84042544
90169655
25517370
12822338
85418094
60632240
27904288
90143226
5077315
85672110
97490467
21049846
32370724
99277775
77897873
74246992
16065082
72218073
10384644
72907861
76137355
93237224
4535574
52331449
3410376
59450537
13607593
11205099
89845237
49413452
42628012
12611482
41921927
29353955
26632880
68726144
25872483
20990137
83690382
30513722
98569752
97034314
10562571
13812708
97673643
85322668
99904008
60094448
97789550
85219823
28462957
62218844
77278009
82823537
62656303
4385931
34691728
32329768
6129829
44962535
95777619
547964
6805758
75776592
99623480
68882965
41568183
6762133
62837208
58986923
3529741
87519830
88428650
75162205
49442627
54478958
95377321
40491270
64593835
99071285
24168372
5956254
90337767
76080967
93847708
99281020
45494453
2949793
77808999
23545167
84832792
44218973
96686451
61301050
37897862
42023314
94980547
90042739
20249794
41910231
78538228
23310535
20850036
79613948
96478651
95573798
14360702
2419788
93973888
27632637
73489992
65342226
49032697
87658978
27517159
78841553
44226249
57576325
86864835
79946337
94385994
72995727
30158736
53283149
86431080
89216613
51660431
59957622
30077160
47174963
14489356
83157165
90408472
1936490
44581215
47239334
86289305
96758333
21983379
42297630
71741063
56770040
56893352
15013559
32904676
4817516
7141782
64974744
84823104
92606102
93009609
39733569
13293449
81750884
17244559
45661429
65620081
86486006
28941656
8703711
24315202
59304538
44115513
95493705
53606694
37865507
76747263
32173908
41755495
57156874
71315232
2716928
45474257
69975703
8606270
11383260
17512416
52181020
25294102
30625087
85675973
23401444
23865793
753854
94062618
62354046
10165792
86607994
69133790
43838074
96249619
19550473
12001043
92742289
40889278
9375568
8826341
26458298
37640238
93383615
13660776
91615967
96343244
82335176
27983770
44027697
66839120
58511534
59942957
34925553
50600883
3160019
68976328
65019465
63919982
59576161
89314380
10569283
24884032
38117697
2952296
13842591
25061748
96021538
13681339
33535242
11863977
74314904
5113194
32480818
7759339
594227
50982866
47078422
26662499
44319138
72093881
79459047
37086463
2828151
79679074
5820051
12696437
67502203
30509444
52488362
52017726
48021753
71699954
39480837
15885472
89694003
57080277
66045851
81624764
38319958
12377684
60531918
87026771
82308202
92966103
22989593
39441253
42932122
77453066
13007130
63235504
31319691
6474637
61715545
42123596
73303415
7299188
6162116
52576462
57909026
68763089
42592635
30481740
71505128
98087427
83176090
80290751
24671308
52037738
32970315
29756737
15306155
87508444
93166646
42832598
68333487
78134784
56354729
65329407
22226205
96455786
27351359
75724705
35473245
78374730
83467460
90120836
35982756
35812079
21372255
37824939
11332709
4897160
92521204
45311784
39691392
86775477
18954573
32106039
90623385
68024504
76987675
26725271
63727312
68894477
26587625
18169482
25255760
19944364
28191185
25707510
91445343
96409962
43444096
72962653
93945687
62537156
66039741
45835399
48754997
38139052
40249168
72109770
92858653
2107648
1832017
29030900
59426617
42955150
1979944
99713505
40346824
76455199
38337921
27234901
11515652
84671552
16020567
77478794
86713648
74050439
83429933
32170962
45766411
98914057
4753465
52641167
83584670
71494003
16594747
36560018
81930466
92847716
70880939
44632877
85683023
786788
8806437
17078604
73072397
51725692
11816342
62494951
33278653
74665988
7669338
51007306
40838140
50592198
46437479
34627678
28170463
80918166
41510435
54187921
48398969
31926175
45097522
98150301
54634600
11841837
65317674
49775149
53799793
42979083
36478462
47282748
63539345
51549265
17779850
44604954
8993429
73339660
85996364
53529465
38514935
82044177
35566911
32565454
92205330
93208972
30076752
68127048
48741950
31213031
14971836
67117840
43485043
47957244
85616303
74589782
55492424
37078489
68161152
33089572
23236380
84607145
38462463
60570291
77058441
94524696
83408097
28918292
67942515
79154151
88585144
49135188
2604882
25068227
65948879
18742975
2128678
85651753
98129790
33061123
55258102
36874583
23265038
82474518
49749050
15958419
42339039
24004901
97759538
55984952
65650686
3270019
82999834
95963775
79083422
90857914
81117258
31773998
74403260
31471409
67146266
71277878
63597426
63727668
65608236
83713061
31964794
74754366
77316776
73181346
11482588
36143443
92509777
76900615
34479354
5863915
8320736
25174169
38915436
23598903
48047025
55970546
2561213
16852254
50494530
85399177
81162518
61292837
67619954
90082399
46624619
7634918
76667246
44594543
29564664
84629869
94718364
4650361
74236017
11247118
7842573
9984017
75880816
70390835
81062951
94243991
35937507
68399522
46797640
12473899
29579312
67841912
20302931
26530231
19487944
70302823
82788860
14161747
17521363
90171145
16746933
60522210
33631646
17703995
56314600
23476293
11066748
38975491
5348309
79897314
15730077
22788590
73372452
45306254
44618736
36583624
52212662
47734203
20294290
47036200
58626004
31986020
44645342
79010951
18902669
97556207
82791337
87479729
29078070
13332136
8796377
82305855
55842648
56868591
13727727
21317806
47717679
82074055
93194510
90848645
99612661
66328662
42998314
18108749
92062360
52225221
52386894
98161269
20325631
94108745
19286583
82266670
80324860
20721957
15347587
24189607
95122802
91879317
26340461
22565721
31728885
6732186
6278843
69678614
99445013
51094221
50316874
97658580
85798329
19690252
39204697
46707753
57919787
87131755
27243092
21165308
53841249
86470432
12695482
53556548
91956358
24768178
35774572
55121918
12235426
83726825
30428585
56888577
72875979
85346614
34647148
2376268
32905655
62267227
43948491
15107864
86457744
12103001
16817357
98149790
91594575
57423966
8168963
52997971
92815825
76669064
12619447
6794510
1576895
99004769
83467927
38157958
39889306
13916117
38977604
35556654
62945052
42996271
3686959
9681356
4722090
79756620
52463943
87045526
50744952
82583715
97751766
40008826
67411024
45491876
7814113
24644007
63449815
29850901
17749273
23443691
12736313
44266587
94183943
15084362
39011122
82754080
41874946
98601611
92753992
5600736
13254733
53958261
26273005
21290590
29271471
44378111
20250189
36417939
19671188
74594482
88356709
43602189
92214766
10960601
92925361
17338647
22353214
59394075
33054719
87798333
12826059
23261866
70246634
63538452
35785900
80286789
16304583
72016087
44928202
18911788
7967842
10336646
81732033
59631078
91840172
44384732
98332435
76661847
88753794
35522368
16434336
43666437
49710857
82981085
89463330
56055145
71593275
3369145
10465450
25678722
24502136
77643091
72346221
25936746
31039427
81188668
94651891
61225055
29736726
82940287
23604094
20800850
69293203
23289873
876078
21130325
36322815
66530368
74975503
75343972
40474011
10357179
11755397
76444347
43567863
83765299
35996236
27196808
12658823
84931379
86447932
53073902
19681167
60721103
62233957
47404456
37097654
57700172
80611906
27065508
81365454
4738795
79886882
97440064
39320735
87350886
60582924
14223079
31742116
26722814
29163659
2420777
68286488
76352924
42408727
46000705
86773830
87216473
59522784
2075338
51451310
4470657
63247020
51686213
95307513
27686176
4955496
27431056
23341165
68871488
47173996
36521504
12853647
32361937
11592738
90799654
73263494
70026778
7968110
18702682
6606400
68586185
69905913
74647385
99783497
91094605
5258730
95171460
37767044
99647304
24967467
61469740
46017149
30840856
21442905
24108754
64053662
76213963
72727896
8662276
89299319
43685304
14500240
32629867
59224049
31802266
31084057
62209012
53552957
12983175
39025686
92735387
67120000
86653804
2247228
67800191
45310692
27717390
96519699
69884354
84568308
32645916
96957352
23693994
64953621
54570802
21856462
7039836
54702386
64112692
80835837
39086860
53004029
82439495
95333231
9806171
81110463
5201988
39543675
54151684
81454923
61545906
71655919
81536712
21624739
93539378
50275020
47681602
44436995
45727106
74722109
41255230
32218029
19425473
94701793
48673138
2521288
88441489
21814245
2236560
38046862
72174395
62986624
25158546
68908294
27795370
69221663
41391946
78056953
68349839
98022268
80913200
19821151
11657141
62092061
49832667
5269140
56470305
99372812
30140988
68411633
28977857
97180541
23814363
83473189
8645106
99384294
41948452
44100077
75584266
75767113
71690712
31641484
75557432
16673750
45401801
11176275
4289821
7024229
83090357
69053427
57808659
64163778
94841371
94404774
11575389
91743419
56631555
43874375
86939355
24567196
4065186
26594301
45611183
76846302
24422868
22322708
75062483
80694401
28792322
85177153
82424477
92627633
84717338
89692337
74570744
39292548
6491130
36843953
57402078
62016371
60019511
98280881
30412480
2696109
52860242
63327457
43555838
8578343
20983
35698431
93193578
97560923
32487972
51165698
15723129
28433800
86844185
91971496
26669011
8863403
95641896
97098032
95082331
51067188
45566240
7987159
10240582
65328093
33189134
65687816
32145394
73783767
30008819
11452197
94045375
50228086
28335663
16704564
57920675
88067305
14755417
59050171
97077087
29620904
94999383
56889026
33817539
13382824
76329595
32705715
77554451
52278528
61564558
54251095
20179884
62241505
47653925
53250409
610116
96646428
9627232
63362455
78940407
79407843
33409154
32961172
30365453
46233642
17461187
8304357
28236395
91681324
61328980
53899986
63369895
91467575
95726974
9236168
32449136
38229629
71407462
42980251
47273625
41448141
51038143
38744772
53751867
14488068
60972335
22377102
13437761
83465298
31896591
5808948
12712360
15874967
55309189
538391
80152726
74395183
89542615
95909153
27569711
27590216
64543996
24991397
89495823
4634272
83042991
31982087
97998952
2132111
88997800
71278209
48231277
84725341
56057382
19188718
40711031
19609241
44975134
22570882
53519759
50093260
98555221
63238633
80737726
70169171
64359072
88829353
65047910
11646355
67848661
76966145
76452705
33388321
32742618
92723724
65971380
55733731
75705747
67577697
28069739
5105806
48560380
41795251
80279003
52476201
18329129
42614287
93934533
5021717
40863315
51476086
31321124
32972664
49144562
92014029
18438502
83128150
82796583
69021707
18641461
75635692
2161584
9769971
81472738
21576164
21839087
56234197
36950009
20981254
64709083
23047005
64727504
29624435
769088
60299607
32245230
93677071
93691240
51321730
32349891
12553757
85393161
60320029
36231858
50247624
32462237
94275553
3653261
94115232
94889551
97051141
67274209
44282229
61385859
14619275
69830619
95456873
31026415
11453096
30161250
12802634
24606499
49942648
63139859
84890253
32735313
22444814
68689984
6276741
62512011
33558
62428002
11711678
9248829
40758816
61618276
14772600
21646066
79653385
91700565
66278771
36633210
3402141
82924399
50952704
21076107
98853991
12828888
61267057
2742734
8934450
78488517
78896411
81544760
41429066
82328671
40914563
8572416
42257451
3080957
40857954
74181082
55586426
19120514
14935994
87484789
73414881
29419957
40191162
48071627
65825501
87551483
84525646
27887960
7654230
23548036
89979853
3830897
22735599
31292644
23088525
13962064
88401647
65809943
70585822
44049429
94509113
80982821
42907742
10909430
99905116
89238761
88858997
10201296
95576171
60333623
72360061
45758619
57148327
94516181
57956288
69980514
26545692
96225773
71490493
20492773
96292252
7500324
7705635
87119101
92899020
96579240
8865259
76593485
78082715
21246284
31915549
66563814
80806102
8967774
67178093
68683463
46589537
70913731
97690273
91127538
56370386
23741816
29534375
10864345
21333564
28245803
26383804
7488314
75206859
98157489
30233794
56571312
63255133
97969994
85468824
38998841
92578254
93432753
16367897
2232699
62898915
14835607
3682570
3062703
31834576
24166679
98250152
77215267
7251651
70136674
45710507
25799416
17212133
81743015
23288921
96506952
42791168
9677864
46044846
54772032
56988510
36641371
78160666
10680912
13250991
45447002
78458035
63013723
35837188
19459489
30674289
53120095
15467607
73245172
56958118
57192218
80017122
60224750
79247408
65295921
88443608
11762736
41357087
5569811
77976021
45452829
1969926
58282073
94876338
45908076
83289657
35590368
27728627
10564539
48570131
74664546
3900847
26549458
31125693
22426158
40900016
54498923
94141700
53556527
11825265
55851530
92270050
31598828
68694676
12776677
821079
67564533
54125351
51038024
19446258
52380172
66354210
20045498
75424948
83994406
94783547
50261285
89099160
97764825
95387448
86694068
94659772
97688732
7177689
65049595
34196064
20217272
65259008
5920383
70663258
78219561
42908628
77864466
2021469
1903524
39309771
48591279
44977548
14688748
38352648
45140854
24739221
933403
21061690
66577075
84014101
21705309
75247160
44560296
4373440
42485211
34551185
50045920
42149048
63206973
21097889
42936399
41838313
34086764
52948864
79559930
56110970
34131212
29851305
30507966
68033170
8906669
30511148
24518078
18439910
76130834
51239089
11767446
9263029
68877217
7672310
76958054
21843389
37187526
13649997
13621259
34839059
61378555
54031843
48968450
65132363
1715431
82040089
46739524
70275163
84494301
92739236
29597870
6481224
98947895
67328878
10157812
52950959
43048166
83869921
45184541
98578925
44827020
50360739
61681653
8227828
49298464
78991234
74883703
71543826
9001684
33667277
72623214
59703075
63540943
22555221
94283706
89186361
45945611
43324963
48209271
85007223
14488636
60954787
97998853
77806651
95745491
46109505
18913019
21742516
33462235
58038061
15104809
6538076
90608246
32251501
40782
30138803
28502444
74231471
72796620
90386284
63363038
16509285
21364907
20905698
74248540
26053660
88314451
72990668
1931887
33893343
56759808
74828212
52454596
2851136
87800732
41210663
57063090
18131761
89829347
67800903
24544905
30397724
95684621
14274842
84301340
6154148
85854234
25288006
8178609
58819543
5120123
33857832
72590581
19488736
75681526
35118228
41226436
45170749
58109590
46753479
85937186
8133453
44276149
40016539
15032650
83301858
50800955
8758679
57474882
6319209
6185497
53220475
1638209
32814063
32709560
82569726
90727821
62357623
98974733
53161393
34431730
15581422
91962250
96455785
90251403
45378621
20384885
73469611
52728750
10243126
44350692
74470359
30168571
40565065
25713537
9658286
55473652
45129392
79166889
74631317
83927043
99957300
79416161
28546449
69309846
87130957
50255873
20386047
37523538
31802385
36694704
93996681
33490798
91137991
17502122
9586424
15559050
37228609
88351276
30147482
96485598
47117950
97370056
91605527
69845253
67987764
64972674
74245788
33123115
28977376
88930059
13192864
91501947
71222102
17579898
56975672
73666184
31395167
81151906
59569502
2663358
16234112
87779904
92846877
7959199
6483187
9540261
58003108
48596156
92938417
72809857
79792407
99424580
17779712
22012102
56528671
74374294
55454393
51313456
79549377
96461563
41912426
89016522
10987241
42581807
82069219
70901929
58337137
25589566
24455911
24991243
68465154
29322267
41635644
33324127
63530135
11074108
20526677
80169235
39042710
86680941
82887993
56169121
17864575
65895294
58106034
13543291
86964194
46583495
57340929
20616426
12718367
74059157
34644357
70805854
42722057
66515698
83878528
85288613
35805255
71517062
57133896
20141116
27259081
54867012
5040872
79741701
70765539
95041035
16276229
10181236
2879838
66688916
90405777
44296630
81140383
86492699
9124707
51642581
74841110
56698096
11304013
18843998
94025143
97917925
99392609
91967492
46793201
21801478
81304818
21005018
22223868
23404204
8810212
25599796
84628109
77118819
88946782
79977644
49420858
7517090
60349431
58655025
69965042
41433470
12594348
41405276
66988529
21484739
61164997
73783997
41131058
34442051
32231369
35558842
81081383
87208412
21162805
63327762
54507111
91467401
25457391
98139876
28010699
85033401
4799113
43694180
22346407
37175167
62191964
83193105
71276398
48071379
63802693
92243269
34374093
11781913
54604114
59885111
75024363
91834803
61363526
95514918
33377692
93225576
38404792
30899906
11702552
9293716
83429346
92632645
71613713
58199798
17851144
61654692
26620138
72176689
86649848
29649727
11397699
60969605
62423805
28957507
27670359
1116227
98359244
72686861
16210161
63780245
75414860
53365853
38741483
51391005
65335552
90078662
38274318
69034558
33129779
20313563
74082510
37163237
96337022
76846745
73681822
73495103
18401866
94482557
64105867
70271454
45462225
53093813
3646051
10416316
91146975
88132226
80530803
73404885
11887671
67484710
66310394
48203910
35345264
84736396
90152358
28151306
41575787
13685566
32841880
70074010
47834400
82592974
15140998
31304199
32244135
61020100
32884165
53536707
28457087
26205376
64588506
79751767
63203540
86518948
58364884
69378726
63523146
65064690
85797346
57549829
99815139
58192796
3250478
81655922
67867680
93715514
42768160
3711669
4987374
14110467
78074037
76904108
33865915
84573847
72887132
91063123
89523917
83043152
69877365
20005997
86567492
313669
72670991
35659276
15037682
22653118
65679796
49033029
15767401
61159633
66369133
700830
92894396
52895708
26918454
13573791
38291683
39805821
29959187
24622314
1899609
8306342
17875810
81063104
63363937
34272062
37966091
82661401
61330772
62665862
23413333
54833729
16213475
70851562
94367637
25962593
18454099
64524003
28925104
79479846
82084542
85197453
9745944
13894896
73129039
58052000
35787126
71160424
59559300
93735055
7603010
92123180
16888114
19066219
13672449
24778040
68564101
84223287
4983240
4355193
57647261
45090729
53051637
74769662
43873552
7556943
25637222
16132046
8285369
9973411
34014350
15343490
92580831
52423201
66946162
29580893
99698226
48420009
11475942
53673146
44189796
68757944
11100544
54055108
44414009
59689902
6686012
92793393
7079810
39452598
99851125
69096535
59206023
3373098
94541459
81367874
47683587
70779600
77571619
35670375
61178155
15470858
50212058
53926187
53769485
11020173
15269870
23372459
94123843
12054367
54325644
77710001
8358479
89784793
82979228
47099506
44448995
95597924
83040892
35305253
68245737
92798140
31887721
52829784
6891500
85488693
54244691
5732912
68199062
13246978
36543985
88432803
90738659
9627621
53173058
45838181
55396932
25832529
47444043
28175811
82145551
62718394
53457046
52021488
87838196
69581628
21311489
32468260
99731575
7815640
84539677
72206569
46893123
50235555
97576770
61594952
47112459
89253001
72004790
49728739
69290198
54401131
10399755
20558543
64921522
52660774
94101649
20578065
4044742
58112359
89873782
38757838
36830153
59627178
73409627
38217222
62797249
87157916
97353947
32808392
16447729
21466692
51423171
73749179
74936303
17822040
32218210
62923479
65629710
57271815
73057861
15371865
43233470
86658938
11725481
35131926
41499057
72993523
53903402
53297663
56083497
61909296
5826199
87225950
41855992
28150875
32373255
36648265
26069279
64274033
92443852
79912340
50812237
7196325
53101601
3580525
68602508
13186220
92921026
28840450
13983260
20125637
74070822
40602530
27827867
95347631
74889881
18163069
31840824
17592448
77235056
12321619
52539345
7822491
54400440
77637995
90928369
1649535
27405257
45994786
46206868
69081025
47664397
65763774
81223912
89765918
43402142
10879805
33329250
91476134
43239672
83940635
13600695
66356913
82052537
23294062
1651422
80044441
26780401
13571396
73152836
10249312
84652514
48819387
65715769
34761386
84875088
99926708
3465922
81915299
28491693
13963731
42761314
74108659
18080340
24883006
82208308
65223643
11516383
72173082
30601420
58064369
94654871
68672456
70885608
7134024
92674961
10427219
42104552
49819622
92504469
63570753
25682033
15111248
67345646
94622987
17720296
68722394
33495481
9317138
13706098
24038801
78233081
4599626
10126059
3737417
37223524
8018664
41570575
30726705
58841089
3633857
20086061
45373173
54067065
54253382
46884972
62357152
89625766
51058902
67927757
80639618
18503352
68807467
45490616
69168941
81285273
12980971
74213487
99849783
11997630
65999695
40476278
18327318
51322223
35556378
92429772
47415219
58687244
58761065
66037671
65879674
98239288
748239
52443396
16300675
4013748
47098329
69127399
8301007
77563440
82977278
81176929
33094970
76054501
77308903
95858369
41667581
94979069
59491652
90226130
82232738
65411622
22128002
6838726
59355457
78417076
85487332
77631552
87397596
19179636
61074193
42612141
52595138
91503419
65247352
63958933
85614207
97617099
16348877
42644028
39670676
28119261
2538392
84687865
92826228
28528772
44912632
13498994
67020109
75288678
45141005
52964355
81064044
63728743
37270264
74146529
7153640
13247177
54069806
34213248
65599875
68264336
9532985
13923660
72859209
76272969
27444020
18586959
93819695
99066707
12627939
26899361
19197713
29570245
2742875
85824789
73598776
8307227
26507185
30272444
50795375
57789368
13581418
66220392
62441208
56179006
40388047
26811658
68752171
47631750
37136489
15037273
27746495
40963302
52916152
69558562
68008765
63452799
97544538
33605617
14359090
6708416
15698332
98392381
68108649
89456630
47546522
28947304
33874873
49352225
23081297
98762222
8510068
56063780
58224042
59031216
31742829
85400534
24435857
71873374
34978719
70968562
90984709
9910088
87600341
18894534
57952699
69621772
43992180
48303323
15398572
18400879
67880985
98172195
71503828
41678793
11481969
44769852
61624490
38951550
6676941
78519657
58856916
84637327
16897182
40215705
72839578
35017793
2582035
89555656
72150551
89363800
8588367
37987104
4136099
5093639
68883538
51800516
10571770
79005908
75033756
96649857
30561063
40091092
12432637
13489032
69979899
39296132
26093275
64405253
37044601
63283779
39378422
88414394
81286262
36319632
51352642
8659427
95552760
99224698
96107628
21822840
58782206
31869052
38060162
52247234
44490508
29998580
12455725
95866921
82079221
98464538
14791879
42514283
77204923
15385193
465276
70228786
27071750
48080508
69716598
59549803
21021290
5836960
35620642
31745537
20699248
49432114
60085468
80776974
64151532
60783903
59536004
48706807
64116513
12537316
79349435
57307804
43381268
6007946
80168813
85673718
76100391
21113472
32523948
52935008
23243773
67778350
9723506
41651977
42368609
68244982
10836379
39620087
75099241
31232187
574044
81135684
1481762
11996214
24178885
63173892
70647271
92506381
38165375
18392421
14726717
55933369
75896370
58540943
94992702
1750975
10598064
99885400
47721545
85797783
7954249
81861175
82517481
9595984
4543058
81293737
21248089
79635717
90761475
7583486
46054766
36296408
1883218
80972089
98297631
77403882
95941355
72334668
26819524
20648603
21155207
59489490
13864999
11827937
60593658
34857282
43247206
28201497
30181189
17219160
86717176
7931190
79043415
26239797
5889918
22878570
68276073
18130220
22553453
85593917
63637969
14594767
80892791
45853615
72927607
41471120
59113437
87509379
42025125
98080532
53772644
41603596
41477719
7200512
12119625
2317710
89135993
4158369
89439324
58927251
76686857
29926341
19887760
74275744
75442049
31705202
59905808
9850382
14012096
66703590
73659201
31631121
69496214
82435682
39431926
26011914
12917391
7469130
99027535
10245513
133607
62170063
86967190
94473413
32528325
27400434
55245123
70560200
114884
43119215
67860156
62462176
83938158
87062969
57124598
8474221
46582430
5321349
97229292
30575067
2763168
64062069
28605697
68972687
67598350
65156641
17302133
35069238
53610096
3079151
27541863
71220840
36564730
11957789
1555773
22951224
20462011
62613953
97131779
25371743
40180130
20074956
3703144
72501975
87591311
86660194
63074443
84217708
33054686
64505577
50897641
57782916
57066123
87586865
23403101
91603595
98925586
4747994
98359637
4692333
82050619
71165366
46670130
74813360
90000229
40987344
15088890
10478950
21532494
47154081
53807019
15490811
17349438
53829012
97221492
21531696
59278504
97690700
40794266
84790791
30371459
86215317
42308565
91924798
46827678
87382991
72913206
52649780
84661708
42498095
20589017
14794931
36164250
23377400
21958333
2655965
58005605
18198272
64655021
40516118
80933724
35746001
80306913
31589611
61062291
16855354
64757701
11678225
61404299
63002849
7609247
6277142
74152100
98958783
79860769
93748303
40042122
47433915
9971159
82797155
26065347
39551357
16978878
76299552
8045704
91591843
58794210
91409651
79194879
39751258
91133016
35492216
37880311
9496323
40728309
61594203
91383135
73999041
87329956
71509799
30175791
73251024
51750175
40685088
25128800
20150693
8940023
44342104
32780615
71466311
45780332
38057221
16362598
74936339
72276157
73485058
94093733
99923318
25736548
70967977
33842742
84547493
30433163
11284833
61559508
84265575
44164726
54919845
61397787
76134561
39237372
436577
87906077
30010267
23982376
73913401
90447252
25770499
43154861
15403376
79718728
10592
69909645
39103714
32478404
27222411
80037411
90930008
83891147
32712678
24899530
74009538
49067783
46699622
86978034
48015345
14575417
18873375
24188322
59291150
40167437
48150687
51295736
46995648
70086035
68436148
20245384
47406569
73776397
37596015
3949855
32475168
22562008
90051233
52766632
35570000
22297854
88502099
59805549
88506653
2515335
82898276
54976553
53424757
80942070
29665642
25318837
91476952
98356265
7594057
19922448
77357265
43020379
83868080
34531308
82274033
90280333
43252305
76917443
25339599
58107185
39539729
70615912
84095636
66270297
71371668
99818411
5764331
7133774
73324262
84548975
41009587
65786767
29754707
90350344
797185
59390772
6382462
41354061
173836
83552916
67972196
34174908
24153335
89908404
65622787
86016799
90255102
70457363
57937984
93593833
67206239
9202337
935973
39998581
83097010
87667588
75558048
52259494
72812263
63670444
67588285
92893590
17322486
46719123
33631816
14874365
98869725
32794317
88908054
20570957
49061930
656906
8552297
78856984
84723083
39133438
44899085
89436747
18711168
86437157
68037550
51718743
89325137
73390660
5192803
81453167
42799554
64905858
25772555
19227726
23882632
15249673
55885448
917860
27961219
13522374
33149558
14744361
40440192
58422184
29533511
56852140
63608816
82976332
76334461
90688765
24724235
13800132
55368851
58918820
70807704
1685468
37030313
99416000
81683686
91561138
26145551
98087711
68467891
46754417
61062834
90273552
31313222
75749699
17966609
47935882
45273561
29974913
87569156
97248849
79583622
69075765
43253868
37427785
10502822
85363622
37688517
20209443
93222487
13146675
26423836
45637634
98744129
624700
97743486
2268086
13284375
85911614
87504541
65733083
38940614
53643317
51328719
30636762
29999317
76650180
66571983
85044722
1293971
79761570
57006698
70593259
85138484
61373475
69739529
63582946
79530477
22672925
28155386
33851221
35733695
61645998
76859369
3098529
69639624
98011481
55865258
30760639
59928497
32495318
71246279
96461661
34568734
45340700
97913606
5425502
99640790
24330400
79495312
52286535
12886799
54677519
77869545
13252264
64500363
16871684
99694594
70448296
65856318
87955523
72291878
86052309
87117195
39868982
92195898
36918845
67483518
98313494
33283670
77327186
28266202
2756071
48705698
47073324
2003302
9348958
43461552
75958257
11125120
17836625
95323114
57724757
5653926
19501868
6952753
79177953
69252126
1772371
61365054
73240775
65679704
46948482
10015035
97385788
75432211
58654311
53226486
5650590
13762193
95956088
9410222
69749492
7259744
60478288
31565753
9852757
52539264
19319097
55547400
3064189
89037254
46236196
16519396
60002436
71115946
21447033
69172632
79784912
2057364
2017253
36597380
48071688
45068975
64866183
47572335
76982308
12974893
99491429
55686550
21397820
41664102
77797417
48487571
4061820
44911769
62511288
88966558
36677123
59560725
15675421
39059610
92195660
79784940
6221340
31672333
95832173
24923648
57198212
48697426
34515688
99993118
2516435
31613317
32567791
77865281
19555993
93939064
40805099
57717467
14720132
59741089
32651160
97384899
37696441
15103502
35649595
94480947
65610075
46419760
1079643
49132290
54114967
69011764
76394654
71959138
31483499
95431370
74216746
17600634
43935952
44798226
68729158
65689785
10756842
55604825
85545228
76360121
11232736
56094204
33112459
48918194
14784985
4207267
56487558
91132405
54645427
60825435
62086822
42220722
73217209
85344944
99448042
20006838
32189960
27323512
62161546
72763705
77031169
24537273
9182143
35628435
46432855
30865375
86717954
45466616
77702437
88837147
40160432
12440024
31181969
62047936
53177537
52419403
91140513
13501091
19475389
63240183
621047
45627914
22704
18307804
97284130
61611518
76370692
63256796
18447662
75157959
74611426
73477179
6784190
44975364
39385028
6482171
18912511
67121894
94970331
38861041
88213170
9462336
87242867
9073332
44508411
82212901
67304225
63132664
71205246
5402264
16480226
38681586
73853911
53550271
95253816
22160302
96228148
91971379
13118874
10445872
75896693
96783103
31989542
58478818
33566005
66209815
42149179
16958270
44219646
52788736
32682643
27682954
89587111
47397716
13189875
91875795
32219970
60620164
11512827
29194744
4673088
87244528
47542484
28908677
66788415
47001931
54742453
84370657
56550679
79034916
64749133
7315600
59676271
916706
22345456
46581546
202583
96830635
37175758
13090978
25661386
36360729
44757671
22487345
74274204
42403586
77389114
71164847
45028757
38798835
27305030
24910815
96531150
90391644
73372938
18270754
14114406
50748163
63878829
72983249
88491011
24426581
86105434
68227517
26667805
47182845
89211607
99604885
28167318
63632592
50734482
91047588
73845796
99736041
43810015
41114656
67122891
5301067
62278800
22899077
14400424
27563104
46528717
20780148
53563337
10379595
55903293
82364244
53084945
65283861
65178822
83087832
98842415
72849922
46803356
25154078
50130577
70000230
46039750
51474847
85741741
12410608
95034614
43416771
40380224
63826213
27024791
19355131
34347920
76313486
8019032
97721764
8868477
63355474
56895255
34927360
11906950
16961962
57493302
26994044
48800471
99634375
44077740
87159853
24509408
85819341
89517876
74477667
89543808
11139636
89947237
89380183
62310529
78603937
64463705
94229709
68773902
19641786
37750976
81794322
24004483
61960987
98680062
70297196
17971070
43474443
40063054
969363
4434968
11898953
47119020
90074513
59286040
2914283
2592819
26300496
64493198
64778621
91558683
8914223
17115584
82608923
87397179
59964443
55886311
45093057
92721683
49365910
39168483
34078248
21704515
43295701
85082943
23574466
11598051
6269952
19192570
7745609
52626855
50512212
96682226
72075512
13829164
95024731
16028736
48437909
39337787
87779063
55761737
2024958
15135280
10628555
56688477
65456348
21265509
20972233
54023626
42613309
34307640
53091555
81947964
83581275
63267887
98654891
94206694
74568774
61628163
92155722
79267159
19678585
11660496
44213464
22364940
30434872
70411807
37399678
8098560
88465846
4520327
20121691
16320260
69446824
9508021
14252177
72490515
74232637
43082883
5628171
44402226
82357145
18112532
51548630
32346879
13399710
35903132
46316312
67362406
43478415
17039123
44235493
85076508
62562420
89432486
45099628
78222380
57660305
56258914
68139825
51394097
9296302
1831239
78217414
97212214
88599653
60675366
64117886
80151431
17203275
76971497
14661031
51461761
30537511
60749931
71987118
55448378
37308247
38785319
64366904
92029720
29783006
87920085
67374539
32186090
58058135
3647908
14300080
95950423
25825462
68888516
12574195
53554995
80470018
39808121
2095911
13332945
88199723
51597887
63706919
51334866
90454221
62050734
53688558
31642387
97493921
46800287
1480032
63204377
11964074
41277673
43836538
74501472
92633616
60719620
56127984
84262565
31994118
71406439
99181320
93692054
88862120
88353929
6370172
60695975
14402365
82091438
84066874
56311740
17580730
26097644
29314729
94386071
63739114
49913901
39078886
41725739
82129424
60219782
67941417
40902751
95993960
47125708
38964098
65664924
16017380
66316219
22406078
76157652
85470713
35202046
71648698
59557162
76706605
8207613
49683971
26665961
63997344
6246605
97478728
3280336
50141629
23563604
95944161
68222465
43227178
31771783
62945918
41950642
87881043
41129469
58071202
30982467
84349080
47267812
21425409
57725839
98368808
39923432
73262667
97575569
6710230
71852650
38186843
74219939
73002168
37726682
792779
67079451
99544935
41866266
21127486
45991853
38729024
44761358
50076549
18081297
57429626
33312144
9361095
1031954
9761318
52499852
3775153
24176166
16972456
36522109
2321724
15506000
56150920
32544571
56127823
57595524
40457544
36512277
16084920
39214365
26886066
86069707
47339481
22406459
7467509
49354337
77663527
28603147
56678356
79278704
45788294
69645642
49207939
11891758
57901023
95357280
69398892
14040554
70997199
21180300
72390944
19368493
79417644
40083296
31038442
82514642
25022617
94976307
11083660
40493788
8968734
62765802
26169122
39274513
26451094
61176346
24598727
6740842
53912047
2757315
86795966
55981480
10278598
84822209
88663542
94906840
45011103
93756755
58494831
73875240
4834202
42557977
70967142
89706896
62636098
1217221
80410898
53110287
12671092
57371811
19505646
34329771
48278966
85653853
44716278
29831623
77573280
88449799
80109306
30525671
15948027
22212162
23558512
55568835
90814979
37985108
9307477
71013214
60328772
7442960
64798516
21563979
91997411
14210624
57280481
23920410
56732010
81097524
86885088
81546025
98675497
52399180
51394909
90082795
57116143
96615377
89408427
94068366
98715034
31537691
69571234
89196196
56503040
74016379
64696579
97740595
8594948
1601717
45842100
93154777
52171515
15183146
84387291
71453249
52930173
94681980
95037048
55731661
64672103
40021076
54622948
64564283
57628786
53913999
37161322
94713296
87551542
44835554
35375723
5741277
42026886
64627681
44660412
70347379
75563325
31807358
31372682
93645588
83948184
90239848
3623144
44059137
86091468
18569556
67105184
37920755
68810040
2125450
66658558
54405412
93909912
29560619
68358663
26036194
56400450
90133086
64460472
5179831
54997232
2608656
26412508
29526142
19682453
2089582
22008702
9883560
44286773
63616154
54487773
47669815
19677680
65713276
83758899
43958982
39012388
19316821
4212327
48691155
59797882
19001790
81420687
68772808
62972362
94963324
1090243
69734034
13966460
27755367
94537880
71649304
23793240
67541029
39762235
90519786
13572223
56424169
90604001
45853980
4343626
60706487
32845982
50410552
77514743
19719023
62840569
8929894
43630170
13357823
77561532
46806204
75448870
71051350
3586109
8793936
32248382
56582518
69771693
22260839
73161146
79201813
75879914
37165724
9205469
11340358
40898835
31895627
18791073
17664923
60516124
98900757
18723112
95883222
71137892
81270586
43768371
83112151
4985352
56882533
70985589
9629190
29801096
74243357
96825107
53518937
28388843
74469298
22087009
38470982
98537829
55197617
5587218
97258617
77799434
47684564
95227725
80502829
26182759
67301862
67449169
36963326
17333083
53777173
31096426
24583301
5828433
21773392
72938192
98253615
36138931
35297828
96078165
80575273
32190346
78006050
85290822
71292620
46098278
2551211
99523611
54180582
31821494
45183824
81389614
54076697
53214480
50905112
55585865
79773452
52677742
33643247
94062451
34543120
80559903
48273846
85116575
56488368
95675121
90274885
78613894
51571032
29783881
56254981
32425784
62524643
92747220
48971567
10456949
18877709
95196941
29937195
59055311
4667103
95339840
69828105
43680924
72246879
63484781
86150158
79056240
21206654
2705764
99252410
61803053
64706642
50010938
80603359
7728584
89131237
4754922
68505308
51346708
48354722
11079841
18910369
5032981
70839273
17495106
75250499
83342990
54970759
72537214
7356093
46092384
30704815
73313799
33289047
12160150
10264729
57432870
95896700
79474785
54092223
8340731
45929061
8669570
23435065
86428442
33060966
93369607
95463287
81196588
3157619
98173973
91209395
23538734
29928356
37651299
52796684
7550140
29697795
26166358
69404589
13139331
53755414
12153025
52226167
53951720
63765454
37886627
66574890
14373956
64623030
37822567
15145744
57133968
14404757
13454155
32557029
46591164
53493284
5441737
9812754
70372702
46577990
69396836
90952652
65325128
66713969
67575113
38798179
24400624
1689327
40925439
99206689
39012615
15961926
30881948
48942944
76339190
47117951
30840046
45725659
42036666
21795652
76163177
12612121
27173902
78031548
43353008
88424639
10796447
45322382
93724620
16581611
8015948
43186753
86307592
98378531
54562422
66720603
18545174
90164642
69338212
82564777
3571963
54776653
75568634
96676440
37886205
83652686
75414132
95165906
72040934
13315500
59670104
69879605
38292212
46515156
25991789
94016395
80771556
12542955
993491
20407025
65448268
98079874
22811096
17380509
918556
74065491
49726115
91747811
44073191
56650249
25595474
66483611
34093220
57744586
96714891
68919973
63201058
97798617
43218037
49053262
74721813
5914887
85614835
56914373
32088550
71718471
64087274
19005012
12046805
61845944
59588885
6525953
33775250
62743116
10749934
23358253
21997558
54255857
86666462
80996456
96231222
1765123
15300142
71497785
70610565
83652776
64415380
97436838
75535569
36749844
40875272
80652367
16917184
99302767
50271094
36609482
53060335
24518749
26992595
58390762
85069157
25061757
61836091
72799299
35129280
69397748
91834165
39693094
74016143
86193139
98214616
79929836
13223783
66155160
37537980
59245834
97396188
51335419
30979366
80556596
37770779
98172556
70870204
85447097
7231284
36626266
28454662
49684258
46520131
10879063
1782058
88898164
18738410
44638448
23683236
38697382
17232191
74563414
14278945
9062755
79014223
87793332
55355538
5482201
32632998
51548069
50445649
99710105
25948686
44065864
11039935
68916121
26385398
94849191
13874333
84768851
725215
89144613
4246646
69111403
71368514
62897056
74024121
79915261
62256502
75924367
82481842
69958268
18106325
74075330
73570128
44897136
33411600
44589189
62779351
74367016
85627567
72166540
53576754
42360018
73710785
7238537
47687464
97074436
82407683
40961634
90129022
87357477
20276128
69430319
19977520
47989450
17215852
48378985
29792909
30027098
33717173
58896810
16816898
75145283
48991952
17327229
70120085
56958545
99210315
44610008
75555360
76470353
47556946
71326138
27588430
53643244
27827025
93018987
51621830
86770379
76138096
53686896
69642
16821316
49287491
47888266
79091540
81714854
93909998
13711182
948207
91500861
75798912
95322910
21483649
49145663
38077620
86216089
73245728
45366433
25337980
84529425
19344390
46630694
29659428
56165996
34207680
66767011
11693818
22601561
10790358
91248160
71783900
94268356
63858527
24440196
20762851
81377028
75118075
35071552
13732936
20832421
87388174
36206732
15363125
7032643
35426872
11620383
67795376
5942272
52602825
33791951
4395789
54942505
89464394
95596173
78700334
4962533
70873384
74795109
88414103
61286547
66680560
11142804
58457634
29726737
35037126
9322897
4058758
45534612
2648555
99186896
99731925
11098684
26751754
989831
75967534
91479383
4006991
59942679
44296974
46718389
90794862
26269796
98294274
46709351
91927287
89148139
76876686
66000702
8796411
47304348
36903996
42391420
63813771
50261830
86564907
14307850
45317029
22584688
82584238
37196183
20259221
54402085
61977391
82429509
19184293
76052307
52849070
22489137
28727608
74913692
27785181
76021239
60779601
87325545
97144968
54231171
928272
93553720
53152850
43674109
74733692
7163662
93453013
14605870
75043952
63578750
91704155
10874051
26993913
39821281
6985457
7816242
74101329
60561879
63167733
82415474
58341457
18425072
15512373
91083132
53599642
13250240
15353732
77799901
67915890
28397588
21858361
85372921
91330080
76261800
82660165
22307617
79393010
95657942
14738963
5476494
86758393
35301609
50014528
18409852
99589724
87678743
17617091
12146347
30911022
21253085
48694896
664607
63436401
80706530
54666670
38581169
68976531
43623592
72087070
25824937
2512986
81525261
11859420
76784099
54938130
74277396
20623188
74836821
65286391
91187190
21900788
61709315
38321148
69670562
73178823
62567836
38025079
22084792
2720565
74177514
79612574
96480758
18036840
82270865
38660939
85355157
25937381
57482279
82916242
21919658
16159819
55493936
85975234
36706261
1421739
15601392
14840967
15566589
15142678
95522075
70873030
6374480
99549197
40352833
20997260
18375051
77758909
35348987
38818263
52283738
96048818
92361029
97803224
7946813
13647002
31322076
70913952
89292659
64711923
58885027
6523181
76207326
79887781
66537250
47445472
75120192
24488260
82579178
54517841
90007204
74119451
65620821
57401080
13820646
44594266
76546706
23376636
53569001
61909402
78166175
61339734
89984135
96514460
56034175
53158530
6313322
5769203
73535462
72914430
38505829
80575707
69813544
49327158
87942975
41681229
11106467
56805629
78478289
86466286
47788086
65346958
74156795
98878977
93779155
46171227
63908856
17483664
50757355
95113311
65915261
49460389
48622445
45934127
85057172
5616913
86506416
2255113
8430068
40398047
61112284
38649232
61801184
75669322
45995600
53912810
22523137
61721841
38721054
44412939
11851241
82033276
81054739
35621927
78790203
51145443
82894724
50573643
55476879
99156622
80286331
90497373
80817555
54088719
49801528
64024486
53333447
28985500
47973010
10278544
68498353
34321446
15804412
95411379
18593723
84555211
51765070
57853232
65435874
88140725
20512134
92969449
39801939
53095346
56576427
89554319
17557496
94560669
54282516
53206318
93105091
37906619
85071776
79043798
66436164
3871573
26107175
60740063
39654711
92733184
14253919
972645
52237332
94271536
18587478
98469255
84793973
45199542
21390172
68811861
97528652
55690926
935276
18464558
27959599
34899325
84328126
15699450
7959876
11668404
45424032
4953488
94841211
87552435
94389296
43194726
21165354
31781441
60120321
97852795
29456083
40147651
25966651
17973288
2458475
7910577
77353256
35452447
95382867
73121117
96665426
24230320
13583905
62348511
77861078
25290986
53709924
18968393
21205189
31360397
34921171
86694033
91113566
45433512
53262866
50148568
1529938
38027410
53338310
14586346
36237150
59934335
72714493
79424407
30104378
53117453
39176829
78719540
71651664
65856585
38181932
56249762
87866471
43246914
70184776
96919623
53444808
33250726
56229459
65109172
76379930
63012608
25074282
33252332
50845432
78437577
61224299
9602728
3445681
89055283
65536619
81105845
14264905
41235283
90784151
88706354
77042594
74558283
85162416
90983205
15556522
87786010
38379960
62919645
47714102
43265691
57690961
61300715
65286722
13816172
69055608
60924967
95763875
28801048
39283145
10552446
45830009
28320307
26630598
96050757
38308597
75910896
66057311
38138553
60548114
32193940
58187003
41729252
95376378
53548827
18973343
53039946
9121337
48395597
49647389
57345814
79904547
1338255
6434373
83664081
18651541
12463847
94745243
30767773
57973406
49948092
85705827
50245762
85644222
64730248
21187994
73090894
21675859
80488169
48618148
28417662
44338616
83755930
51156094
90976627
79015332
61407845
65903339
41205755
34743868
3778432
7764732
83674099
57036910
61213523
8758737
1703878
18048549
98902331
48609517
60190825
67108290
89225581
5689100
69347199
79102554
25431740
79047948
13808984
7932491
77705427
48735514
20295759
15173895
56249444
19780480
88078271
35454055
67989968
9320797
13174773
71531052
91460178
37171076
47751539
13978346
25602955
81970266
84118843
22272646
10899429
13579188
28997050
89930376
71872880
62592923
42513536
64783460
27943085
22454679
54717632
85585622
30646037
76383136
28733971
64051257
18813315
57386640
78656031
88269472
47381444
31922840
58720841
57963152
73174962
13429575
51224968
29681193
12785209
92469349
34345122
62755077
33868316
51221111
70072567
57447795
96550139
41916969
56497249
70575904
58379300
71323870
40230746
37713515
71726584
83660404
44781606
42441553
51567464
39442078
48149660
59813217
13795326
54675833
98792374
88996614
45156924
60128870
43679675
55261580
27314876
90484321
63093417
25563130
53759485
23686212
99519020
53005051
42807249
57416834
16146327
32984013
30757912
16180194
52057574
62158205
11552206
19586277
77594041
15340563
66279245
96644693
58629637
38409394
26921510
65255787
88213513
27674197
7489970
86628630
83480041
958788
11555328
84905413
79075459
90384460
51909210
12165810
87592281
81198149
32691670
34136380
27398207
16179807
9441240
96202980
44124955
26226856
13882550
28996268
17192753
67385817
70014394
22364906
87243089
36497225
3263910
85385996
11882161
98016073
91974190
53308685
85530534
3138708
95211129
57011041
91829969
72878686
59551768
71595599
60478024
66431055
8175691
44226769
61503806
38868265
77649029
73788750
66425483
37046261
25450921
29164763
62042569
23799180
60886067
29866267
96470025
13415837
23465228
88594790
62064855
36536651
47729580
66435465
17450870
7734394
46256718
76659891
81402534
59117837
1241934
7827646
55215830
6506849
15157638
44612670
89430390
82129824
11915405
1424544
786101
73516058
42118285
15310655
47858133
66525366
71577016
82988453
57693613
31036968
16079618
24159482
86995429
74344817
56108874
60140361
50194305
78663947
70359824
73821718
67454454
45453851
31140084
55036270
40261809
83111677
59875395
47852777
17053632
35606528
54488494
86031628
11479090
91087673
76955949
78796638
13339899
87294979
66434106
68934502
95454986
69574057
12722014
82789476
73450496
73131434
257962
69047628
84756057
11807063
23340740
17293097
3187195
63367715
52223439
98430543
34381878
41984893
90668468
23516731
79450943
30058034
6707064
51040804
59526836
29372020
11976024
92079819
8801065
91308243
39650547
78184762
20284368
13797177
3740594
8333590
98082473
82134756
53218424
40538790
30578031
22564559
59334470
49219795
71725913
20145522
69728786
48336213
77798046
92839789
1291692
79729506
53070964
34433096
706540
1342750
32933497
5503872
31526054
54389214
30787796
45963154
38113478
85023963
65657549
48929008
30730564
90601005
8103942
2874053
77954981
10826254
52043602
78065327
66621523
1143736
3277823
55785037
51394266
59573901
22594060
8617773
35088303
58479989
28157880
72292147
15879808
81637090
85359932
10242517
40643565
53134791
66268211
64265181
52577309
49462853
21511730
36869228
65394954
26625753
99508664
37877461
50133378
99245161
57533390
92140242
66575453
14699478
79439659
44988197
30446408
12905013
38297437
63615001
14744074
60886806
72038601
18364073
29183371
69173581
4021416
5411080
629000
89865067
8690886
48604332
43549354
71758476
46782754
44790517
40211526
87041163
93311289
87702987
70464157
9019604
12328412
87645949
14870437
87233895
93031310
76858236
67632511
2346760
36177628
53367209
51997925
2395380
63114509
72104199
52749168
81560295
64574920
48113591
3573969
6918979
26926202
87889073
99845153
99147237
56062036
30926816
28280480
43943607
25117209
5215024
40307920
86836729
31951117
25019174
31859195
72735815
93266944
61677378
99685630
93885104
63808713
81907398
84361404
69343732
61945614
35180345
80306156
8851702
80493416
28766059
6027054
21684832
74546338
88604934
13403852
90610782
11393545
66806957
40825882
4894969
8261275
77122837
5007196
72452078
12044524
82896120
73850719
37449379
54884120
83263846
27448985
7003658
62290450
45291204
42939956
8957425
33851660
48979729
74098844
58855703
31712169
90010781
71328409
2539219
12291620
91723213
10067910
3304952
92036371
34449916
76588449
86264605
52738315
53813724
98462385
97514592
5363253
92495617
4627086
22390950
8589519
6878461
79897426
3595117
46792984
32721436
80793860
77284164
94687398
17531547
7907266
18008920
25009789
24207028
40823418
87999012
10038098
7922237
91945024
88517009
23562250
34989247
17486
39875413
48726493
36188964
69577163
39044377
32206159
6087592
10117964
44203765
47308916
81199495
21954000
34770516
75932655
69212339
86916586
1697226
84964769
21648954
69899244
59697233
58955462
73436352
50431942
74766776
80812972
16042323
85611546
78190371
6633987
69605854
31623835
2878347
11193921
11043123
66796350
84499212
27041368
85166168
74196649
34698048
18107355
25527804
38327403
49739615
9151755
64148016
38321253
36894974
12547061
17049025
89021479
18322737
3577171
79192175
66976364
71567539
46424770
53021192
93702657
76194885
6186323
62541295
62684061
50023613
20266718
21066861
13127071
75672062
93635728
85749106
48722498
38110703
75844214
25000839
98903831
24373731
84259868
34727046
11411269
27126074
72672292
7934190
57530017
72479484
57711545
37989777
9018289
93158328
30802101
98516266
62884305
67221095
39117967
78292880
19463765
6136160
52080198
56361837
81867734
26765705
96859257
562043
64733468
96049522
40798952
64515082
34258755
98540524
54536609
50724929
18683221
47580836
2529458
27804602
50609993
90805590
29507444
4202407
16653926
36329529
41922394
38022868
91300821
56954299
9359392
34879727
41272121
4926875
50389915
26356684
59890793
4422793
29201905
70320636
68101205
35209508
61631017
24109498
73923212
47633864
59830752
41380733
84984785
63740918
52404946
5809219
22990783
81577040
48388451
70771272
48999386
2666688
17572802
64609521
6296943
78684444
7880031
89015725
78342927
74779417
87995765
33841083
40307562
81775160
81721829
21423095
87789142
65671726
23205930
36065250
82805265
59657481
46658786
61504799
61825933
51012364
67434681
67905101
51165770
11103131
3940015
97945488
82813056
39865172
53631986
33893605
9308783
583826
50501363
14410897
37732940
61679328
46283033
64787696
215570
74956992
82700449
92806951
72287718
98801371
30813275
22163142
28683265
6710715
71829776
35920674
31698613
15024931
42245926
32069784
81820023
24589614
56165935
32133805
13492343
64992335
4519229
45567374
66028605
86828226
33153346
41480287
11606075
94660004
66761461
47292293
92468632
97130291
85164994
8818276
9210718
20374288
94381957
88692832
11558495
68771078
71167398
18777153
59651205
86201848
65097732
67532813
87227222
53429659
72894214
79343442
28787457
24461888
71585622
13859611
52275164
31771712
21824040
24243805
46233751
51426030
48317037
29955069
64452902
11927926
77830290
68612684
52545326
7242563
78565133
93043661
95621323
5571605
33647360
61075034
67645970
3578998
41156950
68392749
33644996
87669042
73410422
96298282
84235871
65562631
6671493
84474268
51982458
78507021
99784480
5823313
49464537
59405631
93864277
84058926
4488214
52102955
52699557
16928438
8637765
92958699
1277204
44948835
37156585
6835174
38479401
31030520
51504112
53575584
29621762
75053458
55376167
99500481
95318332
46272143
18470441
48914962
71152124
17620597
49505140
73289885
53910699
96550236
12324188
59431489
97603544
40156003
4974629
7559192
52131040
88409290
37645349
70782432
69288689
69949569
37170794
22795255
79509510
81950290
69384448
87969446
53434881
43621379
20920864
27776955
65007130
24836748
55440980
97919887
57065551
31243956
93999888
29266504
34555636
87431622
24470536
71390624
64846899
31152730
79401944
25774021
48996866
76329550
98645848
42788385
21942906
62298302
73477963
10842072
36321760
16225291
77929143
23020353
69728330
96620947
80191674
32298031
92947405
80271613
26020902
42261751
70095537
97172910
51960187
75609554
15907059
84170880
50876906
46285651
4532252
79532784
9538068
25181379
38414464
64181865
13111268
18564050
97641839
39527307
66458183
88891851
70363625
99424511
54179218
59598464
75775954
68397222
37643275
55074961
89323548
48246117
52708390
27105199
36958795
13480633
48831986
96567483
18988301
13294459
6285884
20280398
8849380
31047098
4510075
10174155
79027946
69760673
63228044
64170707
30429418
69849839
59274160
45461701
19975846
82757632
64685179
62032193
81796594
56679762
47990035
81267955
95524975
27844014
92459017
20637808
74109558
99389504
18716295
22219820
20747166
32029413
39343476
3397347
83623263
61515282
17705180
19268196
76829864
33481705
20396378
53782071
31777296
73043188
71200665
30296011
25085252
7359564
33157336
95775713
40047666
76603782
14826351
54621376
27090743
47966334
22211424
29389323
999620
42693194
26924299
932709
93558845
4039515
68314377
65562417
39245156
33480233
93178060
52815866
47295615
3709519
96943001
47903729
43147464
60765318
42127084
4796938
49805187
15274073
86736874
18770623
78447785
200023
12924439
71539957
85457195
49532938
8932046
84803366
42497101
78630857
88415341
65655225
13750879
71404422
67766600
8084925
41264356
56043465
99304316
48100354
85744944
78231912
66223639
73743665
95070916
3398163
41345068
75565595
63957518
47852590
37640909
2425756
80795474
87507093
12824717
14807325
65705051
35100869
33695590
14006058
79062250
5605476
19630229
24973229
13759045
5066698
50608065
94748807
61277871
59908107
39132294
4386704
94302644
25533939
6626915
37407061
89736442
10731724
22878817
8169411
24018744
59401060
18887565
98433009
67797327
43851523
97223502
17728559
3859732
80671687
68598349
63287734
35988448
31852710
7735456
33605415
34957679
80654300
71623543
36023756
18443432
40379502
96173691
63004886
69663559
25455901
84671602
90977685
51860466
25501604
25406840
91301876
64416659
77265971
4629442
57189498
86638572
84667193
89863194
76209616
76465561
84858327
84226359
79455546
77441107
45873639
89887179
69567886
28981392
90467115
43973706
72058175
3992805
32631741
16864717
67519413
46056833
27341837
89524737
48890405
78054922
51219242
50475746
24021500
87871557
70412497
13306991
66040115
52102561
45186201
27626152
48748460
98686837
50529694
56526550
80474739
63261441
84705712
69086184
18465689
1227661
30213210
18677084
85857943
46914927
71605211
3878309
44648872
61146625
81156759
13531735
56965574
88055302
35181513
59595143
98457982
96737841
73764155
63980367
88682775
74172831
88564173
48783861
51360824
7728804
22136781
31961349
41771065
93244331
54931081
90297048
2247390
93063091
1667703
25335856
15697846
6464614
9248997
47645542
23944629
12291377
69477432
60376484
79998029
57993861
5289338
88658134
36314183
60040946
92658299
72273592
8547800
83630316
20953523
53466012
61353218
89264640
40799999
13368505
43897761
28156768
10386155
3949374
38004649
93879820
4602652
36003091
28005261
37845760
7683511
14128813
85404871
55894540
64895656
21109703
11819572
29854157
96999798
42356944
99817149
50406163
22818832
12067466
3734895
38480934
49600524
47951050
29506805
19441216
21090955
10702655
28584177
26248537
1690172
31773716
1685378
94363768
95490250
8266598
51314707
61854815
52172113
82162315
3819384
10553705
4446465
16639622
37622108
16691098
53481612
18997855
79624263
6925874
32435969
14484432
21765418
78335790
92927709
17897759
38395157
40832590
10645182
4195357
8686619
21034870
25043625
5650022
39700743
40308504
86160861
22318767
44334774
43518442
90139354
43780713
52718193
51967532
91544102
80794953
27900568
41115356
22668776
51238774
69585529
36920056
61016365
5853716
15664183
52560335
65468619
66713532
66502927
3800505
832731
44803133
1156548
25595238
38465835
88189174
36863224
58463899
67064763
93014693
66045272
17902096
16090181
43952206
68960455
82372436
87351011
81784995
98891935
47363143
86670561
56926951
72277022
90701754
37907101
9019490
41393592
56257430
50569733
98203901
25145946
38704602
24961621
3690176
13850365
78114267
72567823
82734960
55907496
19006200
3200522
7810509
27823021
60156266
83874644
81120889
4652343
65267967
72486151
79937390
26432364
79748605
59270309
63209919
50086260
3388041
53388796
84802885
18337486
79775380
64849960
35821401
6451760
16122785
96759000
49288985
63555417
19751236
14944632
85582209
31155119
79989468
20928430
47065628
59267095
99667930
17019577
59567104
15037688
69565404
56563809
21469496
92572604
83890054
63161054
3506872
91366832
31109980
14593108
68929237
83897683
94318177
79711952
90771709
90568836
93081357
69310700
72298998
69737367
67911365
16193818
51790022
47676618
87662212
8525395
80322417
83501978
16213898
78119240
88431968
99647629
31297913
93820105
10954734
37720811
93542343
37882166
52230207
20897378
23410400
90695285
31137458
98542768
85172869
9509571
73072470
76588646
72073146
36119814
70391096
33567119
87384132
39885349
26423749
25935615
51725284
78565017
49520924
47838577
89697215
87042317
1587679
14895604
25289420
88236864
8283436
47603316
92660923
13861425
2805926
65200073
3782652
8723075
5799464
7016571
69440078
49156279
23497763
488238
66984955
58162470
54502048
30261020
10695745
12036353
58949522
82793665
87088065
53407648
86278703
72759553
78741259
89752070
30308491
72566982
20871984
16672858
72314509
14257825
10311221
35807950
45200387
56460601
21727829
71458445
74668709
99193801
68113446
440972
38202742
86003114
57426882
10850197
82433109
20141582
73745600
11335670
94793148
21286739
75364569
72321377
15648282
53577770
34534417
74070835
27413991
24688420
40660973
37307342
87397943
93816077
58813483
93455941
21890416
18120005
17014474
71855285
63611045
21401773
65620067
84617207
68608552
19741958
27915750
77914291
40840729
63312798
21869090
94263948
31708172
41236237
58608549
6030400
12613922
69460268
14448034
73724087
64825905
65620588
5069463
54429626
15571032
56844231
64255315
72262264
90396910
35252902
36297848
24024895
88203141
55749823
58620063
85785775
46426043
19300333
63004613
96900111
83085218
98698397
3763218
98618941
38298294
56378434
58669086
6022712
45799797
58433241
47000635
34179189
33695059
71412458
7084803
24522154
59125019
53884489
73439976
93914131
63312899
2157162
57658037
98558625
61283768
90422603
67114624
84941646
41831620
14324170
28961341
13657971
43152326
99431295
66136724
93218885
62828292
52818308
72218902
4020714
13682407
63919304
59238001
95889421
89363741
88515541
86879945
75008904
56631478
35882654
94811169
23532903
72204503
91289898
84582370
28408369
38181510
72033308
53476984
50861166
70778081
48464942
56318275
61234658
36323792
68488526
80064690
84383671
63068004
19245715
3855886
3806903
35218589
58799910
48342443
42817624
31813029
79203646
51325430
10340627
97664544
75468771
82668296
54688110
52397065
3284759
68988138
52174243
56650467
74404406
64679269
48043460
86574486
248562
4185435
82126173
41790009
48389384
12367565
59197772
30625570
70470405
87136937
36757401
23207794
36920680
63300659
65856302
10777956
24891307
4931756
37507871
44654663
23975837
73441580
74279964
86936995
63406355
54648121
7164604
62396225
14410356
49577024
81006523
96935355
58200434
53245852
33331796
80931308
77522884
86300020
13047286
26818304
96841757
13606370
3618441
45065511
22019664
17505480
4550102
29109037
90381176
37544959
41179248
78634152
10329080
44362837
23115110
11913813
41779674
89323617
42759809
55426363
44575272
74710831
84481196
81228014
72173944
1002028
83743302
12706259
67512439
55413726
48556865
25566156
89587217
69884555
79899892
87979586
48818608
30784463
51292985
53859243
11633247
86411829
37319152
95826582
91246581
98662621
99925974
39181725
25330500
46642103
67029207
73059979
69544810
85058070
94940
21790049
24404140
3481688
21064531
73270217
78262354
12415829
3791916
9843096
33230092
97378565
10319082
78247056
87917425
88202191
69401455
37965511
79018102
85314310
17240527
80690146
36116092
68978089
45514888
43707952
6608789
3195831
16045061
75860316
14036174
59038071
52275042
62945965
73839443
33143970
25339379
65535075
22918650
52865417
54661990
45994959
46916992
80324644
25258523
89283790
69583815
26581577
99512170
89930207
57658611
99720060
59912495
61924537
14916525
50761287
19481970
97309350
15816412
39279763
27749089
2952206
98273728
21897300
30407204
57324976
13294934
57329443
43139759
68085419
25967392
12338900
84352815
98450597
61670742
16654821
85168848
73707347
50350144
27641359
45348723
86429573
5174518
41479501
51294052
22448233
24898976
18310617
9155592
99275653
30495251
59651376
46285485
19931797
89524746
18519662
66285289
46793647
23874685
67127384
69441357
76698404
35168189
2478523
54559601
47555801
64383985
66178378
51925016
83408412
53796252
99683010
24054046
47806181
32868791
57024151
37805680
38890447
4682468
67887734
24491524
79314030
22572475
42095817
96962184
67051139
95804409
27876691
62927687
32705076
31095692
85533428
48409511
78740718
91008573
19871364
75035689
80150155
6841384
30584988
44596428
96695458
94941023
18590442
51480836
74991022
20143295
53384154
31904768
66452055
53649740
60301831
62092283
65309320
17336755
74534790
18176096
18341804
1793573
84814986
69894184
1736514
26683360
87950548
79492790
31444560
67571385
68554370
98631996
26336326
21799813
75744757
64208272
99221899
74956232
65076265
3266965
640058
88248059
74504530
23357739
67533442
11660214
37051550
74172404
56142459
47289532
68330268
46279893
6383417
10016563
66325698
43624565
5742803
64273175
71836684
65457564
73193140
49914680
70005762
25396952
10132003
65553909
68992522
21243052
39313656
83787081
15870285
14177289
97318650
28845673
24288038
64152669
56279783
99749819
66239445
56860927
13786722
24472343
53322339
12145095
65250514
33035166
53436233
42994545
87608089
50012507
23261832
85668187
65458568
74926620
94236285
90212354
75698716
52031613
57888881
15296478
72301226
75358446
80114698
66876080
27475962
37636699
88214475
78936166
61371493
84691422
63742595
53784229
26133174
27733602
46169185
85736151
78533355
56728228
78091529
7328593
63086863
74091326
79158634
15857015
56355187
65679965
72702837
59105176
86366953
90843406
89808278
49708377
22348646
58399485
16578287
53729481
43173020
40635235
74192737
62017577
84365032
91337063
36435881
9389623
52981550
56714826
58579609
85113760
45590369
61266189
40335391
90084601
6499831
16211888
29186340
28471682
80079096
81111699
65516196
25821354
13409764
29670944
69077901
8755403
95772381
58025635
17241987
77021341
53748086
63696512
37195370
26427520
19784596
97871281
93672375
6758950
7958738
89441102
2345680
30267795
36918377
15016319
65104899
26332100
58748546
92720399
4997946
84366117
15902800
90482553
3864005
23155804
9473234
20387653
51331953
33113449
53196895
85436522
45960719
69424104
83196871
55097696
41553267
77625462
84746870
76878498
68640768
9091778
88478393
1873173
66418791
31134902
62964468
57468613
76070141
15345075
51652382
52658853
96216046
76328080
7158508
27104604
46352261
3305829
58074611
67771820
83034941
64111597
17655569
81498156
26366188
38227463
88460854
54233469
472330
68661944
96016282
30920158
77038492
71395863
63715461
80553087
8506044
30616085
74174479
6614782
32327907
17465459
996456
92671469
57994661
76858936
76727931
41482348
26654068
18662578
65719404
67196613
98021445
7849454
27175960
84912807
22057144
88733604
84638687
95075511
65906683
47728868
23998111
61381374
86425992
46345719
28822552
55735461
35311108
42452387
87095541
32397157
40573792
36023860
28911906
48147321
32357316
86483889
14183278
23829946
24632045
77247326
70185731
53630559
84367751
69531971
97489774
56299156
19753225
31123964
70290475
71430066
54619362
28244642
87647532
42033205
85328016
49158273
1288497
2181619
25973953
73080242
55617451
7074806
24479201
97698299
11353353
38919628
46303528
18004887
82418126
31493667
61764783
41149103
82397359
39523313
81648612
61643494
66330608
61187116
54498336
50688788
73594043
60330767
47527897
74107336
53081404
86285040
16706215
27986872
20532201
54750315
53942445
29716861
64595267
21014425
81774233
50203751
45840489
70104230
36463937
14827313
40064022
77093760
3173510
32312489
41402697
4105926
38179284
73065457
68527249
18728242
67071511
75841521
18069348
82643623
98067631
67720873
15565517
90391810
31059039
82764898
91417054
67010058
56390655
51749154
87796090
59701635
67941874
15585292
96733119
65571166
34413444
83564529
62784983
72077941
51085317
93350564
32459621
94171319
86499298
10768982
82092099
43615218
88830065
38561299
20464387
64499560
60004873
18434016
55260842
49163235
68350388
56298094
76207714
61793918
5670816
41830059
13890700
3331508
63364741
47586077
73579611
36778364
56104118
79159011
35691051
12722054
63699194
88595560
13255470
50660133
7942365
9868985
25888405
91145370
78002979
13009599
6775296
62804842
54156513
5974967
45759565
20778542
61865613
67861890
60696480
38228315
56103307
90681975
30550503
51321509
14608777
23754334
6271551
87357242
97854029
41633267
82978313
81855060
43640615
84432999
32970215
49338658
27481217
84670616
53898890
16905858
59845997
27050128
97018742
38860761
52254481
40848821
45670017
69462867
48257747
85549930
3362007
59177110
93609721
55101973
31875093
4235776
68173403
38674664
31687933
36529782
4620935
74362370
23919762
9140961
71251465
66299537
45723486
81077038
36060127
18969910
31600079
42777305
7246108
73251523
96532306
98393332
70659116
19488256
357465
93670411
12300484
22995993
99848643
68641594
73037779
66895340
26042457
80145679
7490211
6224052
41892452
23672489
97170462
67108462
88025170
22126132
98758000
5671159
88815719
17941259
64726899
66018106
83061081
67305935
6903112
29570219
89014320
72007432
27650578
60119003
11075914
49033202
73169843
91118891
7421282
49346865
79550168
39237765
80129256
44716886
1089044
94732467
46937587
29106117
69021914
88888885
6657818
13053904
23619679
83628703
90059255
81847749
73790440
27772298
49792741
86912772
78330644
59543609
16075468
18876295
28530339
90635901
86782869
61284076
35144320
7404908
3452321
5069339
37113562
31881192
5569413
37132128
87913827
16127323
39943269
72002462
66214981
91585262
4725615
1657950
43276670
851476
96543381
79648850
46032137
94870378
4949568
33116424
63120020
43511408
45183471
13972641
88467050
64085895
52469834
40960358
97305410
46267367
89453945
60442934
29753200
72852811
98197694
60925039
36521202
32177576
63711186
2472961
68163565
43325622
39035648
44658606
93845219
73664618
28134709
63211100
91254147
97518164
54431971
31342245
82879024
4633978
81146610
39765850
78968914
48032912
39628098
45787054
4780172
41686338
23579453
61431750
95582834
4728915
27282219
73490937
49501739
55886275
51666608
32891597
92107106
63275153
77599068
70687211
70386381
65691863
73310256
95641033
44194042
74160634
28122436
2636524
20185844
72063008
44273440
44828375
40032265
99093557
40096660
58591637
81623973
59389237
8550653
77633336
38037704
53335939
10081937
86258538
31986386
51733666
84871446
21829419
51327698
31422015
24010022
47062728
3044407
1392678
36063350
5526942
27413651
48875828
74289257
74323446
40154792
3698365
61672872
10743458
71559091
27005620
82239534
27237828
74662043
96858188
89599917
66616451
82757834
978170
1794724
55005655
99237846
10431365
90251713
72957994
51818658
13673535
9442614
87247234
31288321
39108563
28447422
97015364
91988122
58187619
70279011
87847780
17120877
90567276
61338733
41805644
58961852
87831957
21845437
40643657
85017666
22981446
81170143
26647064
85521412
74623354
38842597
92110831
64998703
66579071
51868610
68150650
87368787
12829282
45462402
85624213
39514244
75916817
16591075
33421335
16680421
81132621
64243180
75932422
8052685
19426870
98311009
13592590
12808270
8329518
52891484
70853163
88822549
85602383
60594920
8951840
6372510
18599019
47924288
68943145
82058984
7143960
1032426
3028577
69785981
25088215
78452197
85468860
77911523
79551198
30646560
99951737
29250600
36873979
60182940
8997800
94478304
48356570
78607307
70328217
84821712
29014831
6977699
67628489
1670431
49186998
29171975
40598857
97477451
99941550
82830661
55838813
7090826
55840980
50567282
55550701
56764016
7579038
10448255
29196283
86074105
46621686
86708091
87792588
20534387
31808702
98564678
2834663
39905281
37269641
5425104
37351656
8040703
69131945
68898831
2375324
32906974
60703099
15716613
92118434
98303832
4726910
51235546
42181834
24834944
53655615
72634678
61327145
77206784
74903874
3749188
7692772
78234668
60287724
34238164
33693233
24792206
62030342
10450354
2380830
76199726
18729900
45901682
10782702
7578672
24180167
57970017
54990362
91207942
44359660
48497308
71482433
84820705
32138771
1703491
13953898
52438463
76120884
48141292
33941057
21814764
31329209
25096487
10988542
47111041
5898326
9012859
15400645
85735942
37320331
66203527
62757866
40494759
43519127
22006802
1721661
32419828
3081106
3162392
83545458
42727525
73945516
23754025
82279783
76806604
43526428
25013271
69044170
91385488
53740299
51514139
18288164
47369741
79395068
18109173
41262231
54182145
64298694
97995205
44856380
98511739
30433196
43627106
98350617
8968410
77583821
41880819
40932087
2276029
48962772
36471176
37459352
33700244
3957156
92026266
94855637
12531917
72758742
46113439
12956990
73491324
99863404
75175612
82009025
43666701
87695863
15534679
31949526
41987158
15051375
97782011
2975292
38982037
24085620
97181847
76217049
67553106
59424767
55836473
92820583
60985399
61857421
77123947
9586577
64221331
7854644
3802793
55814315
36937488
64381874
16384225
54481734
68159177
57549829
27459089
2451066
42529706
65654880
82790815
81122084
12077256
42045544
86908988
35631129
27335270
20775463
57443370
71180217
43441400
73757878
3274154
92264382
3435985
90662595
24319722
13224360
62444956
68014022
22885546
68480574
15607142
33128224
4761106
72237247
60043099
22939869
58718369
64703760
51875339
94995674
47419594
13611350
72390217
71614688
16496923
35284680
13763302
14039870
24367046
83909838
8471772
36487257
29852709
21591694
66451574
96475776
91709761
88404360
68575794
79871042
84862452
89881328
90632997
87496660
70314828
78108200
75770902
26885725
76538526
80326765
80315532
78566924
51041325
57113255
48640359
11025362
50777143
81466166
66076694
55043807
66251426
48594257
74443754
55310326
98106293
36401979
63098000
4389069
97327022
83078104
21565260
13892667
4455171
67320672
74384442
32114245
80905331
54161951
34293969
21874823
45473729
17015633
84808773
10452565
18673027
91662612
16193514
44938512
82563238
87288495
25499851
24108554
62772621
72992944
18400528
55531973
29857078
28511396
68603679
37645291
25462413
4233685
76581138
33084080
48698490
43052560
10252198
61343469
41507489
66089942
10905395
48425786
19304376
60304037
61629402
12166255
18473785
62535925
26542095
51355886
1482266
27869460
77941990
57829554
42101381
54106166
56392066
61601215
52174000
80349473
22447932
60503399
14220141
39999152
62687550
27112463
4826916
73486548
46277315
52067574
10483481
33556677
9851648
21541619
49813842
61027114
20557850
13177218
53745434
70071966
51656354
57469488
71600538
83979553
88473584
65048107
35530841
87526185
32361610
60597226
17304645
72336315
68696256
52772783
2426752
2914391
40539991
34240425
17125679
75104713
47903570
32205142
68397308
30042978
15935779
42356314
48382937
43603018
33765454
34726253
89939550
94842698
54068920
86817154
29611504
33844573
7622750
31814031
18483947
22868540
32525334
57032924
12342449
48977181
91267359
3718596
36216334
23993703
23174347
72464835
86875413
70286411
87046635
30698631
95646109
88534062
88798107
92714217
90621753
53474555
19425458
44525859
35245549
28849828
66102577
32141707
30263985
389013
81555735
43245604
85665985
13174065
86759074
87998681
35577641
96614727
14678351
16770917
10146390
35003367
32821354
16164117
74682141
38613762
83116529
26673652
56954478
8649006
27800941
34788654
96671406
80082223
58533221
50746150
4673552
8881119
68778406
76257133
77888972
9469706
55412854
84492219
50998030
54842767
8947438
69992355
35968257
11515278
70494880
35807867
23145518
71776907
51842267
24261896
34319963
62442297
40072938
40589879
71755148
35782120
90458308
37980674
22870111
68306482
68154336
58443479
84741570
89573232
85304677
81353947
24708909
94304586
69856983
26991767
24618019
58068822
20524304
21483322
1281686
98512167
11016822
66912741
25364088
63157600
56531795
21175142
78164424
63954663
60988439
976354
73886268
14943042
6309179
14736636
71299819
54239211
27360836
49783075
26627499
45256657
6591640
20273121
77802247
54302105
64889608
76683860
84475365
30580004
80858055
27739244
44847091
29440627
19293669
97440545
5974928
71281879
7581078
38469199
55337961
89088477
91361443
76375024
12673246
88942980
76022694
29677022
72091571
14734987
79418873
4440790
84546834
49798307
58751541
16185097
1433404
75977666
30325472
62527141
57175034
96625034
79243015
57988898
70936909
32706193
30460256
55124896
24263931
24163122
82476639
74674696
69081580
84422556
15810975
45096571
91459903
32352854
22554548
53482637
66865725
30511843
93308457
49804193
80816056
94630253
38471036
62011789
31112181
71567268
7172893
48822047
5081707
52255868
62895125
80279059
64888424
80457818
68046430
47892427
78744926
62304199
58271452
72530396
69051140
48103994
63033968
68347734
82129812
19208197
38681635
34450349
13792163
18151065
28233692
44901822
53217160
87854714
57154791
59551059
88386025
71186574
53836523
73788059
91712074
14402295
71306340
27069754
6537573
38277033
12933270
82498788
72449591
34703130
61976012
22358299
34111476
13550504
7453994
96678650
92363407
61199526
77506660
67055589
61288605
8398930
1038205
16561201
55749990
60418802
2954816
79296565
30647599
34146848
62827313
48294593
10953510
56326446
84732493
97964365
12627785
15379373
2313725
55801313
87870590
84725095
56831994
15241396
42402054
36866100
99927488
91077830
93855682
61461153
7401580
63374071
22347644
28350240
153307
12238733
57465892
99157528
86534976
19219129
91341780
32290144
5351987
42776849
84088939
18543764
42001383
73839361
83226149
51209651
52104674
15988900
8405320
53086501
99665244
65421196
5188545
34931417
27166472
42630140
46482640
1861054
62615715
65594309
24884125
39856366
20692600
19379575
86454255
14823233
84811314
12833728
97092850
62768899
27180205
2993750
81703975
94645956
23309536
17218662
9401450
28388378
34043676
23828640
37493199
65664024
42944904
13512634
39989623
33149095
58220821
13108402
76772220
81286346
63310774
23739397
58763117
12414729
81504848
70469345
45816396
54264337
15759413
21325965
62446301
11162184
60969742
8940537
93200042
950290
83335172
77337925
56279701
83587949
10999712
38509738
86655734
53474919
24998316
10379831
76742028
46027788
98720014
510678
59528297
67375836
19746529
74570712
57814173
86358632
58953401
92094190
30156132
8137468
24340604
19030049
63088264
5011700
40283005
84119193
58589105
15089243
43186804
14213799
6107971
38281385
1945782
16121787
82384667
16494139
91848863
20957583
47883854
44556112
88361833
55192220
80025299
11238662
94265682
74286326
97649681
6749653
80508365
79776899
70253570
31159332
35528983
82583808
19877139
86365470
21529565
41138840
97234914
11701699
40306583
58254794
74488012
1923793
85323244
86006044
1772361
9275264
37759616
1282667
5689197
64817373
9353972
11261396
62157688
48726521
71267357
99888861
10881375
86752943
38727233
74527385
68933507
72209323
31235155
11045080
51269796
69782843
5610997
22515036
47590734
32540689
26813572
82952085
91132733
55009966
6671086
21088214
92962747
60997388
70566689
89783430
51226246
77372824
11121232
90825366
4607052
33928686
11261407
68467490
48712386
7242614
67204136
80962171
87874276
48750956
74907442
47980378
93477579
14652100
34771714
34522305
7814676
79761865
23882113
12528716
28586572
43688464
90566736
14849812
13810363
38241866
90850798
11057594
65017806
43976250
87080634
66212132
73868979
71708551
12567243
26703556
10261222
20771872
83063241
44140362
92594022
6956065
39435260
87306028
62524310
12873138
65699256
4194359
39024381
68391851
12608376
10353471
57514436
65246596
12310378
89793588
59758046
88814022
9916975
13321535
99954598
55662254
44078830
70307759
42196882
86617154
36097194
38794165
10511927
53386471
24647815
59429176
79604479
97446730
58728665
2138277
62287505
96455434
49690646
92340132
86508592
28394358
17058096
54247008
24221478
86567033
88118132
31471809
17754562
51221517
16425996
26314428
26320582
26528141
81253247
20487835
57768134
30193537
84274000
27099944
73912023
64500828
66832895
20831888
53716891
54352072
54094378
71386408
99398411
5202479
70807984
67023119
20131286
10575117
23148538
29198920
67172549
96778384
51955907
62468018
99577697
1751061
27812658
91223688
66252425
40950833
191254
51973402
86991196
82929669
51657482
86684123
79038682
72466816
74869928
32812749
68403477
9618657
12269058
32060218
41193941
14269900
19219439
11575322
48617519
56331226
46462288
91413889
23826986
75367780
7883743
33996889
97311717
60084037
88813638
63249528
26893195
39760682
23440658
60207325
87485920
10903796
38829527
52985820
47420818
49475692
68791305
71376002
7350275
86456468
69252347
30307974
76857832
31022949
92127732
60559176
71287994
17986892
29350668
45211913
22408774
32667789
60633526
46657948
81940479
65835491
13369607
53961030
15387517
99787183
7044717
21743395
45696947
34260847
97291887
7931260
84482151
97074628
50120720
34703951
58197490
48377545
30351765
88708639
89783764
53663417
5058260
40005941
90028556
36026776
57683794
54159502
48954744
22254399
61601642
48218232
40697289
63581718
24880749
77668370
18910511
6460223
60605495
81152622
39326707
52747576
76313229
72343396
96164518
67679910
10271465
11015817
69497812
21840533
36816991
64572021
43936978
474554
7578697
77425921
92866402
47434689
17724524
63223704
87262630
12290958
29501779
99573689
36219145
70613121
2008502
23089685
1588811
86996839
67636824
88572351
39444801
98814053
45197552
5675633
26838210
62385134
72367098
27034040
96769332
25591736
79697008
7240400
10491564
30684899
13064910
39781965
38895628
69846651
75383044
43897392
58580010
1703268
4692700
94096601
42177171
36202386
92689459
36330466
94272029
32117811
29947466
72423380
66583517
79992110
20474827
65393147
80304225
34463472
89038281
91188549
72279812
37417566
26024640
7450758
8372068
93511914
98843142
62892382
66714274
89458966
50960367
38099996
65113301
52720179
24458402
66157892
94467926
57541282
64537389
52905982
50728416
52685560
45517175
21129
46055085
7004975
17008033
33176750
21800119
60161359
80334705
73250438
69992683
91057797
74278623
8291938
59582428
35690197
60916499
14845328
71326257
88236041
72395922
13723206
96816502
20140930
97778456
23583520
90391933
16182872
74672094
55160298
22988967
96269072
54815343
2085101
7831251
85313467
2031837
2821102
36516348
88850196
48316251
11308016
730100
56555563
37424201
74830563
55698908
69866520
4138357
43935624
42756438
18663997
23034153
54084895
90432325
41480826
31267600
9931841
97901453
92973110
53527500
72607663
49534597
79577294
78399014
91006319
73073737
18053464
80735169
78343961
94058387
51593908
32064975
24829784
47625735
9941271
88150050
75484666
81751459
54378058
32057122
8555955
10997940
49401791
42555028
93268430
64030385
50784889
68992150
31573774
7140819
5090077
59077451
23864422
57651035
55435375
15326550
27838368
93875261
5122313
98190854
58250013
79415017
43937669
91488695
65818671
38947965
21780385
83983489
52132300
31684311
52247154
63138996
23482716
41472873
21682710
34510860
53575308
85364021
36411894
29712667
71423600
64205717
99061009
33182842
54013351
28719974
47544348
4168722
13940512
20562136
84747428
61852719
22761269
75786701
74498591
25545637
45338365
10375996
22387663
23342888
76867677
35974184
34058544
52171728
46861944
11701399
11247614
89307436
10473079
84173346
52394293
41928655
85583448
52704014
3947297
84010780
89560399
88710353
58995561
27763999
86425943
89449363
95379519
65951439
96140352
90023059
92836416
86409393
27221851
27471168
11547164
4992698
67955370
59313719
58245697
46217128
9399269
20846012
58332052
42034535
27796761
25528544
80759005
97253147
38793419
25148586
81984282
6713683
74130589
50537277
77630386
28757271
82967452
80550881
51677162
4181749
81929327
14850722
16337857
9657549
38009725
10228713
95016156
52400375
69923967
63150830
52960827
98492482
14599233
83739391
32434739
45498300
74373845
66715305
96861687
6754967
59820946
25982625
28031461
20626077
62169459
77395810
5809931
48410748
96287787
51028931
55877763
28328467
41102498
27931764
14129763
55654979
50591232
91922966
17960847
83882982
96493313
85559701
30205449
377515
84140065
52226318
41600482
65731171
70010629
67743447
28886882
31038733
67706113
61611704
57041257
48923626
86099851
98518592
2031643
67114497
92471622
88712089
2427533
96964056
31987318
36323703
38493999
55890504
25702627
59600091
31234604
94350196
82196203
98147015
64828666
44916642
57251862
10053537
32329792
31945112
35678366
3473272
62093095
51705042
73940745
79247422
29703593
56317603
42228169
24458664
34521020
48376204
48313952
73220048
93788984
62110100
7167557
58855796
91690094
56889287
90018241
37747840
61842292
66939463
69231680
68872190
15672672
91067027
7090895
14702998
90869627
42873527
49705091
10704971
45379386
31339537
72914075
40576282
61040398
60268730
19995138
78530484
73416700
71847554
12747840
79308514
4718469
67390187
47326709
3156254
2363681
28852110
64756330
32362963
19200914
44766537
30242984
14472897
43482608
74147704
81168600
37639980
99084666
72658045
20656726
24995896
74049005
27005298
23221572
41115805
78790532
72960901
57782941
87094534
85029970
94142122
65790965
9719178
35298967
34439894
12368621
56787295
20412086
93473878
78780330
3145936
25522171
69181060
17474688
43869815
84064196
67983603
62713281
25996552
9425015
48574762
9850521
44601762
16415354
31840487
33462131
26765888
66035327
98688391
13403748
21108291
23348258
65041742
77642333
64081133
46574735
17333168
84521177
26313062
72228666
56357615
97450983
40373480
2576279
25692828
97357458
22896085
59580061
98266377
58371408
18158200
97078793
22642235
35883673
69193160
61945186
1419874
78046966
89820565
9236545
25799073
7849664
13172401
9919320
64421924
40119509
42479911
91359419
91565969
84168285
71366218
2987743
96325657
47306599
35583789
97301252
95447471
17585276
13539697
91132485
29149616
13963803
62620109
66850431
54952066
80721940
71668583
55679178
29525713
75795851
10940158
25337894
90091913
92445133
83553451
454866
89517828
9882833
38444
62830850
32741965
1958166
67686674
18474827
53726977
41001566
52413438
75427952
49359295
466490
23557254
59207947
36337264
16976438
13987385
74115742
65590980
96429398
52206204
49063266
89178537
82111775
37818383
97353838
40690901
19721265
20593079
51969013
50270314
52212497
90700280
42377810
71409048
11126299
93694631
3624155
55068145
13433716
59689568
79726088
17257151
77277493
80514075
57308120
89975929
37015520
51008625
74723899
23106794
65177884
40119433
69088256
91612144
55365378
45188537
99039354
74795087
56411193
12020710
930989
10674149
92301568
63313976
56409115
92218874
83532864
98029028
21281514
97243534
86132144
73327895
33384410
79454598
3938181
88072217
66973239
32823393
11252619
71112912
26730881
40180248
42488159
49361447
19546839
66877277
90818236
26229139
80782990
2140298
64034965
32712917
98084003
55386268
13262460
42101947
83618813
59252450
89776827
10389648
44469974
18868963
41712738
77131264
5863921
84095429
23524267
70505131
42850425
59694712
53802251
20321910
20577593
15211419
8943048
85577515
21049360
86476373
80108202
75849678
33773547
28553507
86945060
84722523
99819218
34878623
23804033
31750207
74585621
80939916
9663196
95337315
30958300
35646124
85036934
2756371
17293197
39420482
91616918
52559056
98344922
96502863
38701953
92592808
80501635
18456963
37008727
13738942
19923789
2910459
72747846
95806780
49728479
63250328
98535805
18023970
91793836
26441345
62540889
73588715
45549820
44109668
93848867
18215534
33835878
7080953
34993260
45935511
17035360
88992420
63628423
55821396
18657842
64743319
18698098
43260827
6545432
19134338
13464111
89802613
90854747
53497673
42349688
37604157
24526029
55527248
78561588
5175724
79779695
47790036
5124169
93452072
48454089
34960842
62480246
17926956
88726298
55290463
74179818
54187035
6931037
1560879
10355495
29319524
32554311
54844004
14535097
29617370
42168382
86749132
28389692
61774296
80953828
2968708
94865786
34429193
17870008
49452169
97409846
5464364
34418696
66794692
54697493
46178630
44213496
73221948
74321990
45195685
4559817
99690539
39999244
97373162
7737339
69177931
2444846
51775956
34759278
99108521
3119956
75074190
18526174
87627848
62277707
47117288
637738
73700634
94557745
58390622
99211240
24022389
24723911
77472728
10790410
71277320
90298604
50512809
61160376
39269196
31376484
30697455
21691064
20060243
86653377
53030691
43675642
43391673
82551938
48564169
55002179
92492046
54701809
55322854
68439675
6147716
85674281
77371266
7033999
51976038
40363542
19555161
90290788
10064951
37126213
40433818
93742326
8398942
43732237
57960144
36371034
25810809
11394803
15138830
71358270
74954450
55854303
21301045
4835216
57876213
67109389
28127784
53603683
71603441
59256062
45286190
6518061
79077758
87348638
42688043
25486930
93446142
9051561
61502168
88560608
90090540
77044906
91930546
33116368
75377965
43828291
27218013
66892222
70135900
22298442
56741341
32878415
80381360
10926983
96525105
54883653
71505479
28191148
91090091
4086226
53235202
32148207
45220820
81788774
96597646
75334549
22693717
37053989
52665612
95643434
22947651
98331897
76021291
95050072
16511386
34517171
85762395
66151678
35464075
42721774
70657125
22047779
90097851
30157118
73285263
80142924
48674732
24493604
49722739
43816941
21660353
36292294
3422404
74385319
42886832
33172212
30598857
59031653
4133398
89128248
54621003
42465055
80611024
36480227
74082245
6408870
40949397
15009214
55910336
52230253
94924762
59108513
27507495
92466502
10675392
75871833
8507028
42408795
8682069
37916426
49275865
16737213
31815168
68859507
12226257
64031288
11539489
82431476
41145045
27435363
49373889
60290569
74142824
63915320
42977145
11955482
35253741
30518712
52822016
84353458
57321641
21884487
42102847
80359041
53417532
14662924
48227227
84416962
29299317
67018301
84093003
7495634
74268278
96893352
10880004
66832747
79089196
47995609
25188412
94591350
35323243
64782350
63505813
61131542
79366950
95579960
83935696
33277731
97335264
99556607
96570894
92743096
15414431
5469917
42402
72175362
34323521
78243279
40067962
7867248
81630862
51289025
70502635
47247505
71779273
71569042
28957482
84076060
29034373
86448896
39923204
8440853
8538946
82386377
2462065
5726980
80331768
99466952
26327206
275113
32326955
90345754
53060536
13093584
14471673
51151674
12482236
49571228
79084023
45907661
1815769
71516472
68241079
14295425
20899039
56164436
7942802
9097877
16208801
11726648
65572193
52162893
19688979
10822694
93967165
11745207
21014860
69234503
16689328
20572106
57077198
68373198
71951720
4652397
93019600
75668217
64952815
64490468
11970222
6282916
33979663
30277718
68029579
92965101
68349060
636154
2251292
21337333
34683622
68096389
92074250
32907154
85942706
13713064
10049473
8031951
31615873
84612104
99029181
56407532
64274121
66939950
38455744
8889234
73563696
24352331
1081835
97477381
64702976
2340010
46232716
35318928
67197807
33841111
93122378
33393737
3831472
15180753
28449097
57174468
56573600
37591992
92679769
2282425
20444165
48810934
23034258
24696963
10132650
82404166
86130037
39015454
33192782
37532872
62139174
10121145
35032198
69586046
66418455
5508981
83358423
3079251
39494419
33815528
84669543
63635667
63905348
59474311
75168172
4271509
63382207
15685815
96665864
78939222
53786402
36761271
10310363
54214243
75312570
53369360
69890499
40205002
41584112
81842623
51640834
81419080
29061933
41534446
20246116
82891970
22474399
77006669
7254627
59630827
16075155
54330680
76617569
37444985
13551596
960309
64728280
66567259
21299191
72607051
68540103
48031793
65843746
14284396
80404714
68774653
56780747
1715141
59082400
23382385
95204920
14225191
97736826
88400207
54196787
39178779
39515384
74022501
67193554
69015750
19643147
57742981
69814777
14758951
81022764
68267839
50562979
20428590
697067
15258464
15717532
13805988
18011993
35304379
66923209
53643569
