36 11
573 509 108 794 992 683 223 125 447 82 27 
572 737 289 72 494 781 479 377 421 279 20 
886 15 733 769 994 877 576 146 479 308 682 
94 37 975 151 874 353 718 605 973 975 175 
837 351 826 474 817 12 221 43 293 580 401 
614 366 70 915 284 552 715 828 424 400 401 
207 911 47 112 476 12 713 115 181 307 522 
762 242 745 950 499 779 171 221 245 721 494 
537 203 647 403 645 393 504 448 525 831 726 
804 597 328 267 429 786 708 384 911 380 409 
118 496 587 878 928 960 796 501 504 255 903 
208 892 887 879 6 672 712 291 237 589 481 
236 863 825 136 173 858 542 789 918 20 1000 
743 149 824 589 619 282 801 44 603 483 355 
72 299 130 154 158 71 764 521 890 69 273 
555 878 977 544 922 144 149 130 148 448 67 
594 911 974 327 896 563 370 552 714 832 265 
179 891 81 533 68 14 705 706 605 151 839 
539 192 648 165 592 394 318 335 480 761 605 
508 608 266 323 736 817 995 606 950 590 732 
353 627 464 999 340 847 669 828 617 565 423 
338 613 713 234 485 710 92 139 779 875 1 
206 113 261 785 721 512 28 762 128 721 292 
371 866 933 215 244 21 816 425 847 856 445 
845 895 352 27 211 594 525 711 393 927 507 
126 721 51 730 90 782 869 587 361 340 557 
157 577 31 284 252 204 114 32 445 232 147 
42 362 296 385 559 697 536 578 225 206 810 
803 608 708 591 280 158 845 716 599 395 647 
900 649 282 393 921 303 18 702 194 743 64 
853 943 902 608 80 990 312 112 393 676 145 
424 310 433 142 344 284 901 519 160 487 517 
241 624 168 431 470 293 415 944 940 304 490 
483 794 775 792 500 642 314 279 664 707 595 
336 428 999 771 666 27 843 539 19 574 959 
966 430 482 861 143 917 475 2 162 775 615 
142 268 788 341 29 785 660 852 355 558 83 
55 253 130 628 311 491 397 581 414 254 146 
129 702 334 624 654 706 98 620 841 604 432 
74 88 683 179 279 2 760 159 1000 236 51 
428 5 999 69 466 817 643 788 421 933 233 
659 923 602 49 129 959 326 618 361 251 499 
260 823 214 862 336 313 667 786 900 514 827 
903 120 567 62 819 145 334 756 338 571 592 
263 902 580 190 266 729 43 645 948 285 409 
702 978 480 955 620 431 549 377 269 344 4 
528 373 891 987 171 652 373 475 305 835 886 
28 636 148 70 814 856 720 37 227 346 141 
942 359 933 67 531 591 599 843 145 775 550 
803 219 935 513 443 20 851 368 404 455 307 
752 483 674 135 325 821 205 153 285 869 127 
91 498 402 275 945 994 295 573 635 619 236 
254 365 131 854 259 670 934 89 885 732 609 
728 388 221 996 36 39 588 820 491 308 516 
171 130 506 289 590 77 116 611 151 430 365 
584 707 998 272 114 546 78 140 34 805 500 
824 490 578 192 792 956 622 927 181 832 922 
790 456 2 625 595 830 551 567 640 232 35 
657 78 449 386 59 857 105 171 811 834 672 
870 519 452 544 127 163 291 85 849 231 322 
309 562 897 234 451 60 694 751 825 303 538 
851 825 748 642 181 802 651 59 833 494 823 
479 314 824 952 274 588 561 933 31 832 583 
413 16 633 570 192 690 973 253 499 727 92 
212 807 971 907 428 915 592 951 915 68 766 
832 82 656 743 867 509 883 822 733 110 410 
79 56 327 357 540 619 234 972 978 112 349 
172 82 930 113 311 870 344 440 397 498 355 
901 989 548 176 40 946 521 978 673 957 978 
473 65 936 38 958 445 686 623 608 146 366 
539 701 811 912 70 32 758 661 114 478 745 
904 369 5 581 952 46 978 374 866 571 710 
