18 39
15 815 530 819 413 656 810 792 139 128 163 175 852 733 603 70 548 329 330 460 156 389 435 947 992 910 1000 746 812 277 402 751 729 135 80 595 663 856 158 
722 361 420 787 873 113 228 627 835 194 739 759 487 119 393 117 352 835 123 17 172 782 928 111 872 288 692 823 663 620 15 578 622 918 394 564 70 107 69 
762 557 33 796 156 778 881 996 598 870 211 204 346 95 690 863 2 522 264 845 148 677 131 840 849 869 604 977 374 488 267 96 787 227 510 301 662 47 69 
863 56 715 963 119 646 308 293 127 705 426 471 227 21 637 536 403 240 680 516 922 745 585 516 434 933 379 302 742 69 544 947 971 216 57 358 596 868 132 
398 642 471 539 584 425 122 157 478 702 212 160 528 945 244 840 581 442 362 471 942 957 48 831 354 660 236 46 210 704 335 311 548 831 901 719 300 128 995 
968 442 254 88 316 734 131 847 890 881 290 425 38 969 515 948 290 702 538 902 950 172 503 866 192 438 609 747 606 353 633 705 544 135 905 976 263 893 184 
258 106 181 412 796 976 562 52 833 184 202 345 103 963 20 478 872 31 185 903 192 3 710 953 567 174 90 355 565 50 524 776 640 254 223 979 68 402 910 
532 767 64 796 345 170 91 843 287 380 594 942 203 882 682 601 593 482 25 290 24 203 577 351 659 407 180 463 411 809 630 335 442 153 769 341 150 745 216 
957 134 757 287 659 890 229 801 248 151 317 445 374 987 620 899 699 410 921 443 32 338 587 244 212 81 991 532 247 461 728 479 420 356 332 110 768 613 76 
803 390 575 701 218 519 885 574 768 601 917 799 730 364 737 831 551 815 184 167 666 761 662 33 457 843 166 627 949 579 944 297 321 970 341 830 340 788 376 
635 220 148 421 577 677 269 577 928 798 643 431 974 192 949 446 233 982 963 435 312 13 400 823 450 984 225 295 377 970 68 320 933 616 59 537 411 716 31 
263 403 321 948 505 9 904 241 452 5 291 615 181 771 486 450 475 737 697 458 718 95 393 669 48 169 674 109 896 153 131 712 628 774 31 74 814 134 563 
97 138 3 457 663 383 180 73 455 327 519 110 93 513 800 625 456 361 96 307 573 15 992 95 526 354 999 370 896 685 517 64 248 100 728 586 440 991 775 
633 419 592 142 527 588 853 286 793 443 232 867 292 913 579 662 805 747 774 1000 409 754 754 58 685 982 577 550 724 27 905 287 97 692 3 252 599 646 736 
344 755 960 493 966 604 604 649 777 237 814 413 260 468 703 567 249 916 931 495 324 258 710 563 393 798 832 474 941 839 395 413 407 973 919 768 392 548 253 
655 804 192 963 803 24 463 995 48 725 221 789 328 987 47 894 347 879 748 468 333 676 823 415 722 106 205 361 299 87 693 1 752 996 916 451 628 186 606 
532 36 283 135 310 591 898 974 196 153 858 308 336 437 703 639 906 454 235 831 585 884 37 582 190 758 802 500 795 931 141 8 554 535 655 22 90 286 984 
196 748 272 169 357 20 568 92 776 482 318 355 474 693 482 885 648 163 622 794 621 160 656 389 658 334 552 744 52 887 396 310 545 865 650 172 33 130 92 
867 854 559 866 579 99 401 476 136 769 151 402 712 172 253 715 925 465 810 135 833 990 796 403 771 431 395 117 195 260 491 153 224 371 125 116 977 1 326 
494 623 732 164 943 981 425 232 155 566 644 793 200 27 410 486 45 704 836 576 788 801 262 981 178 939 299 149 936 694 342 600 839 369 854 481 362 490 608 
672 570 604 879 624 914 465 594 677 21 316 288 683 412 991 800 305 317 700 205 71 178 808 660 203 60 976 548 993 451 142 574 668 978 667 866 435 213 324 
381 220 85 221 948 731 473 54 866 655 563 681 663 615 907 334 403 782 63 384 253 561 330 562 668 901 503 137 857 205 92 890 978 241 719 192 428 454 93 
969 72 15 624 634 279 245 717 353 431 542 862 788 435 169 508 762 424 210 367 537 353 566 124 349 859 85 538 527 471 189 379 57 623 281 189 854 100 747 
270 779 817 96 123 74 870 502 718 380 422 804 887 665 787 472 890 254 889 571 747 797 468 57 832 413 37 679 799 507 353 810 723 119 205 34 90 382 639 
898 325 669 505 160 847 724 880 792 332 67 921 129 41 280 643 695 250 462 37 780 667 425 33 934 39 384 355 227 178 505 183 544 529 233 464 973 55 325 
428 647 600 835 727 295 773 899 995 498 267 781 377 691 317 695 121 95 955 158 9 975 595 242 637 798 501 938 94 168 901 887 614 700 116 645 926 416 865 
245 523 897 991 395 982 936 465 31 981 915 48 650 15 592 289 95 129 778 738 696 64 408 232 709 936 17 893 878 862 445 845 368 303 721 712 774 711 981 
230 264 290 699 551 944 667 462 924 321 773 568 951 663 781 520 422 373 592 519 508 671 431 933 836 129 657 585 409 26 473 234 812 439 516 100 531 448 363 
394 711 279 859 741 377 446 132 736 591 955 250 244 342 44 948 907 930 486 581 985 794 457 983 990 567 226 729 630 801 1 343 841 429 62 997 124 194 557 
789 177 294 86 753 858 562 145 811 826 728 270 12 214 889 574 377 295 327 248 362 959 317 548 945 712 132 658 711 544 546 865 609 964 874 645 872 636 851 
897 101 543 473 198 364 538 70 70 645 607 461 273 312 619 390 338 947 922 264 669 683 19 428 379 636 137 34 144 491 870 167 857 55 963 217 473 908 72 
873 788 34 584 424 542 496 141 280 299 707 999 947 963 328 832 702 181 118 592 668 506 687 142 1000 361 653 489 459 671 257 275 768 409 767 883 929 312 386 
668 534 869 827 352 151 566 663 663 237 876 697 24 24 482 261 683 787 460 91 354 334 798 530 680 213 733 21 128 846 865 564 367 616 51 505 268 293 796 
866 373 430 599 745 880 329 951 392 656 177 390 311 301 444 428 25 85 371 892 230 68 512 78 571 25 667 192 242 548 963 866 349 412 616 913 47 184 888 
238 253 645 794 644 789 873 228 313 756 424 619 443 393 305 437 663 470 249 385 252 461 819 723 36 862 377 29 389 693 991 56 116 946 433 931 278 277 331 
817 590 320 803 108 888 35 7 449 532 283 769 390 858 813 154 691 219 8 647 7 172 424 210 307 626 487 329 686 329 587 607 312 583 119 122 907 565 40 
