54 65
687 455 307 574 916 17 25 73 289 44 356 508 943 598 738 136 13 898 697 334 448 756 921 363 250 451 69 881 762 976 850 918 407 100 446 156 645 669 604 660 333 739 249 686 310 575 137 760 978 958 355 681 729 366 393 708 609 120 284 972 652 76 327 151 713 
15 564 799 269 394 404 270 675 114 263 317 294 884 827 890 315 604 706 825 848 948 81 696 225 877 919 448 154 979 828 702 295 882 128 535 130 458 877 50 173 536 353 410 439 882 947 378 110 761 845 278 146 75 874 650 866 384 790 662 403 316 406 748 660 453 
592 496 269 868 134 709 849 775 343 410 85 243 862 864 145 702 926 362 928 566 622 748 479 609 47 818 855 820 372 199 986 485 16 350 174 936 187 459 854 123 83 616 838 425 888 330 786 443 984 277 230 891 146 105 950 122 256 213 11 750 4 893 825 24 293 
346 890 993 964 546 393 382 9 420 108 388 639 3 659 646 883 932 6 287 366 587 539 807 917 986 181 783 401 920 82 374 889 943 997 379 814 606 935 374 844 395 792 819 767 362 515 620 33 528 284 756 295 538 842 746 779 933 72 898 687 330 395 552 579 205 
6 500 378 16 392 901 137 682 145 44 375 761 219 891 350 406 861 482 213 79 620 328 199 103 708 961 140 463 990 339 387 731 30 809 303 800 669 700 322 598 379 490 927 512 485 611 339 606 159 261 51 25 77 573 645 68 129 444 150 886 220 40 328 670 544 
524 976 67 381 63 11 614 492 883 368 601 428 109 886 787 125 400 480 700 830 944 125 67 720 608 209 993 642 930 425 382 475 211 63 376 998 145 545 519 429 872 56 745 649 438 461 887 397 89 151 51 790 212 172 531 322 451 721 677 46 19 431 675 627 525 
817 36 89 930 655 655 767 287 67 683 281 118 296 346 583 187 771 946 520 426 480 198 926 816 249 306 172 435 137 551 737 372 722 491 836 69 231 2 385 798 897 146 610 243 694 18 106 447 15 201 452 171 663 300 472 654 830 942 263 810 243 210 996 327 291 
630 475 250 245 574 971 800 855 334 428 943 355 644 70 240 55 960 959 682 743 704 285 525 138 811 534 369 613 749 191 439 851 183 216 425 147 897 882 527 994 787 673 335 731 427 649 737 529 518 668 438 271 158 833 209 604 675 168 740 199 192 186 888 349 470 
147 950 437 889 299 40 552 957 555 289 997 966 579 986 2 437 244 351 967 674 636 309 72 396 75 356 639 784 407 837 883 378 101 303 71 864 190 605 637 195 865 792 969 769 21 156 315 69 733 686 601 487 581 908 796 563 903 59 710 429 566 913 492 820 350 
319 975 500 300 622 802 158 474 821 656 856 605 575 289 589 871 154 284 215 834 713 704 339 148 23 432 266 282 558 986 115 89 605 762 875 27 859 774 62 70 444 462 469 84 433 82 79 757 621 412 405 793 390 332 206 286 670 45 451 655 624 211 202 495 533 
338 781 584 593 696 203 873 358 838 509 41 72 643 441 303 392 112 308 151 874 412 761 103 685 827 63 946 381 35 989 646 794 348 997 259 570 9 383 117 6 824 353 197 211 558 305 430 336 402 711 766 211 616 216 133 337 570 453 453 419 139 142 87 324 700 
385 930 169 846 919 836 549 968 333 22 592 466 198 129 825 285 104 120 204 634 944 584 924 808 705 531 168 234 745 580 732 571 515 909 253 508 835 565 265 869 333 111 914 101 642 219 653 807 612 855 785 770 517 973 178 745 268 722 868 597 460 228 743 505 722 
555 918 938 10 955 149 585 899 432 775 554 974 683 584 961 863 517 289 924 702 350 47 661 622 310 62 786 985 327 944 824 407 169 568 104 863 163 115 24 914 129 667 539 878 131 363 928 917 51 335 260 514 154 684 119 422 690 786 218 237 916 503 369 465 32 
485 805 310 373 426 295 330 630 305 257 586 719 437 849 207 529 46 602 252 65 285 895 472 480 371 252 685 601 496 775 520 610 917 811 385 399 320 158 145 920 400 932 728 842 295 775 384 614 824 975 67 174 406 399 84 708 197 261 842 468 733 281 791 466 61 
172 298 226 821 182 780 914 723 252 54 530 64 819 638 842 726 392 167 209 870 168 705 127 621 576 419 432 325 536 840 931 81 86 774 104 870 715 999 25 298 927 611 570 479 847 471 940 318 639 489 385 133 3 840 725 740 538 742 592 53 644 970 449 874 380 
217 901 172 613 687 345 331 935 693 279 728 93 377 321 628 568 194 521 347 697 588 342 789 577 91 483 461 634 670 505 903 219 438 184 640 663 180 955 61 92 247 749 464 248 306 34 956 34 508 429 161 147 300 998 761 147 195 709 540 335 818 524 896 863 651 
560 774 251 699 807 198 428 900 293 574 349 370 679 234 654 79 281 369 935 642 186 916 554 570 61 147 376 755 931 80 671 334 842 696 800 378 681 118 557 839 902 398 803 482 189 562 910 67 196 664 763 486 421 307 266 70 303 666 325 586 639 566 63 573 607 
657 634 372 554 898 272 955 706 39 786 431 556 992 922 869 193 699 222 181 586 581 829 761 906 744 824 253 333 273 104 432 524 10 787 212 550 526 315 157 164 243 931 702 524 748 411 877 388 569 353 267 329 87 467 100 469 558 446 298 988 623 678 158 293 915 
473 100 200 597 762 868 189 93 507 63 304 479 762 605 161 668 583 932 125 88 537 505 369 108 311 846 710 377 854 24 936 787 433 13 839 470 662 239 743 974 639 939 373 119 402 138 849 72 101 298 345 875 687 899 873 468 918 94 735 77 414 227 881 537 825 
603 812 353 991 480 618 685 696 250 327 135 212 126 517 447 60 170 522 630 108 788 282 16 637 833 384 805 656 59 937 559 700 603 997 599 86 366 298 42 296 122 824 647 577 533 186 813 28 102 150 851 66 179 749 940 815 706 759 975 308 489 588 467 934 872 
830 27 723 745 603 789 755 456 309 846 439 725 830 825 94 123 978 182 963 405 174 169 175 628 795 56 878 782 720 361 471 865 596 228 352 993 465 435 101 728 451 215 957 794 413 487 959 418 847 783 165 403 483 987 108 243 770 493 996 404 6 255 814 613 650 
154 584 168 328 94 105 758 712 266 876 656 602 934 603 823 207 42 340 865 359 516 537 910 947 708 172 644 289 176 934 308 766 154 766 963 339 248 813 753 423 184 590 949 696 160 871 390 857 120 830 636 241 831 933 139 816 160 434 133 42 198 96 940 193 28 
535 116 553 86 821 103 301 685 524 801 40 916 579 380 530 599 141 661 776 127 823 778 961 959 111 26 385 901 219 714 85 829 268 836 508 167 311 356 700 760 38 322 717 266 1 330 30 422 392 765 564 168 911 663 649 414 96 640 390 628 642 702 825 22 477 
158 419 863 536 498 662 141 466 30 627 190 14 610 361 952 116 593 819 981 231 182 421 497 337 952 229 35 199 37 352 245 802 483 858 875 996 32 839 808 571 347 374 793 728 405 8 846 176 194 63 779 75 563 630 188 481 940 771 169 697 442 527 754 954 403 
200 925 904 564 498 770 413 649 793 139 917 80 531 196 917 317 426 530 271 19 248 3 917 857 233 668 339 996 222 844 809 781 276 304 113 468 769 14 953 622 174 25 11 391 532 909 318 132 368 155 383 261 96 266 747 785 498 912 852 199 25 235 979 89 681 
798 973 961 364 265 83 142 923 493 508 618 760 173 227 507 280 601 918 142 678 531 670 600 582 658 746 949 950 5 783 503 581 918 614 538 716 341 12 351 669 241 820 22 728 579 903 544 947 835 810 609 176 282 190 512 903 601 846 495 918 987 205 625 836 935 
176 663 254 884 541 190 973 518 220 783 368 824 378 189 19 343 714 803 281 714 747 906 979 705 509 937 536 866 958 584 874 716 831 102 308 209 770 747 120 239 461 697 703 299 685 404 139 698 884 842 216 670 549 443 954 568 44 948 741 421 671 866 524 746 83 
290 15 990 871 269 17 565 784 963 649 688 565 291 108 945 389 481 100 876 954 560 977 977 465 512 738 485 978 557 633 172 908 79 593 833 60 192 505 471 520 809 112 444 425 955 750 499 260 237 2 780 715 829 593 915 421 353 590 225 837 128 298 539 824 450 
197 260 862 301 199 769 848 598 772 425 730 494 291 690 488 383 296 625 272 748 234 233 848 202 590 682 318 534 970 334 116 522 530 182 559 934 269 536 640 431 404 630 84 389 558 922 718 169 829 836 978 523 573 998 726 216 107 763 631 422 279 701 368 666 58 
775 317 503 510 538 142 205 903 737 302 818 330 801 840 236 133 394 827 931 569 217 11 766 408 962 238 517 58 315 691 316 681 665 575 485 99 492 226 785 122 642 915 430 806 316 730 668 734 885 301 251 558 297 401 973 371 758 33 762 426 671 446 333 991 481 
873 289 892 828 427 290 587 979 89 325 18 699 60 789 710 795 205 60 605 306 132 644 508 638 668 324 951 736 371 92 85 828 983 64 649 251 222 9 85 325 623 896 20 778 369 245 708 819 966 724 709 845 545 570 108 590 267 957 830 482 388 782 914 505 975 
117 415 421 744 104 896 767 628 109 917 33 942 293 499 705 430 510 616 300 836 400 988 437 687 110 148 482 572 149 7 804 471 353 931 211 381 607 404 926 989 467 249 597 669 763 436 105 126 490 199 889 3 504 899 250 892 543 772 759 255 871 861 658 900 518 
560 490 613 85 400 940 961 444 629 250 932 322 761 61 405 299 72 964 133 611 915 676 832 401 839 488 859 348 160 331 26 372 21 945 695 590 749 501 358 648 331 887 773 971 27 211 394 197 36 330 383 760 319 427 13 206 71 172 89 730 821 697 307 443 409 
853 279 27 508 813 288 555 313 921 793 934 366 903 923 703 83 201 846 198 408 524 231 516 160 869 97 190 342 245 524 716 619 981 624 158 825 240 239 64 299 867 223 6 957 71 203 918 821 863 542 482 742 378 652 133 945 878 91 342 8 781 854 4 889 324 
257 659 290 622 662 813 894 305 970 476 377 466 255 299 73 631 730 196 899 916 834 182 167 592 660 500 634 484 829 459 415 569 373 334 206 974 615 546 188 679 503 478 860 752 451 838 321 203 952 287 715 336 283 901 467 396 308 352 448 409 320 521 970 953 462 
540 216 785 532 599 661 900 592 712 953 709 827 818 521 831 138 220 136 428 768 699 574 439 812 87 274 192 714 355 867 123 256 477 443 618 564 73 527 5 162 512 691 198 553 592 408 449 109 516 851 626 732 50 418 108 945 736 693 872 792 109 101 150 756 951 
552 267 459 193 270 546 303 278 809 714 938 725 988 441 126 550 654 701 142 691 964 12 513 41 847 230 172 880 858 226 124 780 72 541 495 177 624 372 916 492 193 892 757 272 415 506 267 128 420 10 577 456 331 938 80 838 113 429 320 936 142 373 22 423 416 
130 256 821 245 549 671 312 77 883 983 259 338 995 538 515 30 545 376 968 684 487 49 867 837 38 852 890 356 461 730 401 435 688 806 967 70 208 780 101 453 828 999 170 502 56 84 48 204 694 420 822 314 797 678 488 115 653 236 14 170 160 862 729 148 915 
758 673 1 781 240 250 920 830 317 968 490 977 695 849 999 600 127 613 353 734 600 222 229 363 381 271 923 170 908 148 722 839 779 439 116 147 227 114 531 972 201 77 841 547 245 382 158 474 674 901 968 704 960 302 788 408 432 969 789 168 12 697 249 75 619 
274 298 716 797 650 382 463 920 379 236 404 649 234 19 248 598 205 570 909 165 751 904 869 217 210 295 385 323 377 580 446 718 422 422 855 447 117 739 855 637 73 719 205 391 688 542 534 848 511 146 209 540 731 433 918 268 936 364 708 793 696 515 293 780 440 
904 547 279 14 318 269 53 556 45 657 902 22 454 162 717 887 809 474 594 571 299 312 719 641 421 345 619 345 427 946 907 572 419 337 342 253 476 982 829 99 207 596 41 48 190 994 39 282 780 762 34 558 209 535 156 3 50 554 584 179 935 127 977 840 985 
700 994 934 105 956 217 167 440 566 103 848 304 352 171 802 360 514 250 190 953 749 765 669 32 202 609 535 203 435 146 478 562 336 79 976 226 957 624 899 371 505 118 662 239 591 82 711 339 172 281 575 953 306 280 705 642 76 435 344 29 661 697 164 896 319 
31 547 379 78 244 166 856 741 274 245 344 947 12 769 31 163 776 134 667 847 309 819 133 214 134 258 124 363 563 762 334 807 728 193 346 903 783 192 100 758 586 586 618 300 569 537 100 994 778 125 765 188 77 929 353 735 360 488 401 794 263 423 964 549 435 
682 353 58 807 253 757 55 626 639 58 582 953 657 867 376 633 197 890 482 210 273 117 697 774 201 409 615 674 990 902 829 685 2 68 425 758 320 58 783 759 648 104 845 167 365 768 960 832 476 568 863 693 599 478 473 253 960 282 360 375 405 159 936 614 972 
880 251 280 353 411 67 450 324 754 170 352 667 845 465 308 359 766 110 895 461 556 307 931 716 635 432 636 51 238 937 770 61 364 395 916 351 543 930 695 256 395 53 938 219 9 756 291 954 404 533 406 604 882 247 53 735 353 507 71 354 663 235 105 871 348 
207 943 124 280 499 676 17 282 34 895 716 130 943 143 198 323 813 398 900 136 319 663 171 764 441 262 165 956 806 604 24 631 22 48 998 49 693 621 476 972 865 412 455 298 701 565 418 859 181 883 957 553 240 10 11 413 87 376 472 561 801 84 876 42 853 
169 997 544 886 10 249 517 376 931 860 199 642 208 872 808 562 801 528 435 209 476 184 178 401 856 791 561 329 520 776 219 46 363 117 741 676 722 464 741 730 444 357 892 582 785 547 422 902 292 949 616 426 549 116 808 738 917 276 994 511 6 944 951 721 131 
814 630 489 216 367 455 464 193 740 830 824 397 559 254 533 222 730 809 915 468 263 9 796 702 888 280 716 443 29 392 500 608 408 348 46 737 672 876 282 900 215 341 975 853 105 288 291 617 587 447 391 860 764 139 485 8 688 807 326 846 88 855 407 767 598 
691 212 31 392 526 479 552 569 554 532 987 144 199 451 175 955 565 776 520 448 784 522 539 102 714 792 32 203 619 808 687 575 565 742 509 323 343 423 18 959 404 832 171 384 925 26 979 864 736 653 488 563 897 9 742 360 557 658 702 869 926 997 599 701 242 
233 15 977 907 521 261 856 165 464 927 647 356 183 148 999 758 622 643 511 462 49 408 553 153 349 979 907 975 201 787 68 134 847 931 91 556 913 889 427 749 727 853 109 163 226 111 100 506 676 941 85 497 584 512 132 938 676 303 653 19 958 243 331 170 409 
707 345 702 136 708 901 1 608 165 337 768 206 426 341 151 903 12 123 883 985 657 301 269 529 130 420 570 630 67 319 315 615 287 599 31 175 844 392 398 343 579 704 57 712 282 606 418 954 918 522 164 435 677 168 418 372 67 946 756 565 917 212 732 634 878 
859 618 644 280 969 736 907 548 157 933 821 148 953 266 319 615 602 4 610 446 986 347 472 708 905 650 238 448 509 366 43 235 135 780 712 148 373 371 334 91 258 596 827 934 752 835 697 417 70 181 167 218 62 221 680 911 175 303 641 548 976 520 345 624 644 
561 919 823 619 385 810 590 458 624 284 357 870 790 403 439 835 718 849 913 589 333 130 376 798 971 87 803 794 571 420 113 374 684 242 112 214 399 400 596 511 629 665 172 7 904 355 247 126 669 494 667 510 732 768 608 586 869 292 277 938 569 999 140 937 543 
624 846 159 883 477 510 176 537 222 865 128 950 320 890 264 370 799 403 551 453 404 971 578 254 961 150 145 922 185 393 672 812 882 12 270 686 459 548 661 27 174 388 497 369 580 39 365 700 200 184 118 281 809 765 87 854 939 239 131 143 16 725 736 435 568 
877 365 279 714 116 827 307 693 410 523 533 967 363 735 743 728 576 624 199 785 442 853 839 740 968 922 586 314 241 728 817 657 281 813 797 26 412 984 427 412 166 281 75 270 628 485 611 356 50 588 376 637 199 285 438 320 204 218 509 827 824 104 343 712 248 
553 519 431 629 815 77 400 317 866 276 438 348 861 916 970 739 833 517 574 489 952 800 239 721 68 621 778 515 8 692 32 284 518 85 889 443 141 311 720 37 510 852 531 450 48 672 199 330 35 690 198 78 553 965 248 41 57 203 752 16 377 31 723 233 528 
482 954 524 504 314 391 436 103 18 221 605 281 842 345 725 757 141 192 53 247 216 824 575 813 279 16 89 274 857 296 808 352 882 818 167 160 654 96 752 476 198 776 512 726 752 856 868 618 545 4 501 951 604 426 304 830 605 59 337 42 105 211 214 424 277 
488 782 820 507 315 147 8 324 213 349 796 88 256 309 331 268 769 775 217 586 788 55 669 146 429 411 904 931 131 456 648 486 136 468 748 458 235 566 921 47 761 170 674 474 911 22 354 609 756 859 355 863 193 390 432 211 14 338 185 384 506 290 835 678 938 
140 927 946 453 932 751 617 427 318 548 170 690 666 650 418 31 641 219 371 52 97 221 658 756 170 732 973 880 752 564 805 196 774 161 227 79 2 322 512 377 415 644 807 311 505 658 367 623 258 43 130 325 222 545 816 557 333 185 910 996 129 815 327 186 27 
599 503 47 909 928 764 751 594 138 543 578 437 297 432 749 405 824 979 222 127 925 291 138 578 404 769 257 117 638 426 234 776 822 449 822 15 625 620 926 778 995 954 38 726 383 989 241 269 578 118 989 980 161 855 226 430 666 354 819 551 75 901 22 63 784 
200 374 515 376 701 188 808 511 429 882 370 491 950 644 591 416 169 330 810 805 987 823 3 936 896 717 251 741 718 449 676 186 480 601 273 748 846 212 759 681 522 337 641 809 596 346 138 545 134 306 197 986 453 375 186 899 462 893 521 438 303 896 214 383 47 
532 110 179 461 951 988 255 703 141 971 471 251 543 233 804 403 179 860 826 870 908 928 818 575 749 147 421 395 521 526 599 261 422 839 860 674 791 452 603 834 683 526 608 391 174 312 803 570 802 934 838 397 786 213 498 115 138 319 72 971 550 204 438 365 734 
267 19 526 601 267 85 99 808 870 128 767 614 518 688 263 717 252 346 925 649 999 723 459 388 863 962 986 499 716 929 77 267 872 596 886 462 916 727 115 996 361 903 207 995 397 126 406 89 959 479 867 352 357 279 74 853 191 300 818 117 493 169 819 866 742 
796 604 422 673 780 267 704 579 622 633 584 992 294 610 904 648 735 273 783 325 658 675 482 683 144 12 466 336 752 676 125 844 55 806 875 414 869 200 387 657 975 700 901 704 358 430 734 440 643 838 771 101 605 765 525 460 833 253 224 204 382 182 150 684 388 
376 641 425 273 293 303 475 914 326 61 209 104 754 147 736 326 592 849 767 242 778 64 746 631 918 898 411 994 841 371 54 438 346 141 398 425 468 847 311 948 356 859 624 989 69 103 129 63 964 622 263 472 241 168 244 691 868 385 559 593 359 736 413 209 752 
428 950 312 955 389 887 438 654 180 842 927 993 487 616 925 935 641 922 957 675 775 580 695 719 285 926 394 843 331 468 233 835 819 757 214 641 262 948 424 483 289 223 235 848 437 292 867 175 931 973 950 105 992 254 66 775 819 414 47 861 125 327 33 406 553 
874 707 627 299 51 897 975 461 464 160 226 539 101 565 132 516 552 599 247 515 781 434 248 327 252 653 901 18 455 599 315 452 947 238 346 420 935 259 995 639 440 492 829 496 412 85 922 170 43 947 536 517 97 473 555 139 32 838 344 107 376 196 384 723 791 
636 415 136 528 215 901 243 239 172 397 736 55 713 427 984 378 795 711 56 695 124 532 888 640 888 738 809 456 303 264 356 738 636 409 536 852 589 241 425 946 656 671 351 700 258 677 921 613 473 444 590 724 871 551 727 16 867 705 511 676 301 431 368 284 166 
334 957 726 938 690 596 550 685 817 772 667 45 341 926 674 428 433 992 29 616 500 459 521 912 221 993 531 331 126 931 989 891 758 133 57 778 458 548 21 759 516 155 178 696 355 508 458 447 646 675 795 267 721 389 125 504 124 685 125 962 295 526 152 813 818 
834 293 475 196 292 484 100 362 734 609 33 590 285 346 389 956 180 737 471 875 955 850 70 747 861 826 59 729 300 84 638 637 573 726 927 497 745 309 233 893 475 192 374 840 408 416 241 955 88 326 534 992 514 55 797 669 916 964 37 683 638 22 215 79 163 
58 967 944 741 452 603 557 504 49 267 654 435 66 941 785 475 514 771 160 664 414 818 468 417 321 875 221 326 390 508 158 13 954 755 175 789 543 505 595 110 936 447 43 950 878 821 31 184 669 536 130 586 168 97 901 560 565 194 338 16 589 644 865 424 911 
168 678 341 948 962 860 109 346 857 69 332 592 540 623 165 885 433 767 422 196 119 31 324 881 450 858 38 17 361 721 379 265 899 702 768 914 199 923 651 814 157 740 926 585 919 138 910 617 123 428 636 122 662 547 48 527 638 20 542 834 298 509 875 159 729 
682 825 36 807 741 954 564 184 708 853 388 317 785 815 965 646 689 448 773 412 605 709 878 317 37 101 60 48 356 156 193 857 553 431 466 522 189 324 642 742 98 621 455 570 178 406 956 413 955 489 554 52 507 344 285 298 952 367 843 3 525 165 285 278 88 
796 207 639 96 950 328 925 184 607 995 351 203 545 659 73 544 924 626 235 721 388 300 842 592 126 882 45 680 911 782 93 739 487 452 38 823 447 923 670 412 702 84 599 623 129 472 813 747 483 973 690 753 68 793 470 18 324 509 140 751 665 487 959 213 561 
374 648 624 145 952 66 835 366 715 27 538 608 685 516 339 891 262 982 32 110 542 18 450 624 858 496 709 385 482 887 220 801 710 415 799 77 471 674 838 442 437 630 472 495 839 181 554 511 871 542 24 960 199 100 263 489 487 79 882 528 693 882 595 132 470 
329 828 918 35 437 663 869 844 93 426 270 800 904 284 694 302 957 363 704 774 535 104 910 303 409 498 643 28 802 67 559 493 134 817 324 483 356 755 578 471 310 606 565 426 53 345 924 976 983 367 359 846 896 288 475 798 579 185 458 507 99 492 901 451 973 
41 100 794 546 200 778 892 580 808 368 308 928 99 773 464 798 596 737 657 887 884 274 417 830 893 739 334 724 687 638 426 15 244 661 998 184 512 200 296 708 304 117 228 466 421 511 635 172 975 513 410 491 142 997 451 353 296 714 876 318 162 179 597 451 37 
817 943 798 912 325 624 842 552 108 435 330 724 6 544 508 341 320 173 942 671 760 931 96 477 285 477 195 655 902 402 268 46 976 117 978 903 669 944 736 704 722 460 993 644 477 236 799 853 326 777 239 764 288 477 806 272 99 737 163 330 532 746 575 361 623 
723 367 713 856 921 732 780 883 677 717 774 62 283 321 437 579 210 159 721 628 864 704 851 106 66 481 441 171 488 17 162 75 991 573 337 318 560 453 164 22 398 596 221 84 464 820 739 461 724 64 193 60 311 504 645 874 657 126 444 690 851 729 918 887 983 
18 559 393 91 742 780 828 732 296 42 569 46 602 263 146 564 307 456 352 517 476 706 6 422 734 584 53 344 518 413 144 798 794 966 468 144 547 936 584 107 727 951 915 327 730 351 653 1 129 197 32 364 232 302 338 918 67 458 691 60 223 646 166 984 348 
446 632 233 944 28 932 530 329 904 835 661 113 732 478 617 87 913 35 471 494 804 664 230 180 920 444 766 395 720 154 516 15 856 893 166 914 144 615 543 97 27 408 808 682 948 145 134 859 288 37 514 498 98 158 598 804 704 590 668 894 984 286 249 34 309 
194 280 107 313 247 379 187 375 651 519 114 979 56 909 695 683 864 36 188 212 931 798 448 92 530 815 742 303 513 31 87 408 510 774 859 720 397 918 51 495 227 961 420 281 153 385 931 223 879 412 431 247 99 460 416 912 294 796 828 742 437 69 402 395 682 
112 550 755 992 770 596 265 33 23 726 22 567 519 122 633 524 887 860 213 285 745 164 525 598 931 336 685 846 18 734 635 445 832 135 897 243 348 750 728 37 218 273 589 58 657 178 344 771 549 959 534 539 584 861 221 916 290 304 529 116 480 769 715 854 247 
758 892 767 118 321 295 650 582 373 312 513 261 266 308 795 202 487 223 672 962 146 714 570 418 672 596 71 57 498 179 813 514 783 121 359 975 200 688 946 693 99 599 855 334 962 666 42 192 763 781 757 49 624 750 840 333 884 56 761 19 437 943 86 122 491 
601 240 79 2 156 268 833 207 541 291 539 655 443 414 368 673 72 772 19 769 571 526 50 445 884 720 894 116 706 834 305 220 490 336 596 210 926 144 204 122 908 901 452 289 535 166 705 728 680 166 18 750 665 544 946 533 530 615 38 766 685 667 611 612 110 
919 550 894 545 953 288 914 325 966 108 865 39 955 437 764 517 332 319 992 272 169 220 475 178 101 291 126 348 569 893 906 874 17 865 641 838 3 901 687 576 517 528 363 220 818 365 775 582 615 54 265 1000 412 245 686 960 593 471 614 858 352 784 437 349 156 
510 102 712 769 946 330 606 502 462 546 168 838 30 226 320 685 809 426 361 46 90 658 27 963 507 874 243 288 677 104 496 521 110 975 702 792 832 982 316 691 755 309 98 805 491 949 468 979 442 819 424 703 237 735 823 551 542 909 848 218 520 888 795 344 400 
594 856 532 122 325 395 282 981 736 189 495 680 182 53 210 275 962 11 615 322 862 633 767 393 670 188 460 425 676 144 379 825 412 896 587 985 346 211 656 408 455 861 362 373 927 951 86 744 726 755 361 639 375 817 76 372 761 798 612 957 194 268 818 798 882 
297 579 857 878 471 290 300 553 812 980 787 124 343 301 600 992 50 71 482 268 168 388 831 677 166 265 549 448 180 212 838 251 162 894 26 637 920 12 748 706 375 138 158 505 330 799 941 731 204 841 744 251 372 565 954 811 147 751 283 271 430 653 608 776 197 
918 12 855 806 719 19 373 300 882 78 907 213 86 483 197 439 618 975 210 22 781 475 333 332 468 613 128 233 448 675 488 151 851 64 816 813 706 615 113 596 335 457 194 576 751 910 400 288 773 517 293 249 196 615 349 692 949 734 883 840 771 988 606 532 491 
978 362 13 60 461 437 202 303 151 476 547 422 641 689 458 652 961 709 994 293 381 523 497 121 78 539 523 773 132 351 814 459 586 795 615 867 297 548 977 19 917 139 269 166 705 178 569 264 148 512 635 66 983 700 617 662 892 163 523 880 818 877 236 816 386 
554 209 906 518 138 731 168 434 186 6 583 769 354 106 308 13 880 595 622 279 917 304 923 639 101 243 714 621 761 729 469 61 623 140 127 433 480 163 904 22 139 720 357 561 860 756 540 919 1000 493 699 450 13 901 685 585 951 250 918 297 901 869 370 865 993 
764 567 374 693 679 317 153 354 135 42 283 439 600 772 866 348 486 498 878 895 695 287 912 356 138 414 688 202 330 1000 670 105 312 298 509 319 600 216 436 388 892 766 729 176 209 255 940 543 938 625 142 785 905 504 939 217 684 723 977 892 365 762 969 275 269 
896 20 369 931 347 237 312 635 876 241 498 151 349 311 946 235 114 22 536 482 884 427 615 260 831 310 440 37 79 922 193 984 889 673 71 512 987 38 301 205 544 615 462 620 619 472 139 629 696 13 498 589 760 357 873 297 754 678 7 229 416 889 308 820 486 
486 595 923 569 569 2 171 775 856 205 888 41 806 131 276 448 714 831 311 82 266 304 87 21 475 579 359 845 500 617 45 323 271 963 160 775 865 118 575 371 20 389 347 679 312 736 95 147 368 363 553 466 291 922 888 577 642 791 638 80 194 274 4 212 645 
638 120 787 943 1 89 254 288 802 283 664 78 585 488 681 194 222 44 461 136 603 915 365 290 618 634 832 214 454 672 69 548 733 738 206 27 346 734 563 134 116 190 482 843 967 623 949 913 811 401 987 390 15 206 945 741 692 423 798 829 396 664 775 370 62 
208 882 845 304 785 765 37 934 351 835 865 503 540 8 822 438 979 22 473 316 580 819 946 879 505 487 928 150 921 316 672 714 865 416 948 818 198 152 861 912 978 854 839 148 637 916 322 839 290 144 145 132 647 751 33 855 315 512 708 269 124 633 693 129 720 
308 502 735 526 311 95 33 547 859 609 90 446 568 55 946 546 293 827 326 634 548 608 562 906 544 359 37 512 326 126 723 822 886 570 985 641 989 84 672 965 987 909 455 617 13 38 378 809 588 830 88 155 868 624 321 513 579 142 161 534 78 837 242 153 161 
384 247 416 434 975 448 790 537 480 227 654 948 221 879 564 189 941 49 611 167 913 353 202 301 778 467 887 947 748 972 145 797 535 375 575 813 787 707 701 346 427 998 767 937 701 407 146 573 477 179 704 953 28 567 878 962 956 821 632 912 314 685 260 687 221 
476 726 405 935 13 600 873 445 741 920 289 891 181 227 734 296 83 316 233 901 529 879 176 475 481 488 89 472 513 254 603 154 782 201 959 580 504 225 295 705 771 749 963 29 413 924 907 228 200 206 481 554 347 431 534 34 453 609 145 716 213 559 569 756 209 
999 657 367 323 970 118 58 351 111 337 150 933 417 103 497 414 639 481 767 833 691 173 888 158 142 131 378 848 782 50 956 963 854 231 335 180 590 719 728 221 564 498 596 818 834 126 526 378 266 939 139 455 826 131 176 283 853 811 301 443 819 475 404 537 51 
392 533 723 631 502 301 342 200 119 281 983 616 775 218 371 217 412 444 187 684 179 974 626 563 130 639 508 94 487 541 522 549 169 630 422 216 104 924 57 264 585 203 687 831 693 209 144 497 153 26 331 587 812 867 21 498 449 791 409 162 738 656 435 206 197 
378 846 137 885 713 935 59 398 516 966 510 978 86 733 817 343 396 136 736 303 679 132 161 127 665 128 231 311 322 576 386 828 140 770 234 883 710 844 18 780 600 143 767 362 916 663 802 369 440 99 695 495 476 914 383 374 767 800 307 817 163 976 795 113 179 
917 373 256 585 165 20 540 770 477 474 534 11 342 284 255 265 814 15 871 653 423 828 760 558 856 375 316 88 828 107 461 521 120 57 571 101 867 36 192 945 105 963 424 979 506 992 783 789 387 701 983 509 785 803 924 451 513 816 909 953 357 418 704 610 431 
693 466 215 682 322 88 363 307 121 634 681 105 199 737 61 487 363 136 902 513 844 298 248 253 985 368 245 454 336 11 306 231 820 892 174 958 388 604 428 721 701 231 717 795 583 119 323 455 199 273 293 580 862 799 889 989 619 13 30 650 123 756 796 316 428 
562 247 77 707 734 889 500 799 524 182 290 419 972 782 517 518 290 734 120 625 977 608 33 642 723 132 611 630 373 823 767 267 170 12 244 66 289 611 419 590 792 745 399 152 447 287 171 336 792 878 14 695 685 980 542 844 769 7 60 307 759 488 508 44 712 
447 543 991 524 517 727 193 642 690 424 651 429 885 549 734 419 660 708 630 308 790 116 131 824 174 880 767 924 472 767 85 663 926 293 542 138 77 92 126 101 75 40 146 317 759 122 12 930 918 6 466 862 266 410 195 8 476 859 245 18 196 561 153 622 329 
583 450 437 979 816 470 2 566 79 22 133 72 714 857 958 433 33 871 137 919 357 447 999 574 832 553 59 89 357 703 43 256 573 525 467 666 763 329 400 698 547 533 213 638 489 261 354 844 887 203 558 554 185 578 906 758 138 648 927 808 955 334 130 81 973 
