83 58
712 161 845 12 571 363 218 375 157 346 80 978 536 175 631 743 770 592 578 205 244 583 518 93 518 576 337 106 973 553 554 34 700 935 739 380 252 976 900 1000 320 666 249 525 11 109 558 89 539 958 416 546 412 913 545 710 342 225 
395 799 263 154 407 666 118 934 969 284 950 550 259 643 275 385 779 225 191 625 321 76 206 806 651 387 439 292 328 103 120 343 352 80 100 319 266 139 426 824 632 27 636 629 214 500 371 1000 134 193 458 245 713 291 764 897 320 227 
918 19 198 229 130 410 113 343 633 339 892 200 47 679 945 587 344 263 946 224 672 917 373 393 463 871 743 87 884 355 280 804 201 6 225 499 125 705 910 817 182 412 620 485 524 846 372 623 911 641 427 138 466 892 371 552 348 830 
706 621 907 539 338 145 670 871 924 864 972 99 540 10 696 205 580 921 922 952 322 396 143 546 528 263 232 221 579 473 476 799 194 603 588 590 367 991 959 39 522 892 84 230 861 483 533 323 366 1 670 842 717 613 314 987 271 298 
301 891 590 477 221 699 656 287 324 978 66 879 603 777 466 81 539 767 648 120 484 816 716 454 377 817 402 268 990 291 72 333 340 366 41 826 170 768 304 20 478 194 650 536 390 204 922 69 459 469 915 270 64 642 286 659 444 878 
850 825 121 132 439 465 706 395 473 657 13 401 848 344 954 363 209 41 974 614 766 245 227 416 848 726 533 568 441 11 713 800 329 371 39 168 609 174 434 772 348 976 207 868 818 285 156 658 953 250 51 153 60 559 814 400 440 221 
650 167 813 372 560 824 962 465 229 427 243 398 608 643 373 384 956 444 297 222 973 865 272 876 425 931 942 510 729 658 12 934 976 63 768 826 277 605 855 488 238 648 808 170 67 14 330 236 252 536 886 3 135 823 210 43 14 750 
370 800 876 460 189 346 972 576 140 90 306 138 224 418 194 360 866 139 966 222 457 339 272 212 165 215 853 344 477 109 779 621 411 936 607 449 397 847 998 900 302 275 642 434 537 228 398 343 626 372 485 520 942 265 933 846 424 690 
964 142 439 782 645 423 388 714 36 993 924 855 797 672 98 840 287 620 883 828 908 129 140 800 153 966 370 526 718 774 402 277 714 581 30 553 35 687 855 851 358 759 246 184 730 40 805 495 76 1 909 549 522 41 886 565 897 684 
161 704 53 598 202 408 307 762 658 941 131 970 300 544 684 862 543 631 358 127 820 839 493 34 827 241 301 623 577 555 703 546 897 296 397 220 71 16 49 338 979 321 447 241 608 559 752 570 901 954 113 974 691 865 131 541 544 612 
278 386 211 120 785 68 861 825 285 630 424 209 353 175 296 75 128 437 561 249 117 874 736 212 910 315 685 189 302 921 832 950 631 580 410 958 456 422 263 129 430 706 317 746 531 5 71 456 721 637 476 86 282 156 541 716 299 728 
663 405 748 597 912 24 283 548 938 264 967 32 454 899 533 773 387 401 595 27 388 727 701 364 331 645 392 641 937 260 336 921 729 500 550 573 898 55 47 670 35 523 198 96 87 983 776 455 935 157 265 313 894 533 224 776 451 624 
672 268 790 13 467 933 241 200 715 607 672 548 438 191 417 227 140 568 575 219 438 42 344 733 616 198 97 881 955 955 120 38 141 937 9 110 925 745 810 860 33 915 859 506 845 605 930 700 477 436 755 908 599 602 85 412 895 463 
64 468 932 564 341 299 76 138 404 983 829 312 725 828 113 890 990 15 432 719 773 296 577 564 636 196 437 21 550 391 944 920 144 157 730 97 460 766 437 24 350 622 655 903 596 762 611 787 336 723 822 670 357 989 535 475 568 464 
288 982 190 12 739 589 593 543 656 668 620 328 131 887 490 169 377 482 351 860 974 895 793 61 398 473 687 770 741 170 627 865 585 173 341 894 586 189 210 513 459 102 908 556 416 69 126 592 401 566 653 270 417 68 194 741 202 368 
498 705 844 413 206 407 946 902 472 876 885 498 493 763 420 664 489 321 409 100 262 621 882 796 487 828 809 562 523 617 741 38 364 397 691 784 26 335 460 940 617 297 356 91 749 242 620 593 428 779 16 677 873 398 545 302 265 644 
754 608 797 720 664 218 819 726 540 58 693 82 180 918 308 305 790 74 486 431 171 603 387 694 999 440 180 245 301 99 432 13 529 285 485 480 328 197 558 48 686 936 995 821 530 961 455 941 746 814 414 555 265 744 580 485 353 488 
914 784 482 731 377 788 811 732 797 967 430 789 102 933 623 995 605 216 17 466 259 935 491 972 931 998 549 545 573 470 640 651 378 679 107 64 844 953 433 44 461 134 998 583 894 716 87 704 607 763 27 530 448 176 993 482 215 81 
233 246 920 212 477 962 589 885 897 350 138 489 198 414 670 179 577 691 601 22 892 1000 973 744 39 452 555 691 372 705 77 513 245 633 180 705 692 913 416 48 944 948 207 370 936 326 405 742 494 703 829 286 376 428 38 562 485 244 
855 821 830 852 569 395 736 270 341 199 744 18 505 665 317 455 593 472 387 84 865 852 155 319 480 292 868 54 499 586 63 964 83 267 458 388 64 458 350 47 595 330 618 226 300 276 357 955 980 148 539 283 535 866 383 32 789 141 
238 264 856 899 956 150 767 878 948 361 323 45 672 445 861 817 138 225 907 574 91 692 556 791 869 321 521 497 477 743 688 543 431 680 626 297 292 378 355 55 46 561 356 744 15 901 146 264 556 989 56 475 468 86 363 495 326 530 
764 398 810 568 443 756 843 753 597 961 642 392 716 145 865 485 901 408 971 963 276 488 980 346 199 640 236 637 97 112 447 929 751 959 161 358 22 502 271 457 429 861 433 148 424 389 770 618 195 982 511 794 263 534 822 397 804 716 
540 470 11 157 637 81 521 731 156 267 471 275 862 638 849 498 512 397 535 627 510 632 335 978 914 699 741 3 676 347 711 130 394 799 452 908 664 616 322 878 894 732 88 884 975 783 786 486 541 379 185 565 960 877 322 148 85 228 
351 483 615 141 48 178 684 151 449 854 151 877 693 855 763 272 15 979 276 897 849 570 521 351 238 277 143 966 470 538 550 226 360 53 278 938 166 540 854 208 737 804 758 241 10 782 350 707 636 324 13 398 729 241 20 640 744 773 
28 68 642 683 527 68 130 572 900 198 312 79 721 731 84 629 79 7 758 954 458 477 390 823 744 867 96 162 963 914 853 396 328 162 373 99 943 540 981 841 401 916 908 673 710 641 940 823 128 462 64 648 785 539 270 234 898 628 
297 280 781 313 598 34 849 468 267 842 611 750 21 449 866 214 701 888 869 153 259 267 623 1 359 768 694 850 817 340 572 276 380 289 943 521 625 341 498 532 18 757 713 377 988 39 557 527 91 769 982 653 601 463 604 379 532 195 
613 314 923 485 808 55 584 607 94 245 729 697 334 577 482 759 977 799 579 280 555 440 799 165 192 383 290 705 730 409 455 450 944 917 809 945 799 722 266 334 755 628 295 235 328 847 427 343 733 280 518 246 632 145 664 522 704 625 
260 263 136 941 523 795 418 194 878 960 890 995 66 412 262 311 608 365 144 943 598 343 387 388 413 748 131 232 771 590 431 85 892 5 940 134 826 211 877 73 625 465 407 125 814 755 379 861 80 651 823 272 757 784 808 15 894 289 
780 320 178 502 986 39 604 354 239 43 543 36 840 586 257 737 616 467 340 380 744 668 872 379 844 275 880 363 595 801 738 968 671 964 55 984 829 621 214 883 803 999 332 574 192 997 695 360 688 817 18 993 441 926 279 575 154 660 
695 929 38 166 930 523 849 542 555 465 852 163 519 193 965 905 49 997 724 150 245 974 853 796 212 375 859 481 519 55 502 132 122 568 314 322 451 18 627 973 728 260 405 288 303 518 748 584 766 580 355 761 380 210 313 633 630 986 
509 738 540 148 554 540 99 743 917 994 49 213 2 281 207 310 549 409 190 596 73 895 121 850 860 270 510 186 178 226 401 900 678 771 109 867 620 670 844 80 187 766 201 415 660 595 38 770 790 177 174 527 960 79 722 785 168 60 
874 319 34 947 288 44 959 226 580 518 487 42 955 324 580 847 334 164 679 734 253 281 864 162 452 695 665 525 739 81 368 291 572 782 3 971 743 961 953 414 179 199 841 297 595 846 539 514 368 265 123 550 805 753 718 475 414 70 
346 769 52 715 436 453 762 942 967 809 749 527 44 903 960 56 49 233 164 95 431 69 456 102 574 425 462 153 976 825 490 948 998 480 658 149 918 705 409 361 144 493 212 709 920 130 690 491 821 399 407 232 548 386 600 711 425 467 
113 27 173 941 339 146 75 423 558 224 848 672 767 959 125 915 586 936 492 418 336 785 607 784 210 378 185 561 433 391 285 519 606 994 13 423 20 266 940 818 581 535 190 901 483 375 332 884 613 825 104 541 641 213 956 823 788 765 
222 986 676 993 12 450 270 969 18 438 757 442 877 4 132 478 536 285 377 244 632 230 313 849 627 928 489 21 116 540 768 353 292 117 736 877 784 536 804 945 196 29 592 667 749 369 714 484 29 873 718 255 861 701 161 153 141 422 
674 890 361 565 632 348 263 93 837 274 997 237 333 459 538 354 823 615 263 376 813 614 419 198 713 977 44 62 228 266 219 876 223 52 737 951 120 455 620 844 726 690 806 28 80 864 334 773 176 580 530 563 498 665 64 820 193 456 
50 134 447 631 393 425 972 700 741 956 744 48 587 498 1 730 713 862 636 692 567 29 140 669 501 767 412 291 924 496 410 796 675 938 992 64 134 777 886 291 97 71 556 154 47 842 652 866 431 824 27 918 580 270 385 684 4 776 
710 726 951 446 204 202 848 543 11 14 554 362 480 68 856 682 136 49 650 143 122 428 290 98 495 948 761 594 286 705 579 57 444 151 246 263 213 467 257 852 958 16 78 50 698 830 768 857 79 161 116 421 476 350 984 120 689 918 
631 268 432 281 539 465 729 537 762 568 534 142 307 736 376 805 215 615 677 100 645 461 881 702 960 48 871 733 782 913 115 610 98 214 665 831 885 169 19 291 838 700 213 616 180 321 57 22 197 435 841 827 391 425 794 497 851 299 
945 336 297 309 469 575 299 279 110 377 855 199 415 844 872 221 306 543 470 196 713 233 298 418 32 515 552 604 256 725 17 652 484 83 331 446 92 771 184 283 97 574 864 128 401 46 428 475 598 130 399 787 488 918 928 351 128 595 
469 773 639 406 125 34 609 423 366 49 364 826 754 482 918 851 341 370 735 914 39 205 278 123 757 680 598 209 967 53 793 15 80 941 189 116 661 594 603 567 894 964 870 907 360 544 705 76 303 895 39 193 549 211 705 204 189 41 
31 830 833 88 579 646 562 613 393 651 148 462 670 954 30 428 828 152 292 60 897 314 648 321 872 925 864 738 811 815 2 19 307 738 778 6 200 630 405 245 366 348 184 830 515 506 850 477 407 180 219 436 575 780 448 773 638 918 
157 388 28 75 652 652 710 342 351 930 714 249 150 239 30 261 1000 135 883 890 895 695 73 619 337 660 211 367 646 644 15 928 935 28 591 878 654 226 758 449 272 837 860 845 843 527 41 328 485 582 292 549 27 544 440 880 945 487 
267 366 238 28 768 360 350 352 266 400 987 796 619 698 481 503 899 660 630 83 772 222 29 709 329 316 791 711 42 751 137 673 454 322 623 687 845 552 99 489 298 821 242 746 652 140 143 819 838 688 922 381 644 10 930 909 967 40 
989 42 748 349 63 464 706 165 744 718 935 779 450 424 127 551 137 381 81 350 770 901 577 972 325 985 707 490 805 494 143 909 931 280 75 459 948 41 728 433 65 882 491 424 337 337 427 871 163 287 852 289 787 942 673 748 11 572 
496 622 786 397 619 767 482 215 863 740 255 159 860 611 347 47 684 459 308 440 423 644 209 581 80 430 286 210 691 466 875 509 155 265 847 821 154 636 392 831 601 72 840 946 688 528 975 744 261 797 64 848 763 61 334 551 743 604 
142 458 49 632 559 862 210 375 894 507 174 559 887 545 289 189 437 930 803 18 663 832 351 889 765 930 168 296 779 520 816 827 541 453 792 73 796 463 428 545 123 32 16 390 5 465 713 290 585 245 93 34 772 706 84 819 534 965 
596 525 674 115 839 585 890 810 804 300 964 933 333 786 392 961 640 984 780 199 200 959 531 230 955 431 367 959 746 238 659 128 371 777 317 34 957 322 641 249 784 237 689 578 845 309 547 183 444 761 350 272 514 747 932 929 619 7 
81 935 80 71 54 735 856 423 595 461 753 338 773 175 255 8 934 384 524 646 125 701 548 669 12 634 836 614 612 89 399 587 945 547 536 243 946 831 399 42 586 885 493 637 178 989 387 916 185 298 904 853 443 537 215 755 969 41 
132 811 33 926 707 761 45 862 903 175 7 803 761 533 672 194 172 313 733 681 217 893 96 773 480 60 962 353 586 889 18 177 669 654 962 252 456 314 74 682 748 563 660 138 425 362 216 498 400 782 727 524 373 771 538 118 194 852 
612 262 675 837 275 61 316 239 474 371 344 210 248 259 103 109 309 417 91 98 543 710 749 952 305 253 66 497 374 377 672 374 806 18 524 321 201 663 506 256 741 41 433 269 933 408 880 777 421 879 981 527 537 305 875 861 646 861 
742 500 951 602 829 955 971 385 83 351 589 30 388 549 992 975 536 215 987 428 408 741 643 322 470 757 767 806 121 221 648 263 957 742 485 707 262 730 640 955 552 84 886 396 451 560 594 902 514 646 388 870 382 517 906 522 360 663 
960 545 305 207 83 355 116 20 291 864 815 656 334 717 61 852 261 46 497 541 897 685 37 606 805 893 160 792 154 379 109 664 362 124 55 158 133 497 75 117 338 67 529 832 988 876 941 747 484 636 198 182 620 860 191 163 694 625 
432 564 271 650 758 130 528 714 259 860 381 852 592 877 495 329 239 480 94 677 949 200 168 832 53 838 1000 340 602 57 624 983 657 587 728 761 641 930 622 827 547 295 407 352 156 264 191 137 6 601 962 586 743 459 810 63 708 667 
974 322 165 840 260 284 967 74 655 632 421 901 814 68 31 18 399 988 292 991 950 330 710 398 838 647 855 575 372 666 45 193 44 569 467 210 685 802 422 109 476 397 333 762 931 372 353 832 264 83 352 800 723 54 186 815 876 552 
984 772 419 596 247 748 728 509 751 856 547 110 283 35 491 815 78 939 785 829 71 582 190 815 440 891 153 642 455 91 553 41 638 852 299 973 871 479 939 831 534 546 866 795 884 778 392 729 956 410 39 974 353 640 566 836 163 107 
824 448 294 197 738 705 146 993 501 906 685 17 245 361 367 262 413 908 728 788 437 661 792 66 994 798 874 311 11 797 228 92 415 490 719 90 361 571 408 22 40 212 174 829 286 715 581 509 740 261 178 136 722 552 335 663 675 762 
629 58 437 139 538 895 228 466 969 42 395 656 53 141 376 248 58 185 844 598 177 456 888 769 116 32 591 734 908 220 189 935 51 992 959 15 69 184 797 574 703 620 284 553 18 798 343 519 274 193 481 803 647 928 280 165 150 291 
815 844 110 346 571 332 491 773 571 637 828 180 896 109 764 639 927 198 966 810 912 505 741 853 18 633 170 742 194 517 288 267 934 861 842 471 572 915 417 923 805 767 674 262 120 884 547 504 979 18 822 733 831 895 473 40 89 51 
447 906 971 30 642 688 977 302 406 726 77 674 439 487 130 920 501 271 384 840 754 67 522 956 920 923 482 712 300 448 356 809 217 990 727 104 310 228 601 378 611 824 416 902 775 510 347 149 161 628 583 398 802 884 801 590 669 607 
67 857 940 979 47 606 377 518 97 959 132 24 272 899 200 892 328 956 616 525 233 893 266 451 215 737 669 658 777 187 147 978 918 217 766 323 206 361 900 373 877 273 703 931 13 257 801 192 237 995 562 47 590 122 384 586 640 642 
79 385 416 462 53 701 610 525 855 115 423 576 425 274 415 514 538 654 977 460 437 632 296 260 324 1000 318 757 536 64 683 595 251 191 520 358 534 146 482 580 599 513 718 529 986 404 704 107 441 497 449 19 60 969 170 17 548 863 
238 507 452 997 841 970 530 399 965 800 648 218 615 736 993 867 860 844 873 290 535 555 653 850 328 968 809 487 515 565 557 630 686 664 190 49 809 535 927 64 33 805 247 443 833 526 539 907 781 74 483 148 852 546 498 965 262 811 
238 630 424 971 930 924 617 1 666 473 443 757 587 422 215 31 382 705 599 11 595 393 796 583 844 102 581 211 630 782 986 381 911 20 796 43 104 388 312 14 830 503 818 474 749 651 905 626 623 931 21 751 615 518 209 666 26 783 
903 569 744 595 585 424 554 102 331 945 880 543 778 88 767 581 659 676 682 671 571 583 607 998 805 800 47 630 681 305 955 133 699 182 80 694 363 73 715 293 397 736 782 41 618 21 151 296 936 414 114 765 994 262 539 619 384 526 
381 823 572 214 51 262 288 387 410 378 959 770 857 776 898 56 175 26 529 869 594 964 327 455 156 939 346 416 905 508 725 343 540 726 144 514 216 823 72 78 840 114 280 467 193 193 612 674 45 684 854 451 92 625 395 720 909 890 
165 237 75 387 616 243 834 743 398 802 877 308 562 956 961 475 640 767 410 810 451 330 659 787 652 749 825 665 482 799 492 646 851 882 233 68 12 248 653 698 51 588 454 33 419 873 307 453 306 923 288 673 154 718 191 308 989 302 
702 209 333 964 315 162 143 925 388 88 296 908 758 649 646 672 407 126 696 937 157 341 76 593 158 230 443 679 256 444 129 801 523 382 105 886 727 473 184 159 187 663 987 32 72 349 294 935 98 161 347 47 182 950 17 665 814 385 
399 234 493 637 828 883 704 573 628 464 304 307 818 731 920 968 595 209 813 19 936 874 874 180 16 624 613 68 44 982 246 560 93 662 644 250 771 601 587 913 235 972 374 537 220 45 606 526 944 347 85 977 127 717 940 362 600 432 
768 480 163 607 518 277 531 670 97 32 938 937 353 772 467 17 826 804 171 235 357 271 494 497 924 666 313 290 169 484 932 961 488 160 191 156 167 972 631 618 151 683 752 88 911 388 832 546 248 976 163 220 283 594 874 994 460 582 
560 104 544 573 754 697 404 935 285 416 289 756 980 692 966 332 90 575 259 332 872 810 878 848 246 178 771 200 963 38 743 694 599 52 22 686 584 552 867 219 402 342 364 596 797 641 247 803 958 349 577 193 46 205 216 261 785 752 
31 708 276 498 602 580 448 145 672 892 660 584 110 339 677 965 145 652 147 310 909 455 286 751 185 687 485 389 206 303 157 187 294 110 304 215 366 753 17 460 611 761 798 41 515 471 502 993 161 669 861 668 854 709 684 798 552 650 
875 332 567 226 976 736 568 660 53 490 995 589 697 634 92 336 70 335 166 827 115 478 894 726 89 671 594 619 496 997 849 807 895 725 233 734 174 84 907 192 201 799 195 471 71 905 389 818 424 533 14 639 823 572 577 572 277 233 
780 770 960 316 631 171 156 790 63 376 656 146 362 393 243 770 878 921 575 380 185 720 82 473 800 328 795 144 306 333 79 844 303 149 277 584 259 808 746 145 954 485 932 324 288 431 152 365 793 259 990 198 934 23 71 307 322 926 
151 83 329 259 763 430 715 174 364 197 695 52 418 637 640 705 713 454 962 985 289 570 95 301 974 199 143 472 313 168 508 623 149 122 586 284 348 926 469 987 18 757 431 200 913 917 12 852 963 324 416 730 504 571 537 238 365 979 
278 715 809 130 567 598 537 66 517 851 592 242 32 268 626 176 981 642 637 47 113 308 625 871 295 980 553 807 151 379 710 383 724 337 750 917 806 982 512 940 807 294 544 284 203 268 60 1 777 638 125 21 412 36 466 300 963 642 
381 742 126 683 825 148 353 93 429 899 315 39 930 760 220 583 46 883 603 725 206 244 990 20 352 437 80 637 932 929 252 45 833 979 386 220 370 405 805 616 665 484 478 453 536 237 413 25 328 63 957 301 302 242 959 483 138 672 
806 728 34 738 346 72 364 253 80 818 138 123 545 98 202 459 1000 487 646 502 688 680 340 253 452 324 855 915 7 595 785 534 753 476 478 29 38 299 955 942 413 783 957 363 534 217 947 207 509 477 864 153 971 941 383 26 306 279 
872 697 778 551 920 641 373 227 321 336 542 467 94 970 133 326 549 156 652 987 786 902 721 200 824 876 466 693 408 13 844 884 44 272 91 244 852 357 753 492 656 131 441 678 638 99 845 698 920 515 340 389 648 224 514 692 303 928 
227 659 585 460 916 475 198 114 739 478 982 564 164 588 129 261 38 369 993 235 745 956 723 328 878 784 221 173 154 473 890 39 916 997 345 654 190 166 703 699 744 460 374 213 449 356 323 448 364 28 658 706 970 710 80 799 29 167 
116 894 122 954 568 297 457 943 692 555 107 449 615 376 817 948 466 26 600 6 567 695 409 758 415 929 450 776 443 286 621 697 752 317 439 920 946 794 88 415 142 605 506 588 914 868 907 776 752 796 248 168 803 947 937 428 623 618 
412 282 464 33 324 958 476 588 777 174 82 928 375 956 158 418 798 527 999 429 658 509 25 955 244 323 649 769 875 753 771 351 726 319 670 839 828 578 121 690 276 848 271 263 942 134 168 606 237 658 621 797 770 346 865 309 22 303 
350 21 448 460 997 220 699 266 742 117 212 156 938 820 518 986 720 941 739 630 718 842 409 257 329 332 578 278 686 885 79 981 849 55 922 834 899 758 197 452 628 529 687 997 133 120 5 437 668 329 933 720 355 459 519 6 798 569 
140 128 383 371 131 101 576 100 96 316 281 184 969 342 35 97 198 619 441 857 246 863 941 241 129 659 748 330 478 805 446 679 485 694 690 775 584 957 740 396 82 22 841 296 584 641 645 90 419 243 613 599 253 716 105 845 961 204 
271 327 852 254 395 716 524 358 234 149 472 4 696 222 912 854 751 574 179 775 575 845 773 247 683 178 365 785 704 987 443 468 130 324 417 465 772 428 250 980 614 675 686 410 762 971 119 827 913 411 601 718 103 211 482 336 924 171 
650 569 131 84 186 267 436 803 295 934 258 15 868 787 944 786 801 217 530 866 647 38 35 473 580 694 958 104 478 661 369 37 510 922 145 231 518 714 226 961 457 192 158 153 196 10 457 350 504 871 385 698 563 178 570 139 366 538 
877 455 681 865 808 266 462 475 501 879 630 420 174 517 431 914 984 372 256 856 873 974 827 852 291 169 805 137 520 360 611 585 848 736 293 382 423 22 487 512 205 542 223 745 561 472 888 350 266 203 912 410 330 207 260 299 529 50 
614 198 904 367 24 133 332 142 875 586 859 196 183 880 296 270 979 861 867 180 154 878 389 436 519 548 250 955 410 888 236 516 374 58 33 311 831 33 844 474 568 507 281 17 646 172 620 15 311 421 318 755 782 791 453 475 665 823 
692 36 440 339 314 935 945 10 67 994 608 191 581 651 591 335 214 398 243 61 290 514 5 76 83 909 489 246 740 683 773 595 713 458 954 32 173 994 486 528 405 278 189 349 520 839 647 609 788 500 809 372 154 87 482 649 399 218 
343 131 641 472 279 974 266 46 627 857 217 316 537 862 168 806 797 185 311 103 535 656 606 131 476 510 365 350 764 439 721 465 739 594 767 418 410 522 826 455 977 417 998 11 302 673 157 998 691 741 509 749 593 557 976 190 466 734 
672 536 767 831 513 373 547 802 181 388 543 493 325 676 25 74 593 146 987 690 172 496 57 20 998 242 856 555 65 867 599 642 529 360 308 666 988 421 101 438 751 560 744 35 350 865 984 346 244 697 302 132 685 240 412 998 465 398 
852 812 546 90 750 858 107 347 874 473 981 709 347 542 796 421 125 186 698 659 636 268 695 826 311 404 925 740 707 324 217 420 5 98 309 755 613 35 126 412 964 963 27 860 129 240 168 566 93 724 620 814 763 919 549 767 881 168 
469 737 505 245 594 974 994 52 477 478 129 678 698 807 326 112 259 970 364 855 934 991 883 809 795 235 987 620 434 586 671 287 452 394 517 844 261 178 302 47 28 594 315 916 625 683 534 32 892 741 384 880 175 997 745 498 580 150 
725 480 232 568 391 873 325 169 66 331 293 634 10 738 209 765 317 943 910 194 386 849 98 1000 774 956 38 928 275 889 237 94 207 969 62 355 882 10 730 347 269 957 28 516 908 532 685 238 790 18 24 209 392 365 213 203 27 878 
235 269 912 358 553 45 23 62 268 997 513 393 912 748 142 955 105 570 769 980 198 851 434 182 400 684 577 84 163 253 954 661 670 216 464 91 587 840 935 134 357 187 3 483 321 371 666 505 71 241 144 823 756 16 784 862 379 305 
397 92 784 676 97 647 854 656 436 789 808 245 467 908 932 139 835 605 370 806 882 267 314 354 106 386 826 854 22 333 534 721 574 557 440 603 103 201 844 390 860 375 509 587 163 903 460 237 875 663 966 711 293 217 682 835 321 403 
40 511 815 671 336 613 989 875 721 820 266 104 652 62 970 462 97 537 910 73 483 74 998 806 265 825 498 19 407 728 961 934 895 51 537 464 772 813 837 150 575 147 683 608 24 401 259 456 353 643 292 382 353 755 389 463 773 121 
949 966 674 826 536 250 102 441 13 458 962 777 656 754 784 372 660 562 873 131 540 69 723 732 848 287 459 927 424 956 64 682 308 369 580 650 699 689 743 121 844 188 814 415 172 102 82 758 445 991 176 449 239 917 165 549 391 750 
722 424 885 185 462 338 250 167 956 916 881 27 496 336 937 687 303 428 611 454 298 525 414 113 982 772 961 447 914 97 958 751 294 820 775 453 416 110 299 860 864 134 74 60 214 572 944 672 918 476 841 571 711 210 451 62 269 638 
302 801 393 502 188 498 619 271 503 480 341 928 377 483 419 886 830 790 129 526 223 310 414 27 90 909 249 661 734 152 199 598 380 265 550 733 264 268 901 248 740 256 131 539 146 584 129 201 257 340 513 257 524 310 115 64 139 80 
411 219 304 276 17 938 248 590 326 510 567 531 26 554 613 217 261 132 932 15 999 511 59 696 747 865 651 125 298 144 302 13 248 692 357 653 188 289 556 172 113 483 85 748 141 540 269 712 519 560 654 257 503 729 607 426 155 285 
504 607 315 523 904 19 825 445 829 777 461 371 791 578 616 118 290 472 780 30 793 880 888 979 313 401 804 690 226 730 216 771 577 315 192 892 767 434 784 943 391 681 847 345 375 177 253 480 945 703 599 685 174 2 727 126 639 347 
387 75 441 995 674 449 682 865 250 262 377 683 25 504 957 88 793 57 890 299 274 693 623 900 121 33 434 832 616 969 89 922 76 105 722 628 262 681 234 321 769 752 640 648 258 243 700 841 566 511 821 622 829 591 570 500 450 780 
299 274 691 632 763 14 407 390 182 228 172 121 843 182 52 835 890 485 439 289 984 30 757 580 832 73 194 716 66 624 916 484 984 463 511 354 930 465 503 228 405 122 677 157 765 560 811 780 323 794 770 315 705 440 420 504 427 641 
527 992 841 767 372 718 947 698 284 959 351 557 800 964 299 122 64 946 784 500 894 321 781 134 538 458 615 435 875 275 699 269 373 387 840 571 543 748 915 130 142 647 284 451 673 942 752 512 487 265 256 153 48 189 335 637 420 918 
552 273 960 901 621 231 293 685 776 134 821 930 607 848 830 46 83 852 371 223 527 882 474 248 842 843 83 874 45 361 652 148 550 656 698 981 788 752 643 907 763 429 825 75 694 880 324 676 435 551 799 480 736 254 632 350 587 857 
750 93 873 791 917 221 753 595 648 219 262 727 255 787 261 926 966 132 593 510 598 417 997 558 631 980 194 577 826 689 402 477 495 488 871 856 871 86 450 10 38 123 755 291 492 563 289 224 861 170 791 917 666 451 15 4 313 683 
679 541 261 455 413 431 599 957 975 133 889 980 197 105 639 412 7 545 280 466 757 114 467 123 107 938 358 750 222 790 842 554 322 398 622 983 134 655 555 403 802 732 124 267 781 604 444 294 352 68 26 31 336 694 400 886 353 278 
958 556 459 247 596 396 158 445 92 146 482 98 823 507 330 137 978 657 982 73 325 381 139 184 186 86 622 24 992 638 177 416 104 565 350 639 413 329 758 493 824 42 228 99 472 767 945 671 349 792 445 590 22 406 797 675 797 119 
997 360 39 489 463 212 171 414 412 304 358 167 337 527 48 569 835 634 223 882 402 817 188 342 346 922 995 568 52 199 757 365 463 632 79 71 809 977 158 978 163 209 815 920 101 262 290 669 243 962 338 441 60 224 830 613 335 689 
242 173 447 487 204 841 645 141 765 923 850 161 159 425 882 81 845 784 777 652 695 647 552 325 447 318 205 994 294 781 497 1000 731 419 939 624 244 108 326 637 210 166 631 855 579 20 472 751 696 918 821 231 954 802 718 133 840 815 
522 681 886 146 933 867 884 793 6 282 739 923 810 83 396 952 33 2 393 608 72 810 105 169 235 481 943 437 368 438 643 457 140 640 275 492 332 389 604 246 419 969 555 354 83 26 191 952 876 251 139 151 952 248 340 278 597 277 
695 875 103 315 359 856 165 236 147 958 173 454 175 206 277 255 987 30 540 255 815 657 854 160 502 578 128 716 855 586 304 856 539 602 770 872 65 719 834 112 196 356 89 848 59 11 199 413 566 969 129 402 104 58 604 648 988 479 
194 257 228 304 703 502 255 612 955 736 503 987 686 170 165 694 101 579 169 152 247 45 562 984 508 8 17 220 241 52 547 302 108 644 546 145 573 878 551 372 639 178 968 480 928 721 703 812 139 212 834 121 54 26 381 652 854 861 
195 233 169 848 644 304 881 669 17 608 716 54 414 222 173 17 625 610 855 304 539 64 188 927 743 441 722 136 573 662 372 356 831 482 196 925 330 819 457 495 972 54 423 824 58 52 700 421 401 981 716 425 990 71 93 980 109 782 
375 485 63 723 103 981 893 318 322 596 837 495 232 992 447 150 738 891 562 682 265 736 113 57 151 986 194 250 589 372 94 164 796 22 766 835 935 251 400 779 614 824 862 164 710 491 581 809 132 224 747 544 22 729 807 372 807 645 
887 313 107 676 361 876 702 818 236 217 959 692 307 851 284 619 474 87 55 416 395 202 316 79 753 688 621 222 834 314 957 941 999 223 274 969 562 237 324 423 574 979 109 595 574 39 436 7 801 447 931 364 206 561 771 881 14 134 
465 60 673 789 204 453 489 511 831 123 448 921 190 759 33 266 833 906 544 361 252 149 762 360 364 732 932 841 917 627 325 944 338 745 74 214 533 145 566 884 943 533 770 428 564 813 317 219 627 115 700 495 799 218 50 477 624 462 
997 959 648 886 662 735 950 556 283 917 399 928 73 506 734 295 561 568 765 825 713 560 228 393 834 865 825 6 652 395 4 502 301 449 365 11 327 573 338 70 888 635 435 230 387 323 241 15 401 667 990 656 777 175 13 596 208 464 
896 697 418 198 447 631 51 228 742 781 342 51 555 712 166 743 614 222 334 331 690 740 773 263 432 607 696 919 856 913 419 799 825 971 597 842 896 430 561 23 219 617 932 21 697 443 682 216 410 945 500 87 129 728 763 688 551 358 
472 72 182 793 798 123 308 606 30 804 389 704 218 294 509 388 302 733 745 838 545 979 887 998 918 464 382 862 980 478 910 670 505 768 805 187 131 382 685 113 111 165 787 266 578 159 858 777 611 846 98 610 585 886 607 39 225 175 
576 922 503 701 556 350 675 858 67 758 119 535 212 538 916 991 342 12 684 680 276 858 727 565 534 659 502 432 269 485 507 742 397 532 526 686 559 936 906 127 3 681 15 977 409 315 599 464 143 643 761 348 258 314 268 548 648 208 
993 479 714 925 854 999 827 88 219 751 982 155 635 726 643 805 717 96 404 624 81 137 552 779 920 583 189 824 855 487 679 626 217 575 218 88 635 983 122 314 770 841 301 308 951 544 317 861 850 279 270 658 176 321 692 709 72 681 
599 939 728 985 533 96 710 317 857 269 720 20 731 134 145 479 356 882 752 898 149 643 836 225 799 844 974 976 501 901 643 937 893 47 918 856 790 643 490 292 833 481 844 154 379 747 426 856 506 407 659 883 672 929 119 872 89 583 
115 550 840 474 353 611 309 461 300 894 130 335 137 477 708 215 400 961 889 516 985 893 785 895 199 194 791 950 353 740 325 280 71 670 357 321 620 119 989 996 516 526 475 679 522 44 576 790 604 304 157 224 527 502 228 521 593 34 
857 213 601 681 749 649 602 734 745 107 323 865 629 818 729 790 925 655 328 70 355 583 705 931 550 197 456 401 126 153 973 421 666 384 730 663 927 44 591 606 640 308 694 521 11 205 146 706 744 152 583 611 28 630 608 480 736 487 
124 170 590 436 663 88 568 937 435 412 614 513 585 496 827 68 878 544 841 367 721 516 953 934 100 496 296 346 139 635 865 29 238 727 722 95 355 776 642 623 184 262 181 386 966 971 666 577 835 887 655 513 297 539 292 878 368 851 
606 17 255 227 313 970 163 395 528 518 594 687 222 349 822 547 431 329 790 702 199 782 86 13 722 49 96 260 780 26 885 557 362 518 601 546 355 632 642 678 445 817 156 851 712 881 74 519 930 442 774 77 618 144 868 744 641 732 
588 923 873 651 955 571 929 273 240 900 206 353 39 313 387 516 28 285 782 841 225 844 129 125 490 694 653 651 676 930 452 963 368 901 279 851 42 298 64 877 149 596 830 164 815 160 304 662 455 700 440 199 913 277 489 766 374 396 
859 96 277 104 320 696 861 278 412 249 954 282 705 980 660 627 549 874 834 939 738 374 202 344 526 197 506 997 461 376 647 172 201 930 689 635 757 384 254 789 752 62 697 780 992 35 502 554 753 111 905 37 611 463 253 745 640 521 
314 104 724 645 334 645 328 759 606 363 987 124 969 195 869 191 150 44 219 277 737 795 313 999 463 874 532 653 78 741 11 545 438 459 941 608 964 529 836 568 131 887 383 135 641 260 938 59 829 892 318 875 793 941 434 752 115 115 
231 360 548 579 79 588 426 386 893 759 680 224 175 676 775 677 784 937 242 704 497 666 802 474 182 263 258 859 392 50 620 391 252 35 640 799 324 25 973 939 417 561 592 404 538 193 80 190 570 316 652 572 940 2 550 656 127 955 
857 231 73 58 325 629 749 578 221 387 556 460 201 210 323 610 65 254 92 676 517 709 997 377 904 67 564 777 395 18 539 876 58 670 810 819 175 811 1 337 435 745 733 129 454 224 937 481 559 708 85 158 982 440 539 804 835 598 
360 525 517 286 247 86 380 18 773 201 789 48 935 842 279 510 875 70 919 447 917 408 72 512 86 800 934 467 729 433 335 965 403 245 54 578 142 686 25 895 187 663 983 145 452 404 987 984 802 63 59 342 611 1000 431 9 784 728 
225 859 298 950 501 472 115 679 960 661 560 31 846 333 445 665 724 985 202 483 323 461 311 675 814 451 712 567 40 867 293 544 345 291 267 796 106 827 786 842 952 39 750 126 83 522 780 395 410 883 644 154 731 103 77 315 8 546 
972 40 768 521 987 635 138 557 410 675 497 702 376 224 481 964 880 252 657 986 829 378 321 869 466 53 937 857 872 887 103 561 67 110 146 194 319 336 158 285 952 221 336 251 919 656 283 384 199 799 718 618 843 944 501 542 421 412 
691 84 558 660 803 201 440 83 429 131 670 162 72 251 287 614 477 835 227 440 735 498 550 817 482 98 834 81 636 615 145 516 140 816 459 829 503 981 508 725 948 366 285 447 281 738 804 252 727 312 220 831 424 215 310 59 917 507 
869 479 752 285 436 791 55 394 533 221 443 327 305 185 811 165 327 349 100 921 322 839 383 494 18 154 94 514 876 966 501 453 977 279 522 935 71 506 310 874 725 559 166 463 322 272 166 3 361 184 603 169 204 318 702 113 312 204 
292 914 331 663 931 41 286 108 537 502 938 240 956 886 933 223 135 976 484 195 399 171 537 786 5 982 483 71 517 281 188 870 915 475 58 409 747 394 807 198 61 926 194 80 995 848 569 526 866 109 771 432 684 495 723 148 392 168 
591 562 607 983 750 905 150 228 710 624 635 34 161 128 656 350 746 17 518 442 230 751 303 815 957 332 457 889 136 81 27 32 543 336 793 374 9 247 118 56 649 676 745 568 528 633 160 722 680 892 518 293 863 476 206 843 755 382 
819 65 680 356 706 234 450 635 756 700 97 582 421 66 135 607 944 235 904 771 904 698 695 390 24 73 107 713 268 749 551 270 680 396 562 791 281 298 988 906 532 164 846 943 689 868 223 688 986 115 632 376 660 117 62 101 454 985 
153 207 727 445 845 809 683 74 706 426 752 516 146 577 935 67 64 982 214 914 603 856 22 989 880 722 658 335 559 747 856 973 179 904 439 998 38 28 495 872 758 685 91 391 186 308 44 959 469 722 521 225 611 729 462 160 681 653 
509 432 297 886 293 789 90 161 25 60 868 56 709 392 849 469 651 363 467 726 478 355 275 305 531 268 783 354 651 46 851 982 712 958 120 337 397 32 161 826 585 674 945 432 683 48 436 679 802 292 222 297 61 647 886 672 544 617 
26 738 61 964 751 183 599 828 248 936 744 73 576 483 658 457 439 895 810 125 735 841 233 79 265 570 465 285 481 99 205 164 145 169 870 904 915 423 155 170 4 132 48 473 853 445 300 243 738 472 5 953 900 419 820 83 162 816 
702 517 382 933 124 77 903 452 654 120 432 306 864 507 737 81 554 801 55 598 884 542 241 944 509 79 862 309 872 257 748 817 178 826 32 506 17 623 524 924 473 195 130 393 687 646 947 648 319 337 890 46 180 1 113 837 461 538 
271 67 500 667 280 131 869 575 986 675 149 570 996 899 185 146 296 534 501 774 695 609 993 543 110 942 348 785 833 399 112 323 812 98 870 512 276 92 47 990 186 967 917 426 863 348 306 390 741 679 496 9 723 262 308 59 271 878 
250 734 359 503 655 827 850 897 72 550 710 407 150 820 317 363 228 281 705 327 713 754 882 900 765 491 109 703 382 763 228 984 689 177 915 126 167 709 321 934 935 234 858 145 485 885 102 758 333 451 813 292 273 178 923 811 437 735 
537 509 342 41 712 21 203 110 122 960 636 689 149 189 753 346 853 424 245 38 847 531 669 99 647 582 143 951 632 860 80 505 109 864 331 498 127 655 276 573 23 224 418 234 31 788 608 17 467 915 720 251 494 577 659 619 9 879 
5 111 583 670 194 548 344 826 605 67 955 761 654 569 888 551 229 443 494 100 820 366 722 537 572 21 605 73 637 548 947 574 173 916 732 551 615 852 694 795 170 619 873 9 422 27 237 435 277 35 715 32 803 112 508 263 390 936 
369 30 630 284 454 785 475 570 49 820 801 674 862 495 472 464 626 548 64 476 437 518 679 553 111 426 700 863 873 417 831 128 329 231 618 18 236 215 303 706 674 123 964 312 284 210 597 620 682 759 129 296 890 203 770 774 21 930 
634 163 787 481 439 40 838 760 697 179 951 291 818 11 320 376 11 21 596 666 234 593 78 165 202 160 807 88 586 961 552 484 908 84 699 928 629 402 176 424 827 54 249 371 996 872 74 11 723 694 882 42 834 805 398 746 29 454 
986 737 30 120 934 128 966 113 495 165 476 33 180 79 33 489 690 36 410 178 869 99 656 979 800 993 643 526 235 975 205 814 640 549 10 776 926 728 66 909 25 534 376 261 291 671 496 91 219 99 920 477 269 519 966 518 849 313 
988 604 847 16 986 300 122 436 287 456 133 5 547 855 227 644 94 936 407 792 908 757 515 898 1 740 869 634 664 538 785 662 533 676 127 914 53 419 379 233 844 656 665 840 214 543 701 714 859 602 209 696 427 617 81 478 163 27 
760 818 59 308 750 965 309 637 736 864 286 131 441 997 93 875 674 807 65 355 352 104 965 232 245 589 516 967 329 373 52 651 168 178 407 636 289 653 608 987 744 506 478 464 863 642 607 736 843 85 889 32 303 396 330 977 196 552 
18 933 346 597 33 832 512 716 767 566 869 233 290 304 159 990 666 460 431 420 179 11 952 860 318 133 534 632 620 723 21 345 851 134 917 154 614 332 374 342 242 185 830 443 496 502 715 547 943 652 86 549 77 925 733 392 752 120 
50 941 928 249 284 253 554 736 10 199 96 686 267 775 145 969 289 501 199 995 865 777 329 153 881 859 281 36 330 934 226 938 445 195 331 425 501 941 895 337 37 402 816 464 913 958 655 381 740 930 176 572 703 7 421 793 731 114 
85 470 708 25 462 950 820 479 255 156 993 74 625 176 423 175 325 112 353 366 9 530 61 285 619 715 709 185 369 632 97 924 495 378 374 326 182 268 837 916 812 728 476 558 681 801 901 972 479 907 229 941 38 9 684 198 67 597 
128 484 947 97 315 725 123 365 426 250 244 216 162 572 1 886 485 1000 90 846 831 159 399 180 574 115 517 791 708 374 181 40 332 624 734 835 996 758 962 607 71 458 396 281 939 697 82 362 94 221 781 759 296 318 138 358 901 693 
790 764 977 217 647 630 204 605 666 959 590 226 439 16 403 643 534 86 945 195 648 848 753 636 348 894 787 344 973 913 41 107 428 332 598 369 418 11 331 245 53 614 641 856 959 880 259 486 799 134 846 466 563 970 419 35 55 436 
514 576 777 263 278 381 496 834 425 757 290 358 180 568 228 835 417 343 573 913 829 360 15 504 333 746 636 219 821 55 489 140 492 817 887 728 170 576 878 225 556 397 322 460 50 627 566 704 558 137 620 685 137 60 793 804 596 291 
166 933 596 607 621 248 128 955 8 795 287 120 951 691 725 566 702 72 883 648 42 207 130 572 211 580 472 163 81 993 950 403 654 647 194 16 223 526 648 781 999 640 891 494 158 854 69 713 427 480 667 949 175 643 234 232 211 445 
825 533 938 104 134 796 901 397 429 125 890 121 831 956 862 287 665 802 132 730 836 58 321 589 272 973 334 496 848 589 933 580 324 270 308 677 203 697 388 135 642 433 608 158 601 226 999 814 802 857 724 849 358 280 499 693 822 11 
582 876 840 723 487 257 493 665 703 474 411 257 84 740 430 162 451 82 909 862 134 144 354 493 252 39 49 348 735 386 750 351 662 399 980 995 245 221 972 899 190 165 109 742 189 184 851 963 572 198 859 732 907 766 495 696 739 328 
226 393 422 800 189 320 108 549 575 223 337 314 891 414 238 248 213 884 901 972 905 578 358 303 513 571 684 68 554 742 977 898 358 395 973 507 236 813 344 846 572 315 442 841 69 29 45 518 258 450 699 334 525 602 820 53 702 200 
820 431 133 993 481 29 881 617 601 863 337 305 366 712 386 880 350 624 561 48 441 822 264 26 981 458 547 183 608 666 665 237 524 98 155 533 831 971 442 116 562 723 224 21 838 121 835 718 235 304 875 390 576 793 722 548 710 324 
646 929 994 794 318 387 89 466 244 688 643 101 876 997 579 374 733 153 723 407 560 606 875 12 906 208 669 131 979 848 37 669 69 933 390 909 968 90 700 993 926 366 619 448 472 841 644 754 684 784 330 170 438 297 525 772 610 755 
