38 91
150 420 558 808 221 832 440 408 694 433 712 13 884 311 469 403 961 805 595 481 49 79 628 163 205 934 382 896 697 389 251 817 58 454 629 13 622 671 90 698 366 862 541 616 10 648 654 258 733 630 430 524 978 315 246 647 244 349 960 556 314 457 206 248 189 605 294 15 321 837 344 877 336 489 824 966 2 704 801 596 857 325 972 875 381 750 283 364 50 453 115 
636 986 38 335 915 163 282 147 745 291 482 765 757 473 427 213 994 477 708 631 139 737 282 801 515 640 462 391 324 832 794 590 53 216 25 257 901 99 901 584 41 262 578 758 918 77 961 654 121 775 889 78 180 730 335 18 581 878 37 567 187 140 887 444 434 406 432 266 351 571 471 902 498 414 187 324 37 685 55 362 668 262 764 306 128 564 317 793 950 545 57 
198 655 656 951 78 474 308 408 127 874 661 531 226 752 263 986 915 5 576 334 987 620 160 638 468 758 301 416 955 896 362 969 355 939 184 793 220 559 37 327 69 781 700 544 828 352 180 17 591 954 7 774 845 461 862 420 938 519 620 593 349 249 238 216 442 875 418 841 284 474 376 311 285 603 206 326 608 152 377 742 898 694 312 120 339 474 674 146 662 354 906 
983 563 804 761 535 660 806 872 444 456 752 48 236 4 50 494 550 518 20 97 512 809 350 296 54 202 841 801 348 48 611 638 607 297 891 721 132 525 644 565 571 46 882 696 644 749 560 602 179 771 745 200 999 924 112 853 333 217 400 753 275 425 963 574 390 93 486 646 952 987 93 898 394 207 604 584 366 658 994 420 173 487 920 824 836 506 365 931 799 218 137 
811 188 777 851 804 951 679 495 643 830 459 891 989 16 422 29 628 478 876 100 250 925 726 354 814 46 722 751 535 354 844 527 193 565 568 543 820 938 607 579 930 885 290 746 715 73 731 6 220 118 25 188 566 6 68 257 502 553 472 256 608 756 978 190 976 652 358 663 504 670 479 348 180 45 442 730 461 575 437 403 215 909 656 290 650 302 45 24 385 290 15 
350 528 319 469 56 514 624 885 238 147 26 867 574 777 211 746 227 276 715 165 481 879 975 764 522 438 845 429 571 315 582 480 403 273 479 620 874 680 657 432 352 376 68 788 737 137 314 308 845 541 727 121 946 607 454 99 126 129 165 54 351 108 333 189 997 220 633 171 306 514 88 248 303 836 517 228 592 550 709 343 854 877 296 744 401 607 208 996 343 78 424 
351 422 815 75 407 175 19 954 596 758 643 831 804 495 640 345 241 1 284 494 644 967 936 82 159 633 945 150 17 549 975 974 450 564 433 887 224 462 583 732 800 351 904 565 624 578 830 110 978 181 243 164 367 739 363 803 521 372 676 897 413 496 550 9 952 479 908 802 800 968 137 297 327 861 237 788 874 601 740 267 810 240 965 306 914 786 908 333 964 823 48 
812 73 284 257 906 625 805 568 161 681 306 629 362 736 160 373 148 972 779 949 341 977 286 694 875 174 521 670 920 962 882 229 370 912 327 794 616 783 130 550 930 636 870 95 195 239 76 774 767 906 206 122 826 299 876 224 839 408 482 885 738 792 704 715 281 24 694 442 157 910 621 412 982 770 864 206 485 396 896 418 489 234 759 22 270 850 684 975 890 942 729 
206 439 279 212 543 605 60 911 492 668 371 476 71 409 86 694 941 385 328 673 7 151 974 711 741 818 655 148 309 507 662 684 391 685 881 187 458 704 434 792 911 119 248 444 42 166 740 126 223 333 170 979 830 348 926 688 475 50 147 634 521 3 946 475 818 411 791 623 439 404 392 56 727 614 410 681 814 182 300 658 458 962 53 19 196 242 103 392 215 995 340 
179 12 765 50 418 211 119 429 706 867 932 408 542 595 815 638 74 65 670 96 152 615 324 547 240 147 865 463 988 388 832 569 418 622 441 670 1000 944 361 842 655 845 585 205 756 148 976 325 945 784 604 201 944 969 770 413 440 569 59 451 40 201 900 380 447 271 379 675 573 883 688 566 395 972 97 630 26 651 413 153 898 258 692 804 649 104 799 240 486 257 88 
953 903 791 747 280 465 518 148 372 262 323 743 564 75 975 68 905 382 737 223 536 903 216 872 719 886 897 30 127 869 618 730 119 10 199 782 832 693 289 251 263 405 381 712 19 575 929 302 499 887 356 454 978 88 415 727 467 502 94 534 198 282 303 829 104 459 721 251 767 550 525 596 663 649 636 683 316 295 35 856 303 723 813 360 797 743 699 224 214 254 44 
784 543 35 578 601 63 569 190 870 957 658 617 607 253 844 748 319 475 969 642 569 910 148 942 751 320 365 904 701 590 700 621 328 301 570 848 882 362 172 891 505 485 929 540 734 85 945 247 602 705 345 616 742 400 809 224 500 409 288 184 145 386 542 398 633 930 852 581 867 18 305 224 502 45 320 894 401 464 520 50 604 697 777 507 525 926 635 521 944 213 525 
352 347 186 761 772 961 987 947 288 463 685 509 503 902 225 843 804 751 817 814 728 547 967 843 244 624 232 653 468 345 793 960 851 500 686 590 596 388 271 1000 144 19 932 912 671 814 555 81 53 364 829 516 115 578 899 900 250 949 415 257 939 751 496 349 432 788 749 483 991 529 879 392 856 650 4 754 584 848 992 309 663 186 531 677 61 417 429 276 873 827 454 
410 438 665 151 444 270 441 913 511 552 309 382 6 29 374 541 762 635 986 438 419 233 91 683 458 752 193 471 924 54 873 270 430 277 209 176 851 221 926 340 905 951 435 684 400 73 937 844 819 733 486 384 84 923 40 687 375 700 435 263 200 903 452 347 296 691 252 86 210 832 89 133 778 664 114 931 468 708 771 14 775 517 69 428 778 707 608 471 793 334 817 
850 364 733 195 626 1 425 904 7 883 169 951 173 239 97 422 728 381 725 77 626 695 533 117 95 988 346 626 45 280 64 313 873 930 480 498 349 891 142 945 219 844 609 762 452 953 856 148 236 629 381 999 15 214 469 290 404 960 819 268 343 586 767 355 66 234 187 552 930 739 293 443 564 960 294 657 617 586 743 426 400 117 750 499 151 806 200 399 609 213 708 
869 394 565 941 665 94 430 504 60 57 701 298 318 364 688 512 781 560 442 615 46 961 638 114 779 500 325 361 576 249 908 890 289 711 221 957 99 713 815 621 915 490 982 284 842 864 412 600 490 589 209 786 291 302 596 605 780 435 965 500 23 54 821 832 546 639 772 970 519 644 46 45 556 692 632 802 489 584 31 558 611 861 969 427 776 542 992 821 194 417 1 
965 439 775 853 418 170 344 361 911 776 793 92 728 849 134 264 962 957 487 107 66 245 79 434 424 84 301 661 781 693 394 928 606 595 619 496 22 983 237 940 833 705 998 513 86 319 643 845 174 737 432 136 544 752 326 866 494 772 645 942 31 847 6 95 125 933 314 979 924 839 505 960 282 96 192 287 682 188 685 231 811 891 191 582 210 827 382 245 632 698 862 
969 340 821 735 975 711 380 454 722 335 54 9 621 335 248 696 454 769 605 332 569 764 827 717 746 861 660 548 577 246 159 997 774 708 194 182 792 549 657 273 546 780 883 725 265 13 194 906 221 990 53 198 411 282 264 958 346 298 133 848 807 424 374 775 619 181 573 534 296 948 692 593 624 27 901 493 218 698 194 668 940 174 605 753 248 428 904 472 415 823 546 
476 760 962 790 571 326 104 526 539 553 641 463 298 838 761 38 782 136 358 447 826 508 636 193 832 488 674 871 123 700 685 495 684 44 690 798 219 526 946 986 205 338 160 168 724 480 621 638 544 26 398 875 103 737 535 822 512 607 568 859 795 830 844 848 338 188 510 574 77 382 690 103 720 180 591 806 301 636 73 910 230 876 549 15 81 480 86 973 680 253 547 
446 304 617 51 691 571 408 559 668 680 620 129 273 729 389 236 395 472 115 68 574 756 198 240 309 119 292 293 416 150 671 83 875 302 689 594 780 368 610 9 131 257 301 113 543 646 166 10 834 654 973 294 885 258 3 408 10 771 544 808 157 137 3 160 590 239 763 413 752 829 636 793 310 789 417 482 387 965 454 852 527 645 588 915 160 714 700 787 948 258 958 
79 581 660 157 472 731 949 207 172 840 667 756 268 585 33 821 518 601 568 819 93 266 533 932 488 885 419 704 586 351 458 212 292 199 399 155 90 994 679 329 146 937 929 595 284 28 657 939 938 653 891 374 292 71 298 886 269 257 400 56 680 990 120 19 201 942 853 927 352 16 980 278 568 502 22 536 970 34 522 956 501 195 74 925 133 98 765 443 128 652 297 
458 681 335 780 21 634 745 737 748 887 451 736 987 867 400 328 579 738 116 128 65 267 985 497 704 895 740 258 233 895 212 375 619 42 882 317 29 440 996 363 594 575 325 242 477 251 579 166 181 333 865 37 296 146 897 501 937 873 889 766 542 773 461 572 281 109 14 632 524 235 541 656 352 284 495 744 149 75 668 366 713 13 714 227 315 904 938 585 426 955 330 
619 12 215 744 523 261 145 987 571 832 884 504 81 925 342 92 326 12 470 463 219 330 595 18 637 446 456 3 845 461 470 337 78 994 407 571 231 206 876 876 959 268 636 319 166 251 875 242 822 929 44 584 836 689 203 838 301 903 429 361 620 240 769 678 359 872 742 552 278 802 876 528 434 508 973 340 852 501 952 274 984 685 810 13 777 165 231 500 81 664 32 
673 45 923 485 551 895 745 410 221 761 623 982 910 430 487 61 631 931 870 567 606 473 832 542 463 222 893 661 795 540 651 279 736 11 154 292 91 135 437 313 518 269 518 964 438 186 220 686 953 45 586 974 911 603 445 226 218 487 187 559 433 564 752 144 194 939 657 139 326 302 432 817 594 371 170 965 559 429 158 100 623 39 637 809 518 558 674 94 812 526 709 
679 65 618 228 254 423 19 212 275 684 130 274 663 707 720 159 447 111 575 805 990 916 146 446 693 718 585 911 243 89 824 72 370 906 473 75 915 298 187 460 206 373 822 328 851 579 856 218 195 928 513 943 794 69 803 9 658 345 389 706 807 770 481 806 19 659 764 725 103 873 875 959 602 545 996 969 280 657 433 367 374 540 677 704 776 377 877 524 95 189 728 
61 883 120 690 552 692 428 612 183 567 54 874 492 947 838 912 388 805 508 301 932 836 531 247 593 493 603 172 262 870 681 392 501 405 138 546 761 552 318 418 244 1 647 767 479 248 564 524 167 454 327 876 923 996 996 819 469 62 182 652 735 709 734 886 108 467 251 520 771 585 546 457 830 260 642 529 466 18 413 599 952 562 933 506 100 167 873 827 148 705 277 
702 981 738 576 566 232 916 302 486 341 519 213 527 812 976 281 130 650 451 425 293 229 244 452 141 102 966 16 110 67 950 776 25 257 415 738 868 717 472 115 658 369 624 750 348 761 954 693 596 772 340 394 465 910 435 858 170 399 249 28 159 610 100 693 924 224 691 643 632 854 378 972 447 789 831 21 19 367 500 175 963 231 994 110 467 456 719 701 675 574 339 
589 49 774 784 370 253 772 990 132 138 851 129 765 787 246 992 197 487 157 798 749 494 220 551 90 511 608 396 990 102 887 205 111 290 43 838 590 657 176 191 960 950 517 682 998 131 343 326 814 826 292 112 135 878 348 5 760 273 472 647 755 76 830 294 464 859 706 108 982 808 2 831 795 428 526 601 96 586 826 877 57 897 81 113 663 964 780 208 965 865 238 
669 803 521 939 349 488 538 952 759 485 270 208 722 414 657 413 978 704 957 870 94 465 699 539 611 457 652 402 778 157 846 690 349 643 39 590 225 71 672 694 811 996 692 804 435 992 877 624 269 337 911 461 481 542 508 786 871 31 817 572 558 925 971 354 132 860 792 194 416 889 314 254 532 558 485 602 348 202 433 22 844 629 868 870 749 716 442 951 818 932 213 
776 645 864 257 319 430 192 762 582 53 497 12 754 922 767 722 121 389 797 580 262 800 655 428 96 565 139 899 57 352 120 298 999 341 675 601 639 24 736 191 917 215 629 341 969 993 249 791 24 610 37 758 629 639 235 631 878 703 244 133 167 730 83 406 357 327 236 168 756 954 750 193 442 71 730 470 715 951 57 36 790 920 648 492 531 708 900 108 279 916 653 
237 799 59 173 73 139 687 19 780 440 145 254 490 977 309 738 145 936 11 816 178 501 2 307 652 344 686 288 135 688 584 929 532 179 107 923 174 197 935 742 124 776 623 711 201 223 942 132 234 917 508 777 611 282 393 915 234 120 247 609 783 358 993 252 129 236 732 380 258 243 426 746 17 944 110 462 17 436 164 94 929 371 326 224 538 708 693 303 662 637 955 
878 927 849 557 5 508 712 289 930 566 321 51 718 193 184 474 457 385 903 124 528 294 873 223 845 966 809 93 329 936 960 565 126 276 210 689 216 137 566 440 5 269 312 996 396 687 526 97 501 64 79 172 441 590 788 608 997 547 905 32 170 733 556 779 867 53 191 350 230 637 986 793 679 758 151 622 940 302 250 946 524 579 737 553 153 987 847 572 851 885 70 
206 735 502 992 61 980 338 993 360 517 460 156 835 788 166 718 907 823 532 503 867 987 947 847 731 560 911 433 692 581 628 618 872 892 283 454 639 384 3 879 744 956 482 341 237 706 283 650 3 809 692 585 871 354 870 422 673 729 968 495 626 269 315 472 889 186 469 278 753 741 355 636 194 643 905 887 461 424 94 793 965 383 6 396 412 287 354 286 715 458 640 
419 16 74 90 356 890 463 354 267 363 893 842 458 432 879 631 425 707 267 750 316 773 634 693 946 358 330 288 315 744 633 711 186 241 390 60 634 972 654 591 252 814 362 146 82 103 28 280 873 417 483 474 179 505 21 581 157 136 664 531 403 383 68 249 728 360 981 907 866 893 895 783 538 677 49 78 677 678 837 639 269 732 252 522 248 396 520 112 935 145 333 
634 127 554 868 354 564 8 999 817 899 475 54 335 15 590 487 574 892 631 322 65 826 4 412 511 545 730 212 76 405 348 874 382 163 656 772 536 58 940 832 858 866 683 838 856 282 843 256 43 901 483 514 302 564 316 877 93 368 2 222 589 542 257 340 205 317 838 780 241 953 174 221 725 27 338 816 60 264 864 297 40 899 299 905 985 748 459 620 400 84 726 
5 537 721 587 877 340 156 487 558 702 696 204 227 760 527 561 663 500 621 912 767 679 98 329 201 312 386 731 530 252 184 899 636 83 56 40 793 239 942 170 261 143 606 71 907 763 498 373 205 172 426 426 589 343 256 35 481 254 802 129 840 295 999 759 594 574 538 613 352 99 971 727 460 197 413 798 728 905 849 22 683 245 974 465 997 827 493 898 247 10 246 
53 170 224 16 473 138 622 990 406 574 100 343 376 500 867 237 443 190 348 646 701 210 760 671 88 562 616 508 128 222 403 450 832 578 944 181 247 935 964 422 657 897 659 798 343 424 776 886 713 510 96 52 674 223 463 672 911 628 165 928 879 750 324 735 349 493 301 168 137 176 122 910 507 827 532 692 707 30 53 974 701 271 575 226 463 956 325 771 996 986 506 
74 100 559 179 500 304 938 359 143 832 564 770 39 32 934 266 242 556 242 619 505 413 898 716 26 523 457 404 939 105 282 441 33 186 560 675 898 137 947 903 351 274 349 792 451 816 874 748 913 711 339 478 176 67 181 822 577 30 343 547 694 3 391 184 738 902 772 644 653 606 784 667 917 51 396 305 235 157 145 876 242 131 583 429 237 964 646 543 360 363 19 
310 733 165 460 525 39 466 700 244 76 152 569 668 331 428 315 30 160 464 334 791 634 483 795 671 878 197 529 304 665 560 55 299 289 992 286 406 178 500 870 269 918 890 434 462 179 658 490 791 558 86 254 34 675 536 93 473 803 112 424 823 485 235 161 897 783 929 822 632 875 488 668 443 650 939 729 48 494 390 526 923 369 488 362 487 45 633 249 546 864 135 
1 807 842 699 72 43 338 386 613 551 240 292 702 814 662 541 240 312 458 703 945 596 443 623 988 102 915 956 736 973 548 292 392 689 480 560 66 462 460 180 54 741 460 557 93 267 403 536 314 596 931 958 798 531 504 77 951 813 700 640 573 598 675 711 990 114 674 355 650 6 938 67 795 232 47 662 759 231 387 959 528 304 235 420 135 731 373 611 828 325 608 
644 862 935 583 959 825 157 525 142 783 943 248 145 994 938 283 301 301 435 605 487 967 876 155 682 191 457 521 102 319 263 171 587 7 467 117 181 817 578 850 539 302 743 906 897 25 415 464 366 575 997 378 353 159 620 878 638 127 446 943 237 150 262 797 645 68 324 969 366 703 428 58 695 918 264 268 511 491 567 908 806 645 398 167 665 149 228 674 433 334 96 
878 497 210 2 42 225 664 223 602 386 937 839 671 310 164 611 652 873 81 30 281 40 135 20 362 872 823 616 330 906 337 392 296 960 948 976 570 78 524 974 860 264 44 509 621 910 480 749 757 337 103 682 224 765 544 692 406 794 660 405 290 491 702 885 53 83 932 959 615 534 33 921 894 15 641 951 167 267 944 693 274 95 579 537 812 310 519 649 512 703 405 
846 889 417 714 347 683 905 754 52 379 816 164 905 424 839 103 723 333 378 298 893 589 243 653 902 653 364 324 20 925 556 718 938 551 586 804 853 351 678 165 616 404 329 226 635 4 983 636 391 297 996 467 406 787 356 903 453 628 872 198 587 746 126 111 973 838 599 348 458 613 273 382 486 897 117 967 488 895 363 706 181 61 206 787 919 121 935 734 863 953 32 
556 296 89 605 103 95 929 376 343 121 936 907 12 682 774 640 291 293 847 838 436 890 956 236 424 936 269 66 855 423 251 901 306 623 796 281 149 187 506 93 43 614 899 835 881 701 2 344 198 417 868 399 140 795 141 433 14 730 655 576 383 844 777 153 704 33 935 627 835 79 290 932 222 572 980 778 321 936 113 929 352 468 108 38 809 909 783 11 965 448 36 
326 395 770 566 261 562 619 627 950 686 880 6 497 85 221 269 718 596 442 254 660 637 61 93 259 251 574 243 522 240 76 292 245 368 462 338 216 397 670 586 382 399 647 958 864 246 590 488 343 561 716 331 605 457 703 343 818 456 993 346 694 401 983 336 126 831 721 668 561 308 106 712 919 153 267 628 188 734 49 919 674 361 858 861 226 451 537 297 496 847 563 
518 332 630 240 476 608 81 762 335 85 368 452 900 854 58 228 927 96 763 619 777 72 856 314 343 885 978 632 492 969 74 906 653 468 968 719 755 375 774 970 732 502 393 987 966 608 882 332 543 60 482 428 775 518 991 420 152 128 961 425 782 504 832 473 98 800 603 760 280 840 551 991 796 744 802 215 589 138 851 77 117 912 378 684 939 935 428 472 201 642 286 
468 522 624 268 413 45 100 26 77 796 890 663 488 255 75 949 33 244 7 377 980 10 771 625 460 615 26 602 339 383 922 118 820 447 363 340 815 167 656 471 800 30 541 498 851 955 32 834 559 310 49 649 137 35 680 532 699 858 160 213 398 141 396 209 567 160 243 933 363 50 973 116 33 633 500 540 626 620 730 563 989 260 691 595 610 267 709 215 742 696 293 
651 77 301 800 235 403 13 880 598 807 555 816 232 22 661 113 950 673 279 91 207 33 327 477 624 596 32 934 241 967 409 709 607 20 597 555 782 102 177 688 495 736 467 657 190 146 913 903 14 9 895 194 916 281 853 329 747 124 230 999 533 708 149 213 659 166 454 941 392 303 640 875 124 106 779 883 238 80 259 153 523 822 854 386 148 79 997 888 5 120 889 
345 344 296 473 140 541 336 158 926 927 207 279 402 471 999 390 443 710 182 307 783 362 483 694 589 683 986 676 642 721 149 568 19 674 131 131 529 563 345 750 903 388 109 886 801 464 357 737 326 714 121 141 225 66 437 640 425 141 910 158 679 332 989 571 720 78 745 234 507 21 727 711 459 376 555 597 88 659 296 450 531 232 12 488 449 213 958 184 356 302 69 
481 251 489 332 851 554 380 2 851 796 700 956 322 87 537 295 72 456 147 749 430 61 467 322 59 788 474 880 841 98 937 774 751 364 971 595 124 901 133 31 467 394 472 213 438 646 725 621 503 822 939 164 421 970 365 352 938 910 965 761 415 169 462 5 235 494 917 811 85 201 434 54 915 78 950 193 41 870 719 126 242 562 31 148 596 494 362 775 859 683 148 
758 490 630 750 268 678 343 2 1 38 632 360 975 873 819 568 509 19 794 393 446 82 97 864 491 516 743 781 823 860 41 534 188 837 992 601 122 308 889 360 838 177 318 494 45 372 492 630 653 751 126 403 602 58 23 385 928 884 883 615 677 229 49 355 560 209 855 351 576 81 320 168 191 692 679 700 391 578 541 510 761 685 566 347 646 845 17 676 744 305 461 
356 505 96 656 890 695 799 773 249 907 466 42 722 505 536 106 739 705 430 904 636 595 572 709 990 182 24 200 848 613 493 44 872 984 807 52 803 890 570 973 521 662 101 361 903 956 592 140 894 948 161 323 471 82 969 154 959 406 247 273 819 862 329 421 622 798 719 857 529 856 500 840 952 925 787 800 458 428 366 633 420 444 887 424 749 845 200 913 409 597 213 
169 596 934 48 922 129 687 904 973 697 387 708 144 55 102 142 929 233 15 891 234 436 890 237 198 109 822 582 236 329 105 337 747 897 855 457 305 451 502 985 183 946 185 260 20 483 970 459 558 152 837 746 229 990 166 243 764 512 836 722 513 857 394 737 766 847 467 853 867 659 874 685 360 447 593 701 41 890 49 53 563 980 642 935 551 167 408 881 42 653 964 
130 604 473 497 694 573 834 741 352 957 801 944 744 846 698 852 306 678 336 394 243 637 101 284 990 595 913 570 964 21 703 910 835 673 196 189 891 770 862 378 940 133 453 220 649 657 760 115 70 721 107 63 688 957 14 843 341 826 761 134 840 151 357 560 537 692 965 605 69 708 571 138 139 432 607 86 887 202 657 965 265 617 689 667 557 731 853 988 708 815 527 
569 641 614 996 499 262 836 141 404 688 656 504 131 199 967 709 578 864 59 164 488 37 762 894 30 355 416 778 276 850 684 502 281 374 328 326 924 858 136 927 60 545 446 534 12 876 305 316 717 305 307 183 67 86 415 878 664 350 22 215 47 69 193 406 863 978 505 290 199 536 435 247 823 985 939 699 665 702 898 913 638 939 217 59 967 60 976 389 539 152 216 
666 60 912 326 153 522 537 565 47 727 296 144 881 498 833 797 510 187 132 351 441 339 842 407 660 951 895 126 827 52 849 796 99 812 430 50 306 567 310 549 350 539 47 531 443 756 463 540 151 919 455 760 5 558 213 281 57 856 147 906 90 265 542 681 169 151 220 359 34 335 831 801 666 711 172 667 334 123 613 504 268 199 50 576 12 922 431 752 927 212 190 
670 424 238 389 142 818 120 141 715 852 767 900 242 182 911 266 718 690 488 202 107 594 133 315 181 699 642 379 158 51 580 755 417 774 619 474 423 761 893 641 320 601 474 997 771 428 132 306 236 610 87 906 609 580 76 793 849 646 363 432 692 2 57 502 483 212 82 914 454 698 760 974 919 951 761 376 963 464 795 177 805 544 307 741 77 792 764 684 209 642 616 
298 262 454 970 427 557 820 601 444 861 485 393 765 762 517 790 336 11 604 637 418 494 378 908 169 128 910 233 211 637 391 878 266 426 925 217 612 362 561 657 385 817 125 903 60 890 451 136 591 773 345 41 13 208 39 624 824 184 937 165 425 781 349 245 560 289 953 406 181 639 758 449 227 831 817 650 821 435 82 354 477 599 496 1 343 643 212 302 91 231 618 
192 929 643 472 391 89 268 971 852 203 621 787 319 902 194 313 79 312 28 535 327 463 523 153 874 287 182 675 615 628 155 75 693 759 384 867 50 43 306 569 222 338 728 201 522 965 199 796 147 479 392 220 431 429 924 90 965 509 94 222 40 967 856 462 709 271 262 921 939 332 459 552 330 516 573 912 204 49 927 905 774 755 12 115 573 77 462 3 621 731 166 
694 76 535 713 789 293 516 141 739 399 268 314 552 38 628 200 861 517 720 483 440 159 119 282 302 423 358 871 453 867 923 96 685 910 251 71 553 607 189 221 116 975 641 178 568 189 399 674 559 978 957 631 321 741 950 950 147 323 294 533 207 9 878 55 864 280 980 952 868 99 911 590 534 239 526 303 666 759 873 816 266 246 573 464 587 733 898 327 547 901 5 
495 200 250 836 996 677 713 903 168 532 96 32 305 356 223 224 406 81 24 668 334 849 199 208 691 617 863 352 232 903 71 312 573 168 248 456 534 159 447 248 768 817 829 565 260 225 859 978 775 472 419 302 612 135 658 944 878 212 524 815 140 770 908 474 619 574 746 179 530 65 345 253 606 833 293 419 792 280 913 420 578 988 387 160 537 628 562 649 709 334 652 
380 589 404 870 886 788 563 371 332 211 445 768 996 807 952 518 954 54 311 80 892 444 905 990 274 229 421 666 463 389 65 190 910 403 376 853 314 757 329 823 481 554 704 459 807 500 178 365 180 304 722 282 208 912 48 905 913 802 803 736 455 264 897 61 509 979 361 629 686 171 480 100 733 39 138 6 210 981 607 304 648 370 905 712 596 583 229 861 541 565 636 
538 746 750 792 424 433 149 512 624 517 300 681 969 860 103 912 35 277 823 421 732 739 590 312 592 67 428 479 686 76 814 818 321 665 909 300 332 39 933 91 490 290 782 519 653 980 85 23 829 204 546 581 35 852 559 683 411 300 752 41 811 695 178 771 894 179 364 389 272 412 300 918 993 787 761 43 600 917 99 669 847 505 127 975 421 749 23 22 208 247 991 
686 76 750 809 673 239 677 732 180 241 366 827 230 329 520 907 681 616 961 24 91 441 465 853 851 913 913 605 707 307 196 832 27 701 820 722 470 201 244 352 82 925 389 904 99 953 964 471 215 526 501 316 248 316 670 933 590 472 836 101 294 661 354 671 828 220 474 230 862 525 374 859 438 531 703 397 543 295 566 237 357 169 529 975 28 504 476 143 299 227 531 
999 657 172 253 264 357 950 990 168 500 653 754 451 915 682 568 414 945 836 967 827 567 487 392 955 526 231 128 57 514 160 624 836 740 155 991 828 1000 864 756 866 355 252 809 389 167 725 728 895 106 215 242 650 119 40 372 845 362 102 877 620 331 683 823 621 860 991 306 576 776 436 472 519 44 198 152 656 564 720 651 559 983 171 586 982 547 793 463 628 532 837 
791 895 247 995 566 239 228 846 825 270 839 971 582 107 485 19 368 491 410 102 380 777 847 324 262 681 60 109 309 220 386 287 459 29 22 806 463 272 393 174 268 858 187 314 806 311 166 30 411 376 980 515 563 934 237 831 806 990 665 250 206 179 73 596 23 646 708 591 542 183 904 511 734 387 618 362 869 466 521 652 351 607 551 375 364 118 940 215 639 237 131 
838 272 112 948 191 369 307 553 694 673 996 48 243 417 535 537 239 979 819 328 526 966 797 803 871 99 885 249 378 37 734 147 848 283 633 305 917 720 495 40 541 242 64 831 215 702 715 568 800 403 306 928 101 223 272 663 32 222 285 764 627 757 551 707 768 420 475 711 238 316 676 995 898 511 764 257 798 180 209 659 553 32 966 762 292 969 49 273 760 474 67 
628 465 724 586 49 788 30 337 541 666 331 217 517 144 528 460 938 86 408 660 707 585 171 478 45 966 323 202 105 589 360 164 870 290 591 609 54 262 346 518 288 358 166 918 137 846 430 65 918 192 233 369 468 828 691 515 779 669 536 63 407 791 257 639 787 414 685 473 409 98 529 178 494 864 901 811 376 682 472 318 407 659 823 71 402 312 432 116 763 878 188 
257 399 622 918 548 268 274 995 494 730 964 14 977 399 243 399 301 927 73 770 605 146 289 121 397 458 319 540 955 607 500 508 778 596 95 772 975 960 760 367 519 868 38 63 609 972 575 495 996 930 270 412 489 774 159 217 18 472 742 762 544 670 622 941 7 84 80 16 416 653 944 833 137 689 215 272 865 313 166 72 691 888 921 603 58 244 8 146 26 81 130 
908 959 596 865 847 27 230 220 340 237 914 242 152 351 987 871 426 293 21 908 574 658 840 783 130 250 22 517 200 717 496 961 268 221 42 46 830 72 536 651 255 149 12 530 897 361 959 209 271 594 165 465 80 822 603 298 859 229 67 578 116 35 720 32 914 811 279 548 926 453 847 865 221 128 783 413 546 625 606 541 860 699 890 998 224 213 520 483 30 974 681 
154 880 298 656 282 228 121 693 532 373 644 386 411 887 190 287 960 730 24 492 712 231 61 96 186 65 722 827 376 799 528 66 112 981 207 760 132 480 513 517 781 7 894 644 623 66 925 72 784 343 165 640 31 540 671 774 964 965 216 27 889 577 106 863 666 547 737 862 586 780 47 645 62 265 294 3 735 991 928 341 915 258 640 298 5 488 251 282 147 620 812 
686 211 607 715 202 519 952 465 377 880 579 376 434 63 330 181 432 40 647 961 775 408 309 165 54 418 573 588 623 441 291 23 935 418 406 405 585 847 876 911 492 526 859 963 617 481 241 561 641 956 299 70 985 189 548 92 153 3 283 405 769 787 55 392 3 73 991 974 367 551 346 226 909 44 378 729 225 918 244 107 134 640 787 808 639 482 91 840 507 47 356 
245 735 948 68 77 86 367 839 727 426 794 507 614 685 954 875 385 821 600 444 566 500 363 61 239 712 952 326 769 700 36 448 617 2 951 508 758 745 301 968 15 814 279 450 18 308 52 196 455 703 144 491 880 786 160 636 692 434 374 987 640 734 708 478 4 464 199 716 812 370 459 201 289 504 799 694 281 905 107 239 12 434 123 568 600 843 926 980 228 548 73 
760 903 232 197 184 121 458 881 373 71 539 542 875 206 430 824 716 353 904 780 569 627 575 885 366 813 414 856 738 936 137 970 150 21 870 772 953 504 909 10 78 970 156 53 304 592 312 306 324 437 893 267 253 979 432 810 857 158 581 198 900 781 169 293 206 44 4 907 945 434 620 9 836 260 715 20 277 17 213 201 264 200 216 538 132 297 688 847 395 805 524 
514 925 529 196 389 1 845 569 776 141 479 448 569 756 621 288 30 11 73 919 519 205 138 811 263 803 609 259 371 494 832 297 303 261 363 709 714 860 223 539 564 260 591 13 271 354 668 776 147 919 901 189 868 56 77 321 697 124 98 568 482 599 582 594 113 607 765 274 182 637 754 771 88 280 647 205 384 897 671 347 540 430 959 950 19 461 459 857 888 601 233 
962 743 829 751 939 156 48 7 957 377 225 986 279 697 478 975 620 146 288 469 796 553 319 343 89 138 890 42 86 187 490 426 620 584 165 145 919 449 233 856 198 240 378 583 899 823 643 843 268 974 591 938 879 713 513 153 314 459 485 865 636 288 900 730 505 285 807 722 709 923 684 651 129 308 390 347 296 984 781 647 435 73 554 417 465 582 869 773 743 620 433 
