15 56
909 31 983 688 281 190 962 441 45 879 702 337 101 20 64 191 20 251 504 333 703 281 163 64 782 310 436 984 470 202 553 630 859 514 273 866 291 955 547 890 5 895 626 900 915 844 749 852 678 322 120 586 859 57 196 840 
187 92 561 797 954 479 280 847 264 411 554 506 829 903 430 591 849 977 821 593 144 7 598 386 933 292 721 98 987 140 454 323 878 432 237 955 69 739 485 507 157 534 239 58 385 594 943 290 275 625 643 879 674 789 649 49 
872 422 489 196 795 468 982 811 259 905 382 296 589 298 616 227 215 751 140 356 376 347 378 318 955 873 161 564 209 220 374 855 98 101 409 499 853 317 167 145 785 135 336 29 391 16 324 77 345 13 983 296 685 814 755 877 
117 966 961 809 202 911 938 439 753 523 85 496 205 529 518 568 349 521 974 437 857 772 928 741 536 620 176 593 649 473 619 673 184 667 555 264 133 642 627 773 24 622 564 593 239 93 610 63 94 434 610 426 52 842 201 615 
527 891 90 956 384 687 139 524 295 224 132 683 88 218 499 662 715 187 162 978 526 895 29 879 622 238 553 856 666 281 582 162 209 410 404 936 308 460 608 120 640 278 182 91 264 2 534 700 505 799 767 339 415 940 190 64 
298 149 322 721 789 518 50 107 118 266 29 359 630 321 312 292 399 560 829 944 824 644 713 596 758 702 746 9 971 852 681 720 760 194 524 744 247 553 810 847 399 337 161 467 930 879 635 99 877 48 630 993 742 160 348 730 
199 879 350 855 141 155 295 275 595 603 568 286 555 783 192 612 105 281 951 731 480 856 200 50 286 279 747 40 519 928 518 276 573 458 77 474 551 13 415 517 44 722 170 857 484 572 248 220 958 258 870 693 210 761 716 837 
413 923 576 43 521 569 69 113 880 168 992 165 71 779 194 968 942 686 590 918 52 170 958 536 763 646 678 5 557 751 737 331 509 143 971 287 167 693 911 70 210 248 942 488 723 885 601 118 718 271 655 974 634 75 338 86 
305 156 968 640 469 454 647 415 313 813 488 325 565 77 616 107 598 801 822 576 707 198 208 805 918 777 77 204 498 371 597 59 528 393 448 111 759 611 722 753 162 522 289 913 673 249 962 638 918 435 882 108 998 304 849 308 
93 680 741 521 135 236 982 327 70 632 516 919 160 759 902 912 148 673 508 875 910 838 71 228 436 365 112 802 439 494 978 876 503 407 365 3 386 463 997 63 336 133 364 565 869 909 903 521 186 776 479 119 928 58 586 612 
628 965 701 381 588 155 316 494 273 598 172 822 648 895 772 487 104 272 262 718 573 274 987 968 683 954 194 963 896 425 671 998 910 100 709 199 166 939 480 239 744 736 680 366 230 988 802 942 561 622 944 990 75 626 570 637 
63 953 213 978 595 653 950 680 363 309 139 218 793 514 436 549 288 350 364 916 41 507 832 612 109 281 62 502 256 23 272 250 779 61 866 451 312 473 334 600 787 821 739 596 839 657 831 117 326 749 568 833 525 967 627 394 
53 353 848 304 703 915 261 429 205 299 695 685 156 217 603 904 155 832 508 171 136 369 821 827 790 987 172 721 422 451 877 731 972 960 969 576 637 249 958 939 41 916 990 553 927 746 676 565 642 492 360 950 478 666 350 513 
228 389 243 594 967 758 46 689 361 293 247 139 931 924 854 118 512 300 677 738 876 132 973 873 857 188 872 951 443 744 16 136 982 408 253 804 20 106 761 556 191 555 476 786 677 6 726 523 903 134 144 394 114 831 867 147 
867 491 905 527 923 23 814 500 121 967 306 779 604 236 285 950 679 725 353 240 438 524 107 195 395 405 309 779 184 361 822 831 988 679 948 849 389 400 442 345 301 56 960 210 835 667 37 807 980 938 276 716 914 373 784 737 
481 155 754 42 464 922 931 304 402 383 443 363 869 975 711 53 166 299 985 124 530 643 543 993 339 840 181 836 34 287 203 482 589 349 612 252 973 116 347 140 990 382 243 462 675 200 267 317 338 878 551 795 486 786 189 537 
9 498 175 21 166 172 777 68 351 404 188 463 31 993 610 617 253 17 298 285 341 675 770 732 522 727 755 419 744 484 576 320 565 419 396 749 247 309 461 497 8 47 278 575 524 636 212 382 405 178 667 137 828 848 247 583 
823 288 260 941 243 816 578 924 626 181 485 378 308 573 940 800 550 776 598 234 989 235 890 621 830 226 64 66 322 121 921 879 971 340 688 693 640 41 123 797 57 489 73 200 7 242 88 810 647 871 760 449 21 276 854 208 
508 136 456 346 683 168 587 348 287 845 110 673 725 709 189 768 877 696 757 717 515 675 579 468 562 963 893 308 968 784 76 861 545 645 773 982 546 352 393 540 863 458 862 590 118 712 867 152 179 737 509 388 683 35 28 328 
585 866 527 642 385 537 99 625 236 820 430 84 688 194 35 980 947 728 974 461 269 856 375 813 10 874 235 622 852 726 554 43 380 67 102 886 92 799 450 492 891 84 238 480 301 427 543 448 587 491 691 471 342 245 377 721 
27 981 436 76 577 356 958 757 525 800 761 46 390 110 46 147 717 831 736 156 72 138 700 637 916 73 554 713 594 924 278 372 234 8 496 190 233 153 498 152 553 950 532 921 87 988 170 417 651 500 960 172 170 281 747 297 
299 509 107 773 450 275 302 124 272 926 477 474 866 115 434 284 650 432 701 81 789 281 231 400 390 512 935 633 665 216 496 194 582 348 62 665 582 733 908 94 981 915 775 298 925 731 989 612 543 793 365 929 416 268 360 998 
591 195 746 673 543 202 632 603 699 857 53 64 631 987 48 497 905 480 817 182 312 753 231 157 774 279 954 539 417 461 444 593 904 795 687 225 936 760 982 432 330 679 637 19 578 49 337 886 386 925 83 358 2 805 386 734 
557 323 118 869 288 485 26 501 806 870 551 316 651 507 878 878 140 350 680 486 239 868 785 585 778 71 430 224 76 259 468 391 464 728 275 857 425 982 711 718 751 476 130 720 813 654 629 117 773 614 300 417 432 194 380 283 
207 690 479 878 743 762 979 623 804 981 638 200 74 356 473 172 346 272 65 676 861 441 144 162 628 716 824 293 487 945 928 682 900 744 79 179 550 522 471 650 922 428 258 958 686 645 292 773 807 37 293 222 93 230 458 431 
487 508 41 105 889 282 998 775 722 338 842 147 301 107 926 595 761 949 381 223 93 390 780 814 229 114 602 521 657 476 484 925 198 22 930 170 176 831 680 191 245 873 898 55 807 961 1000 946 96 333 478 385 402 154 336 261 
230 481 344 451 793 603 766 951 602 689 213 833 739 215 891 192 799 448 983 154 125 790 92 946 439 36 202 697 408 583 748 603 568 914 647 323 903 8 629 392 875 890 343 163 362 315 140 512 71 271 672 45 631 586 757 904 
749 959 392 424 998 637 70 768 945 250 611 16 511 925 96 758 718 701 648 797 83 386 273 932 312 342 864 797 291 127 815 424 887 131 263 474 48 856 145 209 76 958 973 890 279 169 486 215 918 772 300 783 149 575 768 447 
81 688 84 623 415 191 421 388 480 951 890 577 709 755 339 870 479 394 454 870 947 28 659 362 898 622 577 834 683 333 669 169 405 769 523 551 731 732 690 197 985 694 492 593 135 932 294 753 714 17 632 87 998 810 937 576 
175 668 537 732 54 667 686 802 414 834 993 285 888 132 597 50 357 857 884 327 327 296 826 615 549 340 243 748 859 317 754 483 245 156 178 552 52 687 717 844 719 150 87 302 25 915 61 408 141 505 672 327 824 283 3 7 
