12 67
379 494 64 636 446 691 430 441 786 50 721 27 22 387 500 192 713 718 129 632 825 627 580 309 367 85 488 940 187 650 278 433 1 5 494 105 64 305 794 252 2 115 944 4 680 429 252 713 299 110 942 553 245 404 532 270 825 745 287 446 161 263 670 252 173 810 970 
993 295 344 926 751 334 763 632 65 605 47 259 179 914 757 805 728 224 506 609 152 820 190 994 27 755 218 462 188 435 600 236 663 372 833 763 98 32 424 432 120 879 204 177 955 108 762 249 11 962 986 319 614 351 550 97 797 801 267 275 139 488 753 591 115 938 290 
325 769 385 591 275 795 179 490 842 748 544 154 212 74 747 709 306 734 233 534 611 495 39 146 57 940 484 900 636 733 104 306 584 831 715 263 978 20 888 972 176 780 744 287 600 6 456 750 917 361 772 840 78 615 875 252 952 432 984 809 193 727 395 185 769 638 378 
355 103 917 654 616 928 808 529 459 984 805 514 802 284 199 133 703 580 634 445 592 235 686 500 95 982 552 343 989 550 59 531 263 520 591 269 311 191 18 607 10 244 145 546 787 259 670 72 128 575 853 418 542 732 637 969 330 140 813 737 240 262 67 755 930 29 702 
897 260 993 326 440 624 784 909 471 911 654 940 288 146 243 351 197 669 603 623 561 174 500 233 740 577 870 127 96 376 715 319 495 318 812 33 264 912 295 834 80 645 519 250 147 676 58 623 75 926 39 961 403 635 58 166 394 209 900 937 281 91 673 965 86 370 328 
211 290 236 221 702 181 490 671 101 886 193 888 907 423 872 388 699 820 69 517 898 763 646 648 489 15 311 920 231 321 417 955 598 783 487 24 12 769 183 708 210 86 441 417 307 327 732 218 590 144 468 201 161 85 901 902 495 987 294 348 381 912 711 529 120 294 866 
531 519 295 261 319 805 367 381 87 438 104 414 540 506 936 814 928 163 279 382 89 870 716 286 507 102 684 415 936 472 998 781 538 465 534 567 223 97 67 112 787 260 889 530 337 907 283 486 161 962 464 169 596 577 539 237 216 170 873 828 744 498 137 159 65 293 141 
504 255 14 473 693 183 118 499 732 538 689 442 638 904 148 448 844 2 500 880 388 424 449 4 502 255 779 118 598 377 46 306 895 165 286 48 305 856 165 855 965 554 65 940 761 72 614 569 598 605 916 488 994 117 184 851 48 604 153 617 645 200 100 866 875 40 413 
817 558 344 457 398 627 619 685 241 137 164 299 204 867 462 872 639 857 696 831 837 173 23 365 861 993 561 435 828 203 699 930 460 464 944 782 172 702 404 472 275 506 762 275 264 885 355 764 737 240 352 449 29 454 571 568 402 968 438 327 810 613 330 655 876 335 99 
61 465 816 830 818 968 48 125 677 112 35 668 113 459 819 366 282 245 234 63 28 770 239 845 4 849 127 843 763 717 383 944 279 38 44 625 793 617 618 552 872 930 649 569 200 157 422 176 903 172 379 911 708 79 786 461 875 295 226 14 830 639 388 121 417 857 894 
322 577 626 328 905 156 551 713 960 25 361 400 780 256 188 493 253 606 324 859 986 74 56 200 927 486 92 985 587 406 643 173 353 439 460 853 462 184 955 744 870 832 337 877 154 408 744 743 774 612 874 187 56 458 342 93 133 144 597 841 675 801 264 163 681 379 168 
307 222 680 565 62 819 754 130 899 71 247 935 461 697 384 372 157 143 473 48 837 882 852 210 267 189 799 19 626 434 516 379 309 419 667 88 613 636 621 151 260 310 424 632 143 272 350 259 366 468 523 777 631 987 45 354 321 162 183 360 259 701 885 188 394 695 269 
213 457 66 700 49 715 170 238 704 648 522 592 470 690 839 953 570 827 113 813 952 243 184 829 879 740 79 662 940 444 296 750 968 109 260 227 357 137 152 149 374 626 237 501 78 953 747 821 848 54 128 756 858 359 454 823 741 127 77 29 823 868 829 691 196 804 265 
699 99 160 387 157 440 624 549 800 243 309 845 186 336 255 30 468 411 709 983 624 575 61 656 423 666 583 219 225 823 362 995 532 816 901 431 763 651 511 759 830 105 257 719 869 745 42 917 933 361 798 817 619 709 372 884 743 614 129 30 504 869 984 479 771 8 666 
114 138 949 839 128 329 200 623 309 907 627 501 845 990 637 143 929 759 272 374 621 9 785 156 49 27 316 388 330 840 704 855 311 49 584 16 130 807 596 532 583 803 119 645 102 293 832 461 955 907 691 148 886 356 259 961 626 997 781 628 149 269 361 376 409 571 580 
666 110 549 217 526 632 247 961 614 814 88 798 407 662 433 290 862 486 335 408 15 490 350 283 360 720 182 517 537 687 505 531 103 679 505 684 970 8 502 779 489 192 413 418 417 733 77 343 798 397 275 555 776 711 950 230 674 998 493 846 679 297 911 285 661 549 799 
70 636 866 355 801 866 506 373 125 393 715 336 22 59 246 889 56 136 831 71 431 267 197 745 995 29 601 439 112 785 240 926 149 333 778 703 266 586 242 87 51 832 211 409 532 897 830 948 406 646 317 734 905 452 456 890 745 443 86 491 709 67 448 946 308 643 36 
2 48 489 886 960 501 481 204 140 91 172 905 34 490 465 14 199 888 105 940 707 346 615 105 726 759 646 914 767 615 594 561 143 835 501 586 258 659 938 726 262 153 940 32 156 79 80 579 622 845 81 856 277 963 846 909 686 208 856 281 377 750 744 48 341 114 981 
871 317 915 110 954 611 913 853 414 680 121 307 562 338 921 494 165 621 461 739 869 223 26 595 480 478 768 811 313 23 949 887 955 47 174 263 892 216 984 718 598 84 976 516 387 974 921 695 768 715 499 908 73 12 158 584 239 781 661 723 237 970 105 544 661 962 374 
839 962 823 955 862 932 272 112 844 275 53 428 673 790 299 153 69 861 685 185 333 304 491 260 805 938 950 653 238 39 505 114 673 612 817 95 126 294 815 381 299 559 159 72 420 912 500 676 226 2 770 840 466 169 223 185 966 535 759 434 879 668 678 568 671 934 857 
301 71 92 879 147 790 61 182 430 269 301 320 206 534 627 159 559 358 724 313 165 83 17 135 549 86 120 982 943 19 842 974 297 435 917 754 718 92 794 5 174 281 748 691 776 290 501 383 289 490 230 59 457 355 505 823 319 930 686 235 482 48 175 895 208 922 856 
434 757 706 992 846 286 843 562 29 624 929 404 27 94 122 318 273 482 471 8 195 30 938 169 610 273 406 85 873 375 391 496 232 185 677 996 704 545 312 165 142 244 393 848 832 476 814 18 647 64 699 769 447 320 530 612 754 879 279 908 59 811 917 93 435 783 762 
307 839 982 855 156 140 234 988 148 91 220 208 965 945 247 979 237 342 907 990 5 15 669 356 651 162 704 170 486 988 906 434 263 896 426 152 686 459 527 135 790 116 434 696 436 684 257 901 862 335 359 811 901 725 554 662 430 571 908 558 911 187 774 896 527 309 986 
107 941 441 986 860 210 695 427 534 396 87 213 219 885 101 117 184 244 39 591 354 960 432 469 242 615 181 551 749 517 636 680 753 506 826 383 847 988 437 776 452 123 395 74 27 28 277 821 688 190 953 285 229 17 692 906 716 86 367 320 420 921 62 72 98 220 186 
