74 44 30
834 872 739 309 851 552 945 887 853 578 752 384 560 219 536 119 312 670 4 400 864 59 938 629 19 502 724 807 472 271 4 85 991 910 15 408 544 835 841 175 714 457 529 408 
864 148 887 447 563 832 372 795 66 998 147 817 682 120 281 576 572 725 907 94 578 391 415 1 24 175 322 484 264 199 245 430 964 883 565 128 929 730 755 540 302 489 917 646 
111 804 823 595 11 269 839 953 126 495 139 813 200 334 557 59 554 247 298 124 216 527 678 487 908 203 599 952 942 968 726 518 738 857 858 690 160 811 365 871 55 102 254 510 
217 95 481 273 392 611 591 227 18 584 213 712 99 511 262 419 360 716 447 633 855 311 120 381 340 457 20 891 128 577 994 903 145 295 837 310 477 818 306 650 399 435 484 689 
497 709 458 914 714 415 718 252 938 265 722 968 829 657 144 679 304 476 991 209 577 234 229 275 817 48 460 648 382 290 643 617 981 147 738 215 250 460 894 465 787 660 434 837 
830 462 331 159 777 992 193 299 183 447 505 123 328 669 292 285 809 152 427 135 299 191 36 91 105 853 132 244 978 872 925 75 708 616 603 83 685 597 447 739 56 40 320 946 
757 12 429 66 674 525 558 743 141 77 881 760 282 483 546 509 529 582 50 456 203 567 807 631 136 170 921 189 172 954 934 852 332 634 130 3 545 129 411 195 912 577 496 266 
361 650 757 375 606 775 321 796 449 368 152 154 71 391 476 445 573 27 84 975 274 287 385 486 81 857 6 730 915 750 218 850 393 864 680 27 507 525 997 783 70 955 785 237 
822 237 580 56 598 973 107 877 161 482 523 558 554 22 572 92 481 883 749 282 292 238 85 884 936 584 643 576 637 452 89 652 719 381 464 308 794 492 686 103 688 892 226 661 
286 250 449 325 966 418 334 939 486 796 158 598 496 816 660 533 681 161 949 784 667 871 867 355 495 692 522 173 817 603 741 560 799 651 561 338 96 883 130 337 865 167 144 235 
692 794 727 321 87 632 99 854 607 493 850 244 496 242 862 932 597 20 515 996 55 867 860 43 715 122 57 374 827 439 338 761 149 507 442 164 663 323 144 12 577 242 260 816 
660 108 959 724 435 635 781 636 972 519 350 390 571 158 840 161 24 64 475 11 600 240 457 472 991 250 210 947 954 74 233 428 119 649 194 987 565 256 798 500 432 66 407 716 
569 945 779 695 821 974 238 421 442 237 123 966 733 992 286 297 710 514 390 655 613 763 940 899 295 82 291 480 947 121 860 80 30 306 156 169 867 310 967 318 976 608 503 669 
87 236 358 974 53 238 86 814 15 338 60 406 644 247 298 993 317 102 585 688 535 155 167 250 638 110 946 707 297 302 732 199 731 819 371 988 560 203 471 266 725 851 12 840 
904 779 880 473 964 50 258 74 584 909 497 734 298 738 376 390 62 446 98 447 43 414 50 584 576 96 876 802 495 558 801 975 932 546 581 76 584 527 468 890 137 724 88 898 
142 837 666 8 487 56 946 701 312 845 541 20 914 841 894 755 227 746 802 194 539 445 973 473 88 574 988 249 541 835 821 531 137 45 861 588 507 381 44 950 305 745 628 931 
15 245 136 188 968 608 657 435 758 490 657 398 197 903 712 161 906 89 152 24 992 987 742 793 483 767 657 68 654 276 99 755 198 757 101 767 985 737 402 657 6 898 787 602 
202 882 167 445 835 80 796 905 415 240 861 39 797 51 583 651 414 77 790 32 133 808 578 698 413 921 811 261 784 124 683 393 570 341 581 540 457 513 429 494 767 419 822 423 
338 360 175 422 953 756 741 367 954 741 746 138 341 568 772 44 615 938 415 299 325 755 148 734 711 187 37 511 604 384 392 204 479 297 191 414 61 69 198 437 856 276 141 414 
434 308 465 472 884 302 220 829 950 348 453 681 332 559 820 694 245 630 210 470 966 595 484 194 379 790 815 376 37 911 69 977 202 696 573 551 169 47 70 794 27 89 220 177 
602 143 264 124 765 130 550 154 492 86 146 304 877 45 829 270 867 399 875 959 649 310 727 267 64 144 792 442 856 563 781 564 894 167 633 624 652 493 277 372 787 508 599 727 
150 647 619 757 482 794 59 596 792 655 26 377 606 759 24 457 575 887 883 617 175 19 643 407 56 873 95 273 842 877 107 910 275 780 306 417 227 186 819 626 26 760 886 628 
652 706 519 750 219 563 192 794 518 351 427 42 150 174 966 835 740 572 477 14 254 301 275 256 508 160 797 819 227 477 99 821 549 64 109 193 863 108 89 884 636 778 688 556 
93 671 798 622 92 749 247 518 306 115 93 980 838 441 118 890 399 298 68 948 691 873 906 338 410 723 697 632 325 75 452 64 373 295 99 273 448 620 498 387 80 465 646 50 
585 676 581 233 981 749 706 234 902 241 27 152 941 506 18 312 782 942 146 689 846 771 773 194 791 126 102 189 384 183 872 334 844 63 311 20 524 626 269 262 629 979 321 608 
132 366 528 531 67 910 991 490 124 812 753 700 319 524 660 511 362 265 710 53 416 524 774 367 286 669 37 67 201 420 586 894 439 368 794 542 539 396 599 620 156 37 555 724 
394 565 475 263 913 535 244 779 739 47 404 592 156 383 83 742 25 74 981 40 962 236 208 168 322 674 478 866 135 364 707 716 352 201 528 651 346 599 563 164 461 212 3 975 
798 652 72 878 786 638 286 848 333 937 955 818 183 826 671 655 998 885 362 669 463 209 600 648 270 208 15 746 426 763 140 237 247 272 312 434 900 81 151 972 846 618 344 995 
358 815 95 457 947 518 497 450 948 662 41 292 682 241 687 636 148 656 338 365 319 485 619 660 513 511 978 871 330 187 777 894 521 451 245 659 609 127 983 899 173 347 680 297 
961 400 283 711 41 124 954 762 472 977 98 251 344 323 266 176 214 459 747 305 151 360 185 978 60 709 141 795 265 695 65 161 899 142 390 858 881 208 62 167 768 51 965 278 
457 137 174 328 556 198 317 302 862 430 475 768 775 11 445 781 722 233 645 402 421 856 169 451 6 192 663 748 349 412 401 137 618 516 17 272 354 717 272 206 157 687 893 945 
73 393 361 222 138 191 953 892 976 225 772 897 25 81 823 46 278 94 672 164 403 721 13 478 241 40 374 461 243 144 685 370 953 692 89 686 315 325 897 739 462 655 564 635 
825 262 643 104 947 20 953 110 736 68 820 146 599 390 283 575 818 144 532 241 321 236 369 360 579 713 38 833 323 716 343 705 320 617 12 129 276 461 911 193 96 933 392 274 
276 662 274 185 889 356 994 710 558 366 57 171 246 94 670 416 534 147 237 154 643 613 33 612 409 521 167 687 430 892 466 731 69 535 530 16 556 982 120 365 296 384 806 919 
937 155 556 102 691 427 652 443 761 791 868 776 410 296 282 695 307 25 450 855 340 940 910 167 115 921 742 764 59 515 171 8 652 38 669 412 142 753 658 565 494 762 137 268 
991 917 88 633 537 910 685 755 328 822 742 224 270 966 397 320 569 684 354 323 724 792 653 200 709 358 612 320 509 84 605 105 511 987 51 463 868 689 452 587 910 866 174 28 
515 376 997 293 489 139 1000 785 759 363 661 283 467 665 24 858 951 20 797 408 177 519 477 641 979 462 977 682 615 190 602 534 607 198 810 742 810 178 47 965 937 45 320 305 
462 610 717 645 182 493 475 983 129 472 255 206 212 932 370 254 628 502 194 272 368 292 669 555 185 962 211 58 986 512 123 882 369 181 804 544 874 145 600 915 712 60 607 605 
743 860 97 805 137 522 989 397 593 54 597 324 646 884 762 301 7 105 363 481 395 171 541 880 375 104 35 205 578 677 24 744 256 944 858 818 144 210 865 977 624 609 517 386 
587 872 30 96 309 779 385 761 325 111 230 639 990 438 825 245 672 581 436 718 743 947 631 936 327 508 933 552 906 385 621 839 408 634 970 708 389 808 896 7 478 500 100 643 
61 850 344 493 963 209 259 363 486 475 46 848 52 112 186 797 516 555 332 612 228 321 594 197 148 871 19 858 627 221 332 699 722 695 204 638 948 505 869 799 639 448 110 75 
270 83 958 443 7 349 843 700 980 123 750 40 604 170 225 563 840 52 30 883 241 320 429 403 112 944 930 979 127 148 378 737 817 402 401 461 597 113 929 448 132 319 397 222 
927 176 847 862 389 720 619 438 21 232 768 650 953 962 196 46 980 552 316 962 919 596 600 252 155 162 178 880 649 182 674 242 491 952 178 199 818 805 882 961 615 260 945 840 
32 734 306 35 543 220 960 547 7 472 231 966 345 379 915 60 134 948 357 700 898 835 105 698 967 813 287 880 247 131 390 398 718 250 527 579 949 649 923 401 190 717 974 248 
444 176 214 667 135 17 523 8 414 956 372 326 94 61 175 566 329 641 81 870 762 569 685 322 480 114 140 352 417 858 872 743 373 804 930 841 725 30 263 521 327 742 502 672 
108 215 102 988 234 205 989 895 313 571 256 943 20 221 101 352 467 616 57 709 520 608 634 363 999 63 518 646 12 971 62 535 103 231 417 164 787 947 21 529 419 673 842 890 
884 34 139 12 43 412 607 316 985 426 741 791 247 101 221 375 488 431 774 106 364 552 208 504 721 592 225 184 484 204 794 13 80 473 703 65 859 867 205 598 268 121 798 192 
187 155 321 172 191 633 784 860 781 229 923 912 280 417 896 823 338 949 949 935 68 992 167 729 839 269 41 809 377 213 956 492 203 776 784 836 465 920 680 582 674 702 843 796 
391 274 875 899 493 5 253 952 226 719 89 740 72 16 670 243 64 115 132 795 629 693 756 659 631 692 395 818 632 39 986 10 273 105 782 105 205 817 350 302 221 239 431 179 
632 61 133 895 790 247 540 363 125 274 895 851 385 669 22 465 424 268 616 110 65 546 790 619 266 312 549 779 108 801 299 594 430 447 265 660 788 361 171 511 83 421 202 566 
947 386 796 80 395 135 782 428 275 869 534 216 527 953 297 495 589 207 312 615 821 683 965 262 252 510 366 745 959 183 491 976 202 581 234 972 28 905 569 626 204 516 805 158 
324 307 856 644 360 524 28 786 410 775 596 522 623 651 807 300 932 731 432 891 606 982 394 115 138 90 797 274 476 441 247 196 43 272 703 472 250 318 870 982 627 357 515 347 
996 292 947 549 910 48 838 89 157 661 46 763 285 279 697 422 775 855 106 546 223 966 528 324 933 837 254 210 827 524 122 991 771 878 183 763 384 151 203 422 798 406 955 227 
830 474 211 960 212 172 954 776 689 962 404 51 800 879 287 30 893 317 334 570 536 969 839 171 174 678 646 557 461 82 202 398 345 849 670 234 480 508 207 705 582 174 46 503 
847 862 120 18 382 568 243 103 915 539 120 839 410 386 968 843 140 642 332 203 880 880 229 528 457 265 379 531 858 439 165 358 231 892 829 276 658 74 115 572 932 452 136 535 
343 897 624 516 619 194 716 517 761 59 261 949 74 31 423 178 288 129 391 604 654 910 11 269 241 985 833 903 725 300 270 174 34 232 654 755 224 140 182 399 463 872 561 972 
548 276 405 509 242 964 948 461 738 968 738 404 134 315 8 911 218 394 248 64 854 130 585 821 516 583 772 39 725 669 368 349 64 965 316 341 450 248 331 26 78 276 948 783 
150 961 373 632 925 233 136 914 994 342 677 815 864 665 76 346 952 812 136 158 305 324 882 998 416 970 360 165 391 612 762 647 789 59 96 79 694 253 977 323 122 825 808 978 
716 421 498 487 193 761 725 778 256 283 436 247 999 365 531 560 485 486 663 890 688 362 327 641 134 792 942 195 791 903 408 380 172 570 425 873 845 304 455 115 223 675 746 472 
43 804 802 545 843 559 76 149 5 40 152 419 60 359 269 876 873 734 915 244 316 323 472 640 136 589 678 362 195 886 394 544 346 77 825 643 1000 258 745 695 898 212 533 297 
148 822 226 9 62 712 31 612 353 663 720 190 7 573 744 925 546 105 283 245 328 984 330 630 941 372 973 543 225 745 558 651 322 613 478 69 361 443 283 828 320 788 618 596 
222 781 943 310 112 800 889 950 35 48 681 932 814 267 567 842 148 583 188 147 604 780 886 222 21 421 763 724 147 357 178 432 269 264 809 503 584 288 240 106 452 569 50 486 
797 967 251 22 134 12 769 604 376 351 490 914 999 35 783 896 712 546 80 875 39 39 204 38 576 563 119 215 86 322 450 227 437 910 901 858 463 850 648 30 142 863 262 994 
824 983 473 123 149 918 792 104 368 323 731 786 172 548 884 257 679 980 684 309 935 508 272 880 296 775 864 667 866 355 837 147 654 488 160 818 213 652 402 743 562 383 541 219 
924 370 856 460 962 770 537 984 795 791 460 773 909 796 553 478 411 663 599 289 875 162 621 705 230 630 508 60 747 980 329 964 81 35 273 277 619 703 137 166 16 428 258 786 
660 125 777 780 744 360 658 789 177 636 980 859 845 393 114 487 814 142 963 747 666 903 425 716 153 365 929 728 647 113 391 757 152 449 636 200 414 821 823 253 568 971 388 98 
418 134 840 564 630 783 480 57 681 122 295 97 106 375 506 200 173 810 92 112 793 407 433 315 407 708 803 226 730 550 853 534 267 138 552 522 628 307 668 715 319 714 834 570 
270 732 403 177 124 797 692 140 320 174 920 476 627 839 358 556 666 502 599 938 296 441 525 389 47 660 759 304 88 989 947 818 742 204 370 128 564 376 353 114 521 161 900 150 
927 257 394 956 134 946 126 441 586 916 689 487 954 769 469 329 823 533 66 751 971 583 543 725 502 594 42 690 822 641 235 528 762 765 100 640 750 122 362 972 107 617 400 138 
28 451 788 713 700 993 971 178 293 323 598 334 503 19 780 53 600 580 652 223 436 733 369 222 371 742 804 32 969 592 952 690 143 254 348 576 538 219 172 552 146 684 916 995 
682 304 67 665 9 154 479 743 266 316 413 885 661 109 941 788 583 695 375 141 287 142 696 592 55 425 83 344 40 340 381 589 923 337 400 54 451 470 331 906 529 273 163 665 
89 927 264 65 6 96 271 772 120 68 431 990 110 888 820 86 273 136 728 489 918 369 834 454 148 321 703 700 572 932 486 540 451 462 66 958 624 758 477 799 146 487 732 327 
403 733 793 444 404 702 821 614 446 373 183 176 146 425 971 538 924 280 537 657 541 640 492 933 643 404 618 406 105 989 987 297 324 73 314 59 787 122 899 835 556 29 165 712 
624 178 402 892 932 392 751 995 137 768 403 748 218 105 444 621 390 634 381 361 717 716 964 948 76 313 388 581 178 445 23 225 866 67 535 815 938 82 296 186 880 231 744 92 
3 6 4 6 10 2 4 5 3 10 8 1 10 3 2 6 8 7 4 9 5 7 2 4 4 6 1 7 3 3 
9 2 5 4 9 9 7 5 9 1 9 5 4 3 8 9 9 6 3 10 5 4 5 6 8 9 4 5 7 4 
5 7 6 10 3 5 1 2 6 10 3 3 6 1 5 3 1 3 1 1 6 8 4 9 3 8 7 10 3 4 
1 5 9 8 6 10 9 5 6 2 5 3 6 8 9 7 6 4 4 7 4 5 9 6 7 10 5 9 5 6 
9 10 5 9 2 1 8 10 4 3 5 2 6 7 3 1 10 10 4 10 10 2 6 3 1 9 2 10 5 10 
9 5 10 6 8 1 9 6 9 9 1 3 10 2 6 8 8 2 2 7 5 9 5 4 1 1 1 7 7 4 
4 9 10 8 7 5 10 5 1 5 1 3 9 1 8 2 2 9 9 1 4 6 5 1 2 2 6 3 10 9 
3 9 6 4 8 8 5 7 6 10 10 4 8 4 4 7 7 1 8 5 8 10 6 9 7 1 7 6 4 2 
1 5 4 5 9 6 1 10 6 6 10 7 2 1 2 2 6 2 5 3 3 9 3 1 2 7 6 6 3 8 
1 8 2 10 3 6 1 9 7 1 4 9 6 1 8 7 10 7 3 4 1 1 10 8 5 10 7 5 3 4 
2 4 8 9 7 2 2 8 2 8 5 8 10 2 7 2 7 6 4 8 9 5 10 7 8 5 8 6 9 7 
2 8 6 4 8 1 10 9 6 8 8 3 6 3 7 8 8 4 4 3 2 2 4 4 6 5 7 8 1 5 
7 3 4 10 7 5 6 7 8 8 9 3 9 6 10 1 5 9 7 1 2 2 5 10 2 10 6 10 7 6 
10 2 9 8 4 5 6 6 2 5 8 9 4 8 8 10 4 10 7 6 1 4 7 10 7 9 10 3 5 3 
9 2 7 5 1 3 5 10 4 4 2 7 4 8 6 1 2 5 9 7 7 2 2 1 1 8 1 2 3 1 
4 9 3 10 8 7 6 6 1 6 2 9 3 7 5 8 6 9 10 4 5 2 5 2 7 9 4 9 9 4 
9 7 10 4 7 10 2 3 8 9 1 3 10 8 7 1 2 3 2 2 7 7 5 4 8 3 8 1 1 5 
5 4 8 10 1 4 5 9 9 7 4 5 3 6 4 1 5 1 10 3 2 7 4 3 7 3 6 2 7 8 
5 8 5 2 4 6 3 8 4 4 4 2 3 3 8 9 3 6 9 1 9 4 5 3 6 8 10 2 3 1 
10 5 3 2 6 10 4 5 5 9 3 6 4 9 7 9 7 1 9 6 10 3 3 8 6 3 9 1 10 5 
6 5 8 10 6 4 9 2 9 1 2 2 2 4 3 7 9 7 7 2 1 1 6 3 3 5 8 3 8 7 
7 3 1 9 9 6 4 7 9 10 6 9 6 2 9 3 3 5 3 6 6 4 4 9 6 6 4 2 2 8 
2 10 5 9 5 10 10 9 5 5 4 3 9 7 5 9 1 7 1 9 5 10 6 6 4 3 2 10 2 1 
5 10 10 7 3 3 7 4 8 8 9 10 2 2 4 10 3 9 2 5 9 3 5 5 6 1 6 6 1 4 
2 3 3 9 2 3 8 4 1 7 3 3 10 2 1 1 9 10 10 4 9 1 5 7 5 8 3 9 5 2 
2 5 7 1 8 7 4 1 6 8 9 2 10 2 5 1 8 9 8 5 1 3 3 3 5 6 5 9 2 8 
9 2 6 7 5 9 4 9 2 8 6 4 2 5 6 4 3 9 5 10 3 10 10 3 5 2 2 4 8 2 
9 2 8 3 1 4 8 7 2 6 1 5 5 8 9 3 7 4 5 3 10 10 5 7 9 5 3 7 5 5 
1 7 2 1 7 1 3 10 8 3 5 3 7 4 10 6 10 3 1 6 6 4 7 10 4 6 6 7 3 10 
4 2 9 5 4 7 6 6 7 2 5 7 8 5 7 7 5 9 7 9 3 3 10 2 10 5 4 8 4 7 
10 4 1 2 8 5 10 5 9 4 7 9 7 2 7 1 1 8 3 5 1 10 8 5 8 2 10 3 9 8 
8 6 4 6 10 10 7 8 4 8 10 8 2 10 9 10 4 2 8 4 3 7 2 5 9 10 7 10 6 3 
2 1 2 6 7 3 2 9 7 4 2 7 6 1 10 10 8 6 6 2 8 4 6 10 2 1 7 3 10 5 
7 2 2 8 4 2 3 10 6 10 10 8 9 4 8 6 7 3 8 7 6 2 5 7 1 8 8 10 5 10 
4 10 7 10 7 6 4 4 5 1 7 3 5 5 4 2 6 4 9 5 1 7 3 8 1 7 5 3 9 4 
8 2 9 10 10 3 4 2 10 9 1 3 3 4 9 6 9 4 8 3 10 3 8 8 1 3 3 2 7 10 
1 6 10 9 1 2 2 9 1 10 3 4 4 7 3 2 7 3 4 3 6 6 7 10 1 8 10 7 3 8 
3 10 6 2 10 9 6 2 2 7 7 5 2 1 10 5 10 7 4 7 2 6 8 4 5 5 1 1 4 10 
8 2 6 9 9 3 6 8 4 1 4 4 10 10 5 8 2 4 4 9 9 7 10 5 8 2 10 1 5 5 
10 2 4 1 1 5 5 6 7 8 9 6 4 3 8 1 3 1 9 9 1 3 4 4 1 4 3 9 3 1 
5 7 8 8 1 8 9 5 3 10 9 2 7 5 9 9 1 5 9 6 5 4 5 8 6 7 3 5 8 6 
5 5 8 8 3 4 6 3 8 10 2 1 10 3 1 7 5 9 8 6 6 3 5 9 8 10 9 10 6 2 
4 1 2 2 6 9 7 3 1 8 5 5 5 4 4 4 9 4 10 8 9 2 1 9 5 2 8 7 7 7 
2 3 10 3 9 3 7 6 5 10 3 8 7 7 5 3 8 3 4 9 5 8 6 2 6 8 7 3 2 5 
