95 32 34
153 470 69 154 900 720 679 856 829 7 27 778 587 616 744 328 606 169 665 631 810 406 476 703 239 891 570 298 746 100 865 22 
58 868 926 711 152 783 508 355 775 65 618 410 695 56 59 451 123 160 742 86 145 346 660 878 616 307 75 460 634 3 859 997 
443 569 36 986 323 602 999 501 763 397 508 538 416 868 266 268 16 322 885 619 387 787 975 912 884 469 495 142 240 939 524 357 
872 950 826 753 140 764 972 463 472 426 189 141 853 824 562 418 703 800 891 768 691 839 1000 760 882 741 588 871 769 550 782 681 
333 960 190 669 238 465 274 225 746 677 869 568 249 897 682 369 877 268 585 115 722 246 365 518 255 389 49 110 33 143 554 26 
925 471 683 331 4 705 496 718 313 252 123 392 436 792 312 539 804 470 628 331 612 169 798 269 214 353 18 215 368 306 243 639 
100 318 602 952 672 508 847 424 954 979 631 370 816 453 858 290 505 542 468 663 343 286 17 439 484 428 319 714 944 303 908 737 
391 384 607 81 182 716 138 592 826 127 756 702 88 833 175 288 723 545 881 570 904 115 265 755 377 676 939 824 537 443 742 586 
24 255 182 592 499 713 528 396 484 951 738 729 540 102 680 410 267 958 949 642 285 308 57 866 350 610 135 638 663 474 604 870 
133 321 762 820 377 312 202 430 783 826 950 82 311 687 118 433 734 561 533 113 747 695 575 493 373 378 456 690 239 898 620 505 
849 298 894 205 905 632 56 180 619 255 486 905 563 772 886 14 908 214 166 461 208 438 182 697 497 731 477 568 825 740 338 95 
843 55 907 668 443 828 129 449 991 778 328 382 848 636 623 19 89 255 77 10 391 54 749 679 55 682 964 58 280 669 827 125 
907 759 10 286 316 160 713 692 104 844 241 943 441 906 44 767 676 364 419 337 645 175 450 943 818 238 299 998 561 384 988 795 
952 652 698 860 21 1000 754 558 792 961 659 756 415 812 477 665 83 598 694 543 931 920 421 641 63 355 597 752 527 285 666 249 
304 949 262 660 493 997 162 280 332 133 909 154 556 59 534 897 176 844 619 927 369 93 26 661 71 750 401 937 933 440 893 269 
511 981 112 71 646 835 508 665 70 862 392 701 863 360 716 969 929 629 643 910 304 550 757 706 646 570 443 646 860 385 63 457 
258 668 793 851 123 637 107 68 7 757 450 735 281 407 487 835 342 88 318 21 674 512 424 412 741 560 283 86 664 838 130 365 
676 376 602 193 472 694 9 703 318 992 778 419 98 700 993 569 781 506 256 19 807 73 593 290 157 934 397 124 856 397 103 837 
276 956 107 302 435 780 727 324 114 27 821 242 468 308 862 428 464 788 808 496 834 195 349 431 271 71 926 42 882 897 154 376 
930 908 344 226 240 90 56 834 926 603 569 828 640 415 864 25 757 255 450 807 335 259 635 933 224 227 452 530 807 981 100 894 
410 368 951 761 919 28 344 107 308 870 864 990 412 809 616 496 797 569 591 33 983 773 21 701 639 968 199 489 894 501 546 135 
259 973 454 250 291 610 467 881 734 265 862 905 717 488 880 737 15 47 733 859 75 756 548 370 113 790 531 344 297 442 608 620 
130 558 165 613 884 139 400 172 804 243 801 871 28 236 804 996 726 862 898 168 915 236 447 271 945 397 730 578 143 202 276 535 
84 511 597 8 299 33 396 794 978 878 994 906 537 501 980 398 349 968 603 965 861 704 476 881 923 497 968 327 767 750 566 835 
604 175 538 38 649 106 450 795 843 457 484 581 994 760 766 291 712 651 129 140 112 633 196 286 252 69 724 513 611 490 820 312 
884 19 823 420 936 593 66 749 868 170 394 532 523 435 394 548 180 315 524 489 397 683 563 991 777 173 825 433 957 330 145 54 
726 503 691 643 683 482 649 418 654 464 646 718 104 988 339 89 674 389 449 934 847 68 374 102 595 9 1 914 462 944 935 681 
459 456 94 929 571 472 867 481 32 549 797 771 921 490 2 82 171 699 753 651 857 353 481 316 509 649 486 75 211 644 725 37 
813 435 143 943 774 345 556 88 892 429 740 595 954 201 427 15 405 508 876 788 528 998 547 521 697 721 735 871 194 686 867 398 
196 207 155 1000 228 407 868 753 672 77 194 256 622 521 183 484 891 965 432 169 572 459 882 143 16 172 400 53 303 235 302 886 
636 343 813 860 699 148 333 352 99 394 433 986 775 868 889 788 453 575 40 249 541 314 885 345 928 966 602 864 180 577 933 965 
810 430 752 948 200 475 296 435 364 781 895 115 75 73 917 237 160 928 223 254 363 467 621 320 8 600 458 788 657 568 692 13 
707 926 540 629 817 152 351 556 29 238 295 832 169 980 980 894 998 940 710 961 39 632 421 227 393 630 369 334 304 919 437 430 
44 845 295 294 632 998 698 308 121 248 318 296 724 936 316 398 295 62 534 361 798 929 707 794 479 182 297 579 302 190 138 884 
703 112 862 695 674 576 639 786 589 909 952 852 214 142 883 892 228 498 849 539 628 86 537 645 781 778 532 41 767 41 996 63 
277 655 270 47 673 42 515 130 263 619 134 965 809 549 898 301 526 950 449 424 583 381 226 863 943 46 956 76 501 421 598 940 
465 817 265 406 359 877 916 138 998 271 721 562 67 135 144 535 480 961 724 977 179 691 568 167 765 911 573 868 233 456 19 775 
856 592 301 903 466 252 383 768 933 779 883 199 898 797 137 304 368 947 912 912 78 487 407 986 286 842 644 601 961 17 253 245 
98 764 342 836 558 618 103 339 5 660 933 977 906 797 258 282 768 757 732 657 256 880 429 624 363 795 51 161 770 57 771 686 
65 217 901 368 840 286 837 294 979 261 201 842 850 270 175 276 243 907 921 844 677 983 567 416 4 353 232 939 76 360 665 922 
701 820 293 703 573 20 918 261 667 746 360 860 164 694 242 689 525 539 841 659 637 825 856 220 557 944 925 902 248 666 885 56 
877 50 938 971 200 184 948 769 943 124 691 264 21 159 109 538 717 906 155 149 409 676 720 553 366 776 869 682 654 468 954 151 
66 455 407 891 246 732 219 1 347 357 482 481 285 360 973 926 486 284 105 41 805 885 212 596 63 670 392 159 743 74 961 321 
47 519 108 148 673 563 664 310 416 897 667 447 277 864 512 218 863 601 968 23 247 562 186 212 667 445 744 329 957 927 422 650 
507 3 292 531 958 975 735 371 820 238 388 751 707 247 584 869 709 519 967 350 403 371 53 174 837 652 686 249 816 41 849 341 
420 619 2 504 211 499 134 393 618 919 874 27 494 602 923 387 320 858 725 856 527 818 732 309 941 5 592 783 671 20 558 489 
645 199 123 690 796 785 6 485 584 568 452 680 875 141 775 148 347 828 125 25 890 685 555 365 521 262 298 593 352 981 638 149 
502 225 943 191 43 756 47 396 652 550 182 960 256 157 167 267 225 704 761 253 882 314 823 55 106 914 886 789 671 457 40 723 
338 374 630 455 594 701 302 754 834 875 30 902 88 6 356 501 343 242 519 834 821 850 380 123 46 118 984 743 667 703 642 733 
202 106 367 749 762 707 9 125 531 704 405 363 771 947 700 637 263 331 986 636 792 188 282 922 269 546 335 321 388 405 134 221 
607 153 147 692 425 14 84 903 934 300 230 561 575 236 92 848 695 399 85 304 109 313 621 903 585 881 988 803 889 240 682 582 
141 81 558 22 539 148 21 927 988 588 563 215 680 800 358 696 194 128 225 93 543 197 206 240 154 779 526 637 439 320 730 324 
827 97 445 677 785 267 9 664 328 324 551 373 592 694 939 864 972 66 466 717 43 440 502 921 276 204 316 546 781 435 401 803 
112 135 458 401 410 230 298 894 651 890 46 205 937 513 100 883 939 797 828 983 634 356 255 257 670 184 762 744 29 50 78 655 
800 801 930 850 728 731 526 252 1000 464 739 682 388 279 149 882 577 28 802 838 655 469 695 245 69 503 603 738 812 318 239 725 
698 163 456 930 180 281 640 522 440 313 770 72 152 219 722 240 791 649 412 188 410 977 171 833 855 731 673 533 938 162 831 277 
25 1000 23 278 70 630 756 772 569 777 18 967 243 270 325 666 422 903 188 732 965 562 175 850 551 104 555 619 145 60 501 288 
22 841 914 574 464 439 11 332 442 800 32 619 299 407 592 313 119 614 413 786 609 587 118 679 880 617 515 198 79 940 878 785 
802 264 990 185 184 130 604 956 57 324 150 20 492 820 328 737 455 72 554 414 881 980 390 155 705 796 167 845 91 183 628 509 
373 528 485 473 566 686 652 307 317 387 752 385 700 593 834 7 940 5 317 418 686 342 924 342 432 259 202 387 171 16 97 618 
641 571 905 16 347 218 282 671 499 948 113 6 115 632 721 181 967 171 835 258 771 310 592 939 978 467 126 334 913 308 975 474 
583 277 618 868 686 50 312 212 473 245 594 747 937 270 433 110 17 635 435 606 871 254 671 558 73 936 944 300 547 899 412 232 
666 425 208 839 746 73 206 640 400 636 498 714 991 4 40 27 151 681 806 401 246 648 526 709 102 744 625 781 853 792 752 14 
826 991 796 286 666 41 604 178 232 86 845 28 122 180 441 294 369 260 670 616 589 998 136 811 143 888 297 369 623 356 977 477 
444 481 711 412 750 295 714 835 137 107 857 344 155 422 277 856 623 884 587 399 739 309 408 81 587 375 257 97 804 199 558 916 
478 977 844 481 208 76 700 908 619 679 451 778 270 143 706 827 659 798 775 235 59 579 656 233 342 578 123 538 799 109 847 764 
817 494 296 312 340 670 879 441 386 403 976 441 390 513 88 318 354 494 633 240 291 67 815 671 170 127 675 725 20 227 831 742 
853 431 181 803 993 297 958 513 838 476 612 225 47 708 77 800 631 440 781 6 771 929 844 469 777 363 828 380 86 138 273 152 
190 244 12 561 607 777 191 317 951 562 545 344 564 273 702 895 499 433 219 253 347 252 444 741 232 220 341 849 588 692 47 415 
416 376 854 697 377 425 99 441 212 191 63 352 66 370 794 67 196 40 644 108 964 443 446 380 141 76 749 14 914 396 107 928 
660 559 100 693 600 488 160 162 673 249 389 987 455 870 93 313 402 627 872 516 911 247 890 916 939 63 857 728 155 63 647 775 
277 988 917 427 755 239 481 504 950 403 187 689 524 428 666 554 692 280 960 401 606 426 623 570 352 705 707 722 737 97 584 269 
583 337 32 630 559 977 609 306 172 146 420 531 481 465 436 525 184 155 571 389 552 4 292 316 968 56 820 329 321 776 703 577 
851 783 58 657 702 147 607 172 413 658 174 540 579 214 484 944 509 852 989 589 729 778 82 452 199 847 764 553 521 671 58 546 
723 48 428 683 381 480 874 34 748 691 931 438 820 981 425 718 906 944 549 963 778 427 800 936 438 895 174 569 807 115 128 786 
906 501 501 383 843 190 13 517 906 213 829 845 454 830 278 783 666 845 185 68 489 765 274 583 354 453 78 550 132 58 828 798 
554 806 347 177 475 559 666 249 313 644 659 653 97 607 34 307 581 149 239 918 472 453 837 56 753 29 700 227 519 256 316 46 
36 26 81 187 883 741 986 32 912 162 266 267 436 543 116 528 30 81 738 438 774 421 86 495 297 253 608 192 520 758 33 778 
385 502 670 7 310 294 286 313 617 622 113 312 465 769 655 932 846 114 229 436 819 261 820 154 468 766 269 311 83 99 968 152 
32 440 601 312 374 216 957 492 978 385 860 148 459 37 354 968 424 899 845 627 376 779 971 689 894 92 473 178 798 110 376 851 
566 575 403 678 553 790 107 624 16 280 907 441 713 567 570 454 729 391 885 940 245 477 384 304 56 139 710 292 558 180 994 371 
40 593 844 537 520 835 9 55 885 271 660 396 561 961 205 845 725 991 687 802 960 600 970 610 71 518 438 345 919 864 675 174 
108 217 722 196 859 331 871 917 867 392 213 962 757 594 88 362 908 923 75 508 541 825 41 786 274 660 856 339 611 744 14 624 
509 123 207 800 947 220 460 785 893 729 240 776 83 599 920 518 925 894 815 866 255 972 798 482 760 725 595 520 797 864 487 559 
845 543 710 346 5 723 209 533 808 109 824 541 475 241 627 292 681 992 508 327 170 147 259 922 177 705 583 211 494 262 966 737 
816 521 314 631 889 943 757 994 719 676 302 676 544 427 336 76 997 601 491 230 390 711 55 892 605 196 89 111 108 154 493 343 
733 786 1000 188 585 350 381 985 67 29 774 482 723 793 154 906 495 721 295 407 317 869 161 600 563 99 239 381 599 364 552 873 
669 579 574 350 71 854 300 659 214 235 967 681 711 964 716 771 941 270 520 970 214 597 317 91 760 947 787 687 821 601 833 966 
451 523 520 117 700 640 9 755 997 354 80 736 130 237 218 882 917 427 790 947 639 573 521 246 179 720 881 87 655 52 402 755 
872 255 543 701 213 12 268 74 548 340 124 402 948 179 910 101 829 898 253 765 103 112 528 441 299 529 432 399 427 553 717 61 
540 814 134 975 450 73 586 770 863 20 669 836 861 608 341 128 381 187 230 402 499 668 145 676 901 637 15 685 998 266 3 115 
802 513 522 36 561 375 874 29 47 725 830 561 728 572 890 876 614 340 457 136 262 970 251 232 15 154 445 518 504 657 353 560 
881 63 934 836 732 72 146 616 328 525 32 911 333 889 515 897 396 994 10 596 423 749 137 862 289 902 851 319 205 763 36 779 
164 257 215 669 848 526 198 952 613 141 252 181 380 407 881 23 434 22 86 378 514 4 40 781 200 896 428 120 160 757 324 996 
537 688 219 14 748 199 943 618 39 933 565 27 844 154 249 919 517 191 123 241 769 347 953 821 845 920 181 78 428 513 797 397 
9 5 4 9 9 9 8 1 3 6 2 10 4 2 10 2 2 1 4 7 6 10 1 7 9 10 3 6 7 3 9 2 5 2 
9 5 1 8 3 10 10 6 8 2 9 6 1 4 7 9 8 1 6 1 9 1 1 2 5 8 1 9 10 10 1 7 6 1 
1 8 1 6 10 4 1 8 9 7 9 6 5 5 9 2 6 3 10 7 6 2 3 8 8 10 7 5 3 1 7 7 6 9 
2 7 10 10 3 5 4 4 2 7 8 7 1 4 10 5 5 3 5 5 10 9 2 5 2 6 5 10 10 5 4 6 3 6 
6 6 1 6 10 7 4 2 10 7 10 7 3 4 4 2 5 9 4 5 2 4 2 1 6 8 9 2 10 8 6 6 2 7 
2 3 2 2 9 1 9 8 8 3 3 8 6 1 3 9 1 4 8 7 2 7 4 8 9 1 1 10 9 3 7 6 3 10 
2 10 3 5 8 8 1 1 7 4 4 6 7 8 8 1 7 4 2 9 7 7 10 6 4 1 8 2 3 10 4 4 4 4 
8 3 2 9 5 5 7 4 5 5 1 8 2 7 7 3 4 4 8 9 4 7 6 6 10 1 8 10 2 5 10 9 2 5 
9 6 2 9 2 8 3 8 1 2 2 3 5 7 2 3 2 7 1 2 5 1 8 7 10 3 7 8 6 10 3 2 7 9 
10 10 5 7 2 10 9 2 2 10 6 9 9 4 1 10 10 1 10 9 8 1 5 8 1 2 5 1 3 3 1 9 5 6 
5 6 5 1 6 5 4 8 4 7 2 4 5 10 2 8 6 3 1 8 5 4 6 1 7 5 5 5 3 5 10 4 1 10 
1 9 7 4 5 5 4 5 5 2 5 6 9 7 1 5 2 8 5 6 9 1 7 3 7 9 9 1 6 7 7 9 1 1 
8 9 10 3 4 8 7 1 9 6 3 3 10 7 1 1 2 2 4 7 9 8 1 9 6 2 3 6 10 9 10 3 3 7 
7 9 7 2 9 4 3 3 5 8 1 10 6 6 5 9 2 9 5 4 4 9 10 1 1 5 5 5 1 6 1 5 9 5 
6 3 10 2 9 8 5 1 5 10 3 1 9 7 5 7 8 7 7 3 4 4 9 9 7 5 6 5 2 7 1 1 10 9 
9 3 3 3 3 3 6 5 3 9 1 10 2 1 3 5 6 9 2 2 1 6 5 2 5 2 4 2 4 1 8 10 3 6 
7 3 10 1 8 5 3 1 8 3 3 8 4 1 9 8 6 8 8 8 4 10 5 8 1 2 5 9 5 1 2 8 5 5 
9 7 10 10 5 4 1 3 3 6 4 9 2 7 7 6 6 3 5 10 10 4 4 2 6 9 1 4 6 7 10 8 7 8 
10 1 8 1 2 6 10 8 7 1 2 1 3 5 5 3 7 7 9 7 8 3 10 3 7 8 6 5 4 5 9 6 9 10 
10 6 7 3 10 7 5 2 7 8 6 9 7 1 2 1 5 6 3 5 6 1 8 10 4 7 1 2 4 5 9 10 8 5 
2 8 1 4 4 3 9 2 6 8 4 10 5 4 7 2 9 6 4 9 8 1 5 10 8 6 3 6 9 1 1 1 3 7 
9 5 3 7 7 1 4 5 1 10 3 7 8 8 5 2 6 1 6 3 4 2 7 4 5 1 10 2 4 3 1 2 9 6 
1 5 2 2 8 1 7 6 8 7 2 6 1 4 6 2 3 10 6 3 4 10 5 7 3 2 2 7 4 6 3 10 2 5 
1 5 2 5 8 9 9 8 3 3 10 1 9 6 3 9 4 5 3 7 2 9 10 1 1 1 10 6 10 8 7 9 10 2 
1 4 6 10 3 8 6 8 4 2 10 1 2 10 1 4 1 4 6 4 1 2 4 4 7 9 9 3 5 7 6 6 7 2 
3 7 9 1 7 5 2 10 1 10 4 5 1 4 5 9 8 2 2 3 4 9 4 6 8 5 10 4 7 9 7 1 1 8 
7 2 10 4 5 7 9 1 7 7 5 9 3 8 7 8 7 1 1 10 4 2 7 3 3 1 9 9 2 10 2 9 10 3 
9 7 5 5 8 8 4 1 2 5 3 5 3 4 10 8 10 8 1 1 1 3 9 7 9 3 5 4 8 6 4 9 3 1 
4 7 2 4 4 6 10 10 1 8 2 2 8 5 2 1 10 9 7 2 8 3 9 1 6 2 4 1 1 9 10 4 7 2 
3 2 2 7 6 2 3 7 6 6 6 10 10 9 8 9 5 5 9 3 9 8 9 6 5 1 7 4 7 6 9 3 1 7 
9 4 1 3 1 9 7 5 1 10 4 8 3 2 7 5 4 10 6 6 10 1 2 2 7 9 10 5 5 1 2 2 2 6 
1 5 6 10 3 3 1 6 4 6 2 8 6 2 7 8 10 3 7 3 5 9 9 7 4 4 2 10 7 6 1 1 7 6 
