83 65 62
779 657 599 449 329 675 913 924 458 285 313 454 970 155 834 568 91 783 722 96 110 916 772 847 841 6 68 71 920 257 840 942 788 921 338 379 410 937 692 331 626 547 96 625 946 936 897 395 669 963 377 51 78 929 137 731 627 259 869 48 190 109 535 235 678 
5 645 505 993 738 768 964 444 502 872 683 974 807 326 607 413 637 331 874 627 357 153 170 659 488 883 383 612 779 716 200 25 556 674 193 289 416 961 934 673 106 261 853 225 344 146 244 706 715 795 564 492 66 861 553 639 689 182 319 260 391 851 178 518 81 
397 458 172 660 737 857 787 84 501 989 219 964 696 186 846 965 956 990 252 558 592 912 971 248 113 418 701 867 186 155 300 740 491 398 622 698 851 846 728 784 751 882 303 313 741 653 908 163 775 780 441 222 461 696 435 359 398 522 964 708 925 175 290 23 599 
743 399 807 626 713 663 522 503 709 374 911 50 527 730 199 662 193 287 357 265 904 135 44 587 759 583 878 462 818 717 201 265 686 649 94 252 440 232 382 693 161 699 210 154 676 224 945 244 796 883 956 82 22 128 72 118 229 996 841 661 552 865 296 923 242 
394 684 785 348 723 323 115 759 53 736 357 667 634 25 813 941 673 700 126 820 577 208 151 760 874 362 363 288 374 817 130 428 359 629 739 835 569 139 936 330 635 990 165 807 100 985 402 358 777 582 618 307 748 889 149 900 532 603 244 550 366 489 678 333 812 
113 848 40 856 130 266 50 730 7 570 554 551 394 401 185 847 753 391 241 125 966 74 756 524 770 895 860 685 340 561 118 422 250 218 45 148 225 607 944 595 730 129 344 950 329 454 634 735 95 460 597 923 848 647 136 329 600 181 644 821 451 926 11 735 528 
623 911 721 322 728 197 279 403 192 526 143 156 702 531 783 698 472 800 983 556 891 179 503 588 97 696 439 872 997 331 340 811 914 277 423 308 240 193 264 24 85 782 580 278 450 257 421 828 443 951 689 509 58 101 736 890 410 892 574 603 78 212 671 730 755 
814 346 730 539 486 523 939 510 295 157 347 130 27 159 270 695 621 153 65 859 692 763 762 701 175 613 345 150 102 315 230 247 919 517 22 149 71 868 115 540 233 193 544 345 139 951 388 799 301 333 201 868 292 922 69 283 174 271 989 609 135 471 918 109 759 
502 374 836 802 225 900 60 179 860 932 449 938 587 978 402 775 854 413 771 566 131 219 392 724 387 970 524 323 127 587 264 785 501 489 230 601 209 813 629 97 390 95 759 466 31 428 560 29 344 630 829 301 100 944 413 371 598 925 504 277 604 372 576 505 560 
621 553 760 41 790 66 671 654 956 432 441 537 133 537 989 281 989 774 322 717 410 852 92 285 419 909 30 656 818 484 905 982 959 217 166 527 645 392 634 359 968 482 520 964 503 405 1 375 859 963 609 137 464 655 814 215 714 717 148 890 865 573 814 737 169 
732 969 651 413 869 643 744 874 467 758 350 276 33 819 1 367 662 93 771 608 18 542 467 371 968 436 963 118 377 540 659 633 584 362 747 748 365 543 551 950 754 776 770 772 362 151 488 355 195 938 929 299 588 762 688 916 203 396 104 384 299 541 336 313 563 
660 575 301 964 352 27 913 227 278 922 780 802 993 454 991 919 818 374 267 515 708 386 926 739 739 800 438 966 567 667 284 494 432 758 655 39 429 27 742 31 538 645 807 711 359 482 33 698 803 558 82 406 527 688 584 204 166 98 47 456 826 692 363 13 377 
183 563 406 340 361 818 59 971 806 757 823 934 933 778 266 655 281 613 202 649 199 694 517 696 20 31 845 879 113 235 717 202 727 709 182 504 824 314 310 203 601 840 546 959 634 1 270 779 54 441 578 1000 900 174 916 945 604 316 525 645 596 533 337 245 820 
58 178 560 103 566 459 25 589 830 844 974 39 652 742 569 558 857 254 954 282 457 365 232 620 205 621 718 605 76 427 509 960 555 190 940 452 952 616 750 597 545 473 708 263 296 241 517 211 362 302 732 536 204 31 516 726 699 285 350 120 450 406 398 57 161 
197 544 959 178 176 225 945 358 808 478 623 803 916 324 79 853 336 859 228 229 395 309 556 327 934 222 310 778 361 370 507 277 131 475 824 175 836 293 984 452 866 98 219 96 525 2 707 685 807 595 53 564 265 447 410 903 690 661 177 108 874 238 502 923 478 
480 253 422 12 542 630 836 778 490 371 740 828 625 594 764 692 924 623 727 724 196 468 403 248 584 414 871 134 889 176 911 885 908 417 544 33 525 73 158 156 909 296 5 576 775 705 418 129 327 521 290 687 220 803 681 679 676 980 929 370 137 486 651 106 83 
130 592 209 190 116 647 690 693 777 241 148 914 607 66 985 116 833 686 192 593 282 339 909 387 801 802 183 219 589 469 882 994 540 393 946 582 873 373 199 70 371 421 686 278 66 126 11 551 951 696 250 488 993 371 904 307 728 465 13 854 506 846 557 190 753 
675 501 277 837 422 322 607 238 252 84 981 219 605 265 669 138 751 718 781 961 764 776 82 106 831 384 721 249 71 553 259 225 711 261 203 113 939 688 319 865 889 243 707 700 96 526 734 15 415 46 459 873 148 127 631 728 419 524 874 904 45 451 841 806 222 
34 439 985 969 91 150 793 801 515 68 962 121 64 239 618 922 858 839 70 497 237 383 480 597 465 437 283 440 674 107 815 376 544 809 400 233 190 316 203 759 662 388 84 464 804 942 526 7 928 971 209 842 753 126 436 604 867 192 689 751 677 981 916 35 701 
304 833 897 591 424 190 297 679 484 191 3 978 627 225 411 45 187 964 195 370 401 660 873 212 587 417 348 422 899 652 621 297 164 801 875 842 916 174 179 723 546 222 451 949 535 883 293 200 238 392 653 1000 968 429 259 446 720 256 654 490 439 382 468 999 501 
828 782 658 540 223 68 312 521 237 95 549 697 168 973 104 716 700 221 764 410 668 260 93 642 17 48 640 672 691 937 285 408 473 745 471 352 708 360 547 574 292 690 476 219 861 615 258 460 685 75 335 895 479 239 600 517 401 939 272 356 859 351 172 297 930 
111 496 757 626 375 300 43 615 397 3 799 337 315 606 108 703 690 262 830 912 169 339 179 635 365 431 548 475 206 85 257 777 849 180 356 149 809 645 845 143 734 127 248 903 307 279 401 876 339 645 921 17 310 414 638 516 824 214 248 195 186 656 188 8 498 
229 291 633 55 338 505 404 593 250 262 800 435 367 927 873 81 312 771 223 111 868 155 664 420 142 538 164 936 922 961 796 118 988 939 511 10 373 133 369 69 887 392 361 560 947 898 895 156 237 553 414 322 864 252 597 827 528 215 527 78 587 700 159 905 225 
967 610 832 23 319 271 20 355 852 285 358 385 226 276 146 93 980 851 23 833 952 946 780 829 608 296 703 693 623 53 58 305 767 369 163 493 970 423 880 524 166 799 579 154 620 129 11 560 901 997 256 453 177 275 982 375 225 812 289 703 737 475 944 805 409 
589 354 31 8 993 560 905 992 864 500 55 663 590 517 389 337 513 223 734 993 569 56 750 618 580 899 497 146 893 794 605 649 617 724 302 242 564 20 104 308 521 65 973 145 394 585 703 657 45 182 437 208 313 646 427 398 42 718 535 251 636 318 724 851 220 
669 452 678 633 208 148 851 981 886 200 44 551 501 543 654 370 845 547 769 686 372 649 396 711 67 834 512 233 339 122 10 98 756 832 587 761 595 502 496 615 243 439 879 997 80 165 705 219 504 224 434 385 907 189 949 617 349 55 532 572 396 783 851 446 916 
894 144 841 576 285 610 262 757 320 347 637 584 668 443 766 780 84 606 398 123 919 713 278 971 537 73 878 963 728 593 869 476 774 642 362 784 140 813 349 385 10 546 884 33 96 193 162 5 701 936 81 534 516 218 944 152 789 781 687 280 200 365 726 561 597 
529 928 979 533 297 219 156 796 505 945 640 379 923 401 727 55 921 529 119 525 933 730 33 189 697 977 844 543 713 252 328 616 858 366 962 391 291 422 611 627 262 63 583 79 949 710 13 915 953 724 269 113 327 892 835 182 905 649 801 195 558 412 775 13 688 
795 503 208 117 839 870 697 681 970 741 266 157 632 592 917 362 745 258 874 260 475 309 260 675 997 417 687 252 438 579 361 281 506 554 923 849 28 979 279 55 534 175 257 631 313 404 966 475 441 33 869 63 340 558 296 501 228 886 919 529 458 650 634 421 655 
905 745 301 335 103 707 344 504 212 609 907 565 609 982 478 107 486 895 577 99 720 187 600 188 284 19 343 585 475 219 231 549 583 814 63 952 720 265 225 126 988 341 30 676 422 304 495 740 952 642 596 793 741 953 259 61 539 467 130 69 636 568 570 557 255 
928 414 207 279 742 584 402 347 492 624 896 603 336 194 43 585 657 814 172 176 564 106 235 653 374 757 365 740 649 710 575 280 425 983 518 754 664 383 290 550 512 414 270 905 455 511 396 35 356 417 3 176 782 783 395 73 623 378 128 859 738 352 913 897 320 
849 797 680 994 959 344 95 104 237 448 579 674 7 922 116 128 494 70 148 3 385 633 6 217 340 299 972 515 605 465 541 14 293 701 184 363 739 464 461 199 893 127 415 652 304 127 554 251 116 84 721 72 728 365 460 442 340 51 364 187 446 914 55 938 225 
281 428 457 90 748 942 737 655 252 426 803 314 958 325 886 184 322 967 556 32 645 879 782 122 915 655 877 798 205 33 360 355 530 662 570 530 858 214 191 927 573 799 759 59 639 679 10 324 784 8 267 117 65 692 574 586 250 881 303 286 384 415 21 691 790 
791 996 570 750 860 143 661 847 249 313 235 320 783 813 753 351 828 819 562 553 992 460 858 582 986 485 823 90 917 931 178 613 655 273 693 55 254 538 174 811 729 249 510 910 319 681 428 486 218 314 65 439 280 94 397 26 441 625 400 11 850 157 254 18 436 
386 392 211 759 599 967 403 936 979 312 28 968 723 920 95 541 852 176 204 683 176 352 762 853 784 220 72 397 669 813 807 395 319 253 943 420 77 706 260 324 19 61 598 566 767 644 445 329 859 473 424 346 828 37 545 705 326 632 183 516 746 293 970 252 524 
300 978 360 733 660 82 149 782 915 761 904 927 127 574 429 105 369 467 948 776 455 491 475 305 899 872 319 844 557 98 267 884 523 486 493 315 699 641 560 549 721 541 344 240 284 100 292 464 190 952 443 896 882 822 843 885 829 473 808 782 583 862 21 517 576 
217 416 861 872 560 789 542 145 458 798 175 275 941 26 512 753 111 513 105 666 632 757 378 602 41 4 536 271 452 625 938 626 639 482 180 632 733 248 959 881 729 566 74 443 432 992 533 413 719 372 272 782 570 532 407 836 777 978 869 955 40 938 949 810 231 
205 740 202 882 503 826 124 881 645 341 239 785 282 92 559 155 307 328 498 228 938 589 432 843 881 727 593 348 16 198 911 749 172 768 34 758 334 110 124 979 391 261 399 452 221 290 325 676 541 149 602 745 38 313 446 436 377 875 381 178 845 769 435 378 406 
594 918 122 252 151 94 384 288 533 167 233 699 407 800 759 248 382 326 111 941 581 508 544 375 545 669 539 107 491 855 537 945 109 195 73 468 492 728 983 288 519 513 495 75 123 845 508 743 96 204 324 122 729 634 28 60 881 556 491 103 411 244 696 203 686 
969 225 207 378 223 567 785 451 815 321 201 31 228 110 716 472 804 498 629 547 806 129 945 973 717 988 804 455 11 505 144 95 441 405 862 264 413 79 154 348 401 668 127 26 466 749 675 386 791 242 524 910 659 474 301 361 606 489 10 264 900 672 409 439 651 
416 728 224 705 592 195 533 827 484 52 516 959 706 293 783 65 930 240 794 785 374 594 670 316 451 67 328 362 307 533 622 20 734 654 24 513 335 622 503 751 964 932 571 144 980 402 502 966 551 712 92 759 412 894 601 467 91 756 89 145 656 188 151 731 119 
216 463 254 539 909 940 891 589 790 103 399 208 113 362 753 790 718 433 971 997 845 914 126 808 147 428 360 857 910 879 592 213 201 432 38 299 583 620 502 66 754 569 971 622 230 778 71 68 916 261 684 790 293 496 5 596 797 132 225 558 946 988 299 451 248 
364 580 422 40 732 650 484 932 523 234 286 570 91 827 970 410 161 132 402 284 957 960 50 460 713 960 422 213 718 800 381 43 423 657 9 365 64 669 177 308 367 27 865 112 641 906 729 60 729 197 157 187 179 279 155 689 804 263 891 327 322 453 119 882 34 
385 216 53 26 267 253 519 973 199 292 828 411 744 326 470 24 981 407 283 617 404 616 842 108 786 87 832 635 440 935 119 695 838 621 680 133 205 64 518 691 602 384 466 260 210 922 652 785 752 580 912 981 746 677 538 489 353 708 715 512 337 509 937 583 347 
481 968 715 937 644 543 697 359 714 835 418 935 144 408 94 371 63 200 851 945 374 466 543 357 616 923 77 75 478 504 680 111 537 165 681 627 734 103 970 45 575 883 678 882 462 297 934 989 916 602 958 47 219 524 488 459 160 209 416 80 934 158 722 953 476 
481 399 874 304 658 366 298 399 211 982 329 253 773 401 384 160 657 228 295 131 84 99 563 906 498 82 665 724 750 916 408 704 630 724 766 900 140 662 99 474 938 297 334 234 425 283 317 758 815 767 203 939 62 916 586 415 379 804 55 460 217 856 851 237 958 
45 829 69 351 868 619 281 417 934 256 543 891 469 134 615 678 544 994 984 386 59 197 84 722 689 285 660 75 714 29 754 528 521 883 483 139 836 309 807 464 97 289 876 284 842 142 788 459 193 523 442 404 220 372 563 712 666 263 234 779 244 414 957 80 704 
310 326 703 943 802 388 98 624 88 877 53 17 870 488 746 965 823 234 102 421 298 183 961 85 6 145 870 202 424 917 529 357 126 66 751 195 701 185 427 543 805 327 754 454 926 440 837 919 28 916 22 607 529 969 894 452 845 946 203 117 627 95 725 645 888 
250 157 74 184 473 942 738 214 977 623 622 95 976 64 439 138 445 576 285 946 566 268 548 797 693 898 741 290 782 245 778 674 116 898 941 871 284 459 914 823 418 374 842 769 913 726 424 122 161 223 138 525 544 583 678 730 723 150 426 271 564 411 537 649 518 
978 68 701 436 364 458 737 217 632 710 106 375 488 816 520 169 684 937 893 164 681 505 835 862 357 906 806 597 614 689 517 454 386 189 995 851 863 412 369 726 641 481 72 490 230 437 251 135 190 436 572 675 417 666 822 510 842 795 251 656 281 616 16 512 771 
295 150 322 996 475 574 333 568 535 242 592 847 753 947 823 509 531 431 461 906 347 467 656 909 325 458 841 605 996 104 85 732 98 589 787 763 741 609 553 416 799 914 970 290 790 482 982 915 588 584 882 171 9 574 217 247 530 332 588 289 502 97 508 704 665 
210 541 148 694 21 516 514 672 239 69 529 688 950 263 481 674 439 184 639 643 379 250 306 394 415 171 760 769 421 57 873 440 397 702 524 917 599 426 864 25 219 62 139 500 730 796 103 182 542 930 839 212 213 151 659 79 699 405 578 185 894 261 584 119 443 
448 98 129 92 122 954 209 964 21 312 544 664 234 961 394 769 750 826 124 534 31 613 302 913 26 206 853 114 211 588 947 211 110 443 69 567 522 168 156 492 748 553 140 592 825 160 90 820 441 4 408 790 758 529 357 625 549 723 607 501 295 51 705 712 785 
900 17 169 996 901 37 552 169 457 250 848 147 518 24 578 702 899 504 503 344 346 696 615 576 400 199 680 398 59 929 15 275 614 707 564 335 187 21 410 307 711 729 675 233 353 754 748 137 652 769 464 112 967 686 949 279 94 708 806 553 722 557 425 876 883 
85 507 346 99 206 90 584 486 820 447 692 332 843 643 912 12 589 191 295 11 509 916 518 120 139 304 304 213 318 134 892 482 82 177 31 824 10 703 735 436 785 642 692 501 664 165 782 579 850 5 55 630 70 317 375 946 724 947 856 586 277 633 881 73 73 
708 133 324 555 817 865 385 961 398 841 773 73 980 950 881 492 584 137 328 239 211 501 699 706 40 311 184 505 760 58 999 462 726 968 965 560 127 937 620 884 351 969 783 19 560 427 861 267 15 858 606 502 630 549 165 968 147 513 690 161 703 970 644 7 276 
359 156 659 181 560 500 771 999 818 37 916 642 700 345 806 734 996 204 891 630 772 809 472 423 95 915 676 963 572 478 164 36 778 760 850 998 769 191 688 848 372 831 932 533 88 998 400 549 346 6 447 257 453 577 402 640 460 390 469 228 505 436 886 960 988 
187 657 818 67 365 667 958 266 739 679 256 109 591 311 228 285 935 162 31 443 330 582 106 869 199 390 418 32 294 749 951 782 279 117 962 35 914 822 665 838 376 250 750 945 148 369 397 512 355 247 601 501 254 904 945 678 734 325 719 994 163 438 615 930 241 
518 531 786 724 142 274 982 644 91 955 286 206 154 180 953 322 928 692 617 274 439 568 682 113 422 732 997 328 255 132 236 244 324 460 222 135 45 505 243 996 995 990 415 158 53 308 59 363 814 50 842 63 202 893 501 930 678 806 978 181 923 287 693 242 716 
794 436 195 160 188 650 742 947 901 948 159 443 625 729 441 698 505 257 441 393 81 816 578 142 343 814 447 246 781 968 275 859 486 215 488 761 395 337 940 620 622 653 9 147 79 55 637 146 50 896 161 994 187 890 949 992 770 570 39 286 581 905 495 569 922 
233 694 29 429 434 152 327 873 622 846 192 29 32 872 204 197 671 8 220 476 593 67 251 261 623 397 109 260 907 683 164 47 413 750 367 801 439 193 497 83 448 628 645 127 269 510 77 165 884 113 784 179 33 668 674 458 125 559 200 734 639 990 193 547 488 
355 730 477 542 422 868 149 361 114 178 805 239 936 959 352 862 721 419 76 507 628 924 975 993 844 475 231 887 194 831 766 567 193 226 940 830 578 597 309 80 303 774 561 713 235 230 1 772 206 684 826 630 457 748 414 22 349 139 105 643 118 892 685 126 28 
926 982 795 72 312 165 741 696 633 735 189 863 734 410 137 802 460 918 963 585 200 963 172 629 13 479 78 210 321 483 820 663 758 165 825 755 361 30 817 811 402 58 568 311 994 492 942 811 83 954 308 397 404 989 298 558 156 87 169 165 356 301 541 795 758 
247 370 964 809 109 684 298 832 917 423 36 706 33 21 326 650 480 970 690 673 211 933 661 384 426 66 986 953 172 555 967 62 712 947 498 830 863 283 839 837 240 216 114 348 331 145 127 223 336 901 815 122 29 709 162 420 758 152 776 921 285 408 242 63 43 
518 327 822 775 39 661 367 142 918 23 348 2 251 390 364 493 3 452 596 960 104 170 551 283 675 888 334 49 436 357 379 541 645 380 967 842 520 678 141 595 350 199 973 134 169 372 630 112 645 959 320 472 716 857 862 99 209 399 961 723 192 88 925 199 164 
655 729 837 933 433 590 66 114 527 334 150 512 122 292 323 513 569 210 111 384 591 798 528 107 898 424 750 459 41 346 476 965 34 425 152 449 606 686 889 407 63 547 139 115 450 121 786 673 82 275 684 401 526 8 439 491 840 939 420 392 486 966 862 153 240 
945 830 433 149 506 257 63 213 100 816 504 769 738 433 170 232 505 913 329 369 238 837 120 319 810 234 185 496 634 366 584 845 52 405 655 709 758 957 410 643 186 85 758 169 657 674 597 250 335 713 305 573 989 990 463 577 434 990 739 58 114 72 896 607 803 
325 871 624 488 439 143 141 530 62 772 50 296 64 783 369 92 46 312 563 608 94 917 862 842 248 222 549 721 798 503 44 838 279 623 38 162 652 566 34 726 866 904 814 800 232 241 533 350 993 808 75 879 376 422 605 460 914 659 873 696 712 472 483 3 12 
874 183 44 928 883 319 311 943 364 845 920 264 443 42 784 137 9 114 45 519 265 533 414 307 558 940 450 538 498 774 833 707 877 206 330 667 902 513 651 940 762 760 588 569 784 824 822 229 69 803 514 400 976 797 394 437 862 445 188 207 663 389 779 499 558 
493 352 546 958 468 889 925 965 569 771 730 509 622 914 45 830 836 149 480 400 255 922 225 774 535 973 602 1 288 832 64 802 288 802 496 45 300 734 553 204 295 201 73 237 191 20 905 754 718 807 13 130 80 647 152 835 707 714 155 583 592 872 489 346 134 
356 753 503 79 326 854 683 540 746 145 23 763 403 657 897 233 105 565 871 788 466 629 431 719 435 615 822 553 227 372 338 755 549 498 931 910 196 886 541 939 372 423 274 594 50 648 813 75 318 490 705 618 276 487 289 837 483 799 329 531 984 204 531 72 139 
603 824 131 245 520 49 685 559 572 69 397 490 296 26 727 727 838 346 663 271 21 862 848 673 426 884 226 850 557 266 386 924 52 536 251 823 950 729 165 444 208 125 500 519 853 793 56 104 905 644 365 61 140 13 488 677 116 381 829 980 444 520 47 217 865 
166 480 537 870 169 137 378 780 5 479 563 768 279 678 16 417 83 157 337 370 940 395 878 381 609 718 103 926 715 52 241 277 678 225 901 384 25 237 204 282 5 758 823 572 186 793 200 72 944 943 96 428 931 151 32 283 119 439 509 667 965 409 252 591 38 
666 294 222 891 948 956 827 333 46 647 520 502 599 956 492 174 319 315 304 879 534 122 989 423 4 388 598 975 468 995 813 310 27 727 808 638 583 562 127 377 11 513 850 515 683 499 333 512 500 223 58 357 203 427 713 706 1 906 782 405 660 418 287 304 376 
145 126 309 325 309 878 656 580 290 564 964 565 402 75 306 264 459 216 844 143 117 798 694 531 111 457 340 400 636 616 478 22 6 232 254 502 903 456 997 977 128 984 11 159 700 251 670 528 204 835 295 486 926 982 887 982 1 290 57 290 378 568 196 816 464 
306 939 80 979 864 227 789 988 456 873 700 585 235 211 373 427 261 444 600 248 707 848 398 37 350 886 429 370 593 39 912 672 397 879 994 235 649 686 824 908 231 5 385 384 52 583 580 515 774 392 405 755 563 996 750 746 871 730 680 990 480 790 378 892 169 
993 668 631 928 61 867 445 426 247 56 948 821 438 85 52 915 515 782 372 435 235 846 449 892 979 30 264 452 679 291 626 888 480 593 513 966 177 886 544 738 802 733 458 638 207 58 705 192 5 211 550 707 657 913 453 859 107 528 59 701 160 814 949 8 69 
866 466 776 40 236 250 1000 828 965 504 632 324 847 83 757 878 765 479 75 342 978 57 422 892 129 881 203 689 189 926 353 547 916 743 529 73 757 177 932 928 817 280 142 705 424 395 207 497 441 930 375 75 914 600 892 963 750 73 161 679 254 322 122 160 912 
852 717 922 208 487 983 126 790 497 860 954 32 517 909 474 52 104 830 269 935 224 955 730 54 375 557 264 141 551 638 865 733 887 831 88 803 61 79 975 557 27 602 945 675 78 924 733 330 768 436 219 32 859 785 384 943 661 638 672 775 549 834 599 744 314 
638 626 587 100 680 437 664 186 18 61 19 949 206 843 994 547 235 669 254 899 256 942 480 350 775 895 422 820 538 682 658 661 600 621 144 281 512 990 265 670 596 726 166 751 617 286 970 247 945 250 796 690 609 37 238 341 737 677 57 508 596 667 264 866 494 
556 1 675 208 912 277 917 983 531 947 473 682 155 858 997 959 946 640 46 437 49 360 408 885 109 901 990 647 567 561 396 531 592 203 679 252 814 375 435 383 795 585 707 225 864 235 632 575 206 919 455 618 791 861 629 361 807 852 986 473 660 161 288 646 305 
102 485 869 302 300 106 545 915 142 464 535 587 157 223 228 747 976 157 156 689 682 548 309 239 237 477 158 293 545 718 510 641 554 884 640 937 840 38 692 1000 798 618 252 68 121 696 882 127 58 814 575 606 8 867 968 417 963 787 184 583 847 329 153 770 822 
511 984 932 213 571 20 756 634 573 358 550 345 732 322 349 368 919 34 891 192 742 991 427 243 317 787 735 197 508 276 447 223 433 509 496 177 781 889 1000 104 153 844 825 731 406 260 184 530 47 419 619 464 425 454 168 147 961 636 870 826 257 480 132 116 565 
5 4 2 7 9 4 3 4 8 10 6 10 4 8 2 8 8 8 9 7 4 5 10 4 8 6 6 1 10 1 4 4 1 4 7 2 10 8 4 2 10 4 1 4 5 10 6 2 9 1 9 7 9 9 2 3 2 4 9 4 3 3 
2 2 9 1 3 7 7 10 7 10 6 7 10 8 4 1 4 1 4 5 7 1 10 5 3 10 4 9 10 5 9 2 2 10 8 4 10 10 9 10 9 9 2 5 1 5 10 7 9 8 3 7 5 1 4 5 4 7 1 7 3 3 
10 4 3 5 1 8 1 10 2 4 2 2 8 2 3 4 4 6 7 5 8 4 9 2 6 5 2 7 8 3 2 2 10 10 7 7 10 10 3 3 1 1 4 7 7 3 3 7 8 9 10 9 3 1 6 6 4 9 8 4 5 1 
6 8 6 7 9 5 2 4 1 1 5 6 3 7 1 9 10 3 2 6 8 4 3 2 4 9 9 9 5 6 1 3 10 5 2 3 3 10 2 10 7 6 7 3 7 3 2 2 6 3 9 1 1 6 9 1 1 4 5 10 5 8 
5 8 10 5 10 6 1 8 3 4 1 1 4 2 3 2 3 8 9 2 6 3 1 5 4 9 5 4 6 2 8 5 10 4 8 8 5 3 1 1 4 8 7 8 10 6 6 1 5 3 6 9 2 6 3 5 2 4 10 6 1 10 
3 2 5 1 4 8 7 2 4 5 2 10 8 5 9 9 10 1 4 7 2 9 3 7 5 9 9 4 10 4 7 6 3 2 1 10 8 3 1 7 5 5 3 5 4 9 5 6 6 8 10 6 10 5 2 1 2 9 6 6 9 1 
3 3 2 6 2 2 10 5 10 5 4 1 5 9 7 4 8 2 3 3 6 6 1 1 4 6 2 1 8 4 8 8 1 8 9 5 5 9 7 10 7 1 7 10 4 4 5 6 4 4 9 9 1 4 4 3 6 4 8 6 8 7 
6 8 4 4 9 6 5 10 3 3 3 8 3 10 7 3 8 6 8 6 4 10 2 10 10 3 4 1 8 3 3 4 6 2 6 2 7 7 3 2 7 4 5 3 3 9 7 8 9 5 4 6 10 2 4 1 8 7 2 6 4 7 
7 5 1 6 1 5 7 4 9 6 9 6 6 10 5 2 4 7 10 5 4 1 2 9 4 10 3 2 5 3 4 3 6 9 9 7 1 3 6 7 3 9 1 5 2 7 10 8 4 9 10 2 3 3 6 1 8 8 8 4 2 4 
4 4 9 6 7 1 2 6 7 3 5 3 3 7 5 9 7 5 10 1 8 2 10 10 1 2 3 10 4 7 6 4 6 7 6 8 4 3 9 7 3 4 2 5 1 1 10 4 9 10 1 7 9 3 7 4 8 7 2 3 4 2 
6 4 10 5 4 2 5 5 3 10 1 10 8 10 8 8 2 3 3 5 7 1 10 9 6 5 5 1 7 9 1 7 6 8 5 5 3 7 1 8 1 2 7 3 9 1 10 5 8 2 2 1 1 7 1 8 5 9 10 9 1 5 
7 3 10 2 8 7 5 5 5 3 4 2 3 6 3 5 1 10 1 9 10 8 6 9 10 3 4 5 1 4 5 8 4 9 2 7 2 3 10 10 2 1 10 6 10 8 6 10 4 10 2 1 3 10 6 1 7 7 1 2 4 1 
1 9 9 10 10 2 6 9 10 2 4 7 1 2 10 10 4 1 2 10 6 1 8 5 6 1 6 7 7 9 6 4 5 3 7 8 1 10 2 1 5 9 6 5 8 10 2 10 8 1 7 7 3 3 10 2 3 5 10 4 3 6 
3 8 8 9 8 6 8 7 7 10 8 1 5 10 5 2 7 7 1 2 9 2 6 6 6 4 1 5 10 4 3 6 8 3 8 9 5 3 2 3 3 10 6 3 1 4 5 8 7 9 6 1 4 1 2 9 3 1 2 8 10 9 
9 8 5 4 9 2 10 9 8 2 7 8 1 10 7 3 1 2 7 2 4 4 8 6 4 10 4 9 7 7 4 8 9 8 2 2 3 5 4 1 8 10 6 6 4 2 8 6 2 6 4 7 10 2 2 8 4 7 5 6 9 7 
1 4 1 6 10 7 9 6 5 6 10 8 7 1 7 9 9 10 8 4 5 5 7 4 1 5 5 10 6 3 4 6 10 4 1 2 5 5 8 4 3 6 2 4 6 6 6 9 4 6 5 6 3 4 3 6 5 10 4 6 4 8 
4 3 10 3 7 10 5 9 4 6 1 7 4 7 5 1 8 7 5 4 8 7 9 9 9 2 10 8 10 2 5 1 10 6 2 9 9 1 3 4 7 3 6 8 9 7 10 6 2 8 8 1 3 3 7 5 2 10 4 3 9 10 
2 6 6 8 8 1 10 7 1 1 1 2 2 9 2 3 6 2 3 8 5 1 4 1 5 2 10 9 2 4 3 10 9 3 9 10 1 3 1 4 5 10 10 9 8 3 7 6 1 3 2 6 5 6 6 2 1 9 3 9 3 6 
2 9 3 7 3 8 3 6 5 8 1 4 2 10 5 4 6 9 2 9 9 8 10 1 9 2 9 4 5 6 9 9 5 9 9 5 3 3 9 10 1 7 3 8 3 7 5 4 4 10 4 3 3 9 9 8 4 8 7 5 10 3 
3 8 5 8 3 9 9 5 7 6 5 6 10 8 9 8 9 6 7 2 1 5 9 6 9 7 4 7 1 9 1 9 5 5 9 7 5 7 1 4 2 6 8 2 7 5 4 9 10 10 7 4 6 1 3 9 10 6 3 7 6 6 
9 4 3 5 6 3 7 9 2 2 5 2 7 10 7 10 5 3 4 8 3 2 6 6 5 4 6 5 3 3 1 4 5 8 5 6 4 3 2 5 4 7 9 6 4 4 10 3 6 4 8 3 2 7 10 5 6 7 7 6 4 9 
2 8 1 3 5 9 7 2 8 5 4 6 3 9 6 4 7 6 2 3 6 2 7 5 4 10 9 8 10 3 2 10 7 6 10 6 2 7 7 1 9 3 10 6 7 7 9 3 4 7 2 8 8 5 8 10 8 5 7 5 9 7 
10 8 10 2 9 8 5 7 6 6 8 10 1 5 5 4 1 10 6 6 6 6 7 5 1 5 9 5 3 3 4 6 6 8 9 1 2 3 5 1 4 8 4 7 2 4 4 7 8 5 2 4 2 5 8 8 3 10 10 3 2 9 
1 6 10 2 6 10 2 3 5 3 9 2 4 10 4 5 5 9 5 1 1 1 1 9 10 8 2 8 10 6 4 10 4 7 1 9 2 7 1 2 4 8 9 9 6 1 2 3 7 7 3 3 2 4 5 7 6 10 9 8 6 4 
7 4 10 4 6 9 10 6 10 2 4 2 1 7 6 10 9 10 5 7 6 4 5 7 9 7 5 10 7 1 8 7 6 7 8 2 1 9 7 9 1 8 7 10 1 1 8 2 3 8 6 7 2 3 6 4 3 6 5 3 6 9 
9 6 2 1 10 5 7 8 1 8 4 6 6 7 1 4 10 2 7 9 10 6 4 2 8 10 1 3 10 9 6 7 4 6 1 9 4 6 3 10 10 3 6 5 1 5 7 2 3 9 4 10 5 5 3 8 1 4 10 9 4 4 
4 3 6 6 9 1 6 2 9 8 3 6 6 7 8 6 9 2 6 5 6 4 4 2 9 4 7 8 6 5 9 5 4 4 4 1 2 5 4 2 1 7 7 9 7 2 9 3 5 6 3 2 4 1 7 1 2 3 5 2 2 7 
8 6 1 9 2 3 9 10 6 5 7 8 3 1 1 10 9 8 4 7 4 8 10 6 4 5 4 6 3 6 8 7 3 10 9 4 1 8 9 10 3 6 4 7 7 3 7 9 2 10 2 10 2 4 1 8 4 7 8 4 7 8 
10 10 2 3 1 3 2 1 9 2 5 4 5 8 5 5 7 9 1 4 6 9 8 9 5 8 2 6 6 10 7 8 8 9 4 8 6 7 3 6 1 6 8 4 7 3 5 7 2 3 6 7 4 1 3 1 2 2 10 10 5 10 
1 7 2 3 6 7 7 3 4 7 8 9 5 8 3 10 10 6 10 3 8 8 1 8 6 1 6 7 3 3 2 4 7 2 9 9 9 10 5 5 3 6 4 9 7 1 8 3 5 5 2 3 9 9 8 1 3 9 6 5 8 7 
8 7 9 6 10 5 4 4 7 10 1 6 6 1 6 9 3 8 9 4 8 9 4 10 4 10 2 9 4 2 6 8 7 3 7 3 2 4 9 9 3 9 7 10 3 2 8 9 5 10 9 10 10 4 5 8 3 3 9 2 1 4 
4 9 2 4 3 2 9 1 3 7 9 2 6 4 7 10 7 8 8 3 8 10 6 10 7 8 9 2 5 8 10 2 3 1 9 6 5 3 1 5 7 5 4 10 4 2 8 6 9 3 10 8 7 3 1 10 10 6 10 3 9 10 
9 6 4 9 1 8 8 5 3 2 1 2 7 9 8 6 10 7 10 5 7 6 9 1 7 5 7 9 5 3 2 6 5 1 3 9 2 10 1 2 1 6 2 1 5 9 2 5 8 9 4 2 9 3 9 9 4 6 8 5 10 10 
8 5 1 8 8 5 8 6 2 2 5 3 10 6 8 8 5 6 6 2 6 7 8 10 10 10 5 5 5 7 2 9 7 3 4 4 5 7 9 5 4 6 8 6 6 6 9 7 3 3 1 6 8 9 3 9 2 8 9 9 6 7 
3 5 5 4 6 10 4 8 10 7 1 10 9 10 6 8 6 4 9 4 6 4 10 4 7 5 4 1 1 2 2 9 6 4 4 2 10 4 7 5 4 8 7 10 10 10 1 4 8 6 4 4 3 3 10 8 5 5 9 5 4 8 
7 2 2 4 8 7 3 10 4 5 3 4 2 2 1 6 10 9 9 6 4 5 8 10 2 10 6 2 9 2 3 8 2 1 4 5 3 1 3 9 6 8 10 7 9 6 10 2 2 10 9 1 9 3 3 6 9 10 7 1 3 3 
3 9 1 4 9 3 8 4 6 1 1 7 10 3 7 5 2 1 4 10 6 10 10 10 6 4 3 1 2 7 6 4 2 10 8 10 8 7 9 4 6 6 9 6 5 4 1 8 4 3 8 8 1 3 1 10 3 10 7 4 2 5 
4 2 3 9 10 9 4 7 10 6 2 1 3 9 6 6 10 9 8 6 10 2 7 5 7 3 3 4 2 4 8 5 4 3 5 2 1 8 8 5 6 1 2 1 6 6 7 5 7 1 10 6 3 1 6 1 5 4 2 6 9 7 
1 5 3 3 3 6 4 9 6 6 9 1 5 2 4 6 9 6 2 4 8 4 6 9 5 7 6 10 8 9 3 9 7 8 7 10 7 8 6 5 1 9 1 10 10 10 4 6 6 4 4 5 3 3 2 6 4 4 10 3 5 1 
1 8 4 7 1 6 5 6 1 5 9 2 7 9 7 6 8 1 7 7 9 7 2 7 7 5 2 7 10 6 5 2 8 8 3 2 6 10 1 1 1 7 6 9 6 1 3 5 8 10 9 3 2 1 10 10 3 2 1 4 10 7 
7 2 3 9 2 3 3 10 5 7 5 2 6 10 1 8 3 6 3 8 6 6 6 3 5 8 2 10 9 9 8 10 6 2 7 6 10 8 6 3 3 10 2 4 6 3 8 5 6 4 2 1 5 8 7 2 3 10 8 3 9 2 
6 4 9 6 8 4 9 1 4 8 5 9 9 4 6 8 3 7 8 8 9 6 10 7 4 6 9 7 1 5 4 9 10 9 6 7 10 3 3 8 10 5 7 1 10 1 4 8 4 6 8 2 4 4 2 6 4 3 4 2 4 5 
3 6 2 5 7 10 3 6 9 4 1 6 8 5 4 2 2 3 2 3 4 2 8 10 7 5 9 3 6 8 7 3 5 10 3 5 10 6 3 3 7 5 9 2 3 7 8 5 1 9 2 4 8 8 6 6 3 6 3 4 8 5 
2 3 2 8 2 9 1 5 1 6 10 8 1 4 1 3 7 3 8 7 5 7 10 4 10 10 8 8 2 5 5 3 8 7 1 8 2 3 9 6 9 7 8 2 10 7 7 2 5 3 8 10 3 4 9 8 7 1 3 3 9 6 
9 2 5 1 6 7 5 3 5 4 9 8 8 2 9 5 6 6 9 5 1 4 10 2 6 3 7 4 4 5 8 7 3 4 5 10 8 3 6 8 8 2 5 4 9 9 2 5 9 1 1 2 5 9 7 3 7 9 2 5 2 5 
8 3 10 4 10 7 3 2 5 1 3 10 10 4 9 3 4 8 9 5 6 3 6 1 8 6 5 10 5 6 5 7 10 2 1 7 6 1 5 6 2 4 1 2 1 6 6 3 6 4 9 3 3 4 8 7 10 4 4 7 5 9 
1 7 9 10 10 4 6 9 4 2 7 8 1 5 4 3 2 5 2 7 8 3 3 8 9 2 10 7 4 7 8 1 9 2 6 1 3 1 9 10 2 2 4 8 4 10 1 6 2 6 3 9 3 10 8 1 10 9 1 8 6 2 
9 9 1 8 6 6 2 2 8 9 3 10 1 2 5 3 8 7 5 1 9 3 10 2 2 2 3 5 9 9 7 7 7 9 3 2 6 9 10 2 1 2 9 2 2 4 1 2 5 10 1 7 9 1 1 6 10 2 8 3 2 6 
1 9 7 1 1 9 3 5 10 4 5 4 5 3 4 7 8 1 1 3 7 1 2 6 8 2 5 5 4 4 2 2 8 2 5 5 6 10 6 9 7 1 8 8 7 7 7 9 4 7 8 6 6 1 6 9 8 2 3 10 5 7 
2 8 9 9 1 8 9 1 9 7 4 7 7 8 8 8 9 7 2 10 4 5 8 2 10 10 4 5 6 2 7 1 1 4 1 2 3 5 1 8 9 4 7 4 2 3 9 10 2 4 7 2 5 1 9 7 4 3 7 7 5 9 
5 1 10 4 4 4 6 5 4 10 4 10 6 3 4 10 10 6 1 10 5 4 7 6 4 4 3 6 1 5 3 3 1 8 1 9 8 5 2 1 7 4 10 2 1 7 1 5 4 6 9 10 5 6 7 6 3 9 2 1 6 6 
4 6 2 2 5 5 5 2 5 7 4 2 2 6 6 10 4 2 4 4 6 10 4 7 9 7 5 6 5 3 1 4 2 2 5 2 2 1 9 8 8 9 3 5 4 9 3 5 2 2 8 2 10 4 1 3 10 10 6 6 7 9 
7 1 3 8 3 3 4 6 9 10 9 5 8 7 10 4 4 7 4 1 10 6 4 9 8 5 1 10 8 10 6 10 2 8 1 3 9 1 4 7 6 3 4 4 9 6 1 5 3 2 10 4 3 7 4 5 6 7 5 7 1 2 
5 6 9 4 10 1 6 8 10 5 9 1 1 2 1 3 5 10 5 7 1 10 9 7 1 2 9 8 10 3 3 7 5 8 5 3 7 4 3 1 6 3 2 10 6 3 8 5 7 10 3 9 1 7 8 3 3 4 6 7 2 9 
10 6 10 5 1 2 5 3 3 3 6 3 1 2 4 8 3 5 3 6 8 6 6 3 7 6 5 10 5 3 4 6 10 6 5 3 9 3 8 2 10 5 2 5 9 2 1 4 10 7 2 2 5 9 9 7 6 5 4 5 2 4 
9 7 2 10 3 9 10 4 9 5 4 4 8 5 2 8 8 10 1 8 7 4 7 2 1 4 3 4 4 6 4 4 7 6 4 3 8 1 10 3 3 6 2 5 2 10 6 3 1 1 7 2 3 4 4 10 2 10 5 5 10 9 
2 1 7 10 3 7 4 4 7 1 3 3 3 7 6 6 5 2 10 2 7 6 8 8 10 4 9 4 6 7 10 8 2 8 10 8 3 5 8 3 6 6 4 2 8 9 8 9 3 5 10 1 6 4 9 1 4 9 2 7 2 5 
7 2 3 2 6 10 9 6 8 4 7 8 5 7 3 10 10 4 5 4 7 10 3 2 8 8 1 7 2 8 4 3 6 8 6 6 4 10 2 1 2 7 9 6 10 2 7 10 3 5 2 7 5 10 10 5 1 4 5 2 5 3 
10 8 2 5 9 1 7 8 9 2 6 6 10 5 3 5 8 4 2 7 1 5 1 1 9 8 6 5 5 4 8 2 10 8 1 8 3 5 8 3 10 9 5 3 1 9 2 8 2 5 3 4 6 8 5 8 4 5 4 10 4 10 
2 10 7 7 9 10 5 10 10 4 3 4 9 10 6 10 2 10 1 9 7 7 10 2 9 8 8 7 1 3 1 2 1 4 6 1 6 6 6 1 10 1 6 9 10 2 10 2 4 9 7 3 3 6 6 6 10 8 1 10 3 1 
4 8 1 10 2 5 3 7 5 7 9 3 8 10 10 8 6 3 10 10 8 1 9 9 3 6 7 7 5 7 9 2 4 10 5 4 9 8 5 3 8 8 6 10 8 8 10 4 3 10 1 8 6 10 7 2 6 10 7 6 8 1 
5 5 5 4 8 1 8 10 1 7 5 2 1 2 6 5 9 3 8 1 1 4 5 2 7 7 6 1 8 7 10 10 4 8 3 10 8 3 10 6 5 6 9 5 2 2 4 4 7 10 5 10 3 7 9 10 5 7 3 2 6 3 
10 4 10 3 6 3 3 6 5 5 8 6 1 8 4 3 3 7 6 5 5 8 1 10 3 10 5 1 7 4 8 6 5 9 9 9 8 9 3 3 7 6 1 10 5 8 5 1 8 3 5 6 4 4 7 7 1 4 2 4 10 2 
10 6 8 4 10 2 8 5 3 1 10 8 8 10 10 7 8 9 10 4 7 5 3 3 3 10 9 5 2 6 5 5 5 8 2 2 7 8 7 9 10 7 7 4 8 10 10 2 3 8 10 5 9 6 10 2 5 3 10 5 7 9 
5 10 4 1 4 6 7 1 6 3 1 2 3 8 8 9 10 3 4 4 6 5 7 9 5 6 3 8 7 5 8 9 4 1 1 8 9 10 3 5 6 3 7 5 4 3 8 6 6 8 4 5 3 5 2 2 10 9 8 10 1 1 
