55 85 96
608 712 92 164 750 924 110 174 557 183 470 33 952 566 44 818 831 170 676 82 276 695 588 622 562 898 312 521 616 478 521 902 747 146 69 974 407 271 114 238 596 23 102 64 590 691 742 901 949 180 678 78 522 970 369 904 303 507 844 833 799 759 792 583 386 947 870 876 817 923 33 587 699 945 385 912 343 237 2 23 301 285 166 553 84 
217 145 711 303 961 295 126 865 570 434 324 986 276 757 656 692 730 50 668 583 34 993 566 101 740 375 697 895 438 269 864 470 132 70 692 453 339 328 739 524 500 671 249 775 125 893 988 946 539 214 416 557 233 397 518 274 581 266 302 855 179 346 191 281 348 947 101 982 654 826 354 261 279 279 825 235 819 13 777 733 598 673 312 380 636 
699 606 296 552 694 747 90 608 75 592 913 23 875 391 430 399 342 887 265 379 625 995 324 727 952 683 928 175 930 804 394 202 348 601 395 4 956 136 575 27 951 505 306 619 327 548 924 489 575 990 737 819 158 735 711 253 794 434 929 25 800 690 603 187 646 638 758 682 857 666 761 732 927 676 503 337 910 575 645 862 543 350 55 685 458 
552 230 669 27 147 303 853 34 935 895 290 522 540 188 205 908 474 105 394 428 55 885 370 179 104 146 47 115 477 187 35 808 683 522 579 43 422 860 801 519 536 78 2 908 218 341 753 977 300 548 764 56 450 893 464 762 110 119 717 551 462 168 760 163 408 484 846 638 329 690 346 343 129 15 75 757 760 981 373 966 325 990 714 909 801 
330 344 94 205 391 959 627 45 59 262 35 476 450 165 322 684 472 505 356 253 613 506 224 757 100 461 976 204 177 335 628 763 143 463 614 807 867 672 31 637 894 994 409 847 863 39 390 207 474 965 89 743 386 409 191 896 925 96 630 444 738 129 640 643 966 667 174 111 545 841 109 365 218 946 309 426 667 73 189 253 318 659 34 142 243 
923 460 904 169 481 224 265 563 457 534 910 703 182 988 41 446 919 851 436 949 690 251 913 532 938 885 353 503 767 638 819 59 283 230 815 334 713 587 985 425 437 110 608 448 122 918 502 340 194 710 126 96 819 296 478 868 100 239 979 622 924 598 196 659 398 478 632 91 77 730 722 235 503 957 741 122 376 448 236 827 114 843 13 676 887 
39 494 262 606 725 464 64 949 998 196 231 686 639 208 498 944 464 793 229 240 264 563 222 649 798 97 699 12 523 582 610 347 136 45 602 419 314 205 553 588 236 786 331 67 406 298 248 239 285 881 126 976 623 739 654 151 120 860 136 637 998 942 828 297 619 646 397 592 883 565 665 514 248 700 889 296 764 125 852 285 776 907 44 392 809 
360 629 602 456 327 872 715 915 415 919 103 769 156 517 49 26 835 113 50 796 659 196 313 401 893 490 624 984 276 750 835 483 15 481 259 953 477 459 226 357 434 89 288 937 984 639 340 642 512 510 447 884 1 339 748 608 447 46 962 287 328 50 892 58 323 604 482 4 713 258 210 581 800 23 144 308 345 188 172 453 293 801 419 481 237 
589 894 426 578 334 408 470 397 468 278 363 938 933 591 81 947 449 450 671 684 614 24 545 513 473 525 768 220 974 209 89 330 308 191 347 832 111 534 42 276 115 879 173 997 268 95 942 502 680 510 326 935 20 456 215 975 886 145 270 337 562 94 186 882 565 44 784 505 805 558 71 650 242 686 332 727 772 817 582 117 799 571 819 468 841 
713 63 868 480 53 802 240 168 542 826 79 959 595 484 733 904 370 310 613 546 906 203 927 386 155 413 74 180 408 244 550 743 853 521 157 61 276 72 101 362 285 49 847 170 478 475 738 126 219 995 379 446 633 775 961 712 292 399 427 512 59 16 236 541 761 728 255 859 600 684 28 417 655 304 65 274 661 108 268 957 292 190 947 206 27 
651 966 913 246 980 951 321 65 533 247 230 4 578 961 91 455 29 724 795 229 284 165 519 708 259 589 180 694 545 760 708 587 245 427 605 820 808 192 360 9 539 975 430 721 656 1000 110 45 579 552 935 59 184 925 675 914 615 746 407 13 991 823 770 545 29 750 35 141 210 668 769 73 570 816 175 629 391 528 963 876 841 458 160 383 845 
896 809 754 707 279 264 656 680 52 487 43 235 181 633 351 737 374 788 319 269 929 766 433 97 791 202 170 866 650 80 990 435 739 208 306 708 781 187 48 561 702 989 285 454 334 20 394 384 575 234 928 320 263 838 727 500 972 53 24 5 597 214 592 302 982 69 287 508 177 481 474 681 839 275 330 559 586 584 571 185 718 661 818 681 776 
270 539 679 686 259 518 815 123 684 27 869 208 128 405 462 705 50 568 778 631 873 230 609 749 159 998 553 278 742 245 479 203 519 224 108 163 278 575 435 606 558 3 446 895 988 147 210 152 505 769 285 441 261 120 526 226 694 766 852 978 649 736 660 932 702 552 686 701 875 478 669 292 525 964 6 490 955 349 104 805 446 585 667 753 56 
713 170 570 588 451 565 415 432 336 183 4 584 36 614 279 258 595 757 725 768 87 855 107 216 184 552 94 599 969 734 276 216 261 691 253 26 599 441 300 167 457 276 526 506 540 948 736 671 17 20 228 623 91 158 383 427 648 612 122 525 546 887 722 649 112 652 705 571 526 316 613 191 223 358 138 64 470 261 72 663 281 577 732 827 343 
273 50 68 982 863 520 469 954 256 348 916 616 729 28 997 391 201 744 476 437 715 198 804 965 900 167 826 453 18 668 970 719 455 380 612 135 736 999 159 738 492 245 689 366 751 585 735 642 441 979 515 815 910 544 47 251 875 268 292 399 291 320 235 571 833 588 458 593 192 311 946 719 676 837 903 1 101 341 470 878 175 57 369 676 946 
67 967 594 677 586 433 881 267 202 70 847 490 14 501 325 748 763 46 807 107 452 825 310 823 31 430 824 141 237 465 603 221 273 981 437 304 905 784 739 830 216 108 840 1 884 666 508 675 644 906 201 18 98 325 670 881 612 258 335 265 830 304 689 645 953 647 472 449 404 805 964 568 352 929 997 315 138 431 649 843 237 384 803 601 863 
710 368 927 400 231 300 654 844 674 113 968 743 176 117 760 224 114 684 383 316 337 315 530 247 516 168 632 828 410 729 572 298 294 422 419 614 531 956 197 525 718 972 82 223 848 278 26 918 165 997 318 398 967 622 325 215 511 497 331 178 951 783 424 571 944 868 571 945 594 79 454 793 791 940 537 300 735 133 728 228 167 675 493 325 530 
863 185 718 165 685 114 125 333 897 622 4 852 748 428 894 558 231 201 85 323 210 452 181 99 406 737 568 769 497 3 376 152 157 51 866 574 741 948 669 622 886 935 975 679 437 463 743 694 675 762 292 138 807 991 48 302 167 415 668 992 9 647 336 673 542 763 660 890 843 142 443 153 784 376 910 450 523 228 219 864 709 206 802 297 988 
5 468 753 952 487 356 195 880 283 41 455 125 636 353 634 675 40 141 373 864 707 778 538 94 976 386 971 941 800 124 18 994 409 717 838 781 360 314 972 594 105 892 591 257 960 905 551 940 841 998 659 574 317 294 899 919 550 857 966 887 855 182 104 297 91 301 14 341 728 23 472 924 604 846 92 66 303 998 662 874 651 349 552 914 719 
709 798 2 67 378 45 646 174 452 641 929 242 793 634 205 215 290 322 499 394 79 142 888 118 449 871 840 971 753 515 204 522 987 257 586 355 253 199 777 914 543 774 700 136 671 768 474 62 249 745 488 946 271 928 900 629 238 726 466 37 202 762 275 148 715 738 725 98 980 848 177 4 835 895 736 125 966 46 625 949 499 386 585 863 839 
681 513 833 854 963 792 241 318 751 718 199 369 796 56 161 237 72 405 12 99 401 789 301 738 458 752 14 162 39 599 152 986 370 650 991 413 331 903 710 913 375 358 137 948 955 811 691 966 697 828 687 149 936 547 445 556 693 606 305 21 97 288 150 750 421 320 526 940 879 1 215 197 941 322 961 319 556 195 347 423 468 714 749 280 505 
690 242 740 451 344 623 565 713 212 771 701 197 454 902 938 829 835 492 445 322 982 845 496 373 745 864 256 885 801 797 940 446 911 385 865 745 287 665 674 888 268 673 118 915 77 750 324 700 288 62 857 952 526 722 265 654 993 357 648 501 537 468 321 832 580 686 915 850 712 292 471 630 237 509 41 428 899 857 491 326 240 948 396 537 180 
378 559 442 373 645 710 612 995 154 511 86 155 137 134 986 720 201 376 519 529 731 102 509 210 852 215 854 819 234 780 818 415 559 241 165 280 729 940 221 243 743 890 406 917 41 708 488 814 68 468 762 263 521 400 712 832 607 242 715 720 470 377 495 426 295 240 11 21 391 614 535 160 363 590 593 529 757 607 873 723 697 341 534 680 225 
5 72 362 648 504 85 304 545 210 223 229 94 625 116 424 290 299 158 721 257 877 711 945 116 535 371 497 19 973 4 746 772 934 633 388 995 413 626 56 389 19 729 957 614 659 388 921 48 189 375 33 333 625 274 90 908 435 807 891 591 218 494 391 59 253 416 897 368 340 770 319 25 695 922 771 665 293 733 403 769 308 3 815 316 484 
54 380 464 377 363 841 661 359 26 871 283 69 260 325 80 721 867 517 80 105 830 971 473 444 577 891 377 192 349 828 543 534 84 817 82 607 186 824 120 209 419 676 114 645 773 585 175 114 860 649 722 868 68 29 157 217 576 253 514 919 246 127 30 806 730 372 546 28 68 990 637 77 752 118 681 71 853 502 888 843 721 257 152 124 635 
172 220 719 563 820 767 696 446 772 234 639 576 886 804 913 855 624 464 98 346 164 912 336 853 678 892 545 855 631 2 335 622 573 40 848 904 942 681 173 420 958 952 84 657 818 475 695 338 910 87 61 595 535 367 66 258 522 693 78 329 255 942 151 789 822 40 762 263 432 10 423 794 653 851 12 143 410 547 356 304 794 633 149 371 774 
676 199 556 74 373 323 540 496 851 931 921 566 330 995 160 654 939 236 41 946 159 137 171 70 7 475 393 965 527 919 485 849 206 461 632 658 97 341 315 950 288 301 233 162 408 291 922 870 595 214 870 600 286 845 320 950 205 279 771 984 548 255 771 431 105 751 51 4 116 680 414 25 491 201 363 151 232 777 488 908 334 17 936 649 798 
324 891 107 391 936 634 935 84 696 87 704 977 118 56 685 311 757 910 58 671 338 802 226 282 970 480 635 980 727 178 1000 415 579 588 347 990 920 199 571 390 414 74 478 802 663 422 661 898 6 23 594 46 636 660 754 991 684 346 753 929 935 643 687 791 213 381 973 2 977 191 528 811 906 923 449 974 769 836 284 431 201 827 8 453 201 
349 601 55 150 570 685 804 778 36 795 138 116 578 536 343 701 198 790 143 660 275 843 987 504 363 562 834 376 772 358 989 713 638 520 813 433 193 687 823 909 798 787 585 128 647 6 309 200 827 6 848 556 83 547 431 672 968 474 617 284 718 357 311 99 366 925 439 163 363 660 689 785 340 617 55 727 291 330 203 246 19 969 800 532 630 
245 143 520 216 319 587 88 513 767 236 771 499 874 970 130 941 788 787 837 999 564 688 305 542 567 756 907 260 989 736 997 899 519 514 321 598 761 18 181 397 134 456 212 433 914 337 679 716 777 204 848 308 259 417 772 806 979 985 659 142 448 402 904 146 185 324 378 976 669 816 189 913 839 876 532 517 913 53 276 112 475 522 882 463 547 
551 645 975 457 592 260 856 763 371 258 710 971 152 978 852 733 923 388 703 409 799 527 488 830 343 138 907 434 620 566 875 556 345 52 449 533 245 914 809 151 93 511 574 741 273 541 467 935 183 902 580 952 435 351 413 960 909 464 347 543 139 366 219 401 139 541 993 837 444 362 669 84 141 409 384 947 387 312 920 49 577 648 533 367 604 
208 546 369 751 762 701 198 453 340 481 232 886 321 83 645 670 424 43 231 898 577 235 318 611 220 26 817 399 923 95 811 886 6 922 221 188 731 348 44 896 56 645 91 702 946 530 573 840 60 321 677 957 57 455 846 54 646 760 264 943 813 508 852 482 129 925 297 852 135 992 664 27 56 126 643 495 310 341 472 82 52 912 501 744 871 
683 688 371 784 521 180 356 719 808 265 399 510 888 752 842 411 326 938 237 822 727 988 203 870 505 218 218 362 928 301 698 157 366 709 395 984 320 341 210 478 755 682 795 632 691 839 513 753 755 459 320 284 396 964 271 47 760 636 476 860 689 884 941 666 763 557 98 546 43 715 548 498 771 231 998 33 300 739 125 492 162 607 608 171 782 
423 491 504 294 943 195 385 521 460 412 146 139 655 600 243 393 803 702 357 791 228 510 805 310 764 89 751 333 267 227 392 614 941 671 90 174 473 662 595 904 180 581 632 278 113 790 560 297 711 694 848 345 649 767 972 345 934 482 315 240 394 720 703 121 369 848 494 205 132 352 276 928 145 567 980 76 604 204 269 459 848 325 212 886 946 
891 5 687 724 429 98 394 457 398 763 682 233 279 543 348 953 947 662 705 245 56 531 245 136 613 432 132 935 448 507 381 275 380 34 579 4 193 488 324 27 695 211 67 481 847 471 295 609 906 590 736 956 528 33 675 346 947 757 262 219 977 922 862 195 142 545 221 582 847 557 524 800 845 616 382 9 561 216 631 940 913 640 589 578 903 
576 594 906 829 293 379 184 826 210 898 667 205 524 619 976 388 551 34 346 592 950 700 325 560 443 375 402 17 924 983 136 467 285 636 668 298 531 579 587 910 433 630 334 670 843 226 705 729 495 902 933 924 835 279 802 119 911 958 303 811 493 198 845 15 569 213 223 699 909 770 773 840 467 812 439 789 789 608 126 410 296 450 776 363 699 
560 65 308 607 897 226 811 733 698 75 392 316 789 258 832 267 860 406 335 309 821 154 314 580 394 601 978 670 700 778 642 82 27 145 269 328 488 257 323 202 293 997 643 973 342 677 181 95 369 235 843 279 10 832 578 255 501 743 113 217 723 430 520 211 879 874 299 916 181 687 793 804 93 492 253 443 508 621 479 285 635 231 997 996 942 
796 934 160 574 25 662 188 752 299 401 232 28 381 327 463 96 816 849 88 730 48 809 694 487 642 589 805 407 105 850 523 702 91 281 686 273 71 987 207 112 849 924 757 634 174 230 720 601 137 179 276 136 316 293 25 690 244 866 350 328 603 902 674 127 567 416 689 827 24 550 104 657 184 162 157 1000 100 109 927 107 856 470 43 980 383 
269 26 227 639 398 298 355 57 876 760 349 171 745 537 681 884 465 644 145 322 431 167 499 451 197 83 25 480 953 303 955 236 594 284 876 713 554 326 698 659 309 8 561 354 287 809 663 500 637 85 922 684 181 54 666 571 720 514 528 117 642 455 892 197 254 971 623 316 989 135 282 506 815 331 790 624 652 421 115 940 399 941 229 431 781 
96 680 227 924 476 615 739 980 475 395 924 430 578 992 417 448 603 20 513 873 78 246 423 564 845 548 540 365 546 82 492 786 297 175 376 966 978 494 895 404 932 194 792 84 873 911 210 895 944 161 936 903 545 407 691 806 618 981 141 118 624 495 975 684 314 508 585 505 7 730 507 493 185 621 849 493 832 687 61 207 864 516 148 243 721 
56 95 710 780 566 478 341 844 738 467 123 234 676 733 308 661 763 364 221 781 137 186 159 86 562 31 823 622 905 567 470 799 774 299 995 263 762 914 542 174 335 471 411 488 266 780 407 199 510 11 560 745 444 883 128 135 833 648 317 662 30 302 970 504 656 240 985 567 571 40 315 940 825 331 743 956 849 15 607 709 266 622 906 296 164 
153 605 375 665 685 760 165 302 285 395 576 458 684 775 270 723 525 990 29 655 431 966 554 494 959 365 901 266 535 994 556 294 426 147 290 840 276 324 524 178 649 725 18 108 362 865 936 172 505 164 855 337 377 151 622 82 98 735 190 611 37 359 21 160 470 300 662 52 579 782 137 414 72 910 504 522 905 503 88 984 317 919 792 597 185 
729 232 684 990 454 422 416 528 251 770 945 931 737 448 501 2 112 303 643 224 780 399 303 964 883 914 237 88 736 105 404 938 336 646 146 769 112 775 79 936 344 756 556 659 623 829 662 321 765 90 376 548 373 950 900 698 349 786 194 357 465 649 971 497 263 303 350 458 913 957 799 945 782 562 531 205 6 77 395 151 904 477 934 765 389 
110 797 897 701 741 427 401 290 438 25 504 461 150 737 394 866 585 345 304 929 160 320 460 632 530 654 240 878 373 106 810 241 316 759 374 239 280 159 305 953 412 480 132 761 474 314 499 607 603 669 192 88 291 747 81 389 620 122 373 123 388 854 600 229 714 420 830 648 201 105 489 271 784 617 787 967 783 106 411 492 272 207 89 775 570 
20 161 456 591 13 607 19 159 346 796 723 755 614 536 590 589 194 837 150 822 548 922 150 4 434 358 200 189 887 844 265 127 553 316 456 423 498 946 152 626 271 126 562 566 583 263 637 163 193 736 387 448 694 571 524 950 659 910 366 616 309 280 381 9 407 249 436 878 628 563 273 702 395 140 697 77 894 835 326 186 225 355 703 399 290 
259 429 181 383 22 579 470 236 747 742 743 696 975 7 907 969 442 963 189 394 945 1 270 470 842 704 98 884 597 231 122 950 316 916 455 939 464 782 362 355 567 473 331 402 714 952 679 207 340 215 427 427 508 38 373 600 382 449 165 537 99 943 267 296 49 642 1 772 79 44 274 778 952 771 818 265 692 679 829 872 104 404 463 233 733 
488 142 455 309 600 749 278 162 757 295 297 610 732 500 756 34 160 358 399 71 217 59 199 310 95 416 655 333 189 958 40 356 484 873 600 962 659 950 974 526 990 339 604 533 537 766 803 871 452 210 901 260 266 530 65 592 390 216 77 154 460 776 1000 308 877 859 408 249 318 662 25 883 924 738 104 659 451 647 602 841 661 96 999 790 517 
310 148 923 122 797 856 412 999 788 816 886 246 352 396 467 812 181 508 358 991 793 788 530 806 703 489 596 860 918 6 45 570 922 10 156 110 198 100 582 482 531 406 409 768 397 791 323 631 822 547 170 275 238 81 360 60 59 730 684 545 566 542 488 200 623 873 456 241 882 762 893 483 166 287 89 886 912 402 454 112 580 877 481 411 710 
605 988 949 318 957 803 12 594 217 917 593 287 831 741 244 442 919 352 123 295 68 649 584 252 97 921 148 674 629 317 145 628 309 810 647 364 648 984 2 159 691 350 138 489 98 550 997 714 836 915 634 142 917 117 193 294 86 326 580 937 652 330 530 668 679 569 58 831 475 120 332 750 166 344 202 674 173 584 783 558 807 381 71 860 718 
754 643 923 1 398 130 357 407 925 255 839 310 192 65 12 525 770 164 822 724 112 533 676 42 182 288 875 680 478 484 970 606 260 441 707 478 249 787 753 851 231 746 678 595 635 573 401 947 171 118 450 423 746 43 900 666 464 332 581 159 171 988 608 24 778 204 918 117 55 92 969 902 155 423 337 728 816 862 716 925 849 136 981 873 169 
242 158 551 644 550 621 612 443 548 40 578 484 419 834 653 320 928 116 262 327 61 253 553 866 958 253 395 189 478 617 58 405 198 745 595 566 480 634 453 132 859 576 716 909 993 607 63 787 804 9 666 859 507 954 139 487 649 299 290 884 216 61 935 617 167 219 376 129 587 202 853 621 800 305 955 689 813 566 132 405 19 642 333 723 655 
198 941 672 849 256 554 54 629 461 939 555 977 261 70 362 319 176 5 861 823 975 335 980 471 937 56 190 268 938 864 800 850 275 356 203 364 504 435 411 766 883 196 186 892 83 151 569 683 583 312 951 302 118 563 500 330 64 401 242 256 804 659 254 509 742 80 948 911 169 826 726 678 488 147 787 417 283 396 404 351 343 953 434 329 551 
839 343 272 5 78 111 254 486 687 591 493 784 700 561 123 456 603 649 37 266 403 7 794 727 996 414 494 38 182 677 284 37 669 762 537 748 285 826 460 280 224 883 349 525 193 692 779 835 527 859 871 54 44 809 591 485 851 242 652 676 385 460 634 651 828 555 778 64 836 590 335 819 547 852 617 924 870 377 597 322 543 676 116 662 670 
555 969 562 957 190 2 327 681 921 709 625 259 965 558 266 688 743 76 355 931 711 499 391 174 984 41 556 43 646 932 490 44 792 902 439 806 660 354 281 776 927 681 852 650 204 885 573 631 765 452 647 167 430 193 865 433 683 812 285 852 779 330 316 993 38 169 788 913 623 440 585 220 706 281 764 906 923 692 895 746 970 164 198 920 374 
240 85 323 738 437 436 780 94 558 728 112 336 377 498 348 413 492 373 708 522 12 494 482 537 867 666 76 914 395 70 338 388 810 888 807 272 759 134 254 618 772 72 195 835 32 343 533 101 583 935 989 398 267 790 409 249 22 744 364 482 995 346 592 854 559 281 228 128 134 60 947 780 277 394 520 343 85 1000 774 512 580 449 951 786 917 
9 4 5 2 7 1 1 3 9 1 8 1 4 10 10 2 5 2 5 5 8 1 6 4 5 5 7 9 9 7 7 1 4 1 3 7 5 7 3 6 3 10 5 6 7 8 10 1 7 7 5 3 5 1 10 1 6 9 5 3 9 1 9 10 9 9 2 4 3 6 1 3 1 3 8 8 5 7 9 2 6 7 3 1 1 9 5 3 5 6 9 4 10 8 3 10 
4 2 2 5 5 2 7 9 6 2 5 10 3 2 6 3 6 9 6 4 7 3 8 3 10 2 3 10 8 5 9 6 8 6 5 3 4 3 10 1 8 4 5 6 4 5 7 7 3 3 1 3 4 4 4 6 1 4 3 1 1 3 1 5 5 9 1 9 3 9 9 5 4 7 8 8 6 7 7 1 9 3 10 3 4 2 10 1 4 3 4 9 2 1 3 6 
4 4 3 7 3 9 4 10 3 6 5 6 6 7 4 2 10 2 9 1 8 9 3 4 8 9 3 5 5 5 10 10 3 10 5 9 5 3 9 10 5 7 9 10 6 2 7 10 8 8 5 4 7 3 2 3 4 1 2 10 5 8 1 8 2 5 3 9 9 7 5 4 3 9 4 2 8 9 4 9 9 5 7 1 1 7 6 10 10 6 5 10 5 7 4 8 
7 7 5 7 10 4 2 8 10 7 9 6 2 1 8 8 6 2 1 2 9 8 4 9 7 6 1 8 2 3 10 4 10 10 7 1 2 8 3 1 7 9 7 10 1 2 8 3 1 5 9 3 10 1 10 6 8 7 9 2 4 1 9 9 5 4 3 9 10 2 5 1 3 1 7 1 5 9 3 10 6 9 7 3 10 9 7 10 2 2 6 9 7 7 9 4 
8 10 2 1 5 10 10 5 8 10 6 7 7 5 6 8 9 3 4 2 6 5 3 6 2 7 3 8 10 3 5 7 6 8 9 8 7 3 2 6 8 5 1 10 9 3 6 3 6 3 1 2 9 1 8 8 3 10 6 2 4 9 8 10 9 3 9 1 9 5 10 1 1 9 10 8 9 9 7 6 9 8 10 1 6 4 4 6 7 2 7 7 2 10 7 4 
1 4 1 8 3 6 4 7 2 1 7 9 5 1 3 5 10 3 5 1 3 2 6 9 3 2 8 10 2 10 1 2 2 9 9 3 9 8 8 6 6 1 5 3 4 3 9 7 3 3 3 2 1 9 9 6 2 8 9 1 3 6 4 3 3 6 6 3 10 3 4 1 3 5 9 9 3 7 5 4 1 4 3 7 2 1 4 4 10 10 8 3 3 8 2 7 
10 10 8 4 6 5 2 5 3 7 4 4 2 9 4 2 9 9 8 8 8 7 8 10 9 5 10 8 5 6 1 8 7 7 4 5 9 5 7 8 10 1 1 6 5 3 5 10 3 5 8 10 5 7 9 10 1 5 9 6 3 2 9 1 8 10 1 5 9 4 10 7 1 10 4 4 7 7 10 5 4 7 1 7 2 5 10 2 3 1 9 5 6 3 2 8 
7 7 1 8 10 4 8 7 5 10 2 5 10 7 10 6 2 9 1 1 9 8 7 3 10 5 10 10 4 5 3 8 2 4 2 2 10 2 7 3 6 6 5 9 1 6 4 9 9 4 2 10 7 6 7 5 7 10 8 10 2 2 9 6 7 8 4 1 9 4 1 9 3 2 7 10 5 1 7 9 7 2 1 2 5 8 9 9 7 9 2 2 8 5 7 3 
7 9 6 8 2 5 2 5 6 5 4 8 6 10 5 6 7 6 8 8 2 7 7 9 5 5 5 4 7 8 2 4 2 1 2 9 10 3 8 1 6 2 9 4 5 9 9 7 9 7 7 1 2 8 4 8 8 3 2 8 7 10 1 9 2 4 8 5 2 8 4 10 4 6 4 4 1 6 1 8 1 5 7 7 1 7 1 8 3 5 6 6 1 3 8 7 
4 9 2 9 10 5 7 4 8 5 2 7 4 7 1 3 7 8 1 1 4 6 9 2 7 3 10 5 3 10 3 2 8 7 10 4 2 3 4 8 3 5 8 4 4 6 8 1 10 5 5 3 4 5 7 5 6 2 2 4 7 4 2 10 4 4 1 5 6 5 2 5 2 1 5 6 5 9 10 6 1 6 2 1 5 5 7 4 3 3 6 1 4 4 6 2 
1 5 3 1 3 5 3 9 6 2 8 6 7 4 8 1 3 10 9 6 6 4 9 5 9 10 10 6 1 5 9 2 4 7 4 10 5 9 10 2 3 6 6 3 1 9 10 5 2 1 10 4 6 5 4 1 1 4 2 4 8 9 1 7 7 8 9 9 5 3 4 8 10 3 1 4 1 8 5 3 10 7 8 4 5 1 8 8 8 2 4 4 3 9 9 2 
8 2 4 7 8 2 5 9 8 10 4 7 8 2 8 7 10 1 9 2 4 9 1 7 2 1 2 7 1 6 6 7 1 3 6 9 6 9 10 4 5 7 4 4 2 3 4 4 3 9 2 5 7 5 7 10 1 4 8 5 7 10 7 2 3 9 8 1 2 2 1 4 1 4 9 3 5 4 1 2 1 4 5 1 8 3 5 10 4 8 2 8 9 6 3 7 
6 2 1 3 8 3 10 1 5 2 6 5 2 4 3 8 7 10 2 8 7 3 8 6 5 9 9 3 8 7 3 3 1 9 4 7 9 3 3 10 5 7 8 3 4 6 3 6 5 2 8 7 9 5 6 6 6 2 8 5 2 1 2 9 10 1 7 1 5 10 7 8 10 3 8 4 7 5 7 1 5 4 10 6 6 2 9 6 1 5 7 2 9 4 8 5 
7 7 10 5 8 5 5 5 5 10 8 2 8 6 3 2 5 3 2 7 3 3 3 6 1 1 7 9 6 6 8 2 7 1 10 10 4 5 1 10 7 4 5 1 5 4 3 5 9 8 7 4 3 4 3 1 9 2 3 1 10 2 10 9 6 5 10 9 3 2 6 6 10 6 4 8 5 8 10 6 9 7 6 3 6 4 10 7 9 6 5 3 9 10 7 8 
5 1 2 7 3 9 7 7 7 1 6 7 9 2 3 5 3 10 7 5 7 1 8 1 2 9 4 3 9 6 5 1 2 7 1 2 7 2 4 2 6 3 8 8 5 1 10 4 1 5 8 4 4 5 4 7 8 9 3 8 7 8 2 8 9 9 10 10 5 8 5 2 3 6 6 4 2 9 10 8 5 2 10 7 1 1 6 2 6 9 9 6 7 5 10 4 
4 7 6 8 6 5 6 4 7 8 9 7 8 3 4 3 4 6 2 8 1 7 6 10 2 6 3 4 9 3 10 7 5 2 4 6 5 1 3 4 6 6 9 4 8 4 2 9 3 3 10 6 3 2 8 3 3 6 9 9 4 5 7 9 3 10 7 2 4 5 8 7 10 2 9 7 9 5 3 1 7 5 6 7 5 7 7 3 2 10 6 3 10 8 7 5 
3 5 9 7 3 1 7 5 5 10 6 4 9 7 4 5 1 6 9 8 6 7 7 7 6 2 2 9 3 8 5 2 5 1 5 5 2 1 1 5 2 10 5 5 7 6 4 5 7 9 3 5 9 7 4 2 1 10 1 10 3 3 9 5 4 5 9 2 7 2 6 8 2 7 10 8 3 1 1 1 1 4 6 4 2 7 6 8 8 10 8 2 2 3 10 7 
3 8 3 8 9 5 6 2 8 5 3 1 2 7 9 10 10 7 7 1 5 9 5 3 1 6 9 7 4 6 1 1 10 9 3 5 6 2 7 10 5 5 8 8 5 4 2 4 9 2 10 7 3 6 6 7 10 7 6 1 5 2 1 10 10 9 5 9 7 4 2 1 8 8 10 6 8 1 5 4 2 8 8 1 4 5 4 3 2 9 9 5 6 4 5 3 
9 8 4 5 4 1 5 4 8 9 4 4 5 10 3 7 5 1 1 4 6 7 7 8 9 7 3 9 4 10 6 9 9 4 5 2 8 4 10 1 1 10 5 3 6 8 1 4 8 7 5 6 9 8 8 1 9 8 8 7 4 6 6 8 6 8 1 6 8 8 5 1 5 7 6 6 9 9 1 9 6 1 1 10 2 6 10 9 5 7 1 4 7 2 9 2 
5 5 5 1 8 1 9 2 4 7 3 5 2 4 5 6 5 1 3 2 3 5 7 1 9 7 9 9 5 6 4 4 1 8 4 8 7 10 4 9 5 2 9 5 1 7 5 3 2 3 4 4 9 9 5 1 7 6 3 10 10 8 7 9 2 3 4 2 1 2 6 8 7 9 5 6 10 1 5 2 2 4 2 8 7 6 4 5 1 1 9 4 7 3 6 2 
6 7 5 2 7 4 8 8 8 8 10 2 4 8 2 9 8 7 6 7 5 8 10 7 7 4 10 7 3 5 2 5 1 1 6 1 9 9 4 4 6 1 9 3 10 9 8 9 6 9 2 6 2 9 1 10 1 7 9 10 3 9 3 8 7 7 6 6 7 1 6 8 3 9 7 2 4 5 2 8 10 7 8 3 9 6 8 2 8 4 5 2 5 5 5 7 
4 1 8 4 3 7 7 1 8 5 8 5 6 9 8 9 3 3 10 3 10 10 4 10 1 7 9 4 1 7 10 8 1 8 8 2 1 6 4 9 8 10 8 1 1 9 1 8 10 7 6 2 3 9 2 10 8 8 7 5 6 3 9 9 6 5 6 5 4 9 8 10 10 8 2 7 7 4 4 6 7 10 4 10 3 6 9 2 10 9 3 8 9 2 7 6 
2 7 5 6 3 10 3 7 8 7 2 9 9 6 5 5 7 9 10 9 5 10 5 9 6 1 2 1 1 3 3 1 8 3 6 3 6 4 4 5 5 8 2 8 8 3 9 6 7 5 3 10 1 10 3 1 4 2 4 2 10 8 7 6 2 3 9 4 10 3 4 8 2 7 7 6 6 5 7 4 7 5 1 5 6 3 8 2 10 5 10 1 3 10 10 9 
1 1 4 10 10 3 2 4 6 10 3 3 1 5 10 6 10 3 1 3 1 8 1 3 5 4 1 10 3 2 1 10 9 10 9 1 7 7 4 5 3 5 3 9 8 3 1 9 8 3 5 3 4 9 8 10 2 3 10 9 10 10 7 8 4 7 6 2 3 4 4 9 1 2 7 4 10 1 5 9 4 10 4 10 5 4 10 7 7 7 3 8 10 8 8 10 
3 6 6 2 7 7 10 8 8 8 2 5 2 4 10 9 10 6 8 5 4 3 6 6 1 6 4 5 9 8 9 1 9 10 4 1 6 4 4 5 3 3 5 9 5 4 2 2 10 4 7 7 1 8 10 1 7 5 5 5 1 6 5 8 5 3 3 7 8 8 9 1 1 7 2 3 7 1 4 5 8 3 6 3 7 5 7 5 4 7 9 7 8 7 4 5 
10 1 7 1 4 8 7 2 2 7 9 10 6 5 3 3 2 8 5 4 3 9 1 9 2 10 10 9 1 10 2 1 1 8 7 3 2 7 9 1 8 10 2 7 7 3 4 7 1 9 9 5 7 10 3 6 1 6 1 10 6 8 7 7 7 6 7 1 6 10 1 8 10 4 4 7 4 5 3 2 9 7 10 6 10 7 8 9 4 10 9 7 4 1 9 7 
9 5 4 9 3 6 6 1 5 4 4 7 9 1 8 4 6 7 5 8 7 6 10 5 8 7 8 8 5 3 9 3 3 4 10 5 8 10 1 3 2 2 6 5 7 3 1 10 4 3 2 6 10 2 3 2 1 6 2 5 4 4 8 6 9 1 4 9 10 4 6 1 7 1 2 1 7 8 1 2 5 9 8 6 5 1 7 3 6 4 4 1 1 2 1 2 
8 5 8 4 1 6 9 10 5 7 10 6 9 2 5 8 5 9 2 1 10 4 1 8 7 8 2 3 2 4 8 9 5 5 8 9 8 5 5 6 6 10 6 1 2 3 8 5 1 3 1 3 2 7 5 5 10 4 5 4 2 2 2 7 3 8 7 5 9 2 8 7 3 8 5 9 7 4 7 8 1 9 4 10 7 9 9 6 10 6 7 3 1 1 2 5 
4 8 2 6 3 3 1 6 7 10 6 8 5 6 2 5 7 10 9 3 3 6 9 6 7 7 6 7 1 7 10 10 5 3 2 4 7 9 5 6 1 1 7 7 10 2 8 6 7 8 3 6 7 7 7 2 2 7 9 1 4 4 8 3 2 6 4 2 10 10 8 8 7 5 8 9 4 10 7 6 6 6 6 2 7 8 5 9 10 7 7 8 7 4 8 5 
2 9 9 7 10 6 8 10 6 8 1 1 4 3 10 2 6 9 3 4 5 2 2 1 10 1 7 3 5 8 1 2 8 7 3 8 1 4 9 9 1 7 1 10 7 4 7 4 8 6 4 7 4 5 10 2 8 3 4 7 6 4 1 8 3 4 9 10 2 8 5 2 7 6 9 8 1 5 5 9 8 6 8 5 2 1 10 10 2 9 9 3 8 6 10 2 
2 4 2 7 3 6 6 1 10 1 3 10 5 9 9 3 3 5 4 5 1 8 3 10 3 7 3 2 1 8 4 10 10 9 7 4 4 3 2 6 10 10 3 7 1 4 1 2 9 1 7 8 8 7 1 7 1 10 5 10 5 7 7 3 5 9 10 7 7 3 8 5 2 6 3 6 9 4 7 4 10 7 7 1 10 9 3 1 7 6 8 10 4 7 6 5 
9 3 4 1 10 3 2 8 2 8 9 10 3 1 4 6 4 1 9 9 8 3 10 4 4 9 7 5 1 1 8 1 3 10 8 8 4 5 7 9 6 8 1 8 1 2 5 7 5 3 6 5 2 9 9 5 10 8 6 4 9 9 9 3 9 3 1 3 10 5 5 6 9 3 6 5 10 7 1 5 2 1 4 10 2 1 6 2 8 9 9 10 3 5 6 6 
8 10 3 2 5 5 4 6 9 10 5 2 10 1 2 3 9 5 6 7 7 3 3 2 4 9 3 9 6 5 2 2 5 7 10 3 1 5 10 7 6 5 1 4 4 5 4 9 5 7 6 8 9 4 5 6 8 6 3 2 3 10 10 5 3 7 9 4 9 2 5 4 8 5 6 8 6 1 1 10 5 2 4 7 3 10 5 9 2 2 1 9 4 8 10 10 
6 10 2 8 8 1 1 10 3 6 9 5 4 3 4 3 10 7 7 9 9 7 6 4 3 2 4 10 2 8 8 4 5 3 1 6 1 4 6 6 6 5 3 3 2 8 2 8 4 10 7 2 4 7 8 7 1 6 8 10 7 3 3 1 5 8 10 10 8 6 3 7 5 1 7 5 8 6 3 10 10 7 6 4 10 2 5 8 10 5 9 5 5 7 10 7 
6 3 1 8 10 10 7 1 2 2 7 2 1 3 6 10 2 3 5 3 9 10 7 9 8 1 5 1 1 4 1 8 3 7 6 5 7 1 9 1 1 6 10 10 1 4 8 6 7 2 10 4 6 4 3 1 3 8 7 10 2 3 10 6 1 9 5 1 1 1 6 4 9 6 6 8 3 6 5 8 6 4 5 4 8 9 3 3 8 8 6 3 8 2 9 9 
6 9 2 8 1 10 9 8 4 1 9 6 3 3 8 8 8 2 1 9 5 7 9 8 2 10 4 6 3 5 10 3 4 5 10 3 9 2 10 2 4 7 7 3 2 1 7 5 6 1 10 10 4 3 1 3 2 3 7 9 7 6 7 10 10 4 9 2 2 7 6 3 4 9 9 3 7 7 5 9 1 7 9 6 9 8 10 7 2 9 8 2 9 7 9 1 
8 8 4 8 10 8 6 3 5 3 1 1 2 4 8 1 1 2 10 3 8 6 4 10 7 4 3 5 4 1 4 8 1 6 2 2 5 6 6 7 2 5 10 3 6 5 4 9 6 8 6 8 3 9 1 3 7 4 3 1 7 5 7 1 1 2 7 10 9 1 3 3 5 5 3 3 5 10 7 8 6 1 7 3 3 5 7 1 9 5 2 2 3 9 1 8 
3 2 6 1 6 1 6 5 10 7 2 10 1 4 8 3 6 9 1 10 5 8 7 3 4 1 9 10 10 1 6 7 9 4 7 3 4 6 7 10 4 6 7 7 8 8 10 3 5 10 3 9 10 3 5 3 8 3 2 1 1 4 4 3 9 4 6 6 6 3 3 10 10 5 1 10 7 7 1 9 7 7 8 9 3 8 9 3 6 3 4 1 6 2 6 9 
5 7 2 9 4 6 8 6 6 2 2 5 8 7 10 7 9 8 8 6 10 8 7 4 1 10 8 4 10 9 10 7 6 4 7 1 5 6 9 7 2 4 2 2 3 8 8 8 3 2 2 1 6 4 6 10 4 6 6 6 3 5 1 8 2 2 9 1 10 10 1 3 10 4 1 1 3 1 9 5 5 1 4 5 10 7 8 1 9 8 1 9 3 3 6 10 
9 7 8 9 6 2 9 3 5 7 7 3 8 8 3 5 1 5 2 6 8 2 1 5 1 8 6 7 5 7 7 6 7 1 4 5 9 7 3 3 1 3 2 1 8 7 10 6 6 2 1 4 3 7 7 3 4 3 10 7 7 2 10 7 7 4 4 4 8 5 4 5 6 6 5 2 5 2 2 9 9 9 5 1 9 4 8 7 2 2 4 9 1 4 2 2 
8 7 8 7 6 2 6 7 6 7 7 10 7 9 10 4 3 9 10 7 8 1 10 9 9 9 7 1 6 2 1 7 2 7 8 2 4 6 10 5 9 10 2 8 2 2 10 10 10 9 10 3 2 1 7 7 1 5 7 10 1 8 6 7 8 7 7 10 8 3 9 7 8 3 10 9 10 10 1 1 5 9 4 1 5 1 4 6 1 6 5 3 5 10 10 6 
8 2 5 2 3 2 3 1 2 5 2 7 2 5 10 4 4 6 4 7 7 3 3 6 6 10 2 1 4 9 1 4 4 4 6 9 1 4 3 3 9 8 4 2 1 1 7 3 8 6 2 1 2 7 10 10 8 7 2 1 9 1 6 8 1 6 7 8 5 5 8 4 3 7 3 2 5 2 10 10 6 1 7 9 3 2 2 8 3 5 6 5 2 2 6 5 
4 1 7 5 9 8 6 4 5 7 6 7 1 6 4 2 1 2 8 2 5 2 6 10 6 5 1 10 6 6 4 10 10 9 9 1 9 7 6 2 7 4 8 5 6 7 7 1 8 2 10 2 10 7 5 6 8 1 2 5 5 7 5 9 1 9 9 10 5 1 5 7 9 7 9 8 6 5 8 7 2 8 10 8 10 4 2 4 1 8 1 3 5 6 6 8 
6 1 2 8 7 3 2 7 6 5 1 9 7 10 5 1 8 9 4 1 3 5 9 8 1 8 7 3 5 8 9 7 3 6 2 9 5 5 7 8 3 5 3 7 10 7 8 3 7 7 4 3 10 1 6 1 5 9 4 7 3 7 2 5 9 5 2 3 3 2 2 1 3 6 2 6 2 9 1 3 1 5 6 7 7 1 2 5 6 5 3 8 2 5 6 1 
5 2 10 10 10 2 4 6 5 7 6 7 7 9 5 1 5 5 4 2 1 10 3 5 4 8 7 3 8 10 1 4 3 7 6 7 8 2 7 3 7 10 2 6 2 1 3 2 5 9 7 10 9 8 9 4 4 8 5 3 5 7 6 4 7 3 3 9 10 10 1 7 3 2 1 4 9 8 6 6 5 5 7 2 6 7 10 8 6 5 8 1 7 7 5 2 
4 1 3 5 7 7 4 4 3 7 2 7 10 7 7 10 4 7 1 3 10 4 1 9 8 8 9 10 6 10 2 6 5 8 3 1 9 9 9 5 10 9 2 3 1 10 9 7 8 8 4 4 5 4 6 10 1 7 5 1 4 1 2 6 5 10 4 7 6 9 8 5 5 9 5 5 10 6 6 8 6 2 2 6 2 4 3 2 10 1 1 9 5 10 2 8 
9 8 1 6 9 3 8 5 2 2 10 2 9 4 1 7 5 9 5 10 9 3 6 8 10 7 8 8 9 5 3 6 5 8 10 1 9 10 9 6 9 8 4 5 3 4 8 1 7 9 4 10 8 3 3 2 6 6 8 3 10 10 6 3 9 8 9 4 8 8 8 7 6 2 1 10 8 5 6 7 7 6 1 10 5 3 4 6 3 4 1 9 6 9 2 5 
3 7 1 1 2 4 1 6 4 4 4 2 2 2 5 8 2 3 4 7 3 10 3 8 4 6 10 9 8 6 6 9 9 6 3 5 5 9 10 1 8 8 3 1 2 4 7 7 10 5 3 6 10 1 6 4 4 10 4 2 5 6 4 3 1 9 7 7 10 4 10 4 4 3 2 6 5 9 6 9 8 9 3 3 7 1 2 10 3 6 3 7 9 4 5 7 
10 3 8 6 9 8 6 4 4 9 2 1 5 9 7 2 4 4 10 10 1 7 7 3 8 4 4 6 1 3 6 5 4 5 6 2 1 7 6 3 8 4 9 10 6 1 3 2 10 3 4 8 1 9 4 6 6 7 4 8 8 4 5 10 8 10 7 2 3 9 6 3 6 5 10 8 4 9 6 5 4 10 9 1 10 2 8 1 3 3 7 6 1 6 1 4 
5 3 3 1 5 10 9 2 6 8 8 9 2 4 10 9 4 7 9 5 5 9 5 8 6 10 8 3 10 5 9 6 3 8 4 2 9 1 1 1 4 10 10 6 7 2 10 2 1 4 5 10 2 7 6 5 5 9 5 4 8 3 4 9 10 10 2 7 2 6 7 5 9 4 8 1 10 1 4 3 3 4 3 10 10 9 4 7 2 4 7 2 10 1 9 6 
7 7 6 9 8 8 8 3 6 3 6 7 2 1 7 4 4 9 2 8 8 6 8 4 5 3 7 10 7 4 1 3 3 5 10 5 6 4 5 4 4 9 3 7 9 9 4 9 6 6 1 8 7 4 1 9 6 5 7 4 7 10 2 6 5 9 7 7 4 5 7 2 3 6 3 10 4 1 1 1 9 3 3 10 1 9 6 6 4 6 2 4 9 7 7 9 
6 7 3 6 5 2 5 3 5 6 6 6 2 8 3 7 6 3 1 5 10 5 2 6 1 4 2 2 7 8 5 10 5 6 4 1 9 7 1 5 9 5 10 1 3 5 10 8 6 5 7 5 1 10 6 1 10 3 2 6 8 3 8 3 3 5 9 8 6 9 2 3 4 3 3 1 4 5 3 7 3 4 6 10 5 3 3 6 5 1 4 5 3 8 4 4 
3 6 8 4 3 8 2 10 4 9 10 6 3 9 1 1 9 2 2 1 1 6 1 10 8 6 3 8 3 5 6 3 9 1 6 10 10 10 8 9 1 10 8 10 4 4 8 10 4 1 9 9 4 1 7 10 2 10 6 1 3 4 8 9 7 9 3 7 7 10 6 9 5 8 9 4 10 3 7 3 2 5 2 10 4 5 10 6 4 10 3 6 1 2 9 9 
9 3 6 1 5 5 10 9 7 9 9 2 8 8 9 4 1 2 6 8 2 9 10 7 7 5 6 10 3 9 8 10 1 3 10 1 5 9 2 5 1 5 2 5 7 10 9 9 1 9 9 7 1 7 2 6 2 6 4 3 7 7 4 6 2 1 9 9 5 7 8 6 8 10 1 10 6 8 7 2 4 8 8 1 9 9 9 1 8 6 10 5 3 8 9 3 
10 6 8 2 5 7 6 4 8 5 2 9 1 9 5 3 4 6 10 7 8 4 1 10 3 6 9 6 7 5 5 6 7 7 9 1 7 3 7 5 5 6 7 2 7 4 10 5 6 5 10 10 7 1 7 6 5 7 8 2 3 8 9 7 1 4 9 10 7 7 2 9 9 4 6 5 1 4 4 10 7 9 7 8 8 8 7 1 4 8 6 10 9 2 3 3 
5 10 2 8 10 8 9 1 6 6 9 4 7 6 5 3 7 6 6 7 8 3 1 7 4 4 9 1 10 1 5 7 8 6 3 5 7 8 1 8 2 9 2 5 6 4 2 2 10 4 1 5 5 8 7 6 2 9 9 5 2 3 4 9 8 2 6 7 7 9 4 10 4 2 3 1 3 10 10 3 1 6 5 2 9 6 7 10 8 6 8 6 5 10 8 3 
4 8 8 5 10 4 4 10 3 4 3 10 2 5 9 7 1 4 6 5 1 7 2 9 10 5 3 8 3 2 1 1 4 7 3 3 5 5 6 3 1 4 9 9 6 5 9 2 5 5 10 2 10 8 10 8 8 5 7 8 7 5 6 7 5 7 2 8 3 6 7 7 6 3 3 9 3 9 2 7 4 10 10 5 9 8 3 7 10 8 10 10 2 1 3 9 
5 6 10 8 5 6 2 4 6 9 1 10 2 10 5 10 5 9 2 2 2 3 3 8 5 1 8 8 8 9 5 10 2 4 2 3 8 1 9 4 4 1 8 6 5 8 4 5 6 5 6 7 10 8 4 5 4 9 7 9 6 8 2 5 2 9 5 2 8 1 6 7 7 6 10 3 10 1 10 7 6 4 7 4 5 5 2 2 3 2 8 8 7 1 9 10 
6 8 4 7 2 10 2 1 2 10 3 8 5 8 5 10 3 8 4 2 8 4 2 2 8 2 4 4 1 2 10 9 10 5 10 4 7 7 10 3 1 10 2 2 5 2 6 6 3 4 10 4 5 8 5 3 3 3 8 8 8 7 5 7 6 3 10 6 7 7 7 10 5 10 9 6 2 3 3 3 1 2 8 3 8 3 2 2 2 8 4 3 6 9 10 6 
8 8 7 8 2 8 8 3 10 2 9 7 3 3 5 7 6 5 8 6 3 8 4 3 2 2 1 3 1 4 6 5 3 1 5 1 1 4 2 2 8 10 5 2 10 7 8 6 9 3 9 6 3 3 4 8 7 8 1 6 5 10 2 7 4 9 4 2 3 4 9 5 7 9 1 6 2 3 2 2 4 7 4 7 6 6 3 6 8 6 1 9 10 5 6 1 
1 4 7 4 7 5 1 5 7 2 4 3 7 2 6 7 9 7 5 4 7 2 10 2 7 1 1 5 8 2 1 6 2 2 10 3 5 4 8 5 1 10 4 4 2 8 10 1 8 10 10 6 2 1 9 1 7 4 5 8 5 2 5 1 9 7 2 8 1 7 2 4 4 5 9 2 9 3 4 9 10 3 5 1 5 4 4 6 1 4 6 8 1 2 6 8 
6 6 6 1 10 1 1 7 10 4 10 5 10 9 5 2 6 1 1 2 1 3 4 5 9 4 3 10 2 9 8 2 9 8 1 4 6 10 8 9 1 9 9 10 4 3 4 1 10 3 3 9 1 5 5 5 6 5 2 2 1 4 8 2 10 2 5 5 7 6 3 6 7 5 7 6 8 9 7 9 10 8 10 1 1 3 1 7 9 6 7 8 9 6 9 8 
2 2 8 3 1 1 8 2 2 8 3 5 1 6 1 1 3 9 6 8 10 10 3 9 6 6 6 3 7 1 1 2 5 3 2 5 6 1 2 3 9 1 10 1 3 6 8 9 9 10 5 10 1 4 6 9 7 6 9 8 1 3 2 3 2 9 2 4 1 9 1 2 3 10 9 10 7 4 7 3 10 2 5 5 10 10 7 7 8 4 5 3 10 5 4 5 
10 1 3 5 2 5 1 3 9 2 7 7 2 8 5 4 7 8 2 1 1 4 7 5 6 3 7 8 7 10 8 1 4 7 1 6 9 10 2 6 2 10 8 1 9 4 5 6 5 7 8 4 8 9 6 2 9 10 6 10 9 7 1 4 10 8 4 9 7 9 3 8 8 4 7 6 1 7 6 5 7 10 5 8 10 3 8 10 5 7 4 2 7 10 5 1 
3 6 2 7 8 1 3 10 6 3 10 6 3 4 3 4 4 9 2 6 1 4 10 10 9 7 5 9 7 5 10 8 5 9 4 10 1 1 4 10 7 8 4 9 4 1 1 3 9 1 3 3 1 2 4 5 10 7 7 2 7 1 8 4 10 1 6 9 7 7 8 10 8 9 10 1 10 6 9 2 4 3 6 2 1 8 2 8 3 7 4 1 1 10 2 9 
3 4 4 1 8 10 8 1 10 10 5 5 9 3 5 6 4 8 6 9 1 3 7 6 9 5 6 7 5 6 2 8 5 7 1 9 2 2 5 6 1 3 1 5 1 2 10 5 6 9 9 3 4 10 1 2 2 2 7 7 6 3 7 2 2 1 5 9 1 2 7 4 8 9 9 10 8 3 2 3 7 2 3 4 8 10 8 1 8 9 4 5 6 8 8 10 
7 6 3 1 9 4 3 8 9 4 7 5 6 8 4 8 10 7 5 8 10 4 6 7 8 3 4 9 2 1 3 1 1 3 4 1 1 9 7 7 3 7 3 9 5 6 1 10 7 4 7 2 6 9 8 6 7 2 1 8 1 1 4 4 10 9 7 2 3 6 7 4 9 3 10 1 2 6 10 7 4 5 3 10 4 6 4 8 10 7 3 6 7 5 6 6 
3 1 5 2 5 3 4 5 10 9 9 6 10 8 3 9 5 7 8 5 2 8 2 1 6 2 5 8 5 9 4 2 1 1 9 9 9 10 1 4 4 2 10 5 4 4 3 10 8 6 4 10 2 7 1 3 4 2 8 7 7 10 4 1 6 10 7 8 10 8 6 4 7 8 2 2 3 1 7 9 3 9 2 4 7 1 2 1 4 4 3 7 10 7 8 3 
7 9 2 4 1 6 8 10 9 5 9 1 3 3 9 6 2 1 3 8 6 4 7 1 6 7 1 10 1 3 6 3 2 10 9 9 1 3 4 6 4 1 9 1 4 10 1 2 4 9 6 5 4 10 8 1 2 8 6 10 4 4 9 5 10 8 9 1 2 4 3 9 1 7 4 7 10 4 2 4 2 10 1 3 2 4 5 8 10 6 10 6 4 3 10 2 
7 3 9 6 10 4 9 3 1 2 5 1 2 1 5 9 7 1 9 10 5 1 8 8 9 1 8 10 9 1 7 10 10 8 6 2 1 6 1 9 7 5 1 4 7 10 7 10 1 5 8 2 9 5 8 6 4 1 9 4 2 3 6 8 10 8 7 5 4 4 1 5 5 9 9 10 1 6 3 3 5 6 8 3 4 2 6 3 10 3 8 5 3 9 3 6 
8 2 6 1 2 3 6 10 9 8 7 8 6 2 1 6 7 5 10 10 9 7 6 10 6 2 6 9 6 4 4 5 3 9 5 4 1 2 5 2 8 9 10 8 1 10 6 5 3 2 3 8 5 8 7 6 1 7 1 7 2 10 3 9 8 7 1 10 10 2 3 6 6 10 9 4 6 6 9 9 9 5 3 7 6 9 8 4 9 2 1 4 6 5 5 2 
7 3 3 4 2 9 2 9 3 10 4 4 4 10 6 8 10 6 3 2 7 6 7 8 5 4 5 10 4 7 9 9 10 7 3 1 5 6 1 1 5 1 8 4 1 3 6 10 3 1 3 9 8 2 6 3 4 8 9 6 3 1 10 3 9 4 4 1 8 2 10 9 2 10 10 2 1 6 8 2 1 8 8 10 4 4 2 5 5 2 4 1 9 9 6 8 
1 6 7 3 5 3 9 9 6 5 2 9 5 8 1 5 4 8 4 1 4 5 6 1 1 2 6 1 1 4 7 9 3 10 5 9 2 1 9 10 9 7 3 7 5 2 4 9 3 6 10 9 6 1 6 6 7 2 7 2 8 4 3 6 2 9 7 10 2 8 3 2 3 9 10 9 3 4 10 10 4 3 3 2 3 10 9 8 5 7 4 10 7 1 3 6 
3 5 3 5 2 9 1 4 2 2 1 4 9 10 8 9 8 2 5 9 8 6 7 1 8 4 5 8 4 8 8 10 9 10 1 1 3 2 4 4 10 5 7 9 9 8 8 4 9 4 2 4 10 7 1 7 10 2 4 3 5 7 1 6 7 8 9 6 1 6 9 6 1 7 8 8 2 10 6 9 9 4 9 8 1 1 3 2 2 4 9 4 8 4 7 4 
7 5 3 8 2 10 10 5 2 4 8 7 6 7 10 3 5 9 10 6 10 9 10 5 3 9 10 5 8 9 2 6 3 2 5 10 10 6 10 8 4 10 10 10 1 8 2 8 2 6 4 1 9 4 6 2 8 8 6 3 6 7 4 10 6 2 2 10 2 3 9 1 10 3 7 4 9 8 7 9 3 3 6 6 7 7 7 2 3 4 10 5 7 10 3 4 
3 4 4 1 2 7 5 8 10 7 4 1 6 7 3 8 2 10 2 3 5 6 5 10 6 9 8 6 1 5 2 2 7 3 3 1 6 7 9 7 4 1 10 1 10 5 9 10 3 8 2 4 7 2 7 1 2 9 2 5 4 8 4 8 2 8 1 4 1 1 1 2 2 9 2 2 6 9 1 3 5 4 4 8 10 2 1 7 1 4 5 1 2 7 9 9 
2 6 5 7 9 6 4 4 1 7 3 4 10 2 6 6 4 3 2 4 4 9 1 9 8 8 6 7 10 5 6 10 5 4 10 4 10 2 9 10 4 6 1 10 1 5 4 10 4 3 7 4 6 7 4 1 7 1 8 5 6 4 4 6 2 8 7 8 6 6 2 5 9 1 7 8 6 2 6 10 2 6 1 4 10 2 8 4 7 10 7 8 3 8 6 5 
2 1 7 4 1 2 5 1 6 3 8 6 9 1 1 6 8 3 10 5 1 4 8 1 4 6 10 4 2 9 1 5 10 5 8 9 1 6 6 10 8 6 6 3 4 3 3 3 6 6 8 6 9 4 8 3 5 9 2 5 6 2 9 5 5 2 1 9 5 8 2 3 2 9 9 4 6 5 1 10 9 6 1 9 10 5 1 7 2 8 4 8 3 5 7 9 
2 10 6 9 4 8 8 2 4 3 9 10 6 3 2 10 1 9 6 2 1 7 6 10 6 4 2 5 3 10 5 5 4 9 9 7 4 5 10 2 1 7 4 8 9 7 9 4 4 2 3 2 3 4 7 10 8 10 1 8 5 9 1 1 5 10 1 6 9 7 3 7 9 4 4 10 4 9 4 1 8 2 7 5 3 5 2 6 2 8 5 2 5 9 7 10 
1 1 2 10 1 4 1 5 9 9 4 2 2 8 10 9 8 9 1 4 5 7 7 10 1 2 3 2 10 1 3 3 4 8 10 2 5 2 2 2 1 7 1 9 7 2 3 4 8 5 9 7 8 10 7 7 1 4 7 3 1 7 4 5 2 5 6 9 2 7 5 6 6 10 6 9 2 6 4 3 3 6 8 7 5 6 5 6 7 10 10 1 2 3 10 6 
10 6 8 3 6 9 3 3 2 9 7 3 10 2 6 2 9 10 4 10 1 5 5 3 6 7 10 3 9 9 9 3 10 1 5 8 10 1 5 6 5 6 2 10 10 1 8 2 8 7 6 5 10 5 5 8 1 5 10 6 7 8 7 2 4 7 8 3 8 6 9 5 10 8 5 8 5 3 9 6 8 4 2 10 2 8 1 4 4 3 5 6 9 10 5 8 
4 5 7 8 9 3 6 6 7 4 7 5 1 2 9 4 1 10 5 3 6 3 5 2 8 10 10 10 2 3 4 8 7 9 6 6 8 1 1 5 4 8 7 4 9 1 6 3 1 3 5 6 2 10 4 1 7 8 4 3 7 8 5 10 4 7 6 3 9 4 8 8 6 4 2 6 6 4 6 2 1 9 10 10 9 1 10 9 4 1 6 2 9 10 7 2 
1 7 4 8 7 6 10 8 6 4 9 9 1 3 1 2 1 7 8 4 6 10 1 4 7 7 1 7 6 1 7 8 3 5 9 6 8 4 9 6 9 9 2 6 7 10 3 5 6 2 2 2 4 6 1 5 2 5 2 6 4 8 3 6 2 7 9 3 10 4 6 8 8 6 9 5 2 5 2 2 4 10 2 5 9 7 3 5 6 1 4 9 5 8 7 10 
5 3 5 3 1 9 5 7 5 8 4 10 5 1 10 9 6 6 8 8 8 1 8 6 4 7 3 6 10 5 2 3 1 2 3 2 10 1 9 5 1 3 4 5 5 7 6 5 5 7 7 4 6 7 9 10 1 2 6 3 4 6 8 2 10 3 6 1 5 10 7 4 1 8 3 5 3 7 4 5 4 6 9 8 8 10 9 1 4 2 8 8 8 6 2 7 
2 8 3 9 5 7 5 8 3 7 3 3 10 6 3 5 6 9 8 8 3 6 6 9 10 7 9 7 2 8 9 3 4 1 5 3 7 2 10 5 8 1 5 1 3 8 9 5 5 7 4 10 6 7 9 8 8 10 7 6 5 9 4 2 8 5 4 6 3 1 8 4 4 3 1 10 6 9 6 4 8 6 3 2 7 2 8 8 10 7 4 3 3 7 5 2 
