11 80 36
264 224 190 132 969 265 378 82 143 229 32 159 271 531 305 578 292 119 50 749 943 735 166 994 15 502 564 361 617 480 611 927 16 35 745 809 318 330 759 651 649 611 162 207 700 563 812 422 25 495 683 134 515 480 22 966 892 866 310 152 296 872 257 602 70 365 927 184 717 287 310 908 234 31 801 980 749 713 339 203 
196 259 15 519 468 683 155 14 895 612 629 539 902 785 38 554 538 971 813 782 349 471 361 598 353 869 643 385 228 184 105 20 431 66 539 997 653 48 503 790 801 586 112 339 138 700 390 922 708 437 424 11 99 771 827 377 439 930 942 19 527 131 500 868 481 360 981 548 189 201 195 497 693 330 756 28 685 555 870 660 
251 850 381 457 259 769 929 203 281 189 590 91 534 906 578 166 274 193 65 475 924 647 825 712 144 616 643 746 802 946 195 65 912 305 54 563 354 943 546 404 720 956 222 984 467 274 657 668 672 467 874 371 697 620 612 785 58 64 872 209 778 776 61 654 397 775 427 952 714 533 811 49 399 170 381 551 507 133 847 826 
778 842 266 744 793 613 702 142 755 427 620 559 725 36 61 154 746 282 165 816 121 371 694 686 246 792 121 48 907 735 97 529 179 299 794 480 848 67 670 317 788 428 503 286 241 645 929 203 485 73 447 567 853 662 737 895 570 593 110 267 233 968 823 623 693 851 768 156 222 52 114 961 473 720 565 581 600 662 289 241 
369 497 125 271 351 551 362 628 688 185 249 158 129 152 138 6 239 958 61 639 570 11 223 188 762 226 754 700 194 953 779 885 535 755 748 843 829 690 208 411 591 704 328 783 876 698 251 695 888 756 322 81 888 705 323 594 725 756 221 97 162 921 717 603 417 144 233 147 755 606 338 313 156 871 404 339 997 279 262 216 
146 248 36 735 892 653 690 231 117 403 735 56 458 33 590 755 527 846 767 864 889 344 966 959 705 754 441 28 631 208 523 41 608 981 453 488 756 611 598 474 514 684 855 607 974 3 934 899 949 493 136 830 886 776 619 356 94 443 332 765 268 647 747 813 116 722 926 895 798 898 255 977 479 995 856 478 144 261 868 811 
951 83 661 27 741 197 865 761 949 903 441 724 330 41 873 489 103 522 290 424 913 66 873 459 655 752 37 907 526 589 769 767 42 502 486 981 874 38 263 470 79 164 282 124 539 356 852 947 113 253 356 679 381 505 188 421 95 231 538 28 422 94 940 848 219 25 91 126 978 658 329 478 537 33 290 425 298 334 553 20 
98 327 693 459 950 556 820 644 187 859 866 193 340 808 653 554 801 838 701 335 283 503 66 672 285 263 187 307 116 952 126 569 915 855 409 86 365 131 240 779 181 821 597 815 255 661 109 515 331 850 696 101 92 206 742 870 1 145 771 873 226 812 73 441 718 547 293 912 458 259 420 892 99 793 911 814 58 271 551 816 
123 793 488 850 852 32 697 958 56 631 70 982 81 282 38 636 224 380 580 443 406 814 42 143 136 484 163 46 781 807 788 84 359 759 944 888 950 154 954 596 778 970 49 242 640 467 345 447 839 418 164 929 283 775 524 58 829 986 732 664 338 520 167 311 75 164 549 324 156 895 137 265 518 19 287 959 325 653 372 783 
696 891 622 555 693 378 503 710 660 252 633 922 971 206 158 792 677 611 186 691 720 252 482 581 792 721 743 833 631 214 968 818 953 115 355 331 412 157 183 540 611 686 90 541 97 11 642 430 842 580 947 942 142 108 594 166 360 486 160 747 508 840 677 557 797 124 323 842 566 123 651 255 567 831 182 380 96 978 200 68 
980 575 500 632 113 754 580 751 484 867 772 779 403 689 923 713 609 902 638 360 544 748 139 507 63 187 303 896 706 734 896 612 477 793 240 220 892 643 371 278 5 273 184 398 858 87 363 396 762 700 257 955 925 702 663 177 525 718 14 448 312 185 120 113 254 517 889 208 914 917 274 966 737 135 974 107 192 709 49 129 
10 5 7 4 6 2 6 6 4 1 2 3 4 10 10 10 6 2 8 9 2 10 5 4 2 5 7 4 9 3 10 3 9 7 3 7 
10 2 3 2 8 4 3 5 4 8 7 9 5 3 5 6 7 3 9 6 7 7 10 7 3 3 2 5 2 6 10 6 2 4 7 6 
1 3 8 10 4 3 1 6 5 5 9 9 1 3 6 1 9 7 5 8 10 3 3 5 6 8 2 8 10 7 1 1 2 8 6 10 
10 10 6 3 1 6 7 5 1 4 3 4 6 4 9 8 7 2 6 5 7 2 10 3 2 4 2 4 8 3 4 9 7 3 4 10 
8 8 7 4 7 4 9 2 9 2 4 1 1 5 1 2 8 5 3 10 9 4 5 2 9 1 4 2 6 8 5 7 6 5 4 5 
7 2 8 5 9 6 7 2 1 10 5 5 7 3 1 10 1 5 2 7 10 10 9 7 7 4 1 6 1 7 8 3 6 2 5 9 
7 6 4 5 6 7 10 9 6 2 8 2 8 8 9 3 6 3 8 6 10 5 5 4 2 7 10 2 8 4 1 5 7 10 7 9 
4 3 9 9 2 10 2 5 8 5 5 8 4 4 10 8 10 4 6 8 1 9 3 1 5 1 7 9 3 1 4 10 10 7 4 1 
1 10 6 2 6 8 9 9 1 7 6 8 1 10 10 7 7 2 6 2 10 4 7 4 4 9 3 7 6 10 4 3 2 5 3 8 
4 2 5 1 9 2 4 2 8 9 7 1 6 5 3 5 1 7 5 6 10 2 1 3 9 10 8 10 7 1 4 4 10 10 6 9 
5 10 8 5 7 6 4 3 7 5 2 5 1 9 1 4 9 9 1 8 5 4 8 2 9 3 3 1 10 3 3 2 9 8 7 8 
8 10 9 5 3 3 3 5 5 3 10 6 6 10 8 5 10 9 3 10 7 9 6 9 3 4 3 6 8 5 4 9 7 6 1 4 
4 9 2 4 4 5 9 9 5 1 6 1 5 10 6 9 8 1 10 1 8 9 1 3 8 6 8 6 7 8 2 8 2 6 1 1 
10 8 4 1 1 5 9 5 5 8 1 10 4 5 1 6 9 5 6 5 1 6 5 5 7 7 7 6 10 3 3 1 2 7 10 5 
1 6 1 8 1 4 10 1 4 1 8 8 3 6 2 10 2 7 4 10 2 3 7 7 4 8 7 5 6 5 2 3 7 9 1 1 
8 2 8 6 8 1 6 1 8 10 2 6 8 6 1 8 5 5 9 9 7 6 3 5 9 5 9 3 2 1 4 8 4 3 8 3 
5 3 4 5 2 3 2 5 8 10 7 8 2 3 9 5 3 2 2 10 1 5 7 5 5 7 4 5 8 3 5 1 9 5 2 2 
3 3 9 6 10 10 2 3 8 8 6 9 3 2 1 4 1 5 8 2 10 6 6 2 3 3 5 8 10 9 9 7 9 9 4 1 
4 3 8 8 3 7 4 5 6 8 8 4 9 7 8 5 3 1 1 7 6 1 4 7 5 5 10 5 5 2 10 2 2 7 1 5 
7 3 10 9 1 6 2 9 7 8 3 10 9 7 7 8 9 4 9 8 2 4 5 9 8 6 4 2 3 1 7 6 10 9 5 6 
3 8 5 2 10 1 9 8 8 7 1 9 7 7 10 3 6 6 2 5 7 7 4 7 2 8 8 3 6 5 9 6 5 4 5 1 
10 10 10 9 9 9 8 5 8 9 3 3 1 7 7 10 5 1 6 3 7 4 10 1 1 4 8 3 3 2 9 7 1 7 7 9 
5 10 4 7 3 6 10 7 7 6 1 6 10 9 3 1 10 4 3 10 9 8 5 6 3 5 9 7 9 10 1 9 10 2 4 5 
3 5 6 4 7 4 2 8 7 6 5 6 8 10 8 9 2 10 7 1 7 4 9 9 7 8 5 6 3 8 1 3 3 1 8 2 
6 5 4 10 3 6 4 5 1 5 9 8 1 4 10 4 1 1 2 4 10 1 8 8 8 6 4 3 7 9 9 6 8 4 8 8 
9 1 1 8 3 9 4 9 3 7 3 1 7 5 7 10 10 3 1 7 1 4 5 5 2 1 7 10 6 4 9 7 6 10 1 9 
2 7 8 6 1 5 9 2 8 6 8 3 10 7 3 5 9 3 1 5 9 9 10 6 5 9 2 2 2 3 7 6 1 8 9 8 
3 9 8 1 10 4 7 9 7 7 4 7 7 3 7 7 6 4 8 10 5 1 1 2 10 2 1 6 1 9 3 3 6 4 7 7 
1 7 8 9 1 7 7 9 10 10 5 7 1 8 1 8 4 2 3 6 9 2 7 3 3 7 7 5 5 6 4 7 10 9 8 10 
6 8 10 5 10 6 7 9 9 3 7 6 5 4 7 6 3 4 7 8 1 3 5 8 6 7 5 3 6 10 1 9 5 2 9 6 
8 7 5 10 5 2 10 4 6 8 9 1 9 6 6 9 1 10 3 10 4 3 6 7 9 1 5 6 5 5 6 7 4 4 8 1 
3 6 9 8 1 1 2 7 4 9 3 4 8 9 2 9 1 7 9 5 4 2 4 2 3 8 10 2 5 6 10 10 9 2 5 7 
4 1 7 8 1 6 6 1 4 5 10 1 8 4 8 6 8 8 10 6 5 10 9 5 3 7 4 3 1 6 3 7 2 8 9 3 
9 5 10 2 9 10 2 3 10 7 4 2 9 2 2 5 2 9 7 10 1 1 1 8 10 9 4 7 3 5 10 8 9 3 7 1 
7 2 10 2 7 1 3 7 5 9 10 1 3 9 5 7 2 7 9 3 3 1 7 10 10 9 9 8 1 4 5 2 6 9 3 10 
6 9 7 5 4 10 9 7 1 7 10 8 5 8 9 4 7 8 6 2 10 7 10 3 1 3 10 4 1 3 4 1 9 1 2 9 
6 4 7 7 8 6 8 8 7 8 9 5 5 2 9 1 4 7 10 2 5 2 8 5 4 1 3 3 4 10 2 3 7 6 5 10 
9 4 4 8 2 2 1 4 7 8 3 7 9 4 4 9 2 6 7 10 2 5 6 3 2 7 3 7 5 3 7 8 4 1 3 1 
6 7 8 1 10 5 10 4 9 2 10 1 10 10 10 6 9 7 7 10 2 3 1 8 6 8 10 6 2 7 9 8 10 6 1 5 
6 2 4 4 1 2 4 3 3 8 10 7 5 2 2 7 3 10 6 2 3 9 1 3 5 7 8 1 6 1 3 9 5 4 1 6 
4 1 3 9 8 8 10 10 3 9 6 3 7 8 3 4 9 9 1 2 6 2 10 10 2 4 9 9 10 9 5 2 2 3 1 1 
9 8 4 6 5 10 7 9 8 9 3 4 2 6 2 6 8 4 6 10 9 3 5 10 6 10 4 5 5 4 8 5 1 7 4 1 
7 10 3 6 2 1 1 9 1 10 4 5 7 3 5 6 3 10 2 9 6 7 6 9 4 10 9 8 1 5 2 3 9 2 2 5 
4 1 5 2 7 9 8 9 8 4 2 7 5 2 7 6 7 4 9 3 6 3 10 2 5 10 1 5 4 8 7 9 9 5 10 8 
10 1 3 10 6 3 4 5 9 8 3 8 8 4 4 6 2 9 6 1 2 8 5 9 8 10 8 9 7 3 8 6 9 5 4 3 
4 3 6 6 4 8 4 10 9 4 6 2 7 5 3 9 2 5 7 10 5 9 4 3 5 5 5 2 3 3 9 7 6 8 5 3 
5 2 2 6 3 4 2 1 10 4 6 4 3 10 10 1 10 2 6 4 2 6 9 6 10 5 3 10 9 4 2 9 3 3 3 10 
9 3 5 7 6 8 10 9 9 3 5 10 7 7 8 8 3 8 9 3 5 9 3 4 7 9 7 10 10 7 8 2 8 9 9 7 
2 6 8 7 5 3 3 7 6 7 2 8 6 7 4 2 5 4 9 8 9 8 6 5 6 6 10 10 2 7 5 4 2 5 5 4 
6 10 1 1 6 7 10 6 2 5 7 8 8 8 10 3 8 10 10 5 8 7 6 10 5 5 5 8 9 10 9 7 1 7 2 9 
4 5 8 4 9 4 5 7 1 4 4 1 7 1 7 2 3 9 8 6 9 9 9 7 1 5 2 4 9 6 10 3 10 10 4 3 
2 7 7 1 7 10 1 8 4 5 6 7 5 10 9 1 8 1 7 9 5 10 8 5 4 1 6 6 7 4 4 7 8 2 8 4 
2 9 8 1 7 2 7 7 2 2 2 6 4 4 1 1 1 7 9 1 1 7 4 4 10 10 6 2 7 9 4 9 5 10 7 4 
4 6 4 3 5 5 3 4 2 4 3 5 10 9 2 3 3 1 6 9 3 9 4 4 1 10 8 1 5 1 9 4 4 9 8 6 
2 8 2 3 8 7 9 5 4 6 9 7 8 8 4 8 8 6 1 9 1 6 8 5 8 10 7 6 1 9 6 10 5 9 5 5 
7 8 4 6 3 5 1 2 5 10 1 8 4 1 2 1 7 7 6 5 6 2 9 2 8 10 9 10 6 8 8 1 10 5 9 3 
5 7 7 4 8 3 7 8 5 6 8 10 7 8 10 8 6 9 9 6 4 5 8 1 1 7 10 10 10 3 10 8 3 6 2 6 
7 10 4 3 6 10 1 2 5 9 7 3 6 6 3 2 9 3 1 1 2 3 5 6 5 6 7 9 2 2 9 9 3 9 4 7 
8 4 3 1 6 10 1 9 6 5 10 8 1 6 9 4 8 5 9 5 2 5 7 9 10 8 6 10 1 6 6 9 9 9 5 9 
3 4 2 5 5 10 2 4 3 8 6 1 8 3 3 2 8 9 2 2 3 3 5 2 7 1 6 10 5 6 9 8 1 6 10 5 
7 5 6 9 6 8 1 5 3 4 7 5 4 10 4 9 2 2 3 4 2 1 4 9 5 1 4 6 2 2 1 3 2 10 6 6 
5 8 7 2 1 6 7 8 4 5 8 9 9 4 4 5 8 10 4 2 2 8 2 3 3 5 2 8 3 8 4 2 5 3 3 1 
2 6 3 9 9 7 5 8 7 7 5 4 1 8 7 10 7 7 3 1 8 5 10 5 6 1 3 7 10 6 4 5 10 7 4 2 
7 5 6 4 2 2 9 9 2 2 8 6 4 5 9 3 3 7 10 8 10 5 1 1 10 3 5 1 4 9 10 9 8 6 9 8 
6 10 2 7 7 10 8 2 2 7 6 3 9 2 1 5 2 9 8 5 3 6 7 10 5 8 6 3 10 3 9 10 3 2 7 6 
9 6 2 10 8 7 9 6 1 5 2 6 5 6 2 6 3 9 4 8 10 1 1 2 8 1 3 2 6 6 7 2 7 6 4 4 
2 3 1 10 5 10 6 3 7 6 10 1 2 9 1 5 1 4 3 8 2 10 2 7 1 1 5 2 7 6 7 10 5 8 1 5 
3 1 10 8 3 8 7 8 5 8 5 4 4 8 3 9 7 9 10 7 7 6 9 2 1 4 2 5 2 3 3 7 5 9 3 5 
6 2 7 2 3 2 10 8 8 2 4 4 4 1 6 10 1 8 3 10 5 7 10 7 6 8 4 6 2 7 5 2 3 4 10 3 
6 2 3 1 2 5 4 10 10 2 9 7 10 10 1 8 1 1 5 2 8 8 4 4 1 8 1 1 8 6 6 10 3 5 3 4 
9 9 6 1 2 9 5 2 4 9 1 9 3 8 2 7 4 2 4 6 3 6 10 1 5 3 7 2 5 1 7 10 5 5 5 3 
10 9 4 3 6 7 9 6 10 7 6 6 9 3 1 4 8 5 5 8 3 2 2 4 10 4 8 4 3 3 3 1 1 2 8 5 
9 8 6 6 7 3 7 10 4 1 9 2 6 3 7 4 7 2 10 10 7 10 10 4 8 7 9 2 10 8 1 1 1 3 2 5 
5 4 8 5 5 5 1 9 10 3 3 1 3 4 8 6 3 4 1 7 8 10 2 10 10 3 3 4 4 9 7 4 8 5 6 10 
7 5 2 1 4 4 7 2 5 4 1 7 5 3 1 6 10 4 10 8 7 1 1 1 3 5 4 8 7 6 10 3 3 5 6 6 
1 8 1 6 9 1 6 5 7 9 5 5 8 9 2 8 9 10 5 9 5 8 6 1 3 2 4 6 4 7 2 3 10 5 3 10 
2 1 7 3 4 6 3 6 9 4 9 8 5 5 3 8 6 10 10 9 3 4 1 5 1 9 6 1 8 5 5 10 5 3 7 7 
3 9 9 7 2 6 10 5 2 4 2 10 7 4 3 2 7 2 10 2 8 1 10 8 6 7 4 2 6 7 9 3 7 1 5 6 
9 5 6 1 2 6 10 4 6 7 5 7 8 2 8 8 2 1 3 1 1 5 4 3 7 7 10 6 9 10 6 2 9 10 3 8 
6 1 6 8 5 8 5 7 1 7 10 4 8 6 10 8 9 4 10 10 10 1 4 5 9 1 2 7 2 5 2 2 2 8 4 9 
