31 91 22
130 165 671 407 744 710 792 555 261 879 40 473 347 197 906 123 692 256 91 444 625 958 562 703 121 144 408 552 893 863 223 8 842 21 778 261 619 353 412 178 669 371 465 746 254 384 140 820 434 777 924 552 297 21 777 200 976 32 708 159 492 795 466 428 872 382 947 842 295 136 975 228 51 269 141 807 432 9 839 523 934 790 80 479 714 629 28 357 827 614 653 
960 564 976 11 292 768 209 463 80 102 349 855 199 808 538 830 736 761 771 499 861 542 851 134 765 823 523 716 513 440 320 866 98 637 544 358 757 312 216 953 340 623 657 13 835 276 21 691 451 779 795 61 777 655 344 278 408 511 135 728 532 383 168 849 92 95 365 485 416 509 89 513 15 588 698 261 2 463 639 596 382 29 654 737 31 400 326 105 678 14 633 
354 705 678 976 717 71 15 247 995 633 126 258 315 15 904 904 496 965 507 741 815 607 159 44 985 35 302 240 11 229 825 328 465 474 418 223 935 698 781 154 103 315 703 482 148 295 9 495 195 764 415 648 714 45 758 782 792 383 666 868 270 519 96 11 5 241 380 459 30 618 872 534 492 590 551 725 761 883 347 221 801 766 685 707 667 586 222 493 29 361 182 
111 634 884 748 962 708 646 309 269 138 923 135 656 86 417 363 864 789 441 826 658 793 967 98 570 566 708 317 741 15 794 846 754 300 403 376 389 259 660 486 149 395 440 313 682 507 188 138 995 836 154 37 893 102 668 391 836 624 182 66 736 511 801 559 66 91 628 14 539 403 521 995 582 165 335 924 976 117 757 563 834 766 423 823 374 660 369 525 558 928 338 
577 388 928 564 752 235 821 359 685 723 687 210 439 999 969 702 881 739 432 393 311 127 103 180 735 6 154 717 158 516 760 465 297 417 492 572 506 281 977 586 896 970 282 253 818 266 627 51 797 760 18 883 983 136 570 698 852 369 901 883 19 981 713 562 996 409 806 725 277 28 588 287 151 238 525 918 552 415 637 133 71 506 587 849 352 432 52 311 207 847 562 
372 973 407 929 282 230 301 697 676 653 16 221 76 616 977 337 409 220 410 927 420 117 696 86 9 267 193 945 171 950 336 781 804 148 674 917 812 698 104 173 1000 94 976 13 114 862 755 554 336 637 193 684 434 324 485 662 259 183 205 617 255 22 937 597 360 33 808 273 624 626 103 410 703 550 949 114 788 232 225 303 981 643 8 926 478 20 177 508 201 958 488 
88 248 5 254 57 658 950 598 82 872 619 363 491 563 761 659 550 88 6 196 986 517 240 154 231 176 60 700 663 224 373 281 438 414 637 864 144 973 385 170 475 694 147 44 393 5 304 29 534 792 865 332 227 925 866 185 697 292 257 200 824 497 870 218 198 643 980 330 766 193 13 488 266 351 670 151 622 996 507 684 114 671 243 353 340 621 962 850 162 153 730 
617 681 513 174 219 712 470 430 809 140 600 18 513 497 128 482 605 325 679 68 733 555 833 640 566 126 609 947 850 859 980 837 883 300 539 867 398 874 130 196 183 3 292 381 136 437 335 257 215 653 430 953 841 441 221 536 536 741 84 622 721 969 637 632 896 459 794 413 505 794 874 74 339 209 417 10 818 468 436 853 180 50 926 431 151 241 139 19 302 836 909 
707 690 615 935 160 332 674 230 522 173 612 967 737 741 860 546 503 574 408 549 83 721 484 50 451 841 512 521 675 174 200 817 831 743 969 428 132 46 63 314 746 694 197 933 351 968 804 237 283 108 134 996 690 785 270 115 409 373 954 895 456 347 185 274 178 265 625 783 510 431 685 668 832 44 919 455 784 927 601 96 339 875 66 319 848 165 991 12 679 192 501 
133 843 250 720 142 7 65 752 657 220 287 53 498 309 712 654 590 810 220 891 896 213 785 447 878 356 434 43 857 652 607 283 668 407 934 438 225 537 116 98 642 548 355 864 96 994 849 835 748 559 267 798 27 85 675 260 51 798 754 189 734 674 327 136 649 111 443 596 954 895 936 437 516 371 128 859 581 146 317 943 867 755 579 377 129 413 462 572 51 878 863 
88 632 347 70 275 653 222 165 48 127 435 120 544 237 541 473 213 987 143 193 647 929 418 957 13 723 699 392 606 310 808 18 749 824 231 184 649 732 834 361 1000 288 347 702 338 656 33 583 501 622 8 133 329 404 78 624 550 448 768 597 618 143 929 443 902 614 33 637 204 695 827 572 320 86 769 217 890 491 44 229 318 700 566 942 879 963 926 101 780 367 977 
454 559 15 271 492 253 682 916 646 890 811 254 468 425 349 600 337 111 456 263 345 728 412 258 906 719 964 661 577 819 911 171 701 482 870 218 827 827 438 766 670 557 662 18 490 724 216 719 695 853 2 431 448 574 105 776 302 799 467 859 918 320 422 993 350 553 565 618 602 587 826 875 645 986 14 223 134 30 638 488 181 769 912 279 508 742 942 522 238 169 906 
479 743 892 979 635 115 670 853 133 759 15 905 127 551 572 74 558 375 261 315 911 138 919 590 628 100 371 553 395 417 824 466 626 544 551 729 930 768 15 441 774 562 311 511 468 308 175 771 894 161 301 759 86 895 456 634 740 757 662 46 713 476 907 56 644 985 654 900 76 705 833 176 278 795 210 822 472 670 221 244 55 42 754 155 531 28 22 407 467 161 186 
708 495 925 113 703 240 446 664 499 560 791 819 816 724 636 485 120 350 713 220 3 66 177 240 986 405 772 880 118 154 352 833 289 214 794 495 18 585 453 37 820 622 429 679 395 374 662 116 13 826 682 41 892 486 108 920 456 92 200 607 259 720 113 165 536 990 9 796 115 92 494 198 620 701 583 317 953 147 371 460 889 539 407 364 129 17 184 440 611 165 691 
625 15 830 123 428 442 327 257 620 194 148 267 33 422 109 935 279 495 386 245 87 990 647 575 963 373 490 856 247 425 81 175 657 608 20 898 164 459 991 544 461 938 419 97 410 293 117 998 965 739 739 842 36 283 14 176 605 363 215 134 827 799 71 466 192 693 431 240 6 314 170 145 932 292 964 610 15 7 254 117 110 882 462 317 165 834 870 119 617 579 175 
324 319 956 816 233 285 649 505 432 813 609 410 588 711 233 896 30 812 177 226 526 809 237 708 932 250 263 883 574 678 141 634 42 549 793 779 460 899 35 949 663 323 981 945 634 486 376 73 779 122 478 558 310 627 531 654 801 209 577 339 449 39 199 901 93 210 815 388 466 614 508 878 507 71 674 872 393 645 652 47 140 674 394 62 381 853 96 897 738 77 728 
278 145 20 639 123 898 148 634 581 225 884 179 245 328 786 464 48 156 157 920 811 692 79 14 803 770 350 558 835 820 719 171 614 532 453 770 870 370 626 437 538 560 544 730 892 802 77 442 615 617 705 975 462 318 22 161 12 870 419 556 374 668 603 41 886 456 629 570 332 732 520 816 799 120 61 669 851 891 285 20 727 454 194 589 250 939 334 37 674 115 93 
455 100 247 151 500 284 598 773 787 370 530 590 335 669 985 266 701 38 141 831 46 79 442 358 93 518 644 794 537 370 869 41 466 753 184 613 697 160 450 622 18 41 535 840 175 776 389 465 245 396 933 29 858 743 631 864 709 853 218 381 46 226 998 416 24 108 742 316 653 976 865 682 881 879 784 327 524 704 299 695 287 964 275 166 635 681 313 215 575 862 834 
242 937 393 488 835 275 731 562 252 858 747 842 990 418 279 934 148 147 587 962 62 514 739 820 793 819 482 693 718 361 635 462 102 911 34 646 321 177 972 716 170 759 877 780 473 349 226 850 824 307 574 652 61 276 320 179 485 442 462 203 262 372 561 279 651 741 56 736 7 405 406 707 859 706 488 363 944 9 594 965 280 416 727 577 415 985 862 934 414 696 577 
312 692 726 614 390 89 916 992 706 810 364 40 207 331 933 323 604 768 100 902 237 410 241 560 225 141 364 730 58 874 82 431 682 577 47 370 163 793 541 473 963 435 733 604 169 174 11 496 984 403 96 235 146 658 431 643 131 579 417 987 499 400 524 881 328 520 472 330 663 650 885 828 214 405 968 216 934 823 337 741 775 929 187 460 36 385 590 287 56 513 245 
872 390 454 997 273 33 676 499 604 629 815 279 35 225 33 636 765 446 77 154 626 701 934 986 708 953 644 449 462 588 877 506 826 830 304 752 706 412 484 760 899 491 291 293 700 541 865 140 694 811 922 376 790 870 290 474 927 606 225 947 83 715 767 472 953 86 172 418 581 4 835 302 81 387 645 990 794 646 378 996 872 224 229 711 105 601 492 979 382 50 993 
91 547 829 706 659 705 594 405 384 962 588 541 238 798 843 461 746 95 421 917 22 152 647 370 134 361 563 184 948 331 648 569 183 199 619 76 14 475 960 691 257 828 446 710 208 521 551 994 926 455 904 736 161 625 138 393 983 201 667 233 826 350 340 873 714 252 158 487 813 335 744 741 507 539 309 832 42 333 681 868 843 395 1 305 360 288 233 412 640 974 755 
466 478 856 786 664 796 712 344 526 310 352 169 489 214 96 164 645 421 712 353 100 901 2 279 603 899 145 903 431 169 876 630 741 588 179 395 161 362 254 360 907 749 445 804 810 114 640 342 412 276 252 621 614 857 209 716 59 96 981 700 354 37 798 247 542 610 589 618 416 478 755 412 363 91 661 637 334 836 584 729 785 878 46 124 321 596 41 368 489 264 777 
907 986 31 406 789 910 526 531 433 344 384 999 883 874 606 56 598 955 766 529 377 856 232 166 241 856 201 614 423 792 208 780 791 531 725 28 144 889 799 306 19 762 782 835 786 89 806 635 433 482 861 420 385 672 25 588 951 100 216 857 634 97 624 748 494 913 215 333 369 316 428 336 729 734 697 832 967 502 689 8 292 388 960 184 217 413 325 464 139 221 535 
556 541 614 310 869 154 722 501 161 614 725 858 22 388 658 207 484 489 579 264 970 447 691 477 102 319 583 317 890 220 905 919 804 967 30 76 345 995 780 161 470 571 272 171 235 782 317 678 386 285 369 378 990 100 15 318 540 967 131 685 318 152 403 202 488 729 439 904 7 302 883 917 286 500 46 622 466 710 341 874 9 46 604 234 270 749 448 352 391 997 196 
984 906 821 118 246 809 291 349 442 850 128 122 527 122 955 579 979 210 558 684 932 892 237 360 904 786 836 821 4 397 42 816 873 391 761 181 969 650 946 269 102 10 898 566 436 917 69 609 631 725 425 406 766 237 402 857 22 730 711 538 608 708 697 849 140 153 266 928 388 48 242 167 598 496 617 131 30 303 207 784 344 38 698 395 476 781 598 613 972 550 738 
807 561 10 25 796 784 143 419 457 622 766 649 401 658 758 91 141 896 130 208 805 853 898 237 825 355 44 866 468 976 147 911 473 49 322 532 185 109 726 411 575 34 747 845 312 979 417 243 483 342 900 491 556 634 437 968 913 262 167 80 251 75 322 237 684 280 5 533 10 85 325 582 651 117 318 218 434 66 359 680 672 443 216 428 937 349 11 156 53 312 929 
341 234 854 636 746 151 300 135 869 415 608 282 907 59 898 619 149 909 870 142 276 217 150 469 519 311 654 715 563 561 935 887 956 915 672 740 108 953 786 755 861 939 738 941 23 786 428 298 809 943 594 190 867 591 834 514 468 809 574 201 998 807 28 89 703 417 740 732 60 147 988 560 442 832 389 662 413 961 363 505 699 736 307 162 192 428 237 403 176 560 840 
917 31 715 94 122 177 266 415 504 276 849 266 248 736 756 207 331 925 317 549 558 664 606 493 774 147 548 128 258 255 403 32 540 922 661 610 358 352 243 127 209 246 502 330 72 467 179 842 107 90 224 221 437 574 954 327 617 932 704 172 206 248 160 442 960 947 998 842 876 442 732 883 742 766 260 191 258 298 757 154 145 456 654 995 377 113 316 341 971 437 437 
343 652 382 196 482 578 495 864 685 889 905 978 6 710 889 125 398 367 147 886 667 283 96 466 470 926 611 481 653 96 703 131 917 888 880 472 887 456 33 969 681 743 614 709 922 705 600 915 1000 427 335 555 944 430 659 223 355 460 947 478 114 880 612 99 154 803 10 388 960 157 797 662 196 652 333 303 434 765 958 231 406 554 191 265 819 709 620 670 512 94 471 
411 114 903 611 338 190 900 751 103 755 480 672 134 791 549 278 529 801 652 765 949 783 340 333 770 56 734 664 446 544 265 157 162 562 480 168 236 792 743 147 828 108 1 783 83 292 331 447 77 102 607 614 58 297 855 267 732 826 486 871 92 675 687 12 930 822 235 732 201 692 278 173 121 549 261 54 73 222 672 687 945 926 39 21 241 561 308 397 1000 209 212 
2 8 6 4 9 8 10 1 1 9 2 8 3 8 7 4 10 8 4 10 7 4 
3 8 6 5 5 4 10 10 3 7 3 5 9 6 1 8 4 6 6 9 6 6 
6 10 5 9 8 8 5 4 9 6 8 10 5 5 5 7 9 10 3 2 10 2 
10 8 7 5 7 8 8 4 8 6 8 4 9 5 8 9 1 2 5 8 10 5 
8 10 5 6 4 9 6 9 8 1 6 10 1 6 3 4 8 6 6 1 6 7 
2 3 2 1 1 8 5 9 5 2 6 3 5 6 3 9 3 2 7 1 10 4 
4 5 5 3 3 8 9 5 6 10 2 9 7 2 4 4 8 5 1 2 7 6 
7 10 4 3 3 9 6 7 8 2 3 10 5 3 5 5 7 5 1 6 3 5 
9 7 7 3 7 2 4 7 6 8 9 2 5 8 2 9 10 9 10 1 3 6 
10 7 10 10 2 1 9 6 8 4 9 9 8 9 3 8 8 1 9 1 8 3 
7 6 5 5 5 7 1 1 10 3 9 9 3 7 3 4 10 2 6 6 6 2 
3 5 1 1 4 10 1 9 2 6 9 8 8 4 6 8 1 4 3 3 1 3 
2 4 10 1 7 4 4 6 4 5 7 4 9 9 9 8 9 8 4 7 4 10 
4 1 8 1 2 9 6 10 4 3 7 1 8 2 3 3 6 9 6 9 5 8 
8 6 10 6 9 8 7 8 1 10 2 4 9 8 7 4 10 4 8 6 1 1 
7 8 6 4 6 4 10 9 8 2 2 7 4 2 1 10 2 2 6 10 7 5 
1 8 1 4 1 8 10 4 2 9 8 2 6 3 5 8 5 8 8 3 3 4 
6 4 7 7 8 2 7 6 8 3 2 1 1 3 7 6 5 5 3 3 9 2 
6 4 10 3 9 1 7 5 5 1 10 8 6 9 4 3 10 8 2 10 7 2 
1 5 9 1 1 6 7 3 1 9 2 1 3 4 9 7 10 10 8 3 4 6 
7 10 4 7 9 10 10 2 8 10 8 4 6 7 3 7 2 9 7 4 3 3 
5 1 10 9 1 4 10 4 1 2 1 5 1 3 2 6 7 6 3 2 6 1 
7 9 8 9 4 2 7 1 5 6 8 9 8 10 7 9 10 7 7 4 9 8 
7 1 6 10 3 9 10 1 3 9 3 5 1 2 2 6 4 2 3 6 6 6 
7 4 10 4 10 8 3 9 7 4 5 3 9 3 2 7 9 6 1 5 1 6 
1 8 3 7 2 3 7 9 1 10 5 9 6 3 2 3 1 3 7 6 3 6 
6 5 1 5 8 4 1 8 1 5 5 5 10 3 10 10 4 5 8 8 6 5 
9 10 1 8 8 9 10 7 8 3 1 2 4 8 2 1 1 3 5 7 2 5 
9 5 6 4 2 6 2 1 10 7 3 7 5 4 6 6 6 10 4 5 2 7 
8 8 4 3 6 5 4 8 8 1 5 9 6 8 9 9 3 8 9 5 5 7 
9 6 3 8 10 7 3 3 2 9 8 3 9 7 4 7 6 2 7 7 5 8 
10 9 9 9 6 6 10 4 4 5 2 4 10 3 6 6 8 1 3 9 9 4 
5 2 4 9 10 4 6 8 9 5 1 1 1 1 9 8 2 10 3 5 2 1 
6 5 3 4 6 4 8 10 5 2 3 5 5 10 10 2 6 7 1 7 7 5 
5 1 4 8 7 6 1 4 8 2 6 6 10 2 10 6 1 5 9 2 9 5 
5 5 5 2 5 8 7 10 4 6 2 3 1 2 9 7 2 8 3 9 8 7 
10 6 9 3 2 4 4 3 7 4 6 7 5 3 2 10 2 7 7 6 9 1 
6 5 1 5 1 2 8 6 7 4 9 10 6 2 10 10 7 7 10 2 8 10 
5 9 4 6 4 3 1 6 9 4 2 3 6 2 8 3 10 9 5 8 8 5 
2 1 8 7 1 8 4 9 3 6 4 9 8 9 5 10 2 10 9 1 3 4 
9 8 7 9 9 1 4 4 1 9 8 8 3 9 3 5 5 7 4 10 9 3 
6 3 10 5 6 7 6 6 6 4 3 7 3 3 9 5 3 9 2 1 5 2 
5 7 8 10 3 7 6 4 4 10 2 2 10 9 8 1 10 2 4 6 8 8 
5 9 4 3 3 6 1 3 6 2 4 2 10 4 7 9 8 9 6 5 6 9 
2 1 7 8 9 10 2 10 7 9 10 10 9 8 10 10 9 10 5 6 1 7 
5 4 7 8 9 1 5 2 2 8 5 10 5 8 2 10 4 4 2 4 2 7 
10 3 10 7 4 5 6 2 5 1 8 9 10 8 2 3 3 8 6 6 6 6 
1 6 2 6 7 5 3 4 9 8 6 3 4 9 9 9 3 2 7 8 7 7 
4 9 1 6 6 1 1 5 9 2 8 7 6 4 1 4 2 10 6 3 4 6 
7 9 5 6 6 5 5 10 1 8 8 1 1 1 6 10 1 2 2 5 2 7 
10 6 1 2 2 7 6 3 9 4 7 4 1 5 5 9 1 10 2 8 1 1 
1 4 4 9 1 9 6 6 3 5 2 3 6 6 9 8 10 8 9 4 6 5 
7 8 1 3 2 3 7 3 7 6 3 2 4 10 3 1 5 10 8 3 5 6 
3 2 9 7 4 7 1 5 4 2 3 1 6 6 2 1 5 6 4 7 10 6 
6 1 10 4 4 5 2 4 3 8 8 9 1 9 5 10 6 6 2 5 8 9 
1 2 3 8 1 7 6 4 7 5 10 6 8 8 7 3 10 9 8 3 4 3 
7 8 1 7 8 1 4 1 10 10 7 6 7 7 9 9 3 7 4 9 5 7 
9 9 4 2 4 9 2 4 1 3 7 7 6 8 5 8 10 7 1 8 8 2 
7 9 2 10 6 8 4 10 8 8 10 5 10 2 10 6 3 9 8 3 1 8 
9 8 6 9 6 10 1 8 7 3 10 4 9 3 9 7 3 7 6 5 8 5 
7 1 7 8 10 8 3 5 4 4 6 3 9 1 8 3 4 5 3 2 4 10 
8 2 3 4 10 10 8 4 6 1 4 6 10 1 10 2 9 7 10 5 9 9 
7 8 5 3 9 3 4 10 8 3 5 1 7 10 3 8 4 6 2 4 1 7 
6 4 6 9 2 3 3 6 6 2 10 5 1 10 4 1 5 10 7 6 6 8 
9 6 6 10 6 8 10 10 1 5 7 7 10 3 6 10 2 7 9 1 3 1 
4 2 8 7 9 3 3 6 9 8 10 7 2 1 4 7 6 4 7 9 7 2 
6 7 2 8 9 5 6 2 4 2 9 8 1 6 10 2 8 5 8 3 3 5 
1 4 4 10 9 3 1 5 7 6 7 5 5 4 4 9 6 8 1 10 4 3 
8 6 5 2 5 8 9 3 2 3 8 10 5 5 6 2 10 10 9 3 7 2 
3 5 9 5 7 2 6 8 9 1 9 1 6 7 1 7 3 2 4 7 8 7 
5 7 2 7 5 10 5 8 6 6 4 7 5 1 9 5 3 1 5 3 5 9 
6 1 9 1 10 2 10 2 1 7 9 8 5 10 5 1 2 3 7 6 6 7 
6 5 8 6 4 1 10 3 7 1 10 3 2 10 1 2 10 10 3 1 5 7 
3 10 2 5 1 10 4 1 4 4 2 6 8 6 6 5 5 10 8 6 2 10 
2 6 9 2 4 1 5 5 6 4 1 8 9 7 8 4 6 1 2 8 7 5 
5 8 3 3 10 8 8 10 2 3 1 10 2 2 6 3 9 5 7 1 4 5 
7 9 6 1 3 4 4 8 6 9 6 8 9 7 9 3 10 5 4 1 1 6 
8 3 7 4 1 10 3 5 3 7 2 5 3 5 3 3 2 8 2 2 7 1 
7 3 10 1 4 8 2 9 10 10 3 7 4 4 3 6 2 5 1 1 7 8 
9 4 8 4 1 6 7 9 3 6 7 6 7 1 10 7 2 7 8 4 6 9 
1 4 8 4 8 6 8 8 1 1 9 10 6 3 10 7 2 1 8 7 9 3 
9 8 4 8 10 9 7 9 5 10 1 5 9 10 8 8 6 9 2 1 10 1 
3 6 3 6 8 2 2 2 9 2 7 8 4 3 10 2 9 1 9 7 5 2 
7 5 8 8 4 6 1 6 10 3 8 8 9 5 10 10 10 4 9 8 6 3 
2 3 7 1 8 4 9 10 8 1 7 8 2 10 3 5 3 1 9 3 7 3 
6 9 10 5 7 1 9 9 3 1 10 4 5 10 4 8 2 7 10 10 9 6 
1 7 7 10 5 2 2 5 2 7 1 8 5 3 3 1 5 8 1 8 5 6 
5 10 8 1 4 8 5 1 2 8 1 7 5 6 2 7 1 5 5 2 1 1 
8 4 5 9 2 4 10 10 4 9 6 5 2 10 7 10 5 9 5 8 5 5 
9 8 7 10 1 8 9 10 6 3 3 10 6 1 1 2 9 2 9 3 3 4 
8 6 7 2 4 2 1 9 4 3 1 5 2 10 2 8 5 5 8 2 9 3 
