718 382
510 -758 -441 -559 -721 334 135 -152 393 -796 -538 -990 141 120 -108 -730 267 -884 -421 -708 849 -823 1000 -366 -575 730 -376 350 467 -135 468 -784 -369 149 -546 -217 -135 -595 843 637 922 -926 -919 189 7 154 -787 -396 -493 -459 651 621 824 886 -743 -940 649 -984 -267 98 974 349 800 -231 -407 679 840 -156 207 -808 -85 244 -755 -153 486 -547 -400 -267 150 416 88 -769 800 -716 950 583 -361 594 345 37 589 518 -562 805 727 -161 407 95 -982 -841 -716 -223 -125 899 343 938 996 376 92 -132 -274 -613 174 272 240 112 -59 1000 774 -782 -811 -720 -585 170 -952 -486 283 411 465 911 -861 -741 775 418 -628 -773 -409 183 793 -486 -853 794 -612 182 -623 591 898 -433 537 778 243 -885 -512 -888 -875 -217 -944 -912 -41 -643 -97 809 -563 -890 870 -511 931 120 695 -393 -424 -64 360 -319 -35 706 783 -752 -891 22 929 423 -907 165 -241 366 -548 -858 -834 -834 -95 -550 -779 852 -896 925 -906 154 -922 990 115 624 -812 334 -281 373 -965 -304 -99 623 -202 111 -682 272 179 -110 -149 66 -771 -230 752 390 224 -861 -406 555 775 -114 966 -980 812 -460 195 396 -5 60 142 -653 764 458 -164 856 -586 394 702 -30 250 -795 494 -823 -690 636 361 -423 -736 -639 -888 -731 -960 985 -300 -190 101 422 986 964 -286 602 127 -941 363 548 -999 539 330 -441 0 -623 -6 700 -763 -886 -509 687 -861 -81 758 84 642 801 -211 116 -439 730 -891 439 -577 294 260 914 -139 710 171 -30 367 -828 -489 358 -831 -327 822 668 -606 -331 -615 -256 -612 -64 784 485 158 -188 692 783 728 -812 260 435 -247 989 334 -837 636 696 217 922 -767 642 -796 695 302 -859 824 -213 -905 865 469 -470 -858 679 -38 -734 -176 -119 587 531 157 853 -716 73 680 -878 710 -713 -833 61 415 -571 -893 741 499 -186 -916 854 -248 971 -7 -431 530 579 -310 -186 787 872 -674 -596 -562 -866 -298 -867 -735 -892 459 156 -997 -330 -152 539 -798 -398 488 116 902 -406 -38 552 975 -833 129 37 -517 -834 -12 -820 203 -413 -535 -809 -753 -801 -938 163 -172 713 -601 -440 -16 13 -884 -745 124 643 769 -105 914 -204 901 234 806 359 770 -698 -918 508 751 -443 194 267 -416 334 1 -854 85 -75 734 -910 781 52 -597 411 626 -86 818 -167 -517 857 102 306 -287 -753 -976 943 30 530 -445 121 662 -72 -793 -803 -655 390 -30 353 -190 -154 -13 415 46 -611 -528 -219 449 70 122 -868 -769 -246 -813 -680 948 -277 436 -310 664 738 578 -225 372 -214 53 -52 -230 334 -294 886 288 -764 959 -236 -291 252 457 -714 -441 -278 264 455 -456 -54 993 38 102 -149 -812 788 67 878 -459 -658 -422 -497 938 -364 778 -249 29 662 -922 647 -754 -269 -703 766 752 -307 30 384 -894 669 514 -488 555 -519 -32 998 -126 -229 837 284 -267 -659 372 -939 -928 -590 930 441 -425 684 -814 406 -195 -974 -664 981 -689 981 -14 892 -736 305 -302 -824 -397 835 945 -865 656 -683 -66 284 -366 474 327 -556 446 -984 -194 -621 -909 151 -154 398 515 244 -36 520 228 -122 -990 172 -287 307 889 -347 -901 557 41 -731 -359 480 151 -63 -767 440 -770 -908 301 826 72 -585 -824 622 -483 -481 -694 -330 -385 -1 -46 8 274 -639 186 -764 -373 -251 -392 -971 -923 766 37 508 618 -72 -489 314 172 -977 -164 -342 -37 833 237 748 -291 -983 330 693 -783 -834 298 -397 -165 -191 -405 881 -427 -684 -959 -742 131 -552 901 383 28 327 -964 -702 701 -303 -399 926 -490 779 95 560 662 955 247 -690 143 322 848 477 -900 -203 
451 560 -885
256 356 -856
359 484 -8
453 539 -860
157 304 926
159 650 -791
133 225 315
117 403 812
484 676 -919
318 642 -977
334 658 523
328 393 859
132 411 485
114 413 -826
78 187 462
208 620 -855
404 536 711
126 220 -966
8 189 873
128 639 -244
248 560 -829
136 638 727
393 477 -889
11 19 -693
233 265 -103
15 258 -389
168 183 243
327 459 937
520 577 596
110 432 513
84 357 416
430 463 646
59 616 -985
190 711 -728
377 633 -512
73 320 832
295 664 -780
404 625 905
396 406 628
200 234 673
100 207 115
560 638 703
267 453 -149
293 307 -482
339 432 -752
104 629 -418
116 559 -850
92 362 -57
617 674 -848
1 158 869
23 459 -212
66 595 -53
513 646 -784
64 84 751
2 486 14
356 558 -628
198 530 418
367 594 -594
156 601 871
388 474 107
674 682 126
151 402 70
94 532 517
544 619 155
539 682 -618
22 96 362
111 236 812
158 633 26
314 669 -399
77 564 630
221 397 261
204 436 -357
375 602 -74
48 411 -513
22 601 89
16 508 -537
14 180 -742
289 637 -592
134 584 269
210 444 325
14 593 631
155 310 -432
458 673 -128
84 456 -972
374 378 -811
232 522 941
438 678 -715
398 622 845
418 680 710
110 337 -458
219 570 -807
151 362 28
108 299 -305
217 718 -446
514 656 -513
141 198 -348
162 359 337
369 375 -322
21 677 -187
93 718 943
529 548 -391
216 289 -762
497 511 293
264 608 -876
132 619 347
543 660 303
514 679 -367
197 459 575
10 471 -152
80 605 -800
34 370 359
265 704 -701
9 400 692
131 623 689
288 386 -932
300 305 -953
57 572 -294
471 617 367
322 439 213
68 302 -944
13 109 866
78 167 154
332 469 -686
629 700 -335
192 204 462
191 397 -165
186 289 -110
296 470 855
514 658 687
95 682 308
69 668 -539
390 411 332
151 494 -290
548 610 -579
140 695 -764
366 633 248
37 68 768
266 393 -762
9 583 863
341 444 -886
2 154 -970
372 609 -607
107 660 -801
464 629 555
191 444 197
336 529 622
321 571 814
3 89 -646
11 550 790
137 381 -23
105 387 807
348 665 -231
240 559 395
300 502 505
294 297 -469
8 607 -679
619 660 -149
381 505 516
562 570 -928
310 329 656
52 232 -856
314 676 779
325 448 -997
248 464 972
428 453 987
456 515 948
267 627 -595
34 98 -395
144 415 783
463 518 -415
95 389 869
11 193 -136
258 657 -619
85 490 73
122 476 -6
263 715 683
327 550 -756
417 536 635
505 608 345
53 241 557
162 544 -214
91 694 -945
112 373 674
443 512 633
123 629 971
79 468 474
485 695 58
290 589 -639
145 225 -259
78 519 121
170 322 -331
546 635 563
687 688 217
426 483 -813
69 139 109
345 522 842
177 312 -181
183 632 -573
150 323 800
57 661 -150
83 636 157
394 437 75
111 328 -581
321 714 -353
354 548 690
450 532 -662
501 505 806
159 558 -254
368 632 703
479 666 574
491 713 90
171 393 699
356 366 457
57 613 173
98 460 -374
44 415 419
17 645 11
52 685 -104
75 461 771
6 47 -734
230 452 935
208 314 835
222 652 308
139 283 880
175 276 253
143 344 901
523 576 822
45 275 -135
76 470 60
437 657 -248
136 626 -564
35 220 -951
84 718 976
6 209 138
289 482 76
432 715 -648
146 510 311
266 528 -38
111 597 514
257 553 -147
323 495 153
570 696 514
291 351 526
481 621 360
494 495 484
217 567 778
357 569 49
542 601 487
32 288 -692
129 614 -962
217 712 -209
368 517 -130
207 475 237
99 221 719
63 304 -987
378 598 535
155 376 -717
35 531 -381
234 558 48
115 527 -54
339 360 -426
385 694 254
297 651 -186
237 528 632
93 253 -558
247 647 558
143 562 -381
48 609 -649
43 471 -756
11 475 -249
187 614 -750
244 252 294
101 555 784
352 365 625
631 679 809
208 686 906
118 418 -646
116 442 259
24 666 -429
193 501 -178
445 697 697
147 560 -155
462 583 -827
98 101 331
549 602 -524
392 417 239
75 85 -810
352 573 -476
409 580 -570
464 492 644
202 256 745
81 376 789
150 174 240
45 416 411
194 423 -607
388 459 -208
652 707 -999
480 657 820
110 645 -539
177 190 449
158 443 -182
346 648 752
136 587 -180
500 609 64
217 229 -37
146 190 -380
390 593 980
144 581 366
272 604 462
278 693 -883
144 415 893
122 267 308
295 441 599
304 375 -804
80 266 -97
23 269 -291
404 447 -397
450 561 921
19 123 -852
408 532 12
186 577 509
283 551 -62
187 321 -806
364 522 963
273 607 -114
284 615 -10
411 421 -344
352 655 550
489 533 592
235 441 122
278 298 759
360 606 -840
176 427 196
111 591 186
4 292 -990
502 549 -699
225 663 838
258 563 -478
304 704 -341
216 296 487
497 502 461
83 130 476
541 684 -293
162 430 -852
83 254 501
280 602 -608
515 707 547
33 483 802
438 588 21
156 494 425
164 214 -940
151 374 48
4 254 277
266 704 -576
233 454 -855
505 506 -768
15 113 47
273 359 -531
307 509 -753
75 348 -749
94 202 118
591 595 472
372 451 92
126 629 -510
85 674 363
214 666 645
70 492 273
125 697 -585
272 421 -700
101 216 -448
8 699 773
13 35 975
595 625 845
38 165 -754
222 592 195
201 555 426
19 710 -911
40 202 -629
69 668 600
14 184 161
371 386 -931
17 576 899
