891 146
-117 633 -32 -688 188 106 873 13 -985 -311 -791 59 -7 -425 648 587 938 215 665 391 339 -905 -817 -170 744 969 -202 -627 -368 952 942 125 -364 480 -884 -162 -268 -470 836 279 761 -814 -884 377 -5 -84 -272 255 552 648 -702 779 301 -10 -923 -773 953 271 -141 723 -383 764 400 151 -839 -11 719 -251 475 258 -249 817 281 -30 -676 568 -652 724 -196 931 176 180 164 -574 -800 -737 630 -111 216 -908 -577 -691 -563 -580 500 825 981 833 -829 -480 -710 633 59 712 613 922 -270 813 -104 771 33 414 -877 585 556 -940 471 -69 282 -14 -802 752 -446 138 807 -139 -961 93 699 736 826 -559 437 913 -724 543 683 -424 195 -282 -770 329 -72 -377 -795 -862 436 974 -886 -879 438 -10 -756 491 -727 282 -355 936 734 -946 721 380 -90 147 -177 221 -956 118 815 29 -821 681 921 329 -153 819 983 301 610 510 -222 644 576 -91 433 -488 -408 936 -503 -176 940 129 -730 -835 -628 -962 881 -928 493 995 -153 518 -404 -754 90 -83 -577 997 387 782 -2 868 205 -151 -206 343 917 448 -280 690 -136 720 -497 20 962 551 616 -357 -945 -672 -700 -798 -490 -254 -418 -98 679 882 200 520 406 -447 694 -33 254 -622 -817 957 511 -38 -214 479 -981 158 -61 136 -964 -678 -994 -447 -416 -969 -289 107 -121 -531 629 532 675 481 950 564 -168 837 462 -822 -774 -689 -563 -750 708 -154 -989 -795 -784 564 516 17 -889 308 681 89 722 345 878 -513 -748 627 -755 638 591 497 -548 -43 338 553 -618 -205 874 69 994 546 -449 -44 -942 162 293 899 -636 121 -760 -509 -838 -874 -868 160 392 -248 905 730 -556 -361 -937 -338 -950 874 654 -57 -664 514 -609 -377 41 -938 915 -374 476 671 874 729 375 -648 574 817 373 712 -220 165 106 78 -383 -11 -69 -669 925 799 228 -716 -151 258 749 -138 -398 -706 -217 982 -849 201 71 163 603 -364 -933 -890 -683 -386 215 906 -172 -868 381 -477 878 814 -982 -945 -290 -490 778 436 -535 -585 -886 -994 365 -534 80 -383 526 -188 171 661 -438 -943 976 -629 -743 477 925 378 706 -894 791 128 999 -674 -167 713 683 424 -700 -466 990 -715 124 -126 569 -437 396 276 -251 -114 575 -459 -819 -123 -488 -521 -681 587 -122 -576 981 -997 630 -830 -85 -883 274 -461 -409 567 555 714 457 983 -614 990 -683 -722 -867 -255 464 -321 607 -68 614 112 927 695 -337 -351 -103 672 -499 -304 302 443 -918 162 -549 -839 -125 -729 686 396 916 -78 394 -314 -920 -412 469 -646 -945 695 341 -668 300 22 -125 -981 754 -440 -846 659 -860 -624 -974 -605 -762 802 366 519 416 80 464 742 -168 -554 282 258 -659 704 -895 -632 747 -847 641 -695 830 248 866 166 -483 790 792 -973 -79 -970 346 -500 588 602 430 494 518 -430 591 586 -831 311 785 458 -66 -525 -374 168 550 -524 229 39 104 641 382 -24 895 600 917 -18 369 -648 -566 495 646 114 -64 977 30 -497 643 823 -952 -980 503 749 672 -376 -238 -687 -76 -534 -37 -23 964 -326 -66 540 825 335 576 530 607 806 65 568 -12 -312 422 -515 277 839 248 -501 614 -646 974 725 -300 631 -421 626 -280 902 -673 134 590 35 -156 302 -260 -732 -611 692 154 292 -347 -70 -483 -198 -885 -783 283 747 -982 583 -541 -199 -243 -868 -376 678 71 851 916 -678 -673 -362 125 -49 -29 -162 467 -85 -98 -940 -408 461 -693 -297 -667 -437 627 653 -146 -777 408 290 74 -378 920 195 146 -70 585 -619 -282 -665 509 862 -102 -465 270 -959 346 818 690 286 -76 900 -468 -742 -119 406 -922 38 -974 -880 -531 324 -685 654 -299 -658 878 291 377 729 -211 452 -144 789 781 -226 -409 -210 -54 -404 -955 -474 896 567 882 532 951 -605 -713 786 616 37 141 463 863 910 262 -934 -667 601 396 307 -776 906 -898 -9 -571 829 -381 -77 377 -708 820 -442 68 -613 435 -954 -840 639 -561 -102 -603 781 915 -670 39 214 237 957 899 -709 935 -608 -120 -286 604 -947 640 253 -615 -690 411 -537 -616 11 515 -831 854 -209 998 -753 134 524 557 939 -940 966 -719 -940 -989 -942 -322 163 271 850 438 792 -915 209 43 585 829 -300 344 43 -347 443 -715 681 -871 545 -43 501 -617 309 306 264 -148 -378 -57 -650 -827 398 512 -291 -804 -909 -499 209 -450 -71 -230 -441 372 -633 778 -450 -329 -753 283 -556 277 -159 78 -287 -910 -54 173 -654 -45 798 -80 -57 321 -213 -467 -928 162 -578 -824 830 -274 
324 527 -671
245 573 189
505 803 -180
348 414 663
437 689 384
340 441 643
254 440 -10
65 625 -228
308 696 -713
150 526 -111
474 618 -794
89 686 -118
110 202 -680
245 428 159
376 618 -870
76 571 169
219 504 22
14 128 -415
8 694 709
556 825 -347
70 483 -976
626 837 27
64 469 998
148 222 -38
169 414 -584
151 165 -968
703 795 -599
122 824 -295
61 645 -575
462 724 367
778 840 -243
97 183 -666
188 310 -464
422 673 -22
204 468 -293
160 843 -148
199 272 807
868 882 987
416 471 907
217 446 863
306 705 -68
51 220 -628
4 127 -260
447 705 -54
588 721 -29
445 446 106
55 416 -422
23 256 448
160 743 211
17 817 619
585 802 -557
155 510 92
569 799 -953
552 716 552
118 577 496
339 433 -127
354 661 992
51 579 899
27 594 295
116 130 900
620 777 -434
479 701 -28
169 861 620
196 648 376
143 425 11
218 747 940
446 665 279
181 440 -982
7 381 536
201 234 300
227 818 -778
463 820 6
259 361 869
178 800 -952
84 849 503
49 219 -322
392 421 -113
115 606 -812
184 214 -708
230 704 -251
686 782 -386
298 733 -761
11 548 238
126 329 -294
309 323 -225
306 508 -125
343 406 333
449 791 -479
437 807 -478
588 821 -62
777 825 -366
103 369 838
78 464 -436
644 770 543
235 246 -921
113 696 261
35 619 -934
613 747 195
61 73 -801
796 875 -300
178 629 252
765 791 -753
359 405 3
65 682 991
301 514 871
497 713 -8
378 758 -642
202 534 482
175 511 878
719 732 -543
169 374 -5
275 644 184
305 827 39
566 725 -352
213 720 -862
493 819 115
430 685 -847
545 791 239
150 818 -332
60 755 -954
315 826 135
704 730 665
367 617 713
450 685 416
7 147 852
136 227 -580
431 867 -788
147 204 -564
390 741 404
369 839 -488
276 715 -242
84 866 -3
170 662 587
404 859 695
67 689 951
321 383 917
500 750 -683
713 765 -608
500 649 955
157 879 729
355 881 849
298 315 780
474 793 -858
532 565 0
310 881 557
623 755 261
