678 701
-575 87 -388 752 -778 -1 79 -779 -344 -732 442 605 -768 -267 -197 365 57 735 -851 -842 443 895 -551 -982 -294 -250 -549 -85 163 701 663 878 -650 428 173 203 691 392 -240 676 116 199 979 611 622 -603 -170 -668 355 828 460 -474 -678 -235 4 604 -479 884 -329 -895 882 621 433 960 -940 -108 -825 -466 358 733 -346 -790 353 912 -4 -576 -377 -425 -666 157 -598 175 -122 254 -844 -365 965 -548 956 570 950 -174 -743 -712 621 759 844 -122 -230 216 860 294 795 -52 18 314 -564 -705 630 -466 -18 755 873 -154 810 -574 930 31 -670 499 -718 209 -782 11 794 280 -410 -405 412 420 89 487 -765 849 -756 553 -157 -872 -84 -681 491 825 732 194 997 -284 110 -253 30 263 40 -665 -875 770 -396 -730 422 554 273 -376 324 494 -233 -614 454 -799 -756 431 773 -984 -716 824 -481 282 253 513 -282 -169 -812 57 658 -988 -52 -476 330 511 -924 -30 -116 -854 -511 -434 194 345 -365 262 -675 37 844 280 -999 196 -514 -367 713 -724 -621 824 714 628 -496 -708 -428 263 851 -603 -482 400 399 651 -992 370 966 -352 -719 662 182 1000 254 -517 119 307 -740 291 837 -576 -870 -668 653 89 -477 -849 919 562 -999 795 911 292 585 -212 890 375 215 -220 145 374 -382 579 692 186 131 341 -397 964 -807 -929 455 -703 -402 -420 -472 219 -938 -891 852 -461 189 907 -952 447 -185 -517 741 -183 -144 -823 -248 870 621 304 325 -662 742 -250 674 741 893 -877 -946 -90 247 825 795 -437 -615 724 -703 325 -229 -995 -382 762 -611 -216 909 -826 810 -505 440 473 584 -942 -634 873 134 674 -615 875 109 -639 -142 -209 -769 343 630 -188 -502 608 -628 753 -288 195 -66 -327 -844 -428 -662 -964 786 952 159 -969 -346 707 612 392 369 33 -849 -832 252 341 832 -858 -779 185 -809 -743 -928 -253 964 547 -451 381 120 -775 -132 462 -875 525 -309 -589 -60 51 -376 -51 -380 -230 926 83 -82 828 -650 -649 145 511 -970 -485 682 -402 126 108 807 -827 -592 599 -917 -453 -244 -32 -837 -230 -925 -141 288 167 989 875 756 -835 970 452 365 -936 -607 940 208 -918 -828 644 833 221 704 407 -790 108 260 879 -635 -220 -933 -987 124 869 650 -990 -930 116 891 439 70 112 -604 917 -384 -58 317 211 -533 490 -633 -431 -659 905 790 -273 -332 626 725 485 -648 -405 173 454 -762 360 -265 117 -840 -528 703 699 481 -330 -779 -252 -313 -795 -598 -223 -113 373 869 543 -973 287 -711 641 766 579 595 -902 965 -976 666 473 724 588 494 529 713 611 990 649 -185 821 -638 -142 -856 -743 -163 -6 561 -951 -724 -804 574 -285 -684 429 -259 133 950 198 -262 232 466 -879 -804 -611 428 -514 -406 -115 830 208 -814 722 678 -622 875 -675 -671 -973 489 952 -956 -462 213 965 21 -342 662 -997 665 -929 -140 519 -411 -948 612 -438 53 295 41 217 -35 -216 994 297 -485 248 -494 835 54 -480 -398 -70 31 398 169 -380 356 841 510 -381 -321 -813 820 768 -473 435 -940 -935 797 -512 866 -134 248 197 138 825 -418 353 950 -354 -40 -183 274 255 982 70 903 746 -997 -140 194 866 -374 -946 444 -821 -850 235 -264 -13 -337 -45 972 683 -151 -837 888 -691 201 57 -550 954 26 -796 107 548 -864 -565 -663 598 966 658 842 160 715 31 111 -629 610 917 -406 381 -850 91 -704 799 -254 -674 -865 -634 842 116 
427 547 33
385 484 -312
129 485 -574
311 319 -87
479 588 262
406 511 807
363 596 533
350 352 -577
357 603 -663
486 621 -639
166 349 -978
206 531 817
34 678 206
309 463 -687
466 652 -801
89 355 337
94 289 598
54 599 -118
273 465 -591
60 103 -994
352 375 107
104 430 280
4 56 -470
95 440 -502
375 653 -284
31 290 -949
103 345 905
188 213 -155
313 661 -597
100 326 331
256 387 670
211 234 -189
187 229 193
380 571 -140
38 502 -887
296 652 121
541 615 432
446 672 663
569 637 407
145 363 -797
117 516 -696
454 572 934
41 207 44
233 274 -340
154 612 859
237 427 747
44 287 704
534 554 -353
133 577 -33
251 570 -870
356 652 626
329 491 -698
7 177 163
100 139 5
47 441 667
78 79 -911
533 646 -427
91 630 -448
67 190 -440
323 589 -435
48 535 -197
66 598 -896
626 633 464
185 240 323
71 570 -137
532 592 525
359 477 -434
173 526 240
70 277 369
1 350 -826
519 585 -470
67 97 -284
85 537 -542
483 598 837
643 674 -186
293 539 -482
45 196 -312
65 197 -655
552 633 119
11 370 968
125 356 501
145 176 -164
497 675 303
13 106 -802
184 413 -168
333 621 972
207 452 976
584 587 -961
28 567 -826
458 458 531
349 673 -804
186 633 -384
57 71 -527
420 668 903
101 590 -246
222 296 -622
167 314 -553
31 220 80
307 548 102
245 326 886
178 459 770
187 337 -524
301 569 -674
447 654 -38
118 619 280
481 496 312
272 464 -84
293 307 -526
278 281 945
497 651 375
54 373 -156
30 348 -375
159 623 -714
72 364 349
59 472 49
336 511 -274
215 633 -531
126 179 -42
447 620 480
188 253 -194
226 438 848
252 540 -799
256 382 -382
438 471 636
320 486 -652
192 509 -308
617 665 -258
197 393 281
306 662 -154
74 347 71
277 493 -413
263 514 -74
59 266 52
56 225 542
130 519 -394
234 617 102
50 593 -512
193 518 991
368 585 229
131 504 58
124 176 -427
61 121 676
210 605 -874
563 607 -112
194 626 376
296 649 257
260 468 -230
50 102 584
145 319 -105
66 585 746
308 433 -650
69 195 416
231 342 257
16 558 -253
487 636 -797
281 284 2
58 74 161
176 468 20
150 526 793
640 673 -869
235 373 560
222 507 290
405 470 275
356 456 -491
575 602 -741
92 664 -247
195 604 -454
462 543 538
113 564 26
87 151 -282
455 624 469
123 385 890
568 602 776
276 502 85
99 260 -683
72 155 -750
113 646 334
505 639 997
272 608 609
28 246 116
149 440 222
406 544 737
211 296 842
224 510 164
316 554 -620
378 637 -584
203 520 -998
218 511 570
46 452 440
23 206 -10
366 596 -893
303 308 556
87 184 35
459 649 438
250 593 -99
208 538 -3
228 367 -93
204 547 -410
270 311 -574
186 199 349
304 561 150
166 411 9
2 585 -620
264 598 499
379 470 572
489 582 -182
369 651 -467
481 652 234
565 569 900
491 543 790
194 390 49
446 654 -390
123 314 27
199 461 -395
209 624 423
182 604 -428
95 529 -512
252 564 457
149 181 -946
257 595 -82
91 460 958
588 610 271
547 645 540
414 650 -905
104 385 303
96 102 402
527 534 -141
405 465 -999
140 316 184
27 534 294
168 263 -340
116 487 -336
150 581 4
293 418 739
232 564 -810
62 206 609
5 362 621
145 153 583
3 27 -933
188 538 449
414 557 778
277 305 -189
209 446 239
625 672 -735
197 399 537
273 606 -964
36 435 198
125 413 -110
557 656 -929
283 655 -630
42 102 -632
307 351 909
427 554 751
437 632 987
33 199 -877
5 645 -21
46 196 195
363 575 335
210 618 821
153 655 595
337 392 665
304 329 -217
34 641 -54
374 492 105
131 335 -990
317 498 777
207 643 -183
597 650 111
150 203 740
478 515 637
142 519 -738
151 649 261
302 656 -576
75 211 -516
75 252 -750
240 302 193
271 530 293
367 622 653
48 463 442
121 511 849
6 422 675
369 656 -142
466 469 -92
272 472 542
223 539 393
114 180 -446
15 249 -643
554 611 -917
305 620 -730
79 348 295
125 256 -894
268 677 -699
57 334 324
281 316 -740
104 437 949
4 132 -104
35 150 846
167 517 677
222 244 -372
202 332 -728
243 664 -65
26 197 457
229 283 -139
39 153 371
47 484 -585
167 556 -604
149 628 -287
411 655 -737
513 621 4
272 429 82
422 655 275
12 620 -726
314 385 119
70 106 -111
353 645 -430
122 164 379
72 217 389
411 673 -50
28 45 727
276 303 -258
425 648 -556
73 420 418
431 642 -349
93 202 57
71 677 -804
254 432 33
116 572 -431
22 194 898
452 546 297
229 608 -228
256 408 -36
7 476 120
220 268 169
49 439 951
73 247 -774
480 642 869
221 265 601
34 230 -428
143 185 -262
256 633 -991
238 245 -23
17 526 330
446 508 765
279 458 -360
63 512 -266
52 661 -418
57 178 -949
105 577 996
131 217 634
511 651 862
542 666 774
25 48 372
466 480 349
57 514 -135
143 550 380
555 612 -381
169 313 746
367 517 -854
332 384 25
357 546 337
70 105 -878
12 111 -25
115 155 -868
320 434 178
184 550 -59
414 580 967
286 541 147
37 212 -757
134 167 -302
139 567 723
298 473 -650
58 529 -500
515 655 -418
516 582 -365
51 632 -211
341 655 -796
200 660 686
224 493 154
612 674 628
310 569 308
53 359 79
239 448 936
109 240 -290
233 479 486
49 556 -186
74 270 -81
53 557 15
223 642 70
22 323 625
25 409 -810
52 633 -876
88 279 -905
226 433 293
214 429 -899
118 570 355
191 301 -937
28 501 68
380 537 287
70 249 662
67 666 408
374 490 205
510 601 -101
133 445 885
12 271 910
193 445 -185
85 265 148
178 534 -335
166 543 475
133 505 475
128 156 -448
294 640 737
392 610 90
149 296 -252
104 237 -604
543 546 358
565 587 787
258 319 500
21 23 14
213 671 520
30 470 166
211 223 453
72 654 -223
72 163 950
404 512 678
285 622 -24
139 522 547
535 636 -245
121 224 -131
5 385 -743
15 27 -885
235 672 -325
308 634 -540
117 423 351
109 256 -33
183 333 123
415 608 -499
638 653 -325
468 571 -592
235 595 -636
56 196 -522
345 366 -37
317 491 -288
119 406 -282
388 581 474
40 672 62
79 481 436
229 519 -890
214 498 385
31 128 -90
13 562 265
205 298 -687
12 663 85
402 667 511
593 658 203
230 323 744
133 395 -70
228 372 -820
427 627 -697
367 531 206
452 584 721
46 635 383
525 553 -513
550 605 -491
110 563 649
545 595 -896
64 629 567
273 430 29
277 443 657
192 347 987
159 402 -534
6 661 -898
164 355 -138
343 383 343
376 594 169
382 462 -126
580 661 -752
459 557 -192
171 609 451
289 569 -65
22 550 872
452 659 666
150 521 -78
560 645 -640
169 530 8
312 589 -528
343 387 -940
482 629 -770
394 455 -130
217 489 934
105 381 -252
282 288 -349
426 536 922
15 96 208
26 517 -549
316 575 82
517 549 664
119 402 -506
308 458 -40
174 372 -40
192 372 267
153 523 901
81 278 -150
154 622 365
254 414 -770
342 446 -134
346 573 -33
232 616 902
292 417 -825
361 598 -246
540 596 -803
145 515 823
474 476 -872
193 506 769
119 299 -742
187 333 -725
396 402 -233
174 622 141
370 387 -74
602 612 -133
176 578 95
45 654 -62
256 487 593
215 435 867
188 449 987
545 588 916
631 678 -405
87 229 670
38 549 -218
40 395 -662
613 623 541
141 576 114
193 669 737
177 646 -561
554 580 -872
256 358 662
328 650 -844
196 291 598
381 499 47
34 503 152
169 186 148
381 476 -585
331 398 282
167 230 32
264 454 729
209 481 344
627 636 -748
303 558 673
122 491 151
447 637 516
65 219 -181
32 552 178
165 532 462
34 579 -527
34 587 -760
488 613 -501
429 522 -100
127 249 -663
306 306 -869
492 668 731
134 318 -995
40 300 500
278 417 -960
387 463 410
129 372 446
55 132 814
124 499 997
52 295 -74
15 647 -347
254 557 800
29 340 795
130 359 -793
250 520 871
5 84 -28
607 644 611
153 545 -49
26 568 399
214 286 496
463 575 657
288 556 -687
544 678 -960
134 293 -242
223 533 -815
125 519 -495
28 133 -586
478 613 388
258 645 638
399 627 -730
37 565 -964
13 81 377
45 379 89
582 673 789
173 505 -322
258 500 41
453 560 -432
95 242 347
623 633 -681
160 561 -668
2 60 -114
94 626 -816
535 556 -324
219 296 -416
100 641 -320
208 443 -789
221 596 297
249 501 -318
404 614 573
9 49 -311
170 371 529
263 559 351
401 583 -306
613 622 598
26 277 625
46 637 289
249 475 -594
97 518 -870
34 432 -627
84 221 -533
110 620 -63
333 540 161
31 480 735
169 208 760
5 215 -689
313 642 447
462 467 -431
123 328 -213
443 619 -254
198 637 -848
191 600 169
31 258 -653
44 390 -829
338 448 324
42 489 -957
65 535 651
214 654 206
113 121 565
50 61 -201
473 525 417
182 383 97
72 602 708
55 195 -463
77 556 284
539 586 -263
96 147 129
468 552 -839
108 204 832
318 673 -781
141 305 769
152 581 19
209 377 508
65 276 992
564 598 -17
135 586 -73
87 208 -448
134 534 721
277 425 614
169 519 -451
17 58 422
250 328 -676
484 529 857
386 600 657
245 451 441
200 566 -951
371 487 -681
86 659 -541
453 592 -323
109 435 815
125 598 600
241 301 874
364 530 -413
235 574 959
78 331 342
251 620 -322
334 592 -55
328 347 -508
504 618 422
37 485 179
119 230 199
463 567 -183
77 542 933
620 635 -317
377 546 362
208 616 -139
523 586 674
219 482 -491
378 433 108
167 300 860
171 306 -820
148 152 -741
135 601 -730
357 605 453
89 553 35
249 438 -320
273 539 -55
325 633 -382
66 257 -693
88 632 42
30 238 756
361 420 -161
67 210 -263
180 629 99
349 615 78
