530 731
553 -659 113 750 -396 272 695 -352 608 -435 -812 870 98 -541 -203 -775 -973 541 567 -914 -301 230 370 -149 736 256 278 596 515 -458 941 -448 -59 687 860 -580 -1 15 55 619 -967 441 -790 606 425 -680 926 -78 249 -269 -329 -662 -252 -300 637 335 86 736 290 -738 871 915 638 366 419 -883 406 -497 -364 66 -472 -128 -393 -243 693 824 -165 948 -32 -564 -560 866 15 283 891 230 -121 837 -811 -782 -409 -337 -934 -602 -143 -348 352 253 55 -320 525 -165 -993 789 435 -303 -28 -109 -29 839 183 922 11 -285 884 824 -513 -766 324 -173 -126 659 152 -760 176 -985 -5 945 257 754 -586 -386 790 -644 303 -693 -957 -601 529 48 -923 -307 520 296 256 -274 -973 -441 -216 930 236 59 -944 834 692 813 -812 -523 900 451 425 -302 -771 489 -772 -527 361 894 -940 -511 -522 263 829 -69 -795 936 740 -641 128 -992 -510 121 -108 -62 865 -159 779 494 108 -531 478 -59 -671 -185 -90 946 344 145 -343 -167 -843 -673 -180 -665 -398 -868 -574 -98 -905 -688 -653 758 984 830 945 884 754 311 -732 426 950 -403 -68 667 -691 -835 556 42 -990 -532 339 390 -590 650 -247 -202 34 961 519 161 -453 964 -518 -620 606 -717 220 -504 138 -19 312 655 -217 -894 583 -220 550 12 -173 716 134 623 63 12 -316 -26 961 -623 995 -277 980 -983 -760 -401 432 392 -609 213 977 947 -642 -382 -11 232 -427 -651 -759 424 -153 -335 592 315 98 268 -895 -785 -31 757 112 920 -674 -501 673 596 15 -980 193 -995 523 98 242 -306 -131 626 -290 749 712 -313 -208 222 -373 205 -822 -465 -892 -449 206 -192 -442 905 213 205 -58 -144 51 -827 -399 -348 -889 536 683 985 408 832 200 40 375 -972 -257 900 3 -133 -474 280 843 -76 463 374 -803 -184 -783 -105 672 55 -791 759 -828 690 -665 -552 -741 -709 -346 -411 -461 -986 863 -438 -209 -274 -449 -194 857 -147 -250 361 499 -299 -31 -232 -255 -998 249 98 -928 924 -137 -385 71 -377 -922 -831 110 729 931 500 -499 230 675 964 -443 -275 759 -393 -798 152 -23 -168 -112 -432 -125 369 -331 -116 -286 -166 -572 341 504 -847 -297 365 -960 101 338 336 158 -195 79 -958 -283 291 851 889 866 -773 -257 -890 449 -225 113 21 241 507 915 599 592 879 -588 357 -865 -668 -234 -258 7 289 928 -784 759 -361 -136 8 -464 -802 989 -896 -38 44 -187 -282 -549 183 -191 -880 406 839 -376 -196 626 -985 392 -310 -829 996 977 -697 328 -904 -482 -198 336 521 76 226 259 834 236 -943 -585 364 -104 731 572 -783 -692 514 -756 -792 42 -55 -313 98 -470 -690 167 653 340 221 775 -150 
41 325 443
40 499 56
153 432 379
3 171 371
67 462 -747
11 421 727
211 476 -134
87 476 -103
34 426 144
320 487 -375
376 436 353
347 504 -342
74 398 54
30 157 481
19 112 -788
392 429 679
21 267 -458
233 399 -420
283 410 -812
121 447 -39
20 197 -645
324 429 561
183 332 -425
26 79 415
319 426 -508
313 525 720
73 117 791
136 275 -546
138 195 -550
189 279 713
282 528 -993
56 119 -54
421 505 852
281 518 -108
16 296 -179
187 464 763
377 423 -218
222 386 90
23 177 -293
57 274 609
190 359 936
233 277 -880
39 159 -341
380 443 -676
118 138 -731
308 478 -707
434 452 -468
430 520 -440
203 482 -943
88 498 399
144 484 773
136 413 -477
182 348 622
28 363 -746
103 185 -439
153 410 -778
21 350 121
225 394 -35
274 290 -791
304 511 -35
412 530 995
368 473 900
14 109 76
35 450 -67
438 440 -29
210 321 282
65 205 435
146 459 -756
142 386 851
93 221 -396
397 514 -916
12 492 -886
135 197 2
21 137 469
281 282 -133
134 335 319
495 513 585
112 240 470
72 74 569
203 405 -320
34 237 -618
83 297 628
38 481 660
42 263 -338
122 511 -498
485 523 -25
135 489 673
173 285 -284
84 270 794
65 296 248
328 464 286
261 284 -71
177 346 -800
18 279 895
1 492 155
182 405 40
36 506 129
212 316 906
278 362 794
241 425 -307
47 203 -376
1 112 -429
327 427 -676
151 496 559
329 446 -594
285 491 440
42 47 301
20 32 -52
291 301 779
286 443 -851
237 336 218
175 239 148
189 259 -521
20 374 -357
97 508 850
283 356 -851
369 470 900
128 446 -422
18 470 275
2 309 898
88 207 502
64 304 -205
97 480 -889
190 305 884
219 342 -290
108 296 244
92 202 619
58 233 796
434 524 -598
144 265 166
406 482 -779
6 490 -372
103 184 39
286 363 695
102 258 298
238 519 -421
12 325 -126
170 205 628
7 22 -798
373 377 979
364 390 944
50 375 560
8 524 -16
394 408 -371
101 241 -521
344 506 -685
102 348 232
72 432 -582
102 470 824
285 296 -102
60 446 933
97 197 -425
104 161 -82
155 514 292
38 449 589
123 509 -652
466 517 82
116 204 168
319 411 99
364 502 545
16 516 718
377 395 -176
8 303 -473
44 240 -572
37 478 244
257 475 768
184 297 -540
298 439 884
360 380 -582
264 346 927
209 526 970
205 421 611
102 336 952
304 386 897
133 376 -914
111 342 822
84 338 924
2 493 301
30 156 148
268 316 -40
202 295 -753
168 193 -53
77 95 -834
128 401 873
36 437 -391
110 485 -497
149 416 -386
136 197 -737
332 411 -686
61 492 -51
200 354 -813
60 278 -641
425 428 -244
139 274 940
131 520 -678
249 340 917
103 158 112
51 266 14
87 346 -904
18 72 154
70 106 816
88 372 92
137 185 413
119 123 -860
165 482 -366
47 406 853
139 276 614
60 487 42
53 471 431
275 409 -611
104 292 -886
442 458 333
153 525 896
10 523 106
144 497 788
310 360 -361
227 364 -1
187 530 3
61 66 430
233 417 -312
326 430 227
5 432 67
280 331 139
412 482 -279
384 423 396
122 406 443
308 345 163
156 376 644
180 403 238
129 467 -210
235 421 -682
142 317 -369
39 277 -996
69 439 624
207 312 -597
206 308 91
344 401 -61
392 444 154
93 292 -36
72 248 -875
223 489 -591
333 405 791
370 510 975
125 302 -451
313 452 159
214 456 -195
38 461 641
99 248 75
434 467 752
123 412 53
185 392 -236
301 387 -125
95 380 -809
22 95 485
27 438 608
499 527 -652
73 309 625
12 518 75
11 520 480
205 302 48
344 363 -395
184 470 -99
346 526 442
146 259 -497
182 294 431
13 104 390
227 378 -736
176 475 -397
13 262 618
21 180 -190
307 383 597
12 501 53
321 514 -398
85 420 -188
15 101 292
469 505 185
368 372 945
44 260 -959
119 508 850
158 426 754
249 355 -950
229 503 606
392 407 -260
139 502 -38
417 469 -689
173 366 -538
276 413 240
284 314 24
157 406 -588
51 446 -870
57 474 959
96 203 125
140 251 662
73 363 314
143 355 -257
60 476 330
31 80 -86
352 491 377
87 513 453
340 399 775
133 312 320
305 413 262
162 183 -605
66 303 -323
242 431 -405
140 323 218
18 267 -705
216 456 758
44 216 148
158 209 609
347 457 -747
348 403 314
165 198 -624
138 465 117
19 167 742
269 306 191
250 519 -363
232 486 635
174 400 271
145 147 -90
65 485 455
250 448 309
36 331 -596
22 471 -74
133 495 -867
58 196 -541
45 241 485
258 450 266
217 266 -619
373 384 439
339 344 -122
20 43 166
183 217 415
58 110 470
159 324 -942
272 303 930
327 420 586
12 116 842
51 304 666
96 329 -89
133 300 -374
282 347 305
178 261 278
221 298 206
11 237 -420
18 231 555
336 513 -223
129 521 -687
293 439 -811
74 402 119
24 196 -875
23 127 752
315 511 869
71 515 -988
271 400 -769
354 525 544
156 375 320
416 458 -173
125 210 -187
272 410 -265
169 295 641
260 339 -512
15 267 286
257 268 913
98 280 754
38 530 207
116 253 -73
61 395 -160
201 236 -970
279 283 742
233 411 -287
148 390 -736
140 484 -883
31 241 -846
173 406 261
191 286 725
182 503 72
141 235 404
207 396 -990
237 321 370
257 462 -663
97 111 717
317 489 482
425 451 -386
222 435 824
71 253 946
297 364 -619
27 362 923
355 514 197
196 490 -152
323 459 479
62 320 -864
249 379 792
264 455 -448
352 513 70
202 292 565
128 511 -150
88 496 -707
212 363 -579
172 406 765
203 446 -110
120 429 -123
34 194 202
176 365 -986
122 473 994
159 432 226
281 388 -991
77 196 437
48 239 -835
69 136 135
367 520 -427
206 318 666
169 366 855
407 408 258
69 201 873
212 345 -5
117 385 -974
186 500 -668
82 326 768
230 260 685
313 389 911
373 378 -564
381 487 758
253 387 783
259 368 603
58 254 -248
199 511 648
202 482 -422
83 211 495
416 520 -595
154 324 26
420 506 -704
293 296 928
40 508 665
205 468 -641
456 458 701
51 157 222
104 416 -85
154 433 46
353 510 516
171 442 -720
297 307 780
375 472 432
117 392 -874
138 473 -127
385 478 -388
217 425 -766
397 521 -449
223 377 971
396 460 -533
478 517 -557
162 390 755
198 460 193
200 438 581
114 311 478
53 449 -247
11 69 -600
106 414 814
80 278 -5
56 61 -499
83 348 -462
245 403 389
135 275 26
299 521 -295
141 398 386
199 491 651
4 64 -135
224 397 459
194 251 -843
277 376 -528
375 503 -330
133 283 89
283 519 486
413 461 -960
160 298 588
42 472 -609
297 421 -572
483 520 -843
279 444 -192
26 385 -32
95 294 774
63 437 896
175 526 -814
31 73 -594
46 211 -450
69 496 714
429 446 283
83 423 -161
247 339 14
55 184 205
489 517 -368
79 85 443
20 224 777
217 502 -993
308 447 825
77 291 941
395 502 795
174 425 187
153 311 816
268 447 401
362 445 514
43 148 -10
182 308 -490
232 322 921
71 348 -153
18 518 964
192 453 -57
358 410 847
440 454 -223
116 190 277
41 288 -120
144 382 333
170 296 559
449 471 -913
98 426 213
62 321 237
117 282 226
317 519 -400
231 381 326
87 376 -662
27 468 914
297 374 815
76 392 -388
51 70 -647
61 337 772
184 397 385
42 346 490
387 526 -683
132 216 -687
109 392 -293
143 322 646
204 506 579
116 451 461
7 132 -279
286 423 334
133 407 100
15 146 846
141 294 -527
439 467 -324
105 210 853
90 175 809
166 293 -208
164 527 -381
217 324 148
432 516 -267
96 473 9
8 211 398
286 475 -234
286 332 288
76 481 678
352 528 -262
183 208 120
402 451 -475
337 456 365
281 351 821
34 297 67
200 231 971
132 351 -464
44 233 -906
105 112 260
163 296 46
399 405 599
174 174 -294
263 482 741
87 116 178
440 493 -308
214 499 876
156 176 130
284 463 853
173 329 -504
439 449 -524
119 314 446
81 441 567
58 391 -776
18 525 289
28 358 869
291 307 -864
236 292 -293
466 476 -288
228 507 -767
87 282 571
72 242 -900
56 316 -982
6 438 77
47 407 -250
243 508 -169
109 207 -454
112 456 743
251 256 -103
59 354 -950
40 308 -248
99 100 686
199 276 973
106 404 -558
397 453 822
64 113 -694
361 451 -220
84 296 -465
83 134 -929
55 186 -251
210 339 953
149 375 -240
158 325 -192
177 374 479
27 212 -187
32 239 -576
113 489 436
79 302 -868
239 349 -49
471 483 786
253 413 -152
166 361 527
411 412 -459
21 231 -847
54 396 930
286 348 844
216 478 -436
417 471 988
194 439 -679
60 530 858
239 395 -720
197 314 317
94 240 -837
159 363 -368
325 431 512
403 522 964
404 463 27
251 472 -655
42 189 -4
138 323 -976
379 501 23
44 529 202
331 364 41
124 416 932
77 208 -865
277 452 77
152 364 -145
23 471 668
137 447 -622
169 207 -975
273 354 -472
149 296 969
31 298 173
32 395 748
310 511 -478
261 414 833
430 486 298
241 432 620
241 513 604
420 427 -935
286 511 553
205 476 319
65 297 -287
451 509 215
53 181 767
256 395 -701
125 514 196
39 231 613
103 406 84
215 221 70
12 464 849
188 426 881
109 247 711
129 343 -119
28 248 -297
199 255 103
82 155 -493
123 373 94
32 180 427
244 476 235
30 127 402
165 308 984
43 316 -968
478 517 808
9 233 449
461 477 -952
347 355 -413
378 445 534
228 313 280
271 407 859
34 196 490
282 440 878
212 436 684
225 348 859
452 517 -427
15 96 409
68 190 -927
13 235 -568
295 474 948
48 514 -940
70 275 -785
20 420 502
247 497 -445
264 269 -196
327 392 -113
31 324 96
271 443 -210
469 523 510
73 472 -486
80 442 395
188 390 -164
90 181 237
29 174 -876
204 390 -317
376 478 -34
27 306 -989
246 513 368
86 430 144
26 103 -750
222 409 -745
128 458 -987
111 413 -368
264 265 458
20 135 96
155 269 -363
52 519 248
5 471 230
94 172 -461
33 299 -445
90 238 524
201 426 947
67 227 995
311 396 569
150 526 291
191 271 -806
420 519 159
320 460 -26
230 344 99
159 391 697
66 120 -451
7 360 497
