43 77 54
8 27 69
18 7 92
10 51 26
17 48 98
43 5 26
14 22 32
9 23 93
11 59 89
18 4 99
30 65 7
30 23 28
26 58 3
20 29 84
34 15 14
2 32 55
2 46 19
22 54 11
43 19 21
24 6 76
17 48 99
39 48 89
22 53 37
36 55 3
26 19 25
6 20 73
22 34 1
7 7 96
22 55 81
19 20 66
11 54 99
6 75 25
32 22 94
16 3 39
43 16 64
5 70 62
2 66 81
34 14 16
35 51 80
19 34 43
17 35 81
38 6 18
41 15 16
34 16 75
3 23 85
26 3 62
29 7 44
36 75 90
23 57 52
38 35 94
3 55 44
32 20 34
28 22 19
29 19 52
39 28 72
