55 51 93
43 14 45
24 27 94
6 19 88
12 10 100
21 36 66
16 45 17
34 5 86
14 30 75
47 28 22
46 51 24
38 28 63
13 49 60
19 33 93
54 42 11
33 30 45
54 16 7
1 39 17
40 5 42
22 15 97
28 6 94
8 3 91
53 37 19
5 12 5
14 44 63
51 36 2
25 37 44
48 37 5
34 34 8
37 34 97
27 26 65
20 33 51
26 46 12
54 30 80
42 25 8
25 17 73
5 51 30
8 4 80
48 26 44
52 27 94
37 2 67
1 17 17
24 49 57
17 4 41
55 6 30
51 2 16
15 27 28
33 24 28
54 12 55
23 38 28
42 6 73
34 28 4
48 12 32
50 5 26
48 35 62
39 8 69
30 23 13
45 51 33
15 24 35
3 51 32
51 28 4
3 17 73
50 23 58
55 11 63
5 32 28
10 48 8
11 39 97
15 41 54
49 31 11
48 12 16
6 35 80
5 16 57
29 28 83
40 30 98
42 24 16
42 2 11
45 24 57
8 39 80
38 40 67
20 41 30
14 32 86
4 24 7
53 43 19
22 22 48
50 44 38
33 41 4
12 8 20
50 24 65
38 19 3
37 41 48
24 45 42
50 25 74
48 42 54
21 26 13
