43 27 60
41 25 86
4 18 46
34 5 71
28 18 67
35 19 9
3 16 48
9 14 55
35 11 9
14 21 12
33 23 17
35 10 9
11 8 69
12 9 79
17 2 15
28 22 91
15 2 82
2 22 95
21 23 90
4 22 27
34 19 80
26 18 24
43 14 6
16 24 33
40 24 23
41 19 37
17 4 52
21 20 10
9 8 63
22 21 18
4 5 54
18 20 18
32 16 87
6 25 83
41 25 78
28 8 21
10 13 90
21 5 32
30 19 15
40 1 30
1 19 90
29 13 83
32 2 37
10 11 95
19 8 28
43 11 97
43 18 18
6 20 9
34 17 23
21 14 23
40 12 88
2 18 99
25 16 24
17 18 49
13 22 63
15 26 19
40 4 94
24 2 86
40 4 37
41 16 70
12 16 62
