38 27 93
28 17 67
36 13 41
22 12 33
18 15 55
30 27 17
20 18 50
15 9 81
31 11 4
1 14 50
29 8 66
21 10 21
23 26 39
19 4 42
36 21 62
31 2 43
3 3 9
22 11 32
37 11 21
28 18 28
25 25 88
1 16 72
38 1 48
8 2 43
25 23 76
3 8 64
12 24 13
31 4 93
25 9 88
32 15 42
33 13 60
33 24 28
30 19 67
19 20 19
33 27 81
33 13 61
22 15 14
29 15 76
11 13 1
27 27 98
22 20 26
26 19 79
17 10 2
6 18 89
33 8 77
10 27 62
14 9 10
1 19 45
8 24 9
5 7 4
5 5 46
18 24 63
4 9 96
2 25 66
16 23 70
26 5 1
6 22 65
33 17 33
18 24 86
20 16 89
23 5 66
31 9 75
30 27 35
38 5 61
31 11 86
26 11 10
2 20 95
12 25 98
31 22 30
17 13 47
11 25 8
14 7 67
10 5 92
5 1 24
29 7 5
33 10 80
14 17 11
10 10 2
8 8 84
24 19 65
35 10 90
38 11 65
20 25 57
26 15 59
4 12 12
19 18 69
23 9 18
6 19 39
31 17 66
1 22 64
2 26 50
5 16 6
10 22 100
27 18 16
