14 3 82
9 1 3
7 2 2
10 2 32
5 2 50
8 1 85
1 3 66
8 1 86
6 2 92
10 3 21
8 1 72
13 2 30
3 2 17
1 2 77
1 2 83
6 3 17
3 1 94
11 2 19
9 2 14
7 3 30
1 3 21
10 3 50
12 3 5
2 2 31
9 3 10
13 2 41
8 1 39
12 2 8
14 1 68
12 1 71
1 1 55
14 2 97
5 1 14
2 2 52
12 1 33
10 2 84
9 1 51
5 3 12
3 1 33
2 1 52
3 2 80
10 1 44
6 3 69
10 2 48
14 3 82
2 1 8
4 3 51
12 3 75
3 2 63
9 1 63
7 3 10
3 3 66
5 1 42
2 1 19
4 2 30
11 3 18
2 3 47
13 1 92
13 3 71
11 2 36
1 2 6
5 2 38
12 1 7
8 1 33
14 1 61
3 3 97
11 2 3
12 2 17
13 1 17
12 2 74
1 2 30
5 2 59
8 3 30
12 1 66
3 1 28
3 2 59
11 2 88
12 2 29
2 1 34
10 2 85
6 3 38
14 3 54
13 1 32
