91
640 762 64
185 180 76
831 203 88
382 823 84
735 344 16
535 84 78
157 374 82
759 836 44
403 283 68
292 650 18
749 978 1
517 204 21
955 376 6
581 323 71
20 271 56
861 201 27
724 608 77
596 152 39
331 72 68
626 564 84
270 534 87
410 286 23
609 978 51
506 469 3
612 388 91
147 844 63
715 359 28
216 644 88
740 5 39
870 178 3
813 478 100
620 917 64
248 411 43
116 758 63
568 222 81
456 969 22
958 132 22
669 993 44
591 966 32
483 845 94
206 884 84
563 376 12
996 282 6
889 93 54
515 362 28
920 145 29
987 358 39
732 533 24
697 648 22
263 289 6
337 337 65
617 136 39
574 753 71
421 154 31
432 942 18
504 607 52
420 68 51
475 186 74
406 451 73
685 416 100
531 972 69
587 867 55
833 841 17
584 682 56
85 840 94
498 85 44
940 911 21
692 856 43
308 831 61
536 493 71
429 385 40
642 897 65
434 752 54
205 385 78
184 866 28
672 47 71
802 832 22
954 279 32
640 265 81
841 95 13
10 286 22
689 377 4
161 991 66
975 875 46
933 938 15
77 430 44
224 591 26
661 144 30
299 563 97
720 556 80
541 186 73
