75
568 762 2
604 352 11
199 732 90
554 345 98
447 391 74
42 935 95
721 907 46
487 489 74
577 105 38
805 604 38
890 936 52
102 312 51
607 20 4
80 662 66
155 721 91
830 470 41
479 694 16
133 679 63
552 313 5
654 68 74
390 652 67
308 855 28
689 623 57
25 855 56
736 58 69
256 70 100
680 485 46
690 172 70
555 846 8
820 826 15
375 248 100
137 71 29
956 793 13
58 639 36
919 879 1
574 916 93
286 192 42
891 199 85
431 327 51
944 765 60
939 343 85
75 754 86
314 964 34
142 286 8
352 514 63
154 930 65
908 799 43
372 761 21
677 175 38
557 401 58
356 6 28
248 548 90
170 649 72
417 427 63
355 728 64
676 540 52
566 385 74
295 26 48
331 767 44
975 852 73
528 791 47
401 886 8
313 151 82
7 97 97
564 136 69
214 223 39
846 785 33
693 397 53
153 334 31
678 548 90
330 43 38
570 397 69
809 584 56
586 801 4
788 502 27
