86
379802
675685
247128
375802
999456
748775
631490
443732
73999
405035
701357
799695
725204
914550
640097
904737
121160
886339
488929
902889
433330
31615
462466
545150
918429
690709
839135
843892
28919
406177
663540
359638
70379
64525
192248
119868
647141
664667
452987
604024
865694
955455
59980
976485
672396
346997
795600
745266
143762
52807
777912
361364
894927
284411
927201
743686
854484
71981
507161
262123
329884
859827
455565
226666
642438
771663
298657
360224
248760
799996
10134
638904
84571
947493
8031
844416
777831
244764
376116
330579
112181
468073
707715
398190
654776
753717
