75
259067
774442
67736
427312
151092
784216
368584
478151
893768
143950
624390
569545
762140
219868
772934
161845
470124
656863
704749
444727
821908
74717
150185
418819
718884
151976
46087
629198
442797
274905
547663
698036
12314
645297
499067
74662
423576
848206
233787
521953
926880
700118
142100
543343
257468
141983
792216
816788
670992
865950
373077
499132
766417
780637
590274
660662
696984
340180
795058
325509
832822
223726
721021
341847
41434
207888
740907
426439
512508
978993
233643
936505
676401
873112
640245
