95
531388
909076
664637
558569
751522
894898
625190
246916
6928
797412
67702
327536
39457
894987
636808
502081
24368
842642
379437
962442
302751
767347
451796
954062
798566
969006
725722
470781
638896
440376
409520
978412
228075
487057
576691
802472
875636
574690
751576
904466
492599
375767
182348
269549
549643
229808
316866
253946
654420
93302
571418
728317
610360
562333
180522
836419
807323
644564
96676
933749
537569
533475
299853
145805
907617
38287
122177
351872
192874
811493
324355
438851
359136
586284
300648
881427
962107
939038
102069
933637
350013
550060
558106
584732
387403
225352
927323
878923
649680
300343
305504
872251
616086
616558
337351
