98
914126
881698
624802
356052
477577
361385
889812
385549
659786
161012
245913
825486
937712
742568
849725
574949
265116
689793
317561
830542
406708
178398
698722
770424
747191
526487
451433
715138
324842
916352
482237
598946
42826
191442
830666
24926
334306
318648
774822
358828
212893
974595
628305
512527
430488
791428
37642
728686
353115
868116
538482
521256
874041
525703
109299
621056
342455
889189
105642
945082
428979
292173
830081
130227
478047
376022
956749
488393
365603
336193
376040
368542
35560
49395
9280
539271
820198
739193
182759
827923
783393
76623
557795
313885
884848
584927
187987
804903
27955
368264
148516
759496
230593
468151
836531
939941
61407
638823
