72
424611
835188
67174
291967
501731
638056
40766
677608
198337
578890
440325
786450
485750
4740
703247
207325
25109
62018
838908
250484
159619
499865
830333
989246
968359
155307
990155
169029
920321
245004
880927
698921
191381
807462
943966
462478
578963
860204
943748
45525
560759
133015
178579
653964
85429
436997
997141
499176
445044
783315
343567
305577
189134
3260
41671
398054
779887
51254
168478
503857
668721
338309
657805
24615
503638
358452
18438
180741
616920
929899
290401
964633
