98
855929
909112
42499
551275
50192
733641
103732
476020
643770
201493
191094
355540
41257
66121
712569
409524
414661
366299
18787
583227
517043
654606
404187
501907
67852
708496
871632
111787
343184
12092
658183
318654
584404
829044
741933
511501
238201
568259
796103
640125
770361
102083
300775
325542
826604
664071
468465
256923
797980
586227
250834
307408
482651
330463
480408
737818
563079
574238
348482
525958
978498
824505
548178
447556
2091
15339
735523
3940
719609
389988
55703
982575
634388
281338
132945
913027
46172
896824
139004
428626
214202
239844
190492
617965
548752
528469
480833
504610
523527
891345
756685
268187
378225
120000
949564
776139
766816
561441
