12 151
1 6 643
3 7 803
1 5 294
1 12 201
6 11 462
6 8 950
6 10 998
3 9 204
6 9 855
6 11 742
5 6 770
5 9 719
4 11 801
1 12 97
6 10 908
6 12 775
2 11 216
1 8 286
5 9 196
2 8 842
2 3 164
4 8 160
5 11 26
2 7 105
1 8 551
3 5 630
4 10 404
1 12 48
5 8 184
5 6 898
5 10 199
2 3 893
2 11 970
4 8 602
2 9 430
5 7 897
2 4 145
1 2 268
5 10 863
6 11 17
6 12 736
2 3 301
5 8 787
3 9 910
2 11 183
6 9 975
4 10 308
2 3 670
3 12 430
4 9 1
4 12 906
1 9 296
1 4 315
1 9 22
5 9 906
1 4 484
5 6 35
5 12 783
4 8 63
4 9 878
3 6 546
4 6 583
1 6 909
4 5 742
2 3 311
1 5 886
5 11 820
3 8 313
2 10 342
5 8 790
3 5 266
1 5 951
6 11 967
6 12 490
1 2 742
3 7 68
1 3 662
3 10 784
6 7 592
3 10 651
1 4 827
1 7 386
3 12 719
5 10 211
2 8 57
2 7 411
4 6 598
4 12 159
1 8 26
5 9 91
2 9 614
5 6 920
2 3 824
4 6 714
1 4 542
2 10 585
3 7 434
4 11 497
6 7 340
5 9 494
5 9 110
6 8 100
6 10 625
4 9 738
2 4 5
5 6 183
1 5 376
3 12 517
5 12 362
3 11 553
6 12 221
2 11 492
6 10 644
1 7 597
2 3 125
1 6 307
4 8 624
6 11 372
3 10 186
2 11 320
1 10 42
2 9 776
2 3 995
4 10 628
3 9 193
3 8 728
5 11 442
2 9 534
5 9 239
6 11 843
4 9 260
1 12 290
5 11 361
3 5 18
4 5 339
5 6 924
1 2 958
1 11 861
1 7 55
5 10 821
3 8 6
6 10 329
5 10 547
3 5 858
6 7 375
1 7 263
5 10 721
1 4 100
4 10 368
3 7 971
2 11 377
