80 146
16 51 381
19 33 280
34 36 827
10 15 216
2 31 788
9 73 557
2 80 57
16 23 68
24 45 828
21 43 639
40 62 419
25 79 674
16 29 317
3 46 858
28 38 584
15 41 61
8 18 174
38 41 300
33 66 763
30 58 898
4 80 467
20 59 866
11 51 37
17 19 558
17 36 508
40 70 287
13 29 602
28 43 891
16 46 12
10 76 897
27 70 330
13 79 919
14 15 112
24 32 445
35 43 685
32 47 523
10 32 43
39 80 177
40 60 977
29 76 71
25 79 190
16 71 983
18 51 33
8 42 679
17 57 198
28 56 22
11 37 712
38 50 833
22 63 150
30 46 894
32 75 811
40 79 854
12 51 415
37 80 327
24 63 334
8 50 795
39 57 514
25 43 98
2 74 640
23 67 798
18 64 341
29 36 344
26 33 804
36 66 895
19 24 140
19 66 366
19 79 985
2 39 996
39 48 31
16 46 258
33 80 623
33 74 923
7 60 365
16 56 32
15 22 30
39 40 699
31 32 181
27 76 455
16 32 492
8 48 26
39 68 181
25 50 988
12 24 966
37 59 472
14 72 416
4 26 232
34 80 807
18 46 188
16 66 750
29 50 446
26 31 962
3 40 423
5 9 746
11 69 233
1 33 162
31 40 131
27 59 591
14 32 15
16 65 335
7 32 178
1 43 97
38 66 518
36 66 714
35 51 430
25 63 639
25 34 452
40 45 917
39 43 694
40 56 961
31 61 377
19 64 357
40 65 223
11 74 136
25 39 725
4 17 925
13 61 940
28 63 839
4 68 90
17 78 357
13 32 864
25 37 400
30 57 661
35 75 724
40 57 735
26 41 187
29 40 747
6 15 323
10 57 911
29 59 60
35 77 985
15 57 983
32 80 629
27 55 684
10 50 345
40 64 362
7 42 606
31 54 422
9 50 374
31 45 306
35 64 428
11 45 816
17 29 358
28 50 5
37 70 172
16 47 925
38 41 951
