78 197
37 77 310
39 40 125
35 39 739
6 11 766
36 71 400
16 48 507
1 20 464
34 36 409
3 32 951
15 42 46
4 45 774
33 54 146
20 56 750
30 78 9
31 42 868
17 48 820
3 66 723
8 76 655
1 6 236
8 11 247
13 46 878
29 68 41
31 47 94
21 43 469
12 15 883
7 44 323
33 51 495
4 56 35
19 38 253
6 75 225
5 14 723
14 24 56
26 40 848
23 52 251
6 8 358
8 35 833
1 7 621
39 74 432
1 40 901
16 43 791
34 41 588
7 55 702
17 57 356
12 34 484
8 49 440
22 76 724
1 10 911
36 42 880
18 22 983
20 24 274
27 66 344
19 60 799
14 24 65
20 30 453
26 72 476
37 63 456
21 56 59
6 30 215
13 34 565
9 12 768
25 76 928
13 68 627
14 43 841
15 47 934
27 37 972
7 46 619
29 78 475
19 65 744
14 64 564
34 46 980
24 38 67
25 30 403
20 66 944
25 78 736
21 37 286
35 49 629
32 46 287
37 43 701
17 71 714
17 65 527
25 78 836
1 4 298
11 77 219
20 54 936
23 60 329
32 58 89
1 34 685
35 42 353
19 52 933
25 55 643
9 57 725
30 74 646
18 59 601
38 53 895
11 76 966
6 49 553
33 38 696
37 77 925
20 41 804
11 40 526
1 68 936
21 60 354
28 41 719
20 69 554
33 55 879
18 21 526
11 58 798
7 39 644
6 47 441
12 35 517
29 64 679
28 54 565
6 67 187
17 34 137
33 47 320
7 40 829
24 49 789
26 42 727
37 70 211
13 65 13
5 63 896
18 19 899
2 36 218
36 72 799
24 59 695
7 16 688
38 65 398
9 25 850
8 14 705
24 34 81
23 34 434
29 41 557
21 61 229
25 48 383
17 38 687
7 21 883
18 62 964
23 67 916
31 49 347
6 70 296
13 54 449
31 68 869
28 64 796
15 57 132
18 25 19
35 56 522
14 42 892
19 76 653
28 56 934
35 69 698
35 57 174
25 33 460
32 42 466
2 4 355
12 64 19
32 43 696
7 61 708
3 15 326
2 64 500
27 41 194
27 64 621
7 66 86
24 40 540
14 42 84
21 69 993
14 44 258
34 78 962
25 54 652
30 62 675
28 30 870
27 47 887
6 66 494
5 59 473
28 43 707
30 56 768
3 27 490
15 78 930
30 35 397
22 63 342
20 41 407
17 48 750
12 46 539
14 65 868
20 31 80
33 44 46
14 32 608
25 58 20
34 43 28
1 74 709
21 46 532
4 25 815
10 40 473
16 45 422
32 53 827
33 68 27
25 55 415
24 66 958
