1234
912
677
174
495
388
101
96
803
681
715
376
796
185
905
538
827
381
334
896
683
8
828
125
922
271
410
978
719
127
650
56
35
215
645
640
395
432
238
984
917
907
188
735
872
513
748
10
65
585
967
32
508
309
400
315
231
294
728
80
101
538
709
417
394
562
264
640
458
217
383
455
919
778
483
278
595
449
282
109
962
597
519
682
884
364
736
69
353
975
464
219
597
96
935
456
887
770
743
511
869
383
200
943
474
264
958
46
194
112
569
65
245
425
462
552
659
196
724
612
735
19
929
722
487
386
998
580
715
965
120
558
835
571
105
230
886
340
575
351
768
550
658
1000
819
318
636
81
634
758
236
53
74
209
499
351
74
919
555
86
181
357
269
890
53
44
890
220
634
294
660
241
595
508
278
384
460
139
945
212
169
160
592
627
97
106
382
440
687
903
943
622
301
162
892
286
778
531
403
939
838
495
71
964
283
121
139
274
351
761
893
162
415
444
97
381
781
581
154
222
677
707
713
188
429
442
759
329
291
382
637
297
724
85
798
575
929
757
403
149
548
671
816
579
12
114
197
18
206
354
920
737
421
394
632
207
859
39
541
802
592
719
334
24
993
523
131
332
957
945
677
75
821
597
650
383
626
296
397
899
91
617
686
993
86
188
918
153
991
640
438
762
776
750
152
270
920
574
725
225
510
604
553
466
503
347
628
997
711
120
346
664
332
179
989
501
329
778
538
920
938
174
249
465
659
681
265
772
486
320
300
287
757
654
70
163
644
810
116
583
747
570
675
377
699
391
502
742
598
474
604
221
148
416
608
975
851
114
531
153
782
384
176
749
425
872
254
822
396
881
779
35
239
628
463
222
365
917
191
468
364
591
515
191
244
454
978
787
517
577
253
855
302
167
273
581
499
264
40
219
855
536
650
986
178
136
776
734
917
430
858
167
124
62
817
16
258
384
191
671
12
292
486
508
718
452
39
21
219
233
884
17
988
64
824
572
118
933
125
34
344
985
437
63
397
289
805
71
96
919
375
129
317
181
200
329
808
727
58
278
384
408
154
1
635
296
228
896
632
252
469
434
745
342
162
348
728
63
455
779
835
778
27
634
835
555
114
118
289
864
514
600
282
47
202
308
349
376
392
104
322
252
986
62
158
182
864
485
684
641
496
989
198
994
937
466
596
423
860
331
756
744
887
899
762
869
596
423
18
225
675
306
276
789
835
166
495
888
438
443
322
205
334
133
775
678
34
801
48
952
358
543
438
94
490
127
392
522
121
493
473
610
36
815
141
648
624
113
77
692
382
158
793
333
594
530
102
486
310
158
505
310
904
684
746
650
769
507
299
47
471
13
419
75
501
751
822
3
409
160
632
139
559
302
970
833
116
86
588
850
54
722
228
985
314
800
958
461
701
928
404
715
863
830
199
476
925
202
15
33
231
148
759
83
361
819
749
903
189
359
513
283
456
717
579
2
852
60
530
190
631
86
346
191
194
681
102
982
764
991
671
767
40
802
235
391
548
852
49
209
83
262
868
608
774
567
102
240
230
984
791
973
501
877
94
833
342
886
520
304
306
679
766
471
77
741
475
772
480
587
119
39
520
59
518
193
559
736
973
44
609
979
477
27
553
469
104
699
869
189
20
699
207
330
302
336
494
628
536
484
813
174
158
679
666
134
430
951
730
656
783
684
899
807
963
415
626
533
623
236
318
150
274
269
884
744
68
946
892
86
114
326
571
733
927
43
907
526
517
104
577
726
452
594
693
114
802
441
927
175
156
589
680
448
667
129
423
225
347
582
621
20
848
410
611
194
442
739
378
93
98
727
915
387
693
902
800
901
185
26
962
537
998
597
165
189
455
700
673
813
744
219
715
758
714
161
619
148
742
69
127
345
366
593
160
47
706
430
10
288
409
329
834
500
702
492
428
755
997
256
619
515
822
761
420
980
634
546
348
226
427
499
185
147
921
400
95
82
714
628
797
747
481
126
711
447
843
739
645
723
134
308
75
380
467
505
202
718
397
845
919
565
586
420
266
715
2
315
802
675
734
944
848
637
282
969
665
964
790
193
368
484
41
216
923
424
823
746
508
659
742
883
282
501
331
921
833
152
26
355
728
676
805
216
66
440
564
955
528
905
934
406
901
88
303
653
641
631
59
868
697
308
970
563
455
874
797
17
798
916
744
311
386
739
224
446
341
986
22
259
500
632
924
90
764
933
680
298
543
257
367
23
651
57
868
565
821
795
913
652
521
349
389
287
886
953
310
865
472
228
457
834
613
470
664
886
693
772
571
679
771
61
962
756
393
186
554
114
59
578
862
930
579
148
296
467
173
214
176
330
779
469
380
711
500
486
385
665
104
13
249
868
303
4
85
3
699
559
92
281
451
805
853
652
762
129
674
580
255
849
190
928
726
439
872
466
87
783
808
924
397
112
393
714
250
318
231
698
793
695
187
682
412
565
886
313
847
228
442
129
277
228
743
139
65
912
956
987
207
896
908
85
188
717
628
681
716
971
457
171
651
699
415
710
350
378
216
801
754
732
393
930
909
917
788
139
924
90
65
707
453
635
222
806
542
59
145
471
477
435
307
677
393
564
759
67
113
571
123
469
692
818
423
416
960
757
228
265
951
219
271
369
319
310
309
135
737
491
617
870
605
381
116
400
123
863
380
540
541
442
144
60
779
782
907
722
535
324
832
316
11
507
517
261
831
201
450
278
503
717
283
973
4
291
244
221
698
831
541
454
610
253
143
318
121
504
790
368
105
930
783
253
878
444
923
752
611
94
21
909
550
329
864
957
946
