3518
0
1
3
4
6
7
8
10
11
13
14
15
16
17
18
19
20
22
23
26
27
32
33
34
35
37
40
41
42
43
44
45
46
47
48
49
50
51
53
54
55
57
60
61
62
63
65
66
67
69
70
71
72
73
74
76
78
79
80
81
86
87
88
89
91
92
93
94
95
96
97
98
99
100
102
104
105
106
107
108
110
111
112
113
114
115
116
119
120
121
122
123
125
126
128
131
132
133
134
136
137
138
139
141
142
144
145
146
147
152
154
156
158
161
162
164
167
169
170
171
172
173
175
176
177
178
179
181
182
185
186
187
189
190
192
193
195
198
199
200
201
203
204
205
207
208
209
210
211
214
215
216
218
220
221
222
223
224
225
226
228
229
231
233
234
235
236
237
238
240
242
243
244
245
250
251
252
253
254
255
256
258
259
260
261
262
265
266
267
268
269
271
272
273
274
275
276
277
278
279
280
281
282
283
284
286
287
289
290
292
294
296
298
299
300
301
302
303
306
307
308
310
311
313
315
316
317
318
319
320
321
322
323
324
325
327
328
329
330
331
332
333
334
335
338
340
341
343
344
345
346
347
348
349
350
352
353
354
355
356
357
358
359
360
361
362
363
365
366
368
370
372
373
374
375
376
378
379
380
381
382
383
384
385
386
388
389
390
394
395
397
398
400
401
402
403
405
406
407
408
409
411
412
414
415
416
418
419
420
421
422
424
426
428
429
430
431
434
436
437
438
439
440
441
442
443
444
445
447
449
450
451
452
453
454
455
456
460
462
465
466
467
468
469
471
472
473
474
475
476
478
480
481
483
485
486
487
489
490
492
493
494
495
496
499
500
501
503
505
506
507
508
509
510
512
515
516
517
518
519
523
524
525
526
528
530
531
536
539
540
541
542
544
545
546
548
549
550
552
553
554
555
556
557
558
559
560
561
563
564
565
566
567
568
570
573
575
576
577
580
582
584
585
588
589
590
591
593
595
596
597
598
599
600
601
602
603
604
605
607
608
609
610
611
613
614
616
617
618
621
622
625
626
627
628
629
630
631
632
633
634
635
638
639
640
641
642
644
646
647
648
653
657
659
660
661
662
664
666
670
672
673
674
675
677
679
680
681
682
683
684
686
687
688
690
691
692
693
694
695
697
700
701
704
712
713
717
719
721
722
723
724
725
726
727
729
730
731
732
733
734
735
736
737
739
740
745
747
749
750
753
754
756
757
758
759
760
762
763
765
769
770
771
773
775
776
777
778
779
782
783
784
785
786
787
789
790
792
793
794
795
796
797
798
799
800
801
802
804
805
806
809
810
811
812
813
814
815
817
818
819
820
824
826
828
829
830
831
833
834
835
836
837
839
840
841
842
843
844
846
848
849
850
851
852
853
856
857
858
859
860
861
862
863
864
866
867
868
870
871
872
875
877
878
879
880
883
885
886
887
888
889
890
891
892
893
894
895
896
897
898
900
901
902
903
904
905
910
911
912
913
914
915
916
918
919
920
921
922
923
924
926
927
928
929
930
931
933
936
937
938
939
940
941
942
943
944
945
946
949
950
951
953
954
955
956
957
958
959
960
962
964
965
966
967
970
971
972
973
980
981
982
985
986
987
988
990
991
992
993
994
996
998
1000
1001
1002
1004
1006
1007
1008
1009
1010
1011
1012
1015
1016
1018
1019
1020
1021
1023
1024
1026
1027
1028
1029
1031
1032
1033
1034
1035
1036
1037
1040
1041
1042
1044
1045
1048
1049
1050
1052
1053
1054
1055
1056
1058
1059
1060
1062
1065
1066
1067
1068
1069
1070
1071
1072
1073
1074
1075
1076
1077
1078
1079
1080
1081
1083
1085
1086
1087
1090
1091
1092
1093
1094
1095
1096
1097
1098
1100
1101
1102
1103
1106
1107
1108
1114
1116
1117
1118
1119
1121
1123
1126
1127
1129
1130
1133
1134
1135
1136
1137
1138
1139
1141
1142
1143
1144
1145
1146
1147
1148
1149
1153
1154
1155
1156
1157
1158
1159
1160
1161
1164
1167
1170
1171
1172
1174
1176
1177
1182
1183
1184
1186
1187
1188
1189
1191
1192
1193
1194
1196
1198
1199
1200
1202
1203
1204
1207
1208
1210
1211
1212
1214
1216
1217
1219
1221
1223
1227
1229
1230
1231
1232
1233
1236
1238
1239
1240
1241
1242
1243
1244
1246
1249
1250
1254
1255
1256
1257
1259
1260
1261
1263
1264
1269
1270
1271
1272
1273
1274
1275
1276
1277
1278
1279
1280
1281
1282
1283
1284
1285
1288
1291
1292
1294
1298
1301
1302
1303
1305
1306
1307
1308
1309
1310
1311
1312
1313
1314
1315
1316
1317
1320
1321
1322
1323
1325
1326
1327
1328
1329
1330
1331
1332
1333
1334
1335
1337
1338
1339
1340
1341
1343
1344
1345
1347
1350
1351
1352
1353
1354
1357
1359
1360
1361
1364
1365
1371
1373
1374
1375
1377
1378
1380
1381
1382
1383
1384
1385
1386
1387
1388
1389
1390
1391
1392
1393
1395
1396
1397
1398
1399
1402
1403
1404
1406
1409
1410
1411
1412
1413
1415
1417
1418
1419
1420
1421
1422
1424
1425
1426
1427
1428
1429
1430
1431
1433
1434
1436
1438
1439
1440
1441
1442
1443
1444
1445
1446
1447
1449
1450
1451
1454
1455
1456
1457
1458
1459
1460
1461
1462
1463
1465
1468
1469
1470
1471
1472
1473
1474
1476
1479
1480
1481
1482
1483
1484
1486
1487
1490
1493
1494
1495
1496
1497
1499
1500
1501
1502
1503
1504
1505
1506
1507
1508
1509
1510
1511
1513
1514
1516
1517
1518
1519
1520
1522
1524
1525
1526
1527
1528
1530
1532
1533
1534
1535
1537
1538
1539
1541
1543
1544
1545
1546
1549
1551
1552
1553
1554
1555
1557
1558
1559
1560
1561
1562
1563
1564
1565
1567
1568
1571
1572
1573
1575
1576
1577
1578
1581
1584
1585
1586
1587
1588
1590
1592
1594
1596
1597
1600
1601
1602
1603
1604
1606
1607
1608
1609
1610
1612
1613
1616
1618
1621
1624
1625
1627
1629
1630
1631
1632
1633
1634
1636
1639
1641
1643
1644
1645
1646
1647
1648
1649
1650
1652
1653
1654
1655
1656
1657
1659
1661
1662
1663
1665
1666
1667
1668
1670
1671
1673
1674
1675
1676
1677
1678
1679
1680
1681
1682
1683
1684
1685
1686
1687
1688
1689
1690
1691
1692
1694
1696
1697
1698
1699
1701
1702
1704
1705
1707
1708
1710
1711
1712
1713
1714
1715
1716
1717
1718
1719
1720
1721
1722
1724
1725
1726
1728
1730
1733
1734
1735
1736
1739
1741
1742
1743
1744
1745
1747
1749
1750
1751
1753
1755
1756
1757
1760
1761
1763
1764
1765
1766
1767
1768
1770
1771
1772
1774
1775
1777
1778
1779
1780
1781
1782
1784
1785
1786
1787
1788
1790
1791
1792
1793
1794
1795
1797
1798
1801
1802
1803
1804
1808
1809
1810
1813
1814
1815
1817
1818
1820
1821
1822
1823
1824
1825
1826
1828
1829
1830
1832
1835
1836
1839
1840
1841
1842
1845
1848
1849
1850
1851
1856
1857
1859
1860
1862
1864
1865
1866
1867
1869
1870
1871
1874
1875
1876
1877
1879
1881
1882
1883
1884
1885
1888
1889
1890
1891
1892
1893
1895
1896
1897
1898
1901
1902
1903
1904
1905
1906
1907
1908
1910
1911
1913
1915
1917
1920
1922
1924
1925
1926
1927
1928
1929
1930
1932
1933
1934
1935
1936
1937
1939
1940
1942
1943
1944
1946
1948
1949
1950
1951
1953
1955
1956
1959
1960
1961
1962
1964
1965
1967
1968
1969
1971
1972
1973
1975
1976
1978
1979
1980
1981
1982
1983
1986
1989
1990
1991
1992
1994
1998
1999
2000
2002
2003
2005
2006
2010
2011
2014
2015
2016
2017
2018
2019
2023
2024
2025
2027
2028
2031
2033
2034
2036
2037
2040
2042
2043
2044
2045
2047
2048
2049
2050
2051
2053
2054
2055
2057
2058
2059
2060
2061
2062
2063
2064
2065
2067
2068
2070
2071
2073
2074
2075
2076
2077
2078
2080
2081
2083
2084
2085
2086
2087
2088
2089
2091
2093
2094
2096
2097
2098
2099
2100
2101
2102
2103
2106
2108
2109
2111
2112
2113
2116
2117
2119
2120
2121
2122
2123
2124
2125
2126
2128
2129
2131
2135
2136
2137
2140
2141
2144
2145
2146
2149
2150
2151
2153
2154
2155
2159
2160
2161
2162
2163
2165
2166
2167
2168
2169
2170
2172
2174
2176
2179
2181
2182
2183
2185
2186
2187
2188
2189
2190
2191
2192
2194
2195
2197
2198
2200
2201
2202
2204
2207
2208
2209
2210
2211
2212
2213
2217
2218
2219
2221
2222
2223
2224
2225
2227
2228
2229
2230
2231
2232
2233
2234
2235
2237
2239
2240
2241
2242
2244
2245
2246
2247
2248
2249
2250
2251
2254
2256
2259
2260
2261
2263
2265
2266
2268
2269
2270
2272
2275
2276
2277
2278
2279
2280
2281
2282
2283
2285
2289
2290
2291
2293
2294
2295
2296
2297
2300
2303
2305
2306
2307
2311
2312
2313
2314
2315
2318
2321
2323
2324
2325
2326
2327
2328
2329
2331
2332
2334
2335
2336
2337
2338
2339
2340
2341
2342
2343
2344
2345
2346
2348
2350
2352
2353
2354
2355
2356
2358
2360
2361
2362
2366
2369
2372
2374
2377
2378
2381
2382
2383
2384
2385
2386
2387
2388
2390
2391
2393
2394
2396
2399
2401
2402
2403
2404
2406
2407
2408
2410
2411
2412
2414
2415
2416
2417
2418
2419
2420
2421
2423
2426
2428
2430
2432
2433
2434
2435
2436
2437
2438
2439
2440
2442
2443
2445
2448
2450
2451
2453
2454
2455
2461
2462
2463
2466
2468
2472
2473
2475
2476
2478
2479
2480
2481
2483
2486
2487
2488
2490
2491
2492
2494
2496
2497
2499
2500
2501
2503
2504
2505
2506
2507
2508
2509
2511
2512
2513
2514
2516
2518
2519
2520
2521
2522
2523
2524
2525
2527
2528
2529
2531
2532
2533
2534
2535
2538
2540
2541
2542
2543
2544
2545
2546
2548
2549
2550
2551
2552
2553
2554
2555
2558
2559
2560
2561
2563
2564
2566
2567
2569
2570
2573
2574
2575
2576
2577
2578
2579
2581
2582
2583
2587
2588
2589
2590
2591
2592
2593
2595
2597
2599
2600
2601
2602
2603
2604
2609
2613
2614
2616
2617
2619
2620
2621
2622
2623
2624
2625
2626
2628
2631
2632
2633
2636
2637
2640
2641
2643
2645
2646
2647
2649
2650
2651
2652
2653
2654
2655
2656
2658
2661
2662
2665
2666
2671
2672
2673
2675
2677
2679
2681
2682
2683
2684
2685
2686
2687
2688
2689
2690
2691
2693
2694
2695
2696
2697
2700
2704
2705
2706
2707
2709
2710
2711
2713
2715
2716
2717
2718
2719
2723
2725
2727
2729
2731
2732
2733
2734
2735
2736
2739
2740
2743
2744
2745
2747
2750
2751
2753
2754
2755
2756
2757
2758
2760
2761
2762
2763
2765
2766
2767
2768
2769
2770
2772
2773
2775
2777
2778
2779
2780
2781
2782
2783
2785
2786
2787
2788
2790
2791
2792
2793
2794
2795
2796
2797
2798
2799
2800
2801
2803
2804
2805
2808
2809
2811
2812
2813
2815
2816
2817
2819
2821
2822
2823
2824
2826
2827
2828
2829
2830
2831
2836
2837
2838
2839
2840
2841
2842
2843
2845
2846
2847
2848
2849
2850
2852
2853
2856
2857
2859
2860
2861
2862
2863
2864
2865
2866
2867
2868
2869
2870
2872
2873
2874
2877
2878
2879
2880
2881
2882
2883
2888
2889
2891
2892
2893
2894
2895
2896
2897
2900
2902
2903
2904
2905
2906
2907
2909
2910
2911
2912
2913
2914
2916
2918
2919
2920
2923
2926
2927
2928
2929
2930
2931
2932
2934
2935
2936
2937
2940
2943
2944
2946
2949
2950
2951
2952
2953
2954
2955
2957
2958
2960
2963
2964
2965
2968
2969
2972
2976
2977
2978
2981
2982
2984
2985
2988
2990
2995
2996
2997
2998
3000
3001
3003
3004
3006
3007
3008
3009
3010
3014
3015
3016
3017
3018
3019
3020
3021
3022
3023
3024
3027
3028
3029
3030
3033
3034
3037
3038
3040
3041
3042
3044
3046
3047
3048
3049
3051
3052
3053
3054
3057
3059
3060
3061
3062
3063
3065
3066
3067
3068
3069
3070
3071
3072
3073
3074
3075
3076
3077
3078
3081
3082
3083
3084
3086
3087
3089
3090
3091
3092
3094
3097
3101
3102
3103
3104
3106
3107
3111
3113
3116
3117
3118
3119
3121
3122
3123
3126
3128
3130
3133
3134
3135
3136
3137
3138
3139
3142
3143
3144
3146
3147
3148
3149
3151
3153
3154
3155
3157
3161
3162
3163
3164
3165
3167
3168
3171
3172
3173
3174
3176
3177
3178
3180
3181
3182
3183
3185
3187
3188
3189
3190
3193
3195
3197
3201
3202
3203
3205
3206
3207
3208
3209
3210
3211
3212
3213
3214
3215
3216
3217
3218
3219
3220
3221
3222
3224
3225
3226
3227
3228
3229
3230
3231
3232
3234
3235
3237
3239
3241
3243
3245
3248
3249
3250
3252
3253
3254
3256
3258
3259
3260
3263
3265
3267
3268
3269
3270
3271
3273
3274
3275
3276
3278
3280
3281
3282
3283
3284
3285
3287
3289
3290
3291
3293
3294
3295
3297
3301
3302
3303
3304
3305
3306
3307
3308
3309
3311
3312
3313
3314
3317
3318
3319
3320
3323
3324
3325
3326
3328
3329
3330
3332
3333
3334
3335
3338
3339
3341
3342
3343
3344
3345
3347
3348
3349
3350
3351
3352
3353
3354
3355
3356
3358
3361
3362
3363
3364
3365
3366
3367
3369
3370
3371
3372
3373
3374
3375
3376
3377
3378
3379
3382
3383
3385
3386
3388
3389
3390
3391
3392
3393
3394
3395
3396
3397
3399
3401
3403
3405
3408
3409
3413
3414
3416
3419
3420
3422
3423
3424
3425
3426
3427
3428
3430
3432
3434
3435
3436
3437
3438
3439
3440
3441
3442
3443
3445
3448
3449
3450
3451
3452
3454
3455
3456
3458
3460
3462
3463
3464
3465
3466
3467
3469
3472
3473
3474
3475
3476
3479
3480
3481
3483
3485
3486
3492
3493
3494
3495
3497
3499
3500
3501
3502
3503
3504
3505
3506
3507
3508
3509
3510
3511
3512
3514
3515
3516
3517
3518
3520
3521
3522
3523
3524
3525
3526
3527
3528
3530
3532
3533
3534
3539
3540
3541
3542
3545
3546
3547
3549
3550
3551
3552
3553
3555
3557
3559
3560
3561
3563
3564
3565
3566
3569
3572
3573
3576
3577
3579
3582
3583
3584
3585
3586
3587
3589
3590
3591
3592
3594
3595
3596
3597
3598
3599
3600
3601
3603
3604
3605
3606
3607
3608
3609
3610
3611
3613
3616
3617
3618
3619
3621
3622
3623
3625
3626
3627
3629
3630
3631
3634
3635
3637
3641
3642
3645
3647
3648
3649
3650
3652
3654
3655
3656
3657
3658
3659
3661
3663
3664
3666
3668
3669
3671
3672
3675
3678
3680
3681
3682
3683
3684
3685
3686
3687
3688
3691
3692
3693
3694
3695
3697
3698
3701
3702
3704
3706
3707
3708
3710
3711
3712
3713
3715
3716
3717
3720
3721
3722
3723
3724
3725
3726
3728
3729
3730
3732
3734
3735
3736
3737
3738
3739
3740
3742
3746
3748
3749
3750
3751
3752
3753
3754
3755
3756
3758
3759
3760
3761
3762
3764
3765
3766
3767
3768
3771
3772
3774
3775
3776
3780
3781
3782
3783
3784
3786
3788
3789
3792
3793
3795
3796
3797
3798
3800
3801
3802
3804
3807
3812
3819
3820
3822
3824
3826
3828
3829
3831
3832
3835
3836
3837
3838
3840
3842
3844
3845
3846
3847
3848
3849
3850
3851
3852
3853
3854
3855
3856
3857
3858
3860
3861
3862
3864
3865
3867
3868
3870
3873
3874
3875
3877
3879
3881
3882
3883
3884
3885
3887
3888
3889
3890
3891
3895
3896
3897
3898
3899
3900
3901
3902
3903
3905
3906
3907
3908
3909
3911
3912
3913
3916
3917
3918
3919
3920
3921
3922
3923
3924
3927
3928
3929
3932
3934
3935
3936
3937
3938
3939
3940
3942
3943
3944
3945
3946
3948
3949
3950
3953
3954
3955
3956
3958
3960
3961
3962
3963
3964
3965
3966
3968
3969
3970
3971
3974
3976
3977
3978
3979
3980
3981
3982
3983
3984
3985
3986
3987
3989
3990
3992
3993
3994
3995
3996
3997
3998
3999
4000
4001
4003
4004
4005
4006
4009
4011
4015
4016
4017
4018
4020
4021
4023
4026
4027
4028
4029
4031
4032
4034
4035
4036
4037
4039
4040
4041
4042
4043
4044
4045
4046
4049
4051
4055
4058
4059
4061
4063
4064
4065
4066
4068
4070
4071
4073
4076
4077
4080
4081
4083
4084
4085
4086
4087
4089
4091
4092
4093
4095
4097
4099
4100
4101
4102
4104
4107
4108
4111
4112
4113
4114
4116
4118
4120
4122
4123
4124
4125
4129
4130
4131
4133
4134
4135
4136
4138
4141
4142
4145
4146
4147
4148
4150
4151
4152
4154
4156
4157
4160
4162
4163
4164
4165
4166
4167
4169
4170
4172
4174
4175
4176
4177
4178
4180
4181
4182
4184
4186
4189
4190
4194
4195
4197
4199
4200
4201
4202
4203
4204
4205
4208
4209
4210
4212
4213
4214
4215
4218
4219
4220
4221
4222
4223
4224
4225
4226
4227
4230
4231
4232
4233
4234
4235
4236
4238
4239
4242
4243
4244
4245
4247
4248
4250
4251
4253
4255
4256
4258
4261
4262
4263
4264
4269
4270
4271
4273
4275
4276
4277
4278
4279
4281
4283
4287
4288
4289
4291
4292
4294
4297
4298
4299
4301
4303
4304
4306
4307
4308
4309
4310
4311
4312
4313
4315
4317
4318
4319
4323
4325
4326
4327
4328
4329
4331
4332
4333
4334
4336
4338
4339
4340
4341
4343
4344
4346
4347
4348
4349
4350
4352
4353
4354
4355
4356
4357
4359
4360
4362
4363
4364
4366
4367
4368
4370
4372
4373
4374
4375
4376
4377
4380
4381
4382
4383
4386
4387
4390
4393
4394
4395
4396
4397
4398
4399
4401
4402
4403
4404
4406
4407
4408
4409
4410
4411
4412
4415
4417
4418
4422
4424
4425
4428
4429
4430
4431
4432
4433
4435
4437
4439
4440
4441
4442
4443
4444
4445
4446
4447
4449
4451
4452
4454
4455
4456
4458
4459
4460
4461
4462
4464
4465
4466
4467
4468
4469
4470
4472
4473
4474
4475
4476
4477
4479
4480
4481
4482
4483
4485
4486
4487
4488
4492
4493
4494
4495
4497
4498
4499
4500
4501
4502
4503
4505
4507
4510
4511
4512
4513
4514
4515
4516
4517
4518
4519
4521
4522
4523
4525
4527
4528
4531
4535
4536
4538
4539
4540
4541
4543
4545
4546
4547
4548
4549
4550
4551
4552
4553
4554
4555
4556
4557
4558
4559
4560
4561
4562
4564
4565
4566
4567
4569
4572
4573
4574
4577
4578
4579
4580
4581
4582
4583
4584
4588
4590
4592
4595
4596
4597
4598
4599
4600
4601
4603
4604
4605
4606
4608
4609
4610
4611
4612
4613
4614
4615
4616
4617
4619
4620
4621
4623
4626
4627
4628
4630
4631
4633
4634
4635
4636
4638
4640
4641
4642
4643
4646
4647
4649
4650
4651
4652
4653
4656
4660
4662
4663
4664
4666
4667
4668
4669
4670
4673
4674
4675
4677
4678
4679
4680
4681
4682
4683
4687
4688
4690
4691
4692
4693
4696
4697
4698
4702
4703
4704
4705
4707
4708
4710
4712
4714
4715
4716
4717
4718
4722
4723
4724
4725
4726
4727
4728
4731
4732
4733
4734
4736
4737
4738
4739
4740
4741
4743
4744
4745
4746
4748
4751
4753
4754
4755
4756
4757
4758
4759
4760
4763
4764
4766
4768
4769
4770
4771
4772
4773
4774
4775
4776
4778
4779
4780
4781
4782
4784
4785
4786
4789
4790
4792
4793
4794
4795
4797
4799
4800
4801
4802
4803
4804
4805
4806
4807
4809
4812
4814
4815
4817
4818
4819
4820
4821
4822
4824
4826
4828
4829
4832
4833
4834
4835
4836
4838
4839
4840
4842
4843
4844
4848
4850
4851
4852
4853
4854
4855
4856
4857
4858
4859
4860
4861
4862
4863
4864
4865
4866
4867
4868
4869
4871
4872
4873
4876
4877
4879
4880
4881
4883
4887
4889
4890
4892
4893
4894
4895
4896
4897
4898
4899
4900
4901
4902
4903
4904
4905
4906
4907
4908
4911
4912
4913
4916
4917
4918
4920
4921
4922
4923
4924
4925
4926
4928
4933
4934
4935
4936
4937
4942
4943
4945
4946
4948
4949
4950
4951
4952
4953
4954
4955
4956
4958
4959
4961
4962
4963
4964
4966
4967
4969
4971
4972
4973
4974
4975
4976
4977
4978
4979
4980
4981
4983
4984
4985
4986
4988
4990
4994
4995
4998
4999
1326
