63
273723222
1361198395
854406663
1330501518
245911987
1978894178
937485581
1648199506
1839630676
521886127
176167586
993559554
887115254
1774543130
1796497863
663934087
1816111994
1723054658
1169997546
1768609781
1334368146
684537612
1593068600
907305955
1858871077
335774526
434707531
272434114
1308361023
1134170231
1262213342
1630468832
1127570507
881962853
1745999609
1575406154
397462240
1556348247
556743042
365734909
31279094
1208723078
1147310227
970708912
472188788
1782255385
1770708829
620372705
15669737
1521502370
895247760
991647720
437023954
327549458
264771672
1423169256
1738978676
365837660
540049692
541491099
110937062
1760072901
367320428
