46
160960161
1500020299
689793701
386927852
1257030009
46039372
11645564
1489755328
1735270033
1092201763
1917769355
866044420
481245214
1191889205
1650271788
1171142396
1640513585
1986698613
1158182822
1935118987
491758030
443387815
1549595932
1053031086
1780435965
682646850
87235522
1452963662
1958524791
739022427
575802560
306885877
1434404293
270121867
1726008622
1084118644
381632084
1454631245
1490089372
1720233892
1820582456
1434733953
1806062837
537162469
1448540955
1948918276
