69
1438934198
1299155320
336500878
1093380597
718883898
1127567641
471690387
1524970500
416040768
1770725587
745217261
234841808
832574895
1226591482
1801178278
172902340
288177578
1839100426
1253693599
1464905767
87212469
152951805
788069182
592025087
1440441182
1665468914
345922320
937517385
1094336968
271317851
104612633
118193979
1100961064
1444138376
1340673263
1468201
535721853
249218409
1688719757
718414834
7055304
472289330
714707031
1460870794
1491204999
394885475
1473948578
957884678
555238250
930284152
172268113
1405240562
515004079
561332650
1247421246
234607590
208909180
1946009446
790235762
63971082
144547905
1009621224
30169969
70240533
324238370
1932132241
37512263
1780015272
1334423171
