78
1943508188
813402407
940186844
767676832
1531393787
1311970173
243309015
696099436
1491740722
1335702973
780806635
936126913
59806826
1660264529
1381382261
448444848
1209910173
1571187185
800162573
400771301
1240315093
654978477
612756416
1664696762
1690039826
426987401
1374225653
556773412
994324137
584559453
1770727713
1576538566
336312900
852236660
1953037721
1913805863
1697949784
825031767
1357359141
846236579
393742477
890855311
1883962372
375606780
1289130325
384738660
132162703
1601787706
1731652604
1857754971
222766788
788967369
1955669330
247656541
1491632018
1394133326
865436400
137173814
1103364523
859725525
1130585209
298083211
1702708507
938848391
1662742776
1290467064
1729507046
1944908765
1366527473
1608049846
1667452909
1278871123
1042793856
1124625629
371586143
562093855
1068532496
827694955
