83
1052429647
1653466638
1705045098
472286960
171767405
1483864516
1501616309
1742434396
1560587675
1576126751
1195824293
1182930153
225404103
278660290
270348186
953161721
176212641
412873106
1855117354
1379060830
1123116191
1427450547
476276570
1460572860
405152612
1706118947
74277462
1739853506
1166383182
944868627
729106561
1496216417
1486774324
1552256672
1929226601
484837061
1308670652
1245112569
1898304294
855863410
961704424
589122360
1639939893
740496360
124763664
392320987
1519163181
287525544
1162571385
431952762
130961654
1652475155
1470631436
992724731
1179148767
429976753
928671263
1549234798
591965235
975662766
705889141
350047360
1259984342
1861273692
1521222393
984344100
1149674406
1710929429
22194969
803673700
1420599829
1555117205
1344255300
910049118
1219103907
1384205974
156423411
1115055737
929005438
1890300843
432102122
686661422
46371262
