165 110
96 26 78 66 85 42 82 96 32 85 16 72 72 25 61 12 65 57 74 81 1 93 52 11 3 7 6 20 90 44 88 35 48 8 17 81 52 61 2 34 72 59 8 2 61 15 99 70 74 60 36 35 29 15 75 27 15 6 27 39 63 54 76 93 95 30 17 50 48 41 83 30 20 18 28 76 53 51 93 73 2 32 30 9 25 88 70 65 22 44 42 58 49 50 45 85 100 29 96 46 60 24 23 9 37 32 93 35 48 88 70 65 25 76 12 50 81 16 66 27 78 67 60 50 71 35 39 46 33 94 47 60 83 30 80 28 36 37 84 76 19 41 61 12 73 95 32 84 45 43 23 65 83 95 20 4 37 74 15 31 80 90 39 56 95 
36 52
69 137
9 39
126 154
57 97
96 148
43 72
59 150
38 101
109 159
45 142
38 149
42 60
2 109
62 108
18 80
85 103
40 78
41 95
71 134
42 152
95 155
6 151
118 149
131 161
89 148
72 114
63 100
85 124
21 69
11 88
71 163
13 123
26 105
124 142
54 153
36 99
8 154
90 96
70 81
48 72
46 151
6 57
52 164
10 162
1 123
39 152
125 127
7 52
78 114
74 137
5 58
55 76
8 157
40 130
118 155
18 124
47 142
29 140
96 159
72 76
111 155
64 138
99 130
28 126
14 124
59 92
3 55
50 81
45 86
45 90
63 68
61 99
66 124
109 121
30 51
13 14
64 81
29 131
52 122
23 108
115 145
19 130
49 75
3 17
12 99
56 107
23 125
113 138
27 122
92 107
14 71
19 111
114 125
96 130
15 24
7 122
46 159
5 52
28 142
29 51
15 158
28 101
45 60
66 140
26 107
51 88
77 158
74 147
4 25
