32 76
53 83 87 14 13 40 56 56 6 75 10 85 85 26 60 26 22 84 56 77 82 38 87 10 95 56 77 95 38 60 24 4 8 14 95 85 95 88 62 59 95 39 53 85 63 67 79 58 35 31 27 78 38 4 33 63 68 98 1 19 1 44 73 9 46 68 4 49 17 36 55 89 32 54 74 31 
57 81 30 86 94 59 33 78 52 79 83 67 66 78 19 73 34 23 27 85 59 23 50 85 26 56 40 92 84 23 54 88 83 35 97 93 24 66 70 36 76 59 28 14 64 98 30 36 76 17 66 49 67 65 23 92 55 26 36 10 42 90 98 25 97 29 83 6 2 58 24 48 2 85 36 60 
60 93 61 34 87 75 11 10 50 87 72 46 35 66 66 24 27 29 27 99 7 20 27 87 60 76 75 49 99 92 64 59 41 52 22 5 42 45 45 11 80 16 29 96 63 60 74 97 54 36 99 3 31 65 79 88 19 49 35 79 22 44 87 4 92 88 73 43 89 58 5 51 37 10 39 2 
55 87 41 86 72 79 55 91 40 10 80 13 48 8 40 35 20 73 57 73 99 14 3 23 34 6 64 79 7 18 6 77 36 92 16 32 99 13 77 64 91 59 16 33 49 56 31 76 67 36 37 4 91 67 27 8 27 91 59 96 54 64 59 2 25 74 93 79 30 79 33 100 68 12 63 84 
44 20 46 30 44 42 6 64 16 68 19 94 23 87 34 18 45 5 15 5 73 52 39 30 62 17 84 7 3 83 12 17 69 69 22 13 47 32 97 46 21 94 97 92 54 29 98 7 9 7 55 18 35 93 54 26 7 60 46 55 74 7 6 20 73 35 100 4 45 99 77 64 98 62 18 89 
41 83 32 80 5 17 52 51 27 14 88 73 93 56 13 57 40 92 48 31 21 78 86 92 95 97 24 1 17 13 22 47 25 5 87 82 16 88 94 100 28 23 13 47 13 35 9 10 83 47 70 13 26 25 73 34 89 96 78 37 84 63 17 10 34 67 16 13 71 58 41 73 59 78 62 14 
47 1 95 4 17 85 55 70 77 23 64 76 71 45 22 89 75 85 82 60 27 75 17 72 64 19 37 18 10 92 90 84 55 47 38 10 21 16 9 95 77 64 33 22 69 16 99 70 43 20 18 90 61 48 7 22 23 65 68 25 9 95 67 64 1 43 15 32 54 82 31 91 68 49 7 88 
36 28 85 67 8 60 67 26 25 70 66 41 61 55 23 56 9 65 58 68 44 31 22 71 17 49 59 98 30 4 77 9 24 77 99 62 15 62 89 95 57 48 12 15 94 45 80 64 28 25 53 1 16 71 75 86 31 89 31 65 21 23 53 31 21 53 53 68 56 66 93 70 99 59 2 24 
3 86 95 23 1 31 84 47 86 38 1 12 77 82 69 5 48 37 49 62 29 30 48 21 48 3 62 7 70 50 32 32 62 45 83 28 64 26 81 69 4 54 38 50 15 100 66 35 42 67 87 69 80 7 25 65 74 61 20 28 6 4 72 96 34 28 51 83 75 88 5 10 38 99 28 67 
26 76 49 36 81 8 58 17 44 87 91 90 50 71 3 41 80 83 23 89 65 59 93 100 36 98 34 29 36 23 18 92 99 24 34 30 78 74 10 29 54 89 81 62 43 55 86 64 46 61 27 39 74 70 32 95 56 89 91 79 42 75 99 4 52 45 83 11 57 86 10 38 30 84 29 78 
39 55 14 10 63 61 59 89 90 78 49 31 11 26 61 68 85 68 24 30 40 56 36 76 65 12 65 23 59 34 84 36 96 53 85 63 68 18 34 64 57 81 8 8 5 12 49 60 1 6 54 95 67 51 6 63 2 77 41 55 19 24 32 70 80 98 90 26 82 98 68 40 96 6 4 34 
78 76 82 6 16 89 44 31 28 37 25 48 90 69 50 63 96 86 28 78 62 37 53 41 72 25 95 52 87 54 2 36 21 49 19 62 62 29 92 94 59 97 10 41 16 59 49 22 36 98 95 31 98 96 74 36 16 77 24 36 37 80 32 13 63 1 92 9 97 82 73 80 81 95 75 63 
16 71 28 34 95 59 21 63 41 16 89 45 50 22 77 4 24 49 81 68 13 3 95 56 64 61 92 43 17 86 67 26 66 10 88 82 19 42 14 68 73 51 28 42 12 11 78 34 2 62 75 14 55 5 20 88 40 31 44 3 49 94 24 65 10 24 96 49 20 41 40 7 42 79 48 11 
20 50 31 77 39 30 14 8 16 5 99 99 23 19 68 55 34 40 54 72 84 90 35 29 56 48 22 33 88 52 33 56 78 87 74 1 27 61 47 20 20 23 81 82 21 29 62 92 18 85 46 100 96 91 95 32 11 33 94 11 33 49 8 59 77 99 47 8 43 26 92 25 45 15 9 85 
43 36 59 53 13 41 13 76 23 56 80 90 66 75 30 65 33 47 91 67 13 83 97 87 40 5 100 90 86 7 30 89 85 36 73 80 81 63 17 77 53 51 37 86 75 2 6 74 31 65 42 35 51 43 41 71 75 69 69 13 40 100 30 41 49 100 91 88 37 19 87 91 1 49 77 36 
31 47 94 48 20 22 35 21 39 6 44 63 36 3 43 38 11 13 42 31 73 6 77 59 20 42 22 88 85 55 74 83 71 11 72 12 71 20 63 24 84 19 68 40 87 87 87 95 63 34 70 25 90 58 78 3 26 26 5 34 87 89 32 8 64 27 20 44 45 16 69 7 24 12 22 83 
86 14 29 57 29 36 96 73 37 51 95 59 89 45 29 57 25 94 44 27 76 97 74 17 9 9 88 91 68 96 59 97 96 65 35 73 87 78 56 5 56 29 72 47 90 34 33 86 96 51 88 45 73 92 95 68 2 3 85 33 39 27 44 17 50 53 71 59 52 95 4 48 61 83 95 69 
43 27 51 96 40 96 87 9 42 23 93 69 13 20 71 43 16 97 60 48 48 28 15 86 9 50 30 27 40 93 17 42 94 56 38 76 32 51 21 24 69 42 58 2 57 70 38 75 77 89 39 85 34 43 10 24 20 91 69 62 56 57 27 98 100 64 10 48 56 81 38 31 90 73 38 43 
70 61 67 41 39 26 5 51 4 56 17 90 12 79 96 68 79 57 43 64 48 74 85 80 48 59 55 4 19 41 33 54 53 34 56 52 57 11 92 33 36 78 96 95 58 47 57 25 66 41 77 16 14 29 55 42 64 45 11 17 50 33 5 42 22 78 19 16 50 54 29 80 99 73 25 28 
96 33 17 88 46 27 56 38 70 74 13 3 89 80 67 80 13 78 48 64 67 31 12 26 98 74 17 59 20 8 82 73 46 37 11 96 38 31 72 32 9 88 7 55 52 46 83 2 88 48 77 55 41 83 65 50 56 90 63 6 45 18 13 44 89 64 80 76 6 91 66 61 84 94 57 47 
53 82 85 92 17 46 98 21 76 39 35 4 63 60 70 26 99 56 74 34 31 97 85 70 35 70 46 73 7 37 68 57 16 44 84 18 2 32 45 73 43 91 10 69 45 58 28 65 87 19 11 82 39 47 71 39 96 22 68 47 18 96 63 66 54 84 4 34 62 41 31 63 5 81 47 97 
16 87 12 71 46 62 24 63 97 40 100 86 25 38 83 40 63 2 11 17 11 98 88 40 39 3 99 50 78 34 26 95 49 35 42 40 87 32 95 33 17 13 98 12 53 71 80 73 61 80 3 58 66 39 73 17 46 20 100 76 86 8 96 8 86 7 84 63 85 83 49 44 11 44 8 2 
21 18 83 74 75 33 56 53 17 75 77 70 46 72 7 60 5 88 84 41 76 95 85 17 77 86 70 34 11 53 76 8 30 83 71 100 9 40 97 98 19 100 29 43 22 86 2 31 93 84 37 68 16 92 20 69 44 40 31 70 43 96 39 80 10 62 34 28 11 22 54 72 30 86 57 50 
65 22 82 31 11 89 68 88 86 3 39 42 90 79 88 33 52 36 56 92 65 8 62 56 55 20 77 81 17 7 87 48 57 34 16 33 48 20 2 57 76 28 22 41 100 77 28 26 60 76 93 85 1 9 8 23 54 56 42 81 4 30 69 22 45 90 48 83 79 59 67 65 63 28 38 6 
77 100 80 73 31 71 57 60 15 94 77 100 18 98 53 80 47 86 49 61 59 52 1 51 48 18 51 69 25 76 5 46 18 90 98 8 49 44 48 65 8 65 32 8 29 15 4 6 81 2 57 63 14 51 49 29 13 2 2 4 69 75 56 19 71 67 28 57 62 23 26 78 70 25 6 67 
81 11 29 45 13 73 27 66 60 33 11 53 29 48 44 43 17 51 32 13 43 100 44 19 63 4 39 90 34 57 40 60 3 46 12 74 69 99 31 65 93 8 77 70 1 100 24 74 60 65 1 90 11 20 25 11 64 64 2 14 74 82 100 12 26 59 27 61 95 26 55 46 32 30 39 78 
39 4 27 24 36 14 9 66 41 59 33 55 10 19 25 46 67 84 66 11 83 46 13 19 55 5 66 13 81 28 57 25 80 57 58 15 12 77 73 83 76 98 45 4 13 91 94 81 42 80 45 63 43 72 3 50 8 39 59 6 23 65 70 100 43 48 87 46 45 61 92 55 6 2 52 7 
28 74 5 44 52 10 28 86 23 72 62 17 83 27 9 32 28 24 60 91 78 57 50 23 95 74 62 7 24 91 12 70 27 43 6 20 78 95 84 26 32 98 19 17 72 93 29 7 2 52 6 8 57 31 17 9 98 55 54 96 63 15 18 55 73 89 81 68 60 84 86 51 91 77 96 91 
67 51 45 92 52 58 84 84 100 3 38 80 49 47 84 43 35 84 23 97 81 63 53 86 72 43 90 87 57 71 6 87 36 14 48 46 70 37 63 89 44 60 76 68 3 70 97 8 54 70 60 44 36 16 70 38 60 89 51 70 68 58 58 99 21 92 72 41 84 33 9 37 83 86 18 20 
81 63 14 22 90 76 24 92 70 52 89 74 39 52 12 41 7 62 91 91 97 16 70 46 5 73 80 67 92 6 77 11 80 40 79 26 43 17 11 89 87 55 97 59 25 14 70 45 35 64 67 71 100 33 51 16 35 58 66 25 82 59 46 90 75 71 81 11 38 3 98 13 15 57 15 10 
50 66 73 93 20 49 1 24 76 87 32 48 39 25 23 70 6 74 95 49 68 84 43 87 63 24 60 44 29 94 94 70 17 11 96 79 14 67 17 88 58 23 100 61 67 25 59 39 35 2 20 1 34 56 43 18 95 88 49 86 19 15 16 61 100 68 62 98 39 9 93 97 32 60 26 2 
67 68 89 91 68 52 56 31 66 17 65 6 5 21 40 10 96 7 11 91 20 88 11 80 100 57 66 61 43 17 73 24 74 74 59 67 78 4 82 100 62 96 22 72 87 26 33 52 93 16 35 8 58 68 79 50 26 55 74 11 62 93 52 42 70 67 26 81 52 88 56 13 19 100 43 11 
