20
450251 
259775 222758 
754289 409499 26498 
114289 228995 180456 28319 
244256 816793 459299 800896 699934 
887737 419710 166925 335374 146968 914827 
142177 750955 604496 560120 612325 410037 901678 
743147 536253 21210 373215 564917 877893 143376 750572 
177606 886926 612733 100661 610209 689037 566389 472140 263189 
164562 969654 316614 356465 626153 117167 578212 515189 612856 618655 
686104 559847 761419 229200 261337 893735 578764 320498 732617 234169 138250 
827925 877126 220971 701652 604868 886865 926443 644128 477374 420612 816898 610510 
657393 309132 533074 88936 859299 737101 244288 347 851208 527271 480803 249383 106915 
958935 780870 94087 605908 375482 262776 85681 940560 50509 924442 536117 679175 140629 373807 
977979 713987 253331 71550 320303 986438 197366 239561 366551 832337 713896 504143 884175 72277 522889 
381703 990804 175242 954955 813022 375164 920451 536222 878186 275940 759862 644652 19169 143722 651973 706105 
506147 911783 255309 393585 868671 144080 615937 266503 396894 982784 520869 393777 703913 125273 151943 617902 411944 
72667 396404 793176 465924 15770 435672 259064 739047 407032 11614 856442 762930 483115 298823 156791 290841 406157 306613 
736671 999644 211263 208603 927692 140963 478081 76644 784362 706342 927377 204099 183142 558481 158951 268463 638818 653041 240556 
883027 982529 737405 839657 819872 596152 717055 656487 665441 412949 673335 741881 107969 306388 938139 585925 185189 904326 509461 8742 
