20
72110 
425753 733343 
447636 766969 974386 
166123 620306 872432 895907 
357478 839605 392446 826156 628159 
547408 774634 357251 581396 256318 799333 
878255 365954 271660 360783 547553 203759 664436 
505634 388826 327448 720661 428391 293478 865877 935582 
66301 373323 954864 5980 200165 188962 859461 729103 814959 
591833 579209 437630 207173 299363 870088 438874 980562 20314 410960 
929352 14789 782320 637812 547454 859098 212113 87518 295741 341514 286165 
7604 780281 697762 606879 46601 858104 149468 296611 887439 621731 234584 644695 
674002 828769 815919 814179 657572 682816 988713 441681 906624 453750 405551 961705 178695 
20369 75144 39428 15498 450367 182916 915093 218296 762132 240686 575307 362285 604383 583994 
737638 872126 118373 607135 297105 58326 665797 77186 640675 292951 573865 233515 589762 132271 449898 
256735 592296 514220 156546 835990 377511 399987 751009 919879 177770 323365 595629 274321 707071 35647 386424 
187569 524245 640902 216865 426267 35182 104656 511377 355394 576662 661314 815960 532485 268849 354908 842236 493871 
290294 180438 442546 202382 524715 421276 436316 122775 493108 935637 627756 399442 699242 720611 288784 720738 351210 721740 
129545 379134 102687 247890 345111 940490 430729 969932 865402 522176 72407 919753 210440 239445 258020 476640 789212 503269 13392 
702356 476052 519366 227102 257881 924911 492964 985013 750212 313516 866188 326974 729296 223395 189686 432963 692916 96254 597273 171726 
