20
576320 
748635 595299 
986318 296517 927017 
508796 990059 537182 485061 
486914 246203 836031 633769 384122 
484146 571504 309121 626479 567384 841012 
716738 675225 644254 156408 937191 545788 883483 
772703 92289 758242 831560 964575 687841 939943 911749 
306378 623912 542824 450493 689999 483359 261017 185302 390216 
893242 146756 685538 543817 602662 796237 818759 96273 889458 560883 
655817 403804 789731 865243 407250 632289 597388 205636 999991 766134 237050 
367738 751580 918839 887575 600836 223770 655695 478532 865037 545093 864358 313481 
732871 754958 448194 482411 442795 921259 809401 278238 169540 609283 479671 732176 258806 
301236 740177 707536 512412 306172 480632 250381 982260 69041 563717 151159 525592 377341 499869 
96379 859908 106636 537603 379520 680833 412493 647537 907456 712708 471630 243187 99850 331077 227670 
813594 929830 762040 993022 844193 999964 431261 501380 631824 670160 203156 967286 602193 946044 638540 597290 
503714 331017 145386 439073 178321 754349 324797 684852 794464 366598 912279 914331 783359 807971 523010 899413 32133 
647982 847588 609943 120111 38222 182780 412568 820936 607230 506263 28974 456582 513593 803447 989516 65955 763466 543932 
532896 169083 246592 515916 812694 167814 850911 621094 526401 607256 1506 170385 334494 27562 144041 208580 577293 336430 911170 
775618 180387 885770 133377 982750 543520 332108 676050 103171 430548 966921 489237 68073 909512 245624 618237 344294 558892 826402 949872 
