100
46916 
604666 640756 
121331 575499 940751 
312734 625350 129733 566091 
454764 743765 277926 955298 40464 
343172 287367 197533 913882 793226 761379 
856177 349078 789828 176560 668610 385266 541974 
303434 172376 841783 294101 757382 223670 50036 649003 
351791 83497 624920 261011 639546 240059 827081 970123 198150 
494808 347494 628911 600073 16894 136031 323632 462215 42714 163117 
239302 183865 360044 557261 628887 433683 556978 833950 951840 562446 57876 
129565 28063 974401 934758 118122 195121 71946 328074 78552 172474 983300 356842 
80184 161456 599533 194102 560407 233994 504349 213699 855893 144008 882183 81345 774541 
939857 289847 849174 163116 182492 904916 775936 37348 753309 151040 520864 604804 722290 677117 
700051 508630 130105 507130 989774 27416 750374 782045 453181 392489 320446 572928 849140 841241 824618 
53580 920250 126672 453482 419606 454128 707956 842691 401757 824273 938004 251860 245901 792607 179899 24161 
932116 488365 669822 392420 400489 991148 882756 35860 421243 601 535611 274991 643210 193081 178815 535335 272205 
538679 315124 570541 329615 921856 46474 700215 46851 945987 468910 476652 159599 153403 93843 714560 437381 894654 915672 
72753 76306 753021 568254 644744 5685 980775 622304 657506 497566 316171 514120 914764 500832 28939 113528 59251 888345 411402 
276239 304433 64351 607116 351663 835061 562815 258712 30419 982923 884460 180557 132861 382131 577119 716234 253337 508758 810193 489224 
693234 759488 807266 550464 193963 424280 752593 781893 231188 852547 52496 839229 322847 940421 384143 148435 996082 752711 394569 673726 869004 
153435 650248 755157 396890 505503 72742 87957 88085 419899 884148 801577 22567 377789 751477 406615 623655 138600 914616 640275 956804 170341 200713 
816964 98712 139184 723138 117591 535854 842115 219728 234990 701620 873494 292314 984421 21166 685025 144418 217020 347836 489648 316227 646291 438266 602040 
28193 615186 389564 111401 447582 892128 517827 625348 137923 14428 216367 227385 979224 437532 643965 85930 293082 237900 139459 474940 189717 147707 148593 763561 
199628 544614 328888 36608 426478 119588 549312 729663 790979 161058 432196 403209 182715 430732 297511 926343 924872 358570 646153 587537 325019 439906 913386 560360 83029 
360776 344225 691970 31470 526540 207648 463383 818000 107831 674056 389020 859668 254421 92600 992162 451775 630846 217758 403128 791806 892691 598480 570018 258878 309670 957605 
272389 874911 475812 326320 582971 660245 300103 467311 794592 596630 27189 559993 130686 861267 830057 925476 248850 594375 296607 102511 408097 495197 195312 807680 923310 333500 276582 
583463 380469 623733 320616 641302 838653 490539 307721 343494 229730 485031 196459 270469 238346 832179 255865 417868 328117 561704 185096 612437 353930 628259 627700 118543 375398 262988 625812 
762796 820424 618911 313747 633114 808866 543946 47246 25117 867337 923588 144560 440053 781629 407580 191184 3622 867569 910885 767673 481016 296464 955793 2818 970929 800105 152339 269279 659707 
885493 721852 315651 592515 380166 20948 485541 882750 119731 708969 178577 148262 420465 675692 412940 651449 550463 174408 586572 957536 447448 815189 522293 103853 332340 132254 87514 478076 306522 813138 
174247 915506 350566 734471 833265 142359 375376 150687 901906 494690 163952 655782 413573 294475 41576 9333 520175 485475 899170 94866 904873 290890 6431 671397 510799 180024 116469 693826 865350 457410 786276 
859607 941575 895682 293603 730628 936047 444439 554445 253929 785947 492718 476423 623762 984842 213528 575538 99315 50536 69637 384068 656428 418676 228352 373555 553207 299759 720564 824583 147227 498552 643275 85313 
991885 861263 944971 137616 506405 659312 75047 959363 128813 276726 798983 857361 580560 536536 122170 361805 724307 99539 663558 93667 611318 910504 655573 374689 679766 921590 203638 54374 907844 932496 651756 61557 945314 
417323 313959 476427 352230 557733 980734 553330 838675 677881 923234 348482 26291 468431 14776 851948 174188 649983 578730 294632 536689 718665 145068 572598 637395 332800 588794 650964 743647 20113 5158 209935 637366 637731 213505 
633214 394050 587963 859369 175062 904348 313938 114413 245465 283737 13424 148859 357157 314504 540726 346879 146949 394501 923499 847659 231874 824315 481284 215488 898269 629279 432080 735720 659523 617806 901378 672859 443669 358943 336948 
730563 444000 832363 714031 862015 39710 54599 531000 27654 46179 300661 782214 389257 599183 89330 701455 674953 752341 827205 857393 551983 840057 336630 277212 147703 729343 155786 785335 581402 162756 501845 921035 148716 431407 663211 131761 
190440 610333 366070 850129 241896 546369 183731 998327 271441 736510 134528 611708 323272 363625 129781 760604 531318 347256 119081 458421 239524 630648 797527 382674 864810 945106 278131 608169 23817 207645 415356 81962 486468 355061 441302 303218 875505 
669677 729388 295683 118592 163633 800865 113890 542800 483472 611211 235536 297185 325097 595181 215046 707500 883190 216501 338508 234854 69665 298454 223776 688169 842540 93258 574641 555653 48645 736532 879797 230530 665288 917466 292109 105210 803427 990335 
744886 754789 542107 734616 262567 269566 191325 689893 635843 341551 76904 424397 814975 420703 726222 289909 602142 761088 570390 220892 301606 851166 441667 523098 638630 693371 373836 685580 884657 971311 232287 394556 588630 725059 700794 55762 180947 352349 12194 
252710 855278 180554 428143 931792 643305 895900 494264 671499 775327 293068 760305 85958 218106 582334 172760 257115 242405 603453 871500 705739 420582 679813 815872 497529 205200 444582 364204 926238 55784 369413 71561 377104 52075 199059 772548 131217 171490 627447 154938 
940981 414822 246915 177183 395200 828210 249802 758877 631488 188870 412428 616861 398380 10751 457031 142013 649851 95810 339476 645992 176942 120674 318421 844953 963139 963542 593854 745525 646885 13642 499372 169363 353768 539524 853051 436775 344381 96589 356818 365474 311131 
173018 78685 610922 55833 985020 169689 862162 641340 587845 207190 83885 895349 21923 123053 313412 529313 562095 336566 393220 387466 150519 824895 477283 709980 510838 886815 305167 2898 14838 957208 238474 970536 822103 880438 200615 28593 330096 441246 460383 626181 421401 150361 
907741 462700 218956 112205 108368 578782 899058 884006 224274 707303 475071 715038 630816 990029 707651 32770 984615 643707 784585 874370 774073 903177 678440 608090 228874 820134 632908 355961 38133 609668 336519 912062 821851 801869 433209 970077 28007 454900 340682 281412 188283 256529 784528 
516009 533040 784965 744500 849968 748870 190851 615327 365078 214340 955178 773114 934669 145949 505424 553833 748294 365486 629930 958689 25788 799131 279323 601756 111596 127610 278426 148738 10544 393677 578299 589121 317857 534238 351133 837030 486688 596726 75884 669034 519824 533006 727663 650935 
852457 297569 986921 711991 59028 476396 422284 316170 639452 748951 323630 864948 968463 994901 199476 916356 794758 1386 654242 974583 786320 634653 709970 282883 123334 272303 330298 117613 322250 368336 339348 851537 990977 63148 178235 309624 264936 16127 293986 554862 508263 524912 938120 418068 769200 
825396 987287 22542 26159 661407 973423 456832 903574 104327 963793 699491 791187 945210 309213 294533 525469 722257 743546 966889 455858 431597 949256 593405 970094 714765 111997 765882 966555 537921 730912 807769 835682 409068 992741 583567 400236 525222 257962 163344 525376 848718 281674 10837 452377 342479 28570 
3420 456098 648366 412772 945935 682519 836221 655148 158297 150326 423079 191694 473410 7224 455900 986192 665053 293726 799336 92060 317598 5079 472483 538431 927737 597074 999261 28117 857809 297380 594572 279287 264348 899027 282983 786037 810851 356574 26911 324171 119025 246837 686843 378865 395767 90635 152067 
274960 581586 82793 236759 196225 404105 525034 638176 212075 586349 583196 88674 911240 888882 143323 10153 950393 920414 741735 272459 278688 392129 12920 513623 122767 836803 408727 555439 519545 148252 276118 226234 536280 237074 7907 381712 33612 248082 632710 539063 126446 402289 622865 511172 990589 248771 648133 82670 
710375 550642 489331 651272 236187 843322 633353 967701 108461 455746 214825 269187 410419 379266 574469 754546 563213 929047 19478 218169 512922 745794 825013 315029 768188 872225 233769 158944 848309 566030 561038 671455 96651 545956 503318 971954 929786 865237 277543 909242 370098 487893 949996 916718 208138 964833 439649 441387 115218 
980465 370060 1473 902519 317606 265987 210523 848358 67093 118920 910736 354751 250483 3721 867474 638771 121242 94155 352887 362954 130566 652001 804704 57654 416315 791623 875094 134944 107188 55386 362889 780481 12986 61803 38709 944474 495971 901478 664224 85012 822629 418145 337072 364398 465671 512735 851948 755568 196789 486586 
368006 481696 920898 848228 898963 730631 886580 571848 202025 370746 636282 598337 472140 322897 322825 995606 564171 376803 111230 344997 339352 195746 707145 740559 1358 455485 848850 278730 96306 873223 778921 847008 668333 911692 86054 830631 151503 805326 4415 879129 959756 826409 879560 394105 290026 842971 383251 859135 59989 636490 619467 
844276 808246 621462 197918 161308 561206 113697 624007 765598 439859 630650 608549 804073 813650 722024 946931 576161 678978 288273 97823 486827 328119 398697 116925 36015 224073 113624 979423 739374 477535 857094 618458 574671 228119 190057 187815 830448 264230 711290 25010 593908 749066 697831 769133 512043 816770 736549 19089 808676 141910 606618 589982 
483161 236183 470071 225610 653492 371904 773060 561025 292421 145430 585616 96179 257335 335342 921340 364548 169987 827627 477615 774998 935423 209005 550211 819358 191761 796100 514753 254068 751747 800919 781419 628100 969096 668770 977299 548499 952829 218660 525610 618442 730521 923266 525270 590919 419551 504896 31706 803387 501321 369996 511754 343806 141250 
156480 87587 252630 545849 508171 536325 746397 135957 251595 319037 556353 887409 644065 76525 987123 641439 580307 616359 345348 393156 104329 896125 488417 761059 860395 844160 222064 662097 471989 810834 407221 553368 97277 747229 548785 170184 463480 560345 856895 193412 355279 499501 83261 192132 243805 558192 897264 417388 79562 49780 291575 266415 788855 35210 
970649 188984 163241 419510 2146 879065 72339 212277 355254 364197 882776 276484 281810 825704 87855 394423 837446 894002 30925 436894 134854 850564 928633 146112 483390 796690 225341 329030 959884 993038 222777 884267 951962 897948 349723 497895 302496 735979 193731 125464 897815 318810 5560 959583 226892 163134 282224 257081 222805 47039 706111 618127 728130 410107 157758 
506955 934005 442476 583226 2490 168990 380589 312274 724750 611784 892418 523181 781300 590458 38826 782193 251012 184367 424984 54305 747037 389439 102794 939408 963702 320583 742769 193398 240614 689400 522890 680133 661979 434781 948338 731927 466335 47328 39684 782802 746499 225963 390242 539784 114593 173138 672887 984434 330301 280454 358069 903189 244678 845944 642099 209162 
894348 37303 740395 213897 108638 260528 796352 257310 539475 540396 147896 345768 616334 978385 569742 476560 804064 253458 484998 685256 695788 240276 221442 749020 597857 844552 919633 445411 504966 657305 301501 479080 770697 90952 602997 62028 244546 542865 49883 623458 12334 520958 783123 891713 842179 193417 128742 927758 445129 312088 663675 369804 597276 186162 346380 809273 487978 
784772 73739 678851 761135 20435 223909 185325 730508 413461 108639 587730 915920 2287 707475 150049 115814 960505 787796 548209 563716 877399 924773 824554 157503 460542 890689 489672 521350 323897 156389 8206 643213 851353 333212 325994 171310 278760 622885 516265 794775 340494 709426 548534 94359 540342 958965 631460 400166 833826 265740 184876 410952 375776 571836 482687 711331 452949 250468 
500659 976795 503834 119946 519272 170040 364128 882459 414554 696640 538064 739540 706145 734637 824897 524783 471437 144916 234437 782094 550364 135947 977371 595989 239339 732984 900964 916524 878358 509699 991758 487225 289144 161159 806099 701164 3637 148716 763901 835449 680144 598063 260171 130141 876651 107769 154548 9112 860664 863192 705558 478403 81963 263996 68642 911790 111133 334831 292106 
768794 560535 984251 85417 331561 80458 348401 565536 666455 434772 465258 257531 769675 389601 619840 660660 516858 882813 142587 925249 130709 413013 430875 82423 191921 596246 661197 268754 730825 548177 224137 881448 424301 803712 89278 17846 726689 369937 992473 904769 986752 546557 12307 64598 376257 759409 699441 405765 211753 597133 267855 497451 976061 930518 705820 195750 74577 604698 8523 981046 
20560 160099 919833 41041 112604 122955 102673 118569 293102 986040 334428 696655 368655 86664 774630 163841 20240 763455 722485 187265 492706 765152 715349 795691 598616 835795 72998 627974 382507 648165 8001 874351 372663 845964 918261 829050 947438 571266 216110 859239 721738 951221 93116 560044 596818 29433 256497 482735 970424 980399 718744 236967 373026 223886 517411 330684 225675 446420 438559 271786 979392 
534071 195913 256461 186277 328879 538018 882363 336640 559649 620417 714963 65892 451190 140259 128476 893173 73252 586287 247901 176572 630922 936132 518087 741233 771442 664932 777056 948491 863533 836837 35678 169089 551175 886110 246495 49198 863224 59169 767624 41732 767868 86950 42126 318033 811325 360971 698702 36980 264611 717913 684921 325644 955419 733457 763549 615756 823220 619173 26129 909935 534733 987759 
87124 226298 434658 963331 829450 41735 187038 816054 28558 4446 558565 567991 506803 146558 667293 319492 321600 440538 503620 720993 964117 674428 838699 800073 294606 194546 998815 553617 984764 523195 262143 677832 865784 649189 635688 766455 545148 838437 396462 370638 745815 875008 35068 194924 743563 190829 54864 824989 308505 557114 115507 78861 118398 69884 73526 791813 464768 897273 690138 60705 911298 394874 900519 
719709 131441 142570 85891 239818 126492 688423 125404 657112 134185 602039 167234 923957 138230 968312 355762 431892 528111 185559 529097 217508 766155 167359 979010 942346 556246 441529 849816 518487 564868 303413 952647 559471 167400 625169 506786 278158 568474 396173 149361 946694 382572 544769 958643 613972 824199 215011 57476 638424 668330 235069 76319 549051 197556 428519 951467 287346 669210 582386 248394 232211 823786 170314 288478 
999310 85213 884352 420914 450446 853624 752596 975723 585087 826336 237724 213987 439980 943849 700229 748715 879204 244181 273021 197408 251478 931874 823557 603811 653229 213488 128421 546420 677958 90744 866468 643803 238368 298396 704845 403691 299969 531657 764330 372150 769992 643733 568217 38988 4000 757620 978191 248706 263864 183559 340483 682791 761818 573033 923593 91505 135870 322373 949556 366914 469783 948347 612705 512503 91938 
617812 970607 323047 35801 672427 385162 846488 340870 631160 971683 818109 764418 902931 472625 470867 11287 837080 686003 327729 616503 614080 476918 12272 807670 170165 388068 123977 537557 302769 904223 149837 978616 185369 132026 9026 945855 762898 320983 459750 599750 901376 917850 567103 339213 337047 136826 589234 212853 697826 693758 465021 212670 435808 416386 316060 454316 87870 421365 443704 720401 222132 518655 283914 309566 324991 588746 
814062 38303 747534 917217 658911 489217 447155 565187 611634 120681 939068 886215 436616 943407 780175 145578 357923 473537 446559 418068 538218 210256 559311 717059 832170 287191 349673 312966 537513 921726 94170 497391 631452 982733 820330 756576 904015 79867 620829 678950 400181 375944 709148 269284 908750 562748 56832 219003 780647 355640 324531 549432 840572 837241 702595 90085 3233 716299 251453 532851 670221 42900 518130 288558 503059 509716 616237 
443622 435119 163715 517799 92296 244817 798035 475716 104643 877784 1018 591523 916505 502565 806519 922895 438955 928982 287112 137588 732357 806265 601652 846514 220465 568807 199039 818866 855119 837757 950745 253797 311094 288564 579908 298643 675833 795489 179525 918184 734280 570863 105076 890049 340720 381949 120277 497137 184027 730132 768301 252408 742902 654569 789704 705839 413301 304028 396907 711539 912320 33499 87066 282428 965615 112785 228695 562795 
312650 409413 116654 246141 942902 657871 575484 106235 923948 186243 132686 652537 949399 365285 768877 260769 185599 643720 81812 106703 222276 363125 190900 710032 505612 910347 842622 702321 900569 527499 507026 909352 683987 318865 932693 75208 296364 363936 554680 675906 691530 606401 9607 641323 957370 370814 739155 242393 593425 438682 552125 552379 494005 610477 826958 908181 869418 880551 187609 75892 389242 522547 153257 678130 302904 209153 941684 193888 236672 
423174 637330 267763 999600 946658 957091 457445 768117 268822 721278 98514 793494 439230 18690 343179 955730 120747 564860 719848 50795 154829 247732 839280 575401 97814 438023 375300 38540 740484 567935 448996 506874 502469 152097 531731 452285 478627 574622 687823 259424 107352 152795 258145 387930 25132 833270 931509 693374 974201 276849 809784 450246 588187 50647 472896 495325 581515 41649 501140 459877 727473 725072 271754 553041 103439 568469 308713 402868 685435 932559 
351862 690865 510376 85996 903718 190917 934419 200528 346810 896445 717929 727223 484766 54893 919743 213374 635238 360777 261051 929368 570196 907569 167162 957774 899194 540985 542420 749662 784795 72023 837092 770749 317115 973570 160244 786159 52284 893687 850587 95443 398771 750044 276862 808878 74106 490356 874929 280659 620238 53930 293883 474290 164332 763837 751911 202404 73270 81916 576703 294618 766333 20738 606173 362324 933181 71836 823383 772515 587547 18633 47097 
899044 281760 829860 599664 137689 823960 900505 528963 206543 84751 21931 326554 643385 882495 666460 576891 257359 330551 380245 40607 332325 226706 245645 272065 328161 130385 833203 929051 838590 691899 879300 44083 947007 3075 589585 690919 783185 873862 943803 848871 922814 494907 283403 974177 597000 710991 934867 629906 148963 653405 359751 580992 499527 924800 919878 371970 832805 581196 193321 176010 591746 537067 786663 557019 422202 953152 902473 248298 808094 523620 294769 319023 
172327 917228 506745 103477 391348 934099 798565 760919 160765 272214 961104 863933 256685 176385 650450 914317 430946 71802 759408 791182 590783 608702 334240 126386 410826 485558 250546 710093 136296 553948 695485 246789 37402 691553 895645 700786 772578 62260 180879 733800 375927 448276 564076 259736 480159 46735 688374 156474 412131 648905 931045 514539 54214 818185 691852 925133 739201 362165 295729 931717 926905 194260 425473 712700 436885 403158 761135 23860 594157 130807 429525 512659 803704 
553606 334321 358553 320077 999148 360085 360892 752460 823043 872475 860458 679055 265251 900279 653469 63402 306875 348218 210803 133574 858506 820203 44725 687407 673123 170730 662648 363897 63445 429491 807149 505039 63610 425238 112099 178868 120406 903165 531592 254379 484293 481728 891551 720800 20570 489336 844886 953238 790041 735799 232644 907167 392667 961517 775328 381845 946016 310853 965291 507628 648726 779006 820675 100917 801505 402410 965553 906690 98747 922333 759014 159887 638956 94571 
314610 490701 107120 843965 58566 95821 732789 348689 873642 993952 91391 887201 890079 994782 92519 214923 185988 13887 140560 112342 189282 220474 743970 148393 414246 424121 217870 242084 591041 711355 863260 369159 63731 34623 702100 834700 487868 253787 438586 85757 241115 480934 91865 28918 154177 240051 577134 344208 185460 985567 55471 235274 51493 56172 889675 458012 721001 870932 351019 55551 217351 603806 906153 53860 34369 313936 644452 418720 818955 245912 464295 561002 760203 79153 145228 
901359 819685 380003 123842 194248 449629 539978 910262 383861 830999 117405 746211 114885 813315 441577 279236 219137 934251 534247 851617 399440 206058 745895 977895 767141 640797 660836 530673 552063 402067 997011 658051 436683 993488 93751 829379 853757 669372 659713 331361 57318 530114 538638 358393 25407 653794 163871 826278 308240 227317 832153 672226 66663 570877 732846 182630 363673 117982 292374 413585 50298 711283 405217 380457 967798 949247 97116 692528 1024 302194 428159 811927 287036 864451 251100 490578 
667008 961649 845624 280139 943324 92703 651490 257277 180788 319000 895438 685055 667656 886676 17564 875049 790983 920192 988128 75922 461924 169958 340047 293607 187757 933701 98918 320750 137361 958795 12965 941462 383321 244331 209089 74742 365268 413489 704917 948860 879749 21631 622714 587609 605469 756713 907817 958929 900726 237044 571295 631720 332785 250510 149416 386839 41164 784468 535007 320091 880083 225293 381009 568189 903811 19041 264535 564639 616100 621285 177757 457520 523750 859566 114898 960513 949847 
635744 605865 456930 657584 276472 659382 706642 853809 788974 327827 94979 409791 537798 952217 933723 615953 686891 680032 81587 288373 30834 952779 883202 881503 287354 139855 719105 192321 208697 872104 29118 211178 467042 181241 522695 953659 496092 660715 158266 940828 856613 585432 701863 197144 822320 808410 552509 292939 632205 804536 690130 445527 775434 616514 83328 779395 15643 693832 583557 227294 447393 787575 497403 497894 667377 91369 863827 868739 281137 520089 14779 845232 467756 343876 146236 218684 316308 644051 
878482 258525 649585 456445 936447 790870 62305 267117 880630 480324 212539 890636 580050 708283 783494 310022 521293 449099 518494 774285 634694 44017 521084 705631 454804 788989 974205 457944 759590 528523 902107 927556 159787 617872 753864 413628 671487 171657 277598 666318 72058 807618 427795 532512 183832 535021 484366 623137 899587 966565 562228 431559 181390 170024 169580 645940 753534 815500 376149 152189 947151 846868 5135 774534 655576 886981 396280 468112 313459 128887 617761 403193 476956 246381 626684 464322 481804 483920 511974 
1843 21628 894596 169277 966543 827243 917073 336113 454421 928593 210383 214702 809277 750380 782052 239013 554783 221190 628200 335706 164863 552034 4361 282893 577129 598756 800945 676577 210970 664809 208421 808163 327586 413918 662632 181611 862772 284635 481979 139150 739523 416408 157876 914443 935458 97631 548856 746616 122713 812110 48127 298327 370640 989936 138781 578420 76072 469338 325469 93877 477477 144113 341395 376099 84375 748498 15312 188122 964673 921626 162283 135138 436291 502731 10282 910060 46931 305026 557893 966040 
418551 556611 658838 586857 288908 257933 592063 120538 812918 689608 905826 708323 483869 342351 667037 839807 101373 173006 212243 409925 784794 877769 204965 660892 742080 768369 762139 475720 744268 144971 813119 559852 942094 902616 858688 615628 255552 763504 358244 735866 629105 720293 409724 325280 363715 967639 919146 497880 178644 589368 934398 708190 870545 139024 832348 586661 921996 542540 606189 731571 480472 564009 461466 207279 759102 139423 252346 760576 216570 758892 988716 640330 461299 367950 31417 674825 957709 821218 908156 488746 98906 
633972 479282 617391 642372 762612 958148 964814 262371 775171 408404 625227 567864 736691 694072 611595 86768 25826 776380 912280 769201 171449 117254 167227 117827 10446 258156 395537 948721 546824 185186 99273 148521 663806 73572 63738 337662 692205 427653 774421 738304 342746 708465 701083 716187 794278 987415 947728 313525 367849 568587 674304 65973 502839 678781 536575 34773 423873 329463 1961 971617 226501 674528 432096 110109 258982 100172 958580 826470 327925 588195 844272 592113 583749 800441 767201 947027 63681 267190 802965 752669 795776 353032 
196313 924925 942017 18353 795388 876291 406970 236547 214198 405200 951152 107685 819195 163154 972457 372569 62635 805807 777240 108847 550599 52178 838682 223487 556536 85077 866067 634481 496686 320146 465531 313979 31641 141960 967016 580333 705067 249389 319730 840944 255577 168523 391559 979179 930957 362021 844678 882091 753051 487389 291037 862943 975543 745217 36053 461253 146489 919287 169672 41385 517666 66025 649589 20175 484216 173880 659264 790837 265647 394361 194827 67785 850469 112717 729155 511153 427335 527559 806813 336308 695031 741146 514598 
899493 878067 770838 907100 644861 449401 777474 170438 452052 644173 641671 581043 954521 644466 673723 859710 635087 444927 470536 164423 200382 120275 184741 823222 708800 37813 171897 231772 797035 622894 833390 717190 33387 167750 203043 528165 849393 967 122643 385880 931141 374826 894252 966655 585746 496645 759989 904823 142539 191253 845697 772123 219401 710059 884090 639987 833411 982064 204273 218679 814277 730544 405343 682175 758604 255308 945573 569343 319564 727555 409716 524712 80842 728602 486420 417324 670296 710730 993654 487639 767467 263465 27010 843531 
882120 979753 20518 154001 414467 356865 950038 484845 578497 732017 366742 666105 436831 68300 700801 461977 867272 244704 946737 245611 792895 747529 503312 195663 260399 930524 490001 279764 628114 685793 663917 38360 368574 404264 694526 184389 86552 419591 124141 352936 753845 769421 59198 510409 815326 963119 866951 577371 846068 517461 683546 474149 316571 4314 990820 771953 807625 11687 287594 293398 714597 797415 642429 717416 719796 34099 907047 115803 363274 230024 524553 97010 88933 740333 971140 632023 32157 290899 323826 353347 355052 377165 617055 804418 400704 
777728 54834 13185 795620 127307 466581 922773 418490 662208 578739 88731 571336 412305 128409 201827 201879 593320 508085 809570 758709 724981 164685 267627 889494 96536 662168 426414 687276 398666 993699 232816 803290 883804 265514 702208 30597 107017 170928 778480 136364 610645 319487 376279 3481 231585 567000 251428 69925 557425 934055 279755 262649 449141 891447 48360 869602 386163 754173 297273 57371 609116 273934 331692 286547 5240 741386 529250 619422 64061 684516 681923 879227 49008 49604 752163 199666 793202 53435 833133 181465 965160 892610 548455 290256 635841 556053 
70025 874518 436708 32922 460720 523600 517910 767518 363596 254278 927801 491080 104299 952320 771768 680696 698257 954532 721565 704850 670815 556674 722551 467354 350931 330220 367072 179178 495761 521860 308091 185892 751083 11621 675511 417996 542639 123248 228117 627828 201471 465079 304591 181051 822849 272303 81058 586648 179355 856483 148888 404465 580603 625415 416915 588474 500011 462498 370461 482003 788333 371628 26280 814740 332614 339758 235891 250908 599823 296043 921673 586034 292686 828196 343073 235967 544697 202967 204564 607372 879148 850455 607204 55072 977443 392969 376168 
619126 222584 940043 759081 103637 678305 684848 751313 925031 784891 557065 338733 324523 352697 821527 742961 888979 998942 197100 197533 675957 530783 699143 336894 283732 353151 761623 123717 392900 737210 800987 414531 83115 907960 728508 949313 197488 948684 254388 10301 458658 526235 752267 203600 289933 854711 561111 281948 802292 173644 276440 862981 48932 487578 92638 74118 616552 106753 948759 691236 387038 746116 1513 312027 756510 582445 157846 11088 118419 994374 141194 675535 374826 940251 650334 202183 723300 759788 269433 154863 413489 653599 360285 381408 969159 730952 505843 117815 
485605 687236 427629 877569 258490 509325 237126 504732 319733 444057 692952 722281 744928 642148 706030 651033 754602 659129 354136 665562 802313 760321 266974 316416 209197 472402 571607 713744 513809 450809 32801 402903 841528 556636 403294 956066 231217 181208 754986 349318 154732 829491 176413 44111 860446 803099 907220 225354 348329 126074 444970 103540 564733 545856 267532 516775 263616 229178 302583 687300 123837 284735 531428 679996 476805 873532 838035 974613 997092 821673 489367 394091 615133 763012 416645 409996 44065 581755 619277 337033 680737 969078 241062 72779 125011 337009 77146 805104 598489 
589510 760587 398022 649089 324861 419669 658449 545936 884878 230553 773067 986945 333309 162408 675108 342770 92305 637930 379381 373702 266456 707123 122189 898141 167765 30616 753295 621534 784214 648487 828784 551140 482848 446123 683004 652374 146455 251886 656412 32649 25332 277101 557660 124196 258740 256147 445561 200715 66134 991493 413080 691286 405605 710864 162861 642772 673196 777528 754859 894743 398733 342537 70797 451554 149282 423767 578087 191899 236006 330047 593033 488355 444438 655023 104545 269931 86778 515429 621689 794980 565054 746176 25266 174782 191352 552341 700522 865769 818775 624939 
73328 555348 332563 162245 486458 450263 513047 790209 368396 139155 202321 957164 789833 71240 524881 992164 951725 432843 303902 163827 684107 11601 621671 567672 689495 960866 971738 792958 761995 633551 103831 846418 812358 9774 834922 566526 820198 195274 600219 106162 830932 67948 348567 365866 418753 503463 268131 265883 187061 817086 32905 642691 246032 624721 84351 123308 962127 857 166949 478041 787499 945661 426352 38568 752957 354839 409767 40538 578823 868321 708168 83972 276428 337370 47063 426817 864784 353400 175924 340394 978355 973441 330454 933232 445700 831950 331074 436326 927238 27115 70230 
726134 368904 500518 895397 706225 594603 241023 559945 989385 907936 661329 296299 946607 499172 38945 493930 983597 922458 111346 744665 564362 101076 922927 393921 395460 947073 157659 795439 712973 473628 826914 905224 699734 743787 421663 60488 306930 974116 199099 761312 670400 701955 358629 213327 761254 516023 919637 781230 135093 290752 445892 12718 467653 129732 398932 920413 952215 282567 927043 283414 636351 304716 43147 400368 797812 203512 218899 29024 87372 828210 669869 650809 616983 64075 724640 271831 127856 289744 197466 12706 100014 842057 947112 782643 781602 26261 675925 124553 381273 143504 801533 393231 
287742 940700 110998 385118 149054 6519 234114 266130 914305 402837 543181 782586 639660 97973 851259 727560 282297 820358 201555 438719 434008 25072 553011 39094 915242 300171 259165 394750 720935 333713 547202 728764 760222 3943 246606 411507 403457 582010 767295 393313 529950 497919 15759 663919 243248 775949 106434 156121 92253 914588 386952 724976 110639 833928 678726 338727 776196 176456 18446 614945 783991 351759 387701 637346 457262 607111 393487 267584 57121 315098 778789 354844 799325 768469 117965 679710 913477 377416 602829 921291 87701 916317 241067 717896 115278 751230 512916 330862 199417 673786 411358 223588 804934 
214308 660328 391185 16288 809881 869248 139352 498144 93073 971592 957802 890692 354610 376928 70143 39709 554499 212148 644650 948623 87022 579852 579096 209193 104023 456497 238368 908495 124540 414916 341002 116651 952923 962079 257524 544925 324976 333893 290162 462341 587406 845374 338143 638605 864444 836495 718212 214336 348374 724147 455564 152526 527502 411290 77194 563770 953857 453505 623078 53454 562519 791033 701958 277779 18603 276190 381679 872130 113631 314022 387987 62137 317859 690286 772857 518130 515075 557467 747997 810831 710893 189070 207427 121980 401935 219883 136084 370574 383942 599224 864866 384424 412079 717804 
471447 283944 811705 776850 138922 786540 52911 157266 899921 651396 717599 934868 860468 487713 600455 556854 91213 113505 51630 393092 373260 221074 787990 433252 572915 633043 320007 571701 716240 785114 941149 282773 389785 797653 11244 620625 867864 246266 313315 822099 324098 396059 839267 641511 357135 819068 63796 348900 822259 681901 269924 523268 122699 920891 594936 297824 716673 471474 599519 924713 553632 118453 194585 975144 238770 762496 573136 465359 234767 143691 446493 88108 530156 556551 320048 699029 194109 546108 448830 884491 578463 484683 229061 642864 336055 591588 263842 295474 920789 67406 603727 622005 339629 952297 858216 
423824 204769 402528 686954 829517 53937 627088 259669 237652 482981 617281 950127 531736 308409 453583 140836 986251 363051 508357 898905 875241 540546 232692 507091 602892 123718 907386 22082 426710 357572 142128 806872 282599 673303 515399 729879 641989 783530 461093 819529 848485 282889 301018 126892 709803 779743 697670 936577 397471 773368 149758 800538 528481 619705 614807 264402 747751 230448 726709 177285 674291 243649 28068 919545 35440 498446 426063 95166 928122 992958 808048 585490 34187 807754 768290 903200 705589 637884 983575 623550 713572 879958 441079 480716 184195 127999 354385 640675 357124 292860 449162 431855 79327 555240 64603 893121 
734846 458370 489468 7 176061 79477 594444 274148 912380 222937 258620 569677 912450 58366 578573 473791 966047 320644 457424 850070 693396 563029 17077 35566 453514 474137 883905 169833 631144 560809 208358 69501 816963 808172 882636 82423 417761 159218 582627 155118 205967 209692 223072 206886 273991 781374 919855 39475 304053 462135 252563 189568 351473 312308 365587 520040 741627 204992 978038 538344 431791 406342 296045 121419 424888 521016 870672 532090 351302 887243 985374 962249 482516 233054 949513 774267 545923 803977 371452 842408 731825 323387 61346 51887 267754 105967 770070 195175 89696 525018 668698 107579 270259 431718 453164 220637 740964 
738024 699065 234384 9385 81350 995219 416973 304880 630969 606552 696869 22760 655901 979830 260591 960670 291590 163980 792937 330042 323338 689213 271 616 508164 111529 809208 995254 648554 432827 978707 706416 489880 750062 826827 848249 470484 324196 37149 246279 876385 904751 627766 318626 109870 476339 641378 612987 574827 804189 792304 804131 914908 836985 865569 774536 588855 926878 834363 463050 486612 825640 509116 226337 330627 368334 988396 609417 445314 221337 104648 67973 347821 592760 803581 151957 910160 893940 767246 78857 162289 338886 224470 616623 581403 775006 671234 704607 549105 433880 689740 295354 400181 146763 689143 518081 914301 521269 
548729 245272 219380 132219 75507 757234 46452 694068 293503 879694 948518 69206 790353 131736 335042 891148 15177 217757 699734 566517 84807 492415 598604 83667 16721 845285 476412 143823 329775 64280 798078 818530 886611 678117 496767 811890 69234 849272 698229 955321 829688 626876 979832 481666 929200 396899 265741 698685 204388 684648 206647 233218 34160 962263 695715 358621 244233 383963 19946 303419 834092 340235 937293 778433 2980 375108 331728 110496 95285 372715 435150 955394 399731 432907 630414 16665 1680 279786 802694 594046 727601 893772 969641 871336 331579 622033 785378 917950 305210 984769 27567 289855 130464 263508 901187 540157 859954 422259 343980 
205329 432437 354485 917765 539724 111992 587331 739666 634419 782181 180329 825962 777207 375145 869979 962451 933313 807837 437951 577373 134387 902484 682915 754565 373282 153804 908491 547725 824848 450553 116415 150032 658644 571667 246584 394222 201609 326769 693737 66575 154764 331330 110915 967861 642857 658678 150048 634118 72495 761429 196100 553917 310611 361762 799489 338480 504234 390566 704576 869846 162020 384704 951407 332815 638105 577382 691238 682477 114817 43206 245647 374047 798851 200866 934684 174608 309955 424943 659603 66896 796626 592983 789467 369164 202332 33316 53636 414134 883068 598876 179321 348271 360328 140594 513276 419938 955316 672413 437806 87593 
