100
668775 
770644 151341 
814678 932969 888639 
848215 16661 821709 917326 
84339 282930 211073 464205 968689 
2843 642291 871506 159904 418929 162238 
108608 964077 940639 977223 603838 695341 304732 
582274 24949 664374 641547 620856 639255 772537 317660 
240486 569894 967051 649977 229502 223631 120153 743439 233567 
922079 957049 749927 450781 173751 888952 700647 927588 450172 471775 
482550 638807 897298 449520 431357 399046 190327 600970 998611 669791 205791 
309244 931218 451192 839985 43502 166360 811324 980557 972264 889946 400986 907380 
613146 197446 398731 919345 875033 663356 248774 171386 911309 70487 806931 310020 362674 
1291 584121 794515 572706 257377 308703 605348 315084 464932 983637 76407 771561 186044 887304 
459710 666769 995147 559068 482929 99304 218805 619670 727305 853103 180415 302300 554727 901235 751627 
412259 5389 465650 655073 442574 940122 671139 57478 443450 209750 501507 719190 501053 355956 47220 704480 
97185 100827 55415 732053 958085 882250 371475 797087 896096 78126 676056 213527 471782 336657 381780 759669 354132 
756306 99158 219911 66073 914448 32078 361114 430579 32063 392933 731613 279758 369530 515631 846553 867278 839707 330799 
465627 455796 644445 607541 578516 805212 933423 515592 738546 313400 461201 229774 425709 665443 128008 321705 725998 254926 184238 
611921 797956 362665 994561 789672 680173 338724 587238 631543 883490 593666 765650 754188 299138 345019 46919 761064 700686 414358 652208 
166461 473023 174439 976765 714753 567265 994079 322020 131229 875672 373540 519052 286663 592192 648053 348032 610245 166783 9612 112865 740564 
313804 420786 339330 383826 282757 705625 986160 401462 473059 503957 291060 424203 766101 306050 660660 435728 171714 430948 802641 237032 12947 808493 
538384 638682 430245 504474 884816 138325 175576 791762 802608 321365 39213 203571 683791 181988 581469 532746 133127 70920 550428 100569 777293 461312 307659 
832053 84471 996562 505481 115165 44372 858796 77545 577748 395115 600161 234085 735976 900513 628288 13821 288251 224301 853175 330811 9142 217093 153056 195663 
916767 309786 269023 286269 58984 915782 8826 26444 887749 400696 908168 852190 585384 563810 277686 707363 438846 659995 371993 973551 383912 725588 747191 718463 742434 
975677 369529 171025 155324 615944 696618 722626 521744 466080 204656 482362 781596 355000 357044 515378 243360 225681 816800 302861 706296 90852 956481 84635 621409 273733 529493 
919079 15147 602251 870479 512555 990926 688337 918697 282854 336404 469316 577452 628949 506830 715838 355645 912511 891167 965761 493190 792909 320463 413910 515144 396471 438700 473640 
800364 388237 348442 251105 940021 889577 934807 311268 711608 726300 497449 743348 358427 502776 639291 146877 152784 824382 269270 867679 205516 339992 898514 961873 842228 153103 943518 676865 
206110 838256 549569 54381 874517 284205 224126 63249 112543 697459 383804 110655 400296 916100 165314 332984 446375 865156 847901 153511 255025 97194 568751 132842 609494 646331 991630 32300 862233 
578631 135808 327285 804297 878445 295158 793043 418731 539120 913618 777692 553958 845151 84790 795966 448098 362870 210638 800868 820586 408296 469417 149277 352941 488659 893203 120733 186923 52806 371879 
647947 525363 97510 173201 617861 523488 624565 198563 884531 84111 516638 918306 143199 495557 425226 432941 175881 730113 54602 532581 984103 524387 214780 194587 383503 372604 264904 449938 820467 523754 960708 
32808 69142 834568 997412 556754 679781 96583 602449 920337 970892 162059 425206 871908 326194 530139 727654 353515 284605 212946 716252 311172 522575 386605 795860 86623 133113 980155 863381 670450 792315 697464 57786 
972475 559604 342253 22075 999343 877946 231799 252448 778789 497483 780175 666480 799164 262588 148380 394000 6960 297727 281568 756016 864592 222596 128695 511627 426320 387647 861716 807605 601183 833384 610259 362401 227143 
9517 452120 99838 939808 60123 382882 36562 135879 572670 213677 475178 27346 505339 10871 952022 708623 873119 468964 843530 702199 738142 771311 701140 3879 248570 782438 487643 305133 361291 675633 15146 399961 308708 109450 
583261 249851 609838 965975 999244 569593 969746 155172 307772 816569 45199 578437 967518 863400 686831 45503 791348 525455 195322 516627 263845 30088 406867 330227 85129 432207 343665 112971 26228 704652 337887 980026 564954 215828 846879 
582484 641368 695604 759334 725234 750744 580745 41051 404555 785409 492179 710211 931561 205532 645566 398224 663539 23397 743471 581359 667696 126127 526450 441760 15303 426260 79970 20133 177737 885349 741916 470644 718431 345802 244409 179381 
444941 217222 134822 366452 933537 811207 138196 836469 525651 122639 321900 547665 279246 862880 391605 914915 985477 511728 704030 484341 444135 249266 536393 69791 954442 928759 979016 336126 872188 581151 586765 656215 722794 563447 636045 671715 291949 
692301 304397 935149 441273 648329 640291 961320 879097 836003 48629 987845 192912 621679 313174 194859 222651 190847 469363 926339 231265 537211 822789 766881 117107 687584 443544 155786 648422 720996 279434 215876 208878 530266 741333 308379 817872 769251 898879 
212689 831576 233664 660906 429058 64152 385904 557778 350396 974868 712958 286550 212279 382102 3767 924020 389404 350488 190242 718624 958302 179648 518162 349085 329168 170348 55090 319472 628796 298966 410517 10842 791741 585534 945646 765141 613673 633721 340408 
562604 668914 697888 578227 595343 825984 363464 572936 358841 14336 718016 526568 580657 287625 113672 708547 731753 279592 904619 634405 846587 785866 994084 284568 319925 795059 579571 540792 379029 397930 551954 989224 574183 460079 72116 329297 74732 703714 619867 652401 
786851 822889 132044 174462 852615 434474 228631 666041 845153 856579 844614 555756 236588 61527 945903 887742 953624 73979 333591 359658 806310 688160 236526 992575 588240 888029 332319 793193 369185 866121 786480 588439 280692 886750 55240 938109 274995 423943 121871 396220 645352 
574239 500659 443808 846769 673736 700885 120257 636577 895339 472842 515007 162187 615912 190907 838319 125794 290078 681627 863228 330138 187320 142681 245583 365050 57657 504168 511339 538781 107143 615732 162399 383507 834875 314726 94610 5891 642386 846257 661517 352609 594145 461840 
591361 843103 461260 835681 300763 788842 125760 904800 35707 889098 272708 794678 502279 610493 807751 797552 749814 24599 464586 776890 48950 304333 749652 310525 960058 665322 900134 225968 14977 167699 120046 629376 636473 595573 634187 269610 494756 582255 298134 80890 158022 187070 786707 
384777 126053 833623 526297 888193 734574 32346 915854 630430 361065 625887 657143 350356 56273 772749 654134 457237 987567 582075 667147 861475 323342 209068 794535 977391 651630 684798 746548 374380 325413 579341 115547 405885 830625 557354 249075 960255 447509 577144 302718 908352 842126 159737 585689 
254045 102414 651959 358334 634379 229587 181018 568422 970464 577638 418862 993595 273611 404228 180972 222310 33774 738033 772539 773912 109000 625161 713661 314002 905190 78779 526469 72435 973030 53351 928038 392262 266832 266958 982477 509348 450789 785234 895033 382165 790592 928858 699369 739109 444424 
227122 864506 210023 660237 485556 466672 961974 887832 47311 254392 326592 70597 926770 148407 173017 93991 524746 204618 807711 285138 406931 76452 640796 951853 157306 710915 698662 254851 88898 925748 37627 591367 470936 89840 565339 679757 324466 344057 537077 304131 931053 199709 452677 119236 562132 807126 
732772 288363 712412 108481 110171 811457 213317 448651 731682 453650 954886 572032 888332 128061 854865 673809 548356 837370 374643 624344 274656 817961 444738 902488 594472 724269 499252 567271 565629 162585 264064 222479 988024 947337 656986 34230 882070 276993 511792 712757 949647 989473 901088 809790 112170 537350 631294 
852324 130013 910068 153469 519142 579719 153733 178959 466931 286622 333186 301459 986264 567833 244716 587516 220011 517862 407820 682363 256226 11239 171359 981670 648466 770722 80099 545577 358181 494206 436669 773346 320881 867693 30261 323992 97810 77534 158464 181988 945076 267582 630088 474534 735678 961072 877947 167122 
343848 966507 956078 100137 468776 503296 592186 580448 472957 286822 241282 908086 342245 643198 350809 893113 62261 430792 754363 147825 470579 432696 762157 608866 925580 125978 515014 819589 943354 28295 134826 669034 587245 285874 997081 268994 209242 577168 393797 200773 739612 136270 619110 643954 666823 899977 990879 612360 574874 
768193 621965 842641 765918 880648 857391 536273 132634 451628 233811 514670 370745 669939 367499 111846 200430 107706 285562 645342 771493 164925 870279 468493 807570 917245 604410 102810 181579 175366 383102 238547 785447 537880 260222 468697 37776 195768 667970 301664 284418 57452 564979 375802 634073 204884 770733 194807 690695 225406 963716 
69163 731463 295890 213382 624984 343602 833609 780288 925583 369002 10961 81517 407892 761820 416792 682703 773985 813115 989626 842932 412064 226150 272450 489315 135098 42 638801 642586 745516 86193 105202 812557 903811 328759 901065 826339 15859 297173 358320 999936 49238 675165 873759 773087 759162 987707 889733 304118 305527 79982 494426 
591031 964122 400945 299600 77293 624507 460058 676595 970225 490596 712081 268206 964379 129273 438027 631436 879953 71996 538297 829823 144614 867856 9351 154195 934779 527529 848799 473661 263660 656574 985418 706899 543758 866108 216644 678506 201769 673434 119102 561628 566433 975794 880843 56967 864587 435247 405832 848533 362411 225063 925182 41572 
546708 797603 90087 383997 80943 10414 444798 745723 119204 53620 501209 326122 30969 831553 479978 652876 480933 245385 726869 405211 274566 970943 769206 799109 927650 176669 371550 486923 992732 987390 307979 476136 217649 316460 842551 510918 529008 425676 110812 379379 960471 323636 365882 597791 670263 842863 815087 143221 450563 926374 408957 50499 935266 
346537 400756 218593 539879 360236 154078 192576 965960 3915 680994 33418 345135 864083 335569 854591 553962 182 101006 139856 336674 750253 357820 98310 439907 954863 622318 956207 471804 736223 25194 52574 864627 834564 647207 960607 319968 623060 739790 526831 188182 32124 234217 144355 119123 723596 800634 395034 615610 597039 580219 914844 737614 499424 630026 
616536 787200 731283 912342 413444 256426 566419 395740 470214 695162 75311 366245 355277 169878 970817 523448 977632 684983 414624 519037 391222 518284 47070 768505 159364 246686 905919 490948 801720 31518 611204 183861 768219 568888 593643 486690 167345 148269 78367 674548 191821 333135 196363 526850 385081 139688 949945 579963 642148 553607 237261 301345 41224 436224 93238 
730361 767633 970496 971876 944068 822181 455010 446905 68375 365113 144093 344869 477976 928327 288988 883846 211904 49311 688821 538379 272347 850285 295086 259512 958865 146881 509932 584185 296049 71355 939532 795959 472411 492835 175875 19172 783413 555506 732063 736754 242202 923041 725291 738462 500126 735687 356256 330316 376888 71865 310786 620148 283077 613657 467715 640403 
113242 832382 486491 972781 872603 352585 971703 771114 549080 436166 324744 579879 548738 434914 557914 746320 822113 139329 706672 634677 75636 184414 670965 719936 145729 136276 335370 303686 525802 977834 186828 302094 838103 475277 152433 550557 857672 64313 298643 132478 120873 637220 670627 713942 85786 877246 128909 660163 771307 998373 665530 288389 126348 718771 901086 763414 454412 
263194 286476 735778 356224 394201 437162 327965 730736 812805 209537 582002 361000 828317 693381 286577 120319 914912 495284 839486 127340 74154 35090 546774 988672 306233 102249 316505 474308 110194 779845 335819 645611 883647 152182 763028 18228 71652 81563 141781 348641 551323 514831 875679 872200 701351 938610 641913 659745 179757 795039 678831 112029 812346 161683 5616 786408 251436 899982 
144136 852961 836842 931929 708616 44713 476886 271831 119289 383681 261791 410923 281969 434291 356421 545814 425318 208720 271427 216164 398515 792208 781553 314961 47950 309779 900864 809845 265820 707383 939047 247720 186093 566491 182259 166332 709207 635642 262601 322496 663671 790064 824727 291724 32306 9844 61106 810948 405296 955472 275454 376958 512574 333305 562370 937069 638920 389631 325543 
294844 126921 602617 277400 500969 306151 922497 280008 224130 953384 13058 654095 405867 894454 67461 960764 637988 331911 171968 828679 241780 575782 336273 24532 227221 781657 968050 517105 71751 166377 623764 593694 832189 975773 386881 805589 322104 161683 318582 456811 566907 75707 229753 207781 978266 645374 984173 645271 832808 270081 238902 490107 101663 709900 102875 415319 679000 719806 615293 420519 
65886 526671 341944 262488 827092 90150 731811 243937 159174 186074 275346 983586 530592 331034 941316 156016 101678 221529 899617 969578 282079 112734 689553 493683 67175 636755 267549 186576 412256 674739 707211 90317 303496 493462 607887 223411 820404 209354 626861 934539 20070 611880 667203 514548 804438 582974 979257 454981 450685 478972 504985 512873 54876 559390 425376 783664 100738 687845 253486 677582 78282 
629265 205172 135569 438935 987208 374110 569303 765523 289506 742472 253037 542469 420282 84928 152264 433016 29278 205374 606071 368281 83916 848518 411457 794089 820229 70207 639777 852261 112299 229603 707883 157157 288156 943350 24793 340562 692259 927426 712605 59741 889868 532383 430654 773310 17657 398867 812625 680509 15595 689798 130676 208957 950287 609133 513207 664042 390869 773374 705028 624082 998528 477874 
74799 974046 348337 708015 88062 239473 96418 385057 853612 897615 558265 520072 734379 121836 585830 513036 571918 278804 807037 548114 353881 415315 817137 79917 202602 671541 353822 164625 107231 925868 929732 661473 501305 407284 718186 802971 280521 186505 454990 12678 311133 927080 704280 646088 492334 940551 255233 210592 100486 2425 100258 661612 994773 984007 587488 283526 906242 652142 368541 354702 982380 992489 591947 
403886 969036 805830 98004 610878 795923 206119 646564 213861 99029 263939 552986 964352 700831 619037 259655 680551 460788 433870 608119 126153 362170 109549 320071 489877 736573 507282 604593 846497 527441 272196 423724 711800 426253 876996 181094 811840 752357 456029 615489 549506 2483 450309 211628 529588 516014 635926 687962 976338 40985 581965 596732 77015 558565 42040 436554 626963 394825 297674 812488 104040 10807 79438 156421 
118250 462762 817200 513503 457449 580640 251646 204112 512752 455775 73725 266283 254440 671457 206253 155385 41263 595465 838829 491499 330198 369315 995518 957079 680200 29221 219957 953239 259205 312075 558781 448136 760363 71902 845519 678695 915974 17643 214710 378633 506234 835686 752600 701120 460480 915129 878954 265793 381170 48953 223483 38575 825461 825714 134168 716182 404897 595859 783944 425187 852009 279598 714771 228849 874862 
960186 466043 725613 633609 60733 265903 788274 806848 58625 468945 397568 883692 254877 230548 677124 731251 252084 185191 197017 999350 905451 845470 694339 514489 45431 802712 85750 14741 157549 20856 270437 152972 599339 996770 404947 479730 757973 689417 518419 690083 397021 956283 819305 617651 277265 335430 461281 67818 133938 106131 869373 108726 149920 180317 749283 22470 528613 540419 368595 696733 118249 978765 178994 417929 409127 315671 
763470 796820 856789 446824 440988 3367 759824 934193 3855 783600 134492 112810 603101 704926 516172 100453 325630 156291 103490 255569 230865 428258 481462 772858 363486 713425 946511 710678 572994 28571 453826 445135 318091 845839 214500 148420 958232 609832 653002 543009 91828 409630 14283 982739 351523 604338 352099 487964 573374 543307 544551 462473 182569 74227 889057 815280 834280 70817 723521 484326 954875 256331 103326 937869 589412 22357 538778 
191148 904816 408879 961698 135503 516957 655254 48741 572326 469501 531253 831216 928085 711753 504823 909825 813539 488468 92942 133752 932906 776856 929369 510068 956563 660284 118190 195088 295670 301317 317870 255820 183402 568712 9679 142294 932253 404771 198271 126916 414052 189357 768441 290705 219793 521672 52589 977248 109515 974296 976243 754985 124575 392292 189485 706659 561219 51605 345861 531177 684031 678756 465798 709680 507294 539310 111820 276460 
745140 226831 805913 144034 727147 662986 331835 913487 556624 320172 225440 659212 23027 392433 138258 384572 17577 199017 964695 419633 181650 870037 712364 832931 262031 788682 65320 692106 804887 919580 432206 747425 684715 270437 21378 127476 995352 944795 175889 856679 958320 212459 788873 435323 622332 869025 814206 281418 993616 133844 839686 733338 699343 80482 260763 598716 586164 238047 867364 607859 985421 321920 860582 668961 279881 725857 747549 11580 18037 
585034 256421 3733 556646 502912 824208 493080 427162 381846 113799 277489 207976 120612 418349 221752 487535 855478 74941 76539 845552 697768 981454 679394 814596 116647 766956 719640 340414 67056 91650 94734 769103 266233 541843 637952 827694 63254 288076 802354 990962 413429 358237 130052 166126 16253 453565 36232 341453 593702 334717 589686 855886 934768 370924 365333 735979 91095 948314 933839 213866 705683 796051 218878 137271 357415 678128 143785 606284 582171 828939 
588377 64906 747040 635534 779886 363396 281155 774368 710890 955560 384867 263938 618933 975315 514753 185970 991090 214650 855130 479186 597061 217117 693421 407966 295551 514362 840950 889136 433900 652259 753403 337302 196771 770759 716167 857553 703421 593634 433691 413329 749777 362560 158533 956912 856297 974393 725938 399606 960035 141764 163080 497257 754059 704702 728451 765651 267227 145272 77391 525028 562858 258748 535813 770840 650701 829745 612470 452686 482453 107739 892458 
233517 582926 183159 805644 905928 991609 700505 126246 167071 808047 870781 540376 951917 186008 290319 519983 833145 978415 58619 66098 987796 383255 530966 172115 539804 202617 283558 636669 995722 842352 414264 136523 15814 920745 109501 866751 633467 720585 265780 371292 649343 883082 507229 477344 220124 734214 811499 868070 738674 951414 768572 687419 531675 440747 314863 177595 2253 315431 676848 366429 95973 213266 849801 504307 665870 451024 702589 860043 369585 110593 124979 438149 
578661 850255 203907 241746 123083 937485 264631 551732 32230 531696 475139 25670 742041 209536 426481 430210 618149 152720 796627 940837 514569 190622 605034 534865 204482 519211 510814 184013 334291 341831 125642 875752 831020 983988 734398 133075 303203 616727 620468 299157 567712 844891 59819 822821 64479 377848 718243 654046 99031 665532 375892 691505 770531 308610 6989 556896 876520 684907 28567 756294 98467 640458 424634 804730 129405 328252 254911 298488 547775 492570 387725 722106 534665 
772413 257492 687369 70265 48359 881337 447428 799405 881870 866253 379749 282644 895184 420272 199605 666693 770850 63462 671959 81515 797416 884399 747848 7154 555891 698990 412507 344976 643950 208570 314977 492831 359604 331061 821668 980123 73746 840021 201339 291877 985965 552054 680885 923797 491091 820269 335182 46830 817933 735270 16690 502215 506573 484012 863991 108380 908989 892764 655064 737172 696162 774533 544523 320623 309842 98242 516875 157394 806026 16484 234200 476355 81971 922102 
707040 144527 785711 38331 86359 997716 327592 241027 249180 189525 317607 219568 734101 750995 248411 951706 785888 329154 357595 347401 484980 813935 416326 484463 533145 372607 874106 223158 832629 859642 497083 773451 254049 152685 560851 528046 161202 751392 247735 864084 163468 389423 54580 297169 297535 74829 625360 212801 174030 902479 245911 904217 324352 167181 962517 548821 537134 555391 950557 164250 170784 167116 258339 848357 184805 298015 266070 668730 925579 300827 342641 463955 37154 138835 802482 
301447 264355 882334 808110 804617 630930 573586 34598 381136 211318 960183 904734 687073 174306 78300 38445 917979 660072 593215 769821 344974 92682 334351 246845 163307 59188 130385 794470 711361 422548 657525 164049 309107 36911 999721 75321 245926 117266 933064 648688 235356 701506 953124 747414 56048 331381 515715 202651 774636 580397 904596 189760 467298 298943 750493 509292 739132 216868 822391 952690 136692 418403 798960 7035 791712 790484 332506 119691 701447 535802 961385 581381 518172 948183 85715 568281 
95108 532572 914324 598289 728360 604963 126689 363779 856773 731551 583250 928654 616267 2168 468570 304003 754910 183105 558629 292117 534551 696372 264947 735615 470256 551408 676636 817731 367674 24029 37196 908632 304165 192096 295621 918139 757267 575736 364552 114781 290103 762365 473971 693674 320877 573678 798969 268647 840708 979407 882639 801797 110008 487111 987263 605642 932915 214791 547897 798853 135269 78280 456260 791344 958477 613680 79846 407273 612992 331240 300829 398531 795100 715196 681542 891632 252224 
609287 908882 625601 636409 640558 447165 67822 923738 612398 931240 205705 372659 121691 630214 100179 309012 879841 48597 359377 18693 311346 566679 64817 786775 825286 27221 493484 468824 969825 735413 580811 833829 470708 470922 573689 114170 898592 122113 859681 915078 723394 561968 908639 639087 175748 930005 841032 725933 341095 481957 741301 810735 684567 883836 939481 405045 532227 694988 681756 523691 836340 226724 996603 951324 47506 760168 498028 429779 249597 666858 833925 181767 839204 424251 475520 427513 370800 811951 
417618 805511 141128 141834 364417 334948 740694 858126 947502 426393 104794 692976 545893 411917 899107 348314 495976 66320 932882 546293 750458 992340 742678 297106 28010 353668 783606 387580 74407 646850 610787 430901 452307 195978 89215 236610 869929 93236 201192 937686 872196 858339 825473 628930 350788 239785 749808 768086 649094 787659 444072 774053 702733 957948 608733 659583 673172 514498 997772 311088 56044 343336 215666 930095 239795 162122 30743 75068 437815 794119 732921 740611 255209 18408 466515 633670 558292 118394 630659 
835300 101537 575084 115021 581236 626052 246532 237958 186828 975242 873094 342227 32755 722226 377930 856868 783144 571605 759636 15650 44534 880110 615679 473745 324426 893422 707127 210069 921024 909950 72656 629970 649550 384730 57342 988495 695678 849682 359741 850446 269781 683520 475138 546045 208701 11302 640576 935351 77907 466031 632477 558182 659702 41007 350457 847172 748785 298491 713864 562262 459996 403402 422448 114145 518867 591439 257902 881868 106102 934662 272721 992517 591335 148491 422368 419864 378834 408684 200540 521753 
174407 631097 415663 608389 990718 380389 206610 332130 878318 720127 497328 119307 42871 452865 171174 588451 872454 22771 383779 242141 817454 324128 712985 996845 622721 604423 382903 569080 752219 639484 598564 588210 149589 360424 449490 265407 249208 769023 506655 95469 879628 925435 912055 993715 569326 529223 642337 519623 138519 276768 837818 184085 998376 83076 758733 327718 500848 701638 625129 463009 20617 959179 141979 221229 672804 601538 904222 451315 45960 216318 673557 394029 806559 868461 232422 370063 905737 554008 197389 900979 731335 
396228 824183 833856 147089 380803 320379 415923 134057 379127 519649 320619 927754 992195 115631 47531 942865 278132 956793 696221 605603 458407 48601 885728 364350 395663 745724 457544 105335 402428 563641 559914 321764 239637 970381 407050 417546 51729 750015 861429 671707 437045 215212 270675 803994 283103 778800 126597 815141 731567 418563 535203 194019 742111 698992 495138 617500 373230 968498 685782 75753 574418 705733 924520 343118 462990 985385 179239 132034 313539 194218 811347 658662 569617 765763 52971 337637 977645 94183 644766 959744 714599 613756 
968724 31807 355237 627568 75842 246294 492774 808817 872556 316164 368376 631064 716322 7887 903340 246977 252454 484234 560107 499988 653299 972659 513555 577728 256543 332115 864815 312565 445437 693832 135572 747486 701375 485387 8747 546715 345333 653563 814441 693881 225812 327288 207687 778295 11236 892350 630492 115480 146244 454745 131264 839162 927417 807834 434653 939004 611468 268263 167246 742683 424569 578203 32609 293521 347135 413556 759016 727258 193821 450133 693368 739787 21982 790385 545002 723375 527506 559648 205642 908407 400156 815608 384585 
786012 59129 488670 400560 208615 187907 872070 726448 536453 315189 95325 279402 495910 306009 444905 926707 797752 224404 540598 60564 211318 668369 27632 873223 651168 503592 921828 944804 451210 380259 73111 783494 524224 964351 272794 950160 227475 202288 220121 652180 151740 511427 10177 953846 950343 820040 574452 598974 484399 273284 841688 765804 416330 543301 864453 477994 2712 563008 790759 745995 926916 457873 707308 344404 493164 181405 440533 761863 949908 268322 784114 729862 328852 722423 845527 121068 759361 417625 401758 355216 59919 948435 600631 695581 
801907 198504 851021 91601 572342 81545 633620 224458 733047 568280 632617 844064 587440 532303 869591 880253 105029 673287 703039 995413 726278 974502 894090 732710 804163 179946 96390 54299 40468 739469 23059 949785 946179 812292 191826 26999 232768 186139 921940 455961 34465 114015 654813 599745 596466 694426 428378 681568 281221 610844 710526 155597 480466 412526 512833 59939 803853 837151 962678 636082 569878 265310 930448 188946 177925 35551 807813 602608 367310 487338 473383 659412 192948 417263 203080 989888 523347 298476 311230 5344 995830 659309 565233 845773 543209 
786169 152756 589640 804659 572678 23582 611416 778558 696550 374562 116550 565811 377307 419521 674865 424354 875948 513646 215890 180727 55848 511982 699775 127351 653304 980706 747222 172059 787697 734641 750163 969071 523275 579285 428467 1068 205086 963130 721635 899421 681225 768054 585226 504517 953667 743468 260546 917683 498686 531036 380895 179859 765005 68667 313384 290553 632662 894941 794971 784071 91539 56352 495045 839747 864365 118164 421917 88116 943487 708363 83232 972643 633867 513554 331063 753500 97635 102125 853674 633626 647780 928331 253487 184532 104924 903233 
700762 63957 31427 212768 117255 783495 235685 424289 74860 756476 914274 213637 425852 985736 256713 800851 875344 822735 648796 525915 686316 99708 824120 847755 700636 308935 855917 278785 108087 493355 765163 201554 606625 97979 2472 916658 278277 520437 657750 535248 848552 393448 720159 413145 609896 461006 644315 465559 520679 631152 650443 489521 493757 414746 156367 904972 13137 427709 180055 283570 250530 692368 140723 417930 828097 407071 951188 771768 176751 732767 628767 332965 191892 13150 800070 243508 761010 699039 381707 833139 796943 134734 813749 523007 389599 918543 62378 
840678 480069 852390 262321 218922 313980 70547 661481 103274 739978 995818 468086 270250 753464 882484 508054 498290 842904 330599 519475 639268 672920 806032 32948 857075 193148 878051 821335 400349 88401 224395 758084 570327 233344 932768 885947 512273 128741 271810 858610 13992 732844 139055 127525 338173 28948 654869 769525 233959 851754 459202 54449 89186 622401 446204 119412 719033 36783 449687 219545 358178 48295 766186 252029 900894 322445 674743 129656 156461 905844 542035 649340 42044 807411 861350 347472 5899 599749 164121 767504 182010 362723 6799 262554 268348 120938 577522 554752 
968087 551411 474569 194993 153933 599890 796503 921119 377415 151746 924465 101125 658667 180373 159559 464843 1450 41909 424422 539549 98974 168550 618831 305553 88060 842429 231106 446955 969380 667621 279673 214845 557257 909756 197804 818300 614643 979262 591281 182829 244948 388206 169256 478577 972197 573345 712949 83969 830110 934986 392961 470123 373484 98585 679467 398618 640444 11119 530711 312216 230843 70412 840021 975052 149348 505111 487469 637491 581041 415338 469718 262750 163105 924875 19413 342987 115116 175507 281234 819321 60315 457403 779423 367823 59812 394684 153904 891019 7117 
201499 674797 26096 985878 991311 338873 70152 641028 698924 251427 587729 514354 482548 542467 150190 310725 134174 974996 486938 687003 85035 210637 336669 960103 696994 424516 294606 950802 676415 667984 738132 946873 53035 109656 223720 196856 112228 684784 766309 279110 478094 992860 677492 634874 8622 16436 448616 359586 791380 402986 564131 78144 599142 661121 769007 255647 218207 730074 572704 623178 611897 181510 551918 634682 516782 260455 376161 355320 605230 188272 892081 437031 80749 166498 342998 767683 270323 433502 271167 615362 662633 140064 678983 26105 827246 328353 650590 305676 321453 448060 
106392 71464 385519 772046 536808 294436 784571 895578 601188 465562 556891 427254 282360 430767 697348 872820 861937 386756 459669 408210 744463 756724 618738 712783 477950 803634 46069 169861 831702 281677 876368 402529 806220 145541 808981 268992 979007 608001 668024 779931 756551 610199 129765 793520 600178 876375 512288 234689 658993 670093 70998 175287 254895 731496 394469 731201 213312 194466 2259 612124 632415 181406 200157 716016 972546 199616 625907 288345 799017 670649 108543 497054 555316 626983 225396 127463 481122 847794 893291 883673 151193 533554 813841 51170 212940 14055 282421 372886 175752 32094 9913 
819126 305569 998184 461412 788313 196978 479843 882057 933497 319892 496757 7874 631137 757750 778072 521405 709653 528908 587504 830543 945450 137528 100129 782575 424294 707215 39483 870838 191905 52924 235419 880210 953424 98285 154074 842548 189835 19460 130522 860228 956084 448241 436078 559910 80961 131568 349799 845573 520299 879761 399638 927940 135524 656056 897881 405296 967110 395368 991046 967272 871610 656291 759900 833262 825918 246582 420586 168909 203935 792795 715130 894083 730375 932262 869947 913239 375726 711511 991668 826637 951105 762670 683037 121326 226391 112430 234345 52084 742971 508906 213751 563225 
911657 503128 3694 339321 857818 789474 70941 954693 218432 672462 494132 683187 932296 183255 365050 291387 965414 567946 718698 608201 592577 707248 667031 97253 596172 822213 95386 984220 144156 821476 174870 551452 409024 843127 968211 218837 145409 301214 907105 973494 975857 671093 399347 120034 522885 759212 52096 718138 190192 939876 790645 533311 349853 806863 76500 497726 863152 87937 415933 400214 867526 326128 258440 955470 348764 311614 958035 222418 848930 293867 805016 990273 305561 318656 270178 902595 130996 903004 172815 310023 769936 367299 288752 254707 451917 210043 67670 242268 471398 977608 254197 510421 771195 
21743 117591 670196 676437 849777 569576 312530 377417 428157 430039 335046 745568 336349 54695 333380 304564 812764 774385 2251 791081 564030 241246 939427 916680 802078 197506 975676 981495 789495 24473 713936 222599 12307 557582 713269 787937 457926 688900 867933 92036 831299 743810 220671 777114 554641 194955 549451 702406 746483 133020 166687 775173 184065 623680 664075 971294 696058 132936 680265 498315 959950 131612 203851 394893 408937 58938 269289 805324 437314 600152 271907 702821 509257 156029 569909 634851 82131 232282 605760 427029 652261 171953 152312 903563 637327 352361 383258 394280 252580 500988 697954 366810 860299 989515 
105608 928960 866040 544476 670762 829787 117194 534999 94137 833088 635210 214555 767105 539690 419244 995926 707327 182838 918060 906718 891646 302132 148470 229110 803043 635658 238522 919234 221587 770163 228934 956807 293502 767871 951211 889915 263781 870062 598782 175201 301853 601279 502639 579706 118508 184851 619280 279676 393519 997834 64326 897198 398947 786812 818195 246752 76783 681117 486562 177893 202395 863923 388819 354332 876710 130548 463165 929951 680966 399531 870014 844134 284655 68129 155103 722026 605300 671909 417134 317277 108481 471300 459722 233007 233001 972293 871957 360744 416500 321932 331534 625222 528881 276801 10168 
7501 321946 48501 896257 741302 868399 307680 160153 207028 794927 395408 110041 936442 109498 973625 914125 29750 700307 802478 107413 270914 454689 113637 855906 588339 139745 617254 26577 445560 730604 722534 197145 308711 652678 525998 369593 308952 402784 801138 780260 888086 355345 560016 50734 669532 431087 29412 102919 334575 111501 408011 790895 924646 633605 898489 842849 626058 416596 953808 98869 598989 585028 271924 287620 480640 934104 458338 476741 969065 292286 178313 354550 794841 955825 618701 774263 544492 880736 222810 265146 157143 896240 558542 752296 73961 70568 904756 384949 246215 292597 107657 390403 705958 505102 608492 186458 
213204 631891 434423 35962 519639 225289 283969 28316 541162 625214 310547 884898 887549 879430 184348 322924 616071 152463 97341 10338 113577 848610 529921 743049 542694 811509 313975 650500 803237 33983 550223 996465 763906 797050 101516 49239 386449 997322 199795 158780 501390 380274 142981 892286 288647 529298 634094 777675 466661 347016 907007 467516 834116 642768 826666 354630 536745 554650 686602 446263 334741 5993 854556 180242 79152 280397 743972 63445 876029 364572 874059 417219 656675 722428 68276 952854 118880 765624 360134 379786 54085 689315 979481 304304 962045 499749 890361 868428 776232 481034 986497 949930 560287 18232 927603 238335 987779 
521798 79450 915762 581365 580130 224971 251632 874922 408201 21927 184285 334429 479909 719033 88194 461422 977535 259122 613018 520283 115471 219874 940446 635708 87439 202218 765973 430965 435010 91703 294099 104602 276000 861497 700986 111879 492966 194950 270242 229877 414783 797077 81349 439783 561077 793264 64626 626332 957364 705372 996584 456615 182861 31835 372529 615248 493377 736949 874784 670569 846414 948424 498862 594098 767697 109547 806682 972831 392274 980851 537830 800259 515047 497601 414180 238694 208953 422812 676130 585321 482193 637761 197490 6291 783806 249407 721467 235034 720680 723824 716508 315954 985240 481523 95718 905205 724657 734373 
480741 578576 900581 350243 258187 665867 777149 538960 207094 290072 524502 191013 767465 427773 18902 671586 421479 544238 963280 505280 846630 341758 631764 65027 760889 108235 558923 942008 97979 677421 546784 305647 711793 981929 921619 291126 460548 301926 985485 65751 242893 343398 548837 395670 826264 858063 90278 427055 623000 681853 403980 609996 213322 919516 507087 79789 811934 876840 102650 927359 729622 647641 942056 676127 178413 788935 200199 67047 22371 356403 191470 578141 871336 200755 581119 876813 614500 950106 331889 200682 826863 86623 728879 492981 13956 72956 66343 79894 504876 632840 469091 432270 472498 963434 288462 698785 214511 913230 326745 
422317 739800 527145 309909 983138 709419 413928 742806 428427 7432 373270 593832 826504 484615 825037 268341 888745 194180 176699 482257 39230 545073 945037 117501 401487 850213 8547 639566 506030 765793 818829 225994 173084 239765 368169 185429 711042 425846 204803 690219 784732 53862 577070 282092 776909 630108 784973 38822 417155 76582 538764 927755 294373 975740 785981 97393 193073 793849 583662 312615 386622 136415 64192 600415 236773 26289 260295 89881 96007 452980 332390 576437 728263 747897 501004 706935 636298 685284 815716 405106 602953 344619 279744 869836 901505 619887 560261 199292 431896 21495 797979 122347 398923 420199 632987 714557 549397 227480 215030 410046 
