100
399863 
133954 553937 
101679 59265 959228 
407511 722730 695058 368687 
955181 625113 746612 59180 524544 
511971 445176 363842 346 220784 838919 
98021 717203 640832 191674 338086 773051 140401 
338747 619706 533527 520095 739252 254630 995341 693767 
781292 307274 436492 127076 972618 791231 501629 437827 62277 
937806 989871 215529 625912 577568 132700 831375 994848 657656 122969 
789651 897999 916867 68098 940556 526552 268494 813362 528462 643327 165319 
588200 856337 774249 324704 747910 44546 771399 707054 859600 522098 830683 518451 
469757 458153 100302 365135 148616 839457 791913 60736 233393 907787 434067 972310 782254 
281558 693923 713579 417497 839732 706776 807367 62311 157 712444 427231 164213 343737 560053 
902805 503348 276795 871540 705641 408265 882873 616573 991563 31413 690705 182969 919284 973864 272329 
491746 646712 400146 548827 463901 44751 20036 719586 358295 52593 505493 473467 995035 798441 456830 465226 
995241 872729 829502 744695 333468 539659 688490 799116 528592 863368 753110 795486 409010 973737 799757 36806 935906 
602143 182129 532813 236743 842758 686068 270509 587199 829143 561807 554234 315950 875084 561640 8343 724127 976692 694477 
590381 877635 995578 365684 526958 755000 61820 865035 884923 657122 931258 392833 591790 113961 184436 25886 662543 939546 36576 
30793 155644 827375 83332 7436 932805 856757 687532 742208 784469 709879 449047 431452 107507 713005 152467 306031 729334 935301 643738 
686436 675329 946768 357522 327572 604006 740562 268105 770817 865672 347238 958340 507919 31423 447545 258184 652378 457604 811657 66754 9670 
275902 368458 602880 949275 784485 534054 123449 820256 777931 507782 821309 540052 773416 472524 375569 787264 812927 855434 1815 791528 810739 439329 
302196 198501 938190 17696 273237 844770 294763 268822 385266 616515 39980 471 596693 728065 620250 788601 170289 368553 404733 735251 563785 36405 872695 
729449 484971 773291 637669 894490 221780 292873 607498 872272 108430 495134 506574 22398 304623 864355 862698 769755 911161 380611 64393 51362 328411 844293 400258 
516036 277966 35060 636883 256231 701501 533847 320119 79610 265622 465099 746885 689295 255064 928720 495224 408428 79913 595121 614785 74219 346619 820827 207242 213855 
64661 881636 388343 808004 184065 861782 746540 441594 138392 404104 605044 280120 735287 536639 746814 235797 222118 966696 313889 116348 885749 385657 580524 319084 745197 420861 
753725 43541 816961 635167 985161 421684 108859 251856 615790 198807 771684 221015 362778 748949 963071 526281 242912 139435 480324 825386 672790 219906 623750 675557 101244 32321 76289 
316003 629889 271226 217574 924257 166621 722548 147572 765104 770346 525990 322086 761663 606412 552772 248061 370407 910614 812437 742438 521733 69749 863612 5671 262361 428884 35381 957389 
277793 20618 597046 149048 179764 803963 41638 305572 363195 816322 871771 108013 871644 732351 957057 970832 868768 549643 968406 455845 767692 284589 969828 253617 296795 463397 639997 729372 244721 
630247 868835 164324 173059 443221 979436 684632 62240 906071 129490 440186 47126 188972 282913 440260 913528 311508 364901 886085 389973 742667 152409 423993 865081 320909 63702 277182 202951 245370 607212 
543444 20862 893035 789871 562802 624526 65116 312995 906000 607894 646583 498833 81348 841919 874061 252411 993369 469233 627385 285709 604490 736436 879672 347605 629507 907412 979196 858888 282728 902238 862483 
577764 89059 328223 915466 820248 115807 920915 958301 449159 195097 739247 643427 505635 238824 422905 191111 425012 155475 808275 147244 590491 522164 828149 354275 91432 289793 468494 722772 895883 874427 95856 194405 
324452 664792 319546 923832 219497 413675 450008 398443 563076 53321 818871 218206 383844 106362 586782 597178 626649 746377 329109 241191 921650 900216 133434 192560 320586 985616 352970 610831 230887 50593 473997 825133 391077 
62918 469920 218169 194814 539576 519349 236538 963724 804704 951177 627071 572734 760533 166070 9087 394667 52898 918300 903466 852147 523923 701880 902753 489816 666024 194026 898316 423403 668098 883488 710581 210629 454524 870221 
703247 174608 752121 844794 614930 158088 257953 739025 958272 226152 791751 489478 46090 585941 889501 166292 286937 5831 488486 434024 602255 387493 4847 563068 108897 28289 945234 934996 442292 913876 237279 930046 585632 182679 21354 
374480 23247 145309 720672 243842 242777 859852 250269 150070 97087 3955 693481 391986 114141 199235 522467 27594 893996 86701 284016 144243 113181 208194 877930 743813 363714 35210 188869 96864 133560 267491 297449 385683 751663 857945 118690 
205939 56704 901845 41953 348643 687843 402014 840220 152336 97871 717825 414965 698386 503199 49980 127108 68006 885225 589750 33816 502281 973800 508877 668087 996067 50820 641832 819957 970088 747495 631170 337228 449785 481102 686083 874136 784005 
616276 101843 914054 119430 489249 974695 734231 826056 741147 765135 835988 101100 894413 517088 832978 21794 428229 727092 971207 936216 685684 440075 495462 128765 534840 99344 597647 591886 138256 982656 859632 938435 916514 833222 867143 166298 995130 430914 
836930 295277 82819 241089 355294 565269 846722 694222 317858 511812 453631 645921 10793 404098 980552 592220 835402 749377 777527 380441 48284 417748 129312 977062 673018 541191 194694 120250 760278 168581 348284 578642 15162 236044 862559 780055 963553 945363 49387 
249130 515984 836831 790480 622119 126250 273802 357682 12674 22437 84331 530839 731156 802523 865529 350372 424396 216341 302738 92516 578303 496306 666342 762868 502183 724058 637261 315339 839644 914347 539259 418047 950187 720497 472174 940334 263088 139703 620493 858223 
273559 326523 851206 329149 900709 806115 936069 716606 10840 67398 175656 347776 583010 503449 677793 750918 844870 705925 526209 683087 834100 596271 382700 249527 11093 540537 207288 38618 947847 889119 670977 516209 715046 992913 466481 604556 328491 549119 377864 170244 171196 
571552 330559 167374 124784 313207 410053 151739 853085 217596 294188 991180 177513 994629 47269 4550 15179 17141 517572 417622 923380 622910 472675 915997 903007 91465 443885 376085 331423 138585 499127 952937 258979 636627 288204 525016 319193 304197 617947 54839 120443 319836 256485 
920015 525978 772305 844499 747686 542727 830582 895808 828604 919476 255644 294592 880419 868073 162986 249039 228844 276598 997762 360468 747779 105601 404953 605596 868926 145441 226545 71081 311868 332490 938082 992210 224150 460798 7621 286521 984130 926588 763805 423917 750863 804817 308814 
996022 55456 307720 588512 656331 27446 266399 44863 820936 308920 77768 107582 381512 119427 821963 818325 481179 630594 131122 884720 222755 373998 896749 130532 517680 888022 271130 590840 209090 183047 569167 871296 716706 438375 248613 912267 869765 934048 276650 959799 46289 551594 421050 292231 
250503 231136 924871 446793 37763 263002 514637 42631 459365 244546 420431 95010 758857 387616 294430 49907 805004 869219 125905 157102 101946 288334 875111 596 843548 833721 144341 967256 15052 316928 904525 624966 927979 144913 13959 942682 817692 65617 961213 486336 225464 632999 412743 415511 909192 
910312 354265 301532 58181 468331 392930 944911 290509 31868 341408 195852 533062 770814 48711 623202 364309 85339 326908 113788 494098 72246 59779 663053 344307 629425 667952 784436 66405 394714 631466 212035 110190 338726 79298 502560 834457 60812 632035 41415 292768 384587 581201 592123 817793 383414 774822 
118499 834312 867718 52645 759344 36390 96347 153381 918816 710397 846979 861021 262706 408087 362435 773911 163039 756675 762135 171067 252243 842171 871677 128740 231957 55412 409523 9799 693745 655959 116573 43016 757932 264726 379379 992261 894023 631311 902012 514157 31731 450349 261901 822169 749204 925699 919199 
631448 20035 598426 23976 361127 220436 445011 602595 103944 180062 118742 69889 39322 14382 437926 879270 121607 843681 316044 486732 1669 41697 451732 394009 553620 396544 509086 538538 455871 689768 628860 92137 933540 98783 395437 821483 751912 82391 627626 141022 82864 364352 31486 217643 666444 740131 695719 859448 
175370 552966 316693 415127 450162 544878 993670 155966 174202 253530 896865 137551 283573 175946 137158 5774 189156 859818 709497 876527 474934 475705 179020 493105 174959 208088 885881 825202 937236 228686 734959 113817 131853 978981 413139 793425 651544 400209 178711 918731 329695 989258 594730 267464 705716 980309 921743 226289 32708 
200034 328076 506616 177224 93978 904946 205335 864149 635810 163289 770371 17781 790082 615595 835170 909684 851057 852324 710716 449085 260827 284286 732597 263530 353695 514553 403556 373209 777041 664096 976644 715290 60584 457761 72540 643426 669169 281576 502965 292341 894085 812736 445251 931514 417997 416807 617647 496532 406640 243876 
957801 831904 144151 740689 316145 289446 917641 675500 86108 680125 529917 322498 11198 661936 424908 434518 6695 556430 528698 815914 23082 745775 540811 763659 283061 707852 894447 114820 902325 41268 813249 954822 236183 698482 298313 828195 209651 865802 820714 361940 380082 951668 918134 607435 705383 48066 133709 302650 739005 212526 237245 
931598 338872 518911 69976 192937 508097 171797 234681 35248 628166 356963 756313 496536 724285 355040 475685 844504 214179 696913 559381 490439 363302 669507 334339 193889 227955 483903 888442 329123 343864 971793 95783 828280 340790 341166 894328 866848 995155 803196 48887 804950 697 400717 832158 732091 43966 572336 701651 95931 902415 940051 173266 
83260 133698 706096 189022 989368 78769 451614 214162 710274 306886 740854 422064 513423 423554 284691 994537 569570 425620 693093 618289 395528 706814 852391 120886 736795 720105 668951 857876 453438 542331 756837 489564 961076 506257 165787 591643 458619 372906 489793 525508 786836 123476 982231 797964 89316 973173 135396 459261 759390 434767 388936 443185 697364 
492754 862578 398822 558184 807006 703940 720524 350725 169306 74736 930808 769705 830762 327426 666891 699898 825686 247200 98002 987140 539828 138025 128334 510774 578384 548132 24886 29972 566834 764148 868539 436267 381486 406234 532207 637807 374399 840774 565873 404008 798792 53405 980149 185677 375680 457667 214577 371266 13262 355956 408079 593210 965515 630007 
933596 473574 653993 932049 994994 832696 426076 810659 940899 266236 348520 257652 441339 163949 554897 227062 505418 873058 756026 868778 294128 68262 380420 363343 387636 609241 974270 158427 846624 267657 205296 634062 283456 187251 407083 646626 275423 229832 553615 782270 321882 921535 244569 369698 931225 372043 328037 891146 864448 184576 384185 880300 48735 537458 415784 
941470 773336 308659 866517 313799 622569 443855 199497 404499 986179 236825 200457 550857 405611 760565 278508 518345 238429 777874 461533 906515 45102 267567 802068 669847 920466 999604 783851 526624 647031 833372 697818 477725 339667 159258 3950 17605 511871 18411 613576 356588 339144 436618 573234 855762 672076 342319 50030 449127 513417 958158 414684 547162 391549 883172 795736 
81291 961979 183998 28297 565731 943050 102556 556884 585909 246647 26053 250238 930204 513070 785245 492764 94998 239388 780743 74142 11530 975747 800901 340179 585371 511451 955099 988362 711981 84238 769189 386584 239619 650898 827758 507651 138193 195477 698397 361401 165438 683749 349735 42711 987514 979870 707708 513565 180521 142873 826890 859020 503646 619169 668981 666485 24307 
300436 353108 770331 860761 432369 495803 175666 347143 937413 986252 589595 865932 699331 656029 175948 391293 130701 561534 807681 510536 759783 53627 970380 204583 519400 273266 419299 733474 874746 753298 647608 474644 458089 987222 524406 78238 362589 598990 837189 983532 779362 992198 7133 991760 364991 971975 578919 892846 418267 675145 682329 570921 738551 714773 129068 758362 614847 614879 
519828 321452 734705 111806 332976 419697 259776 19721 579251 820544 250545 981228 588344 212819 397727 45117 566441 594490 293762 556811 196561 631367 372673 122582 847371 507626 130195 726145 486183 671720 15895 127118 328344 313667 89185 727935 502668 41585 551621 997773 299300 419275 432388 424111 70452 578775 552321 444065 600444 890308 762278 367656 323712 455076 370777 934977 626904 300576 466362 
258320 865390 760764 254622 974252 236465 986376 814001 772757 158016 570375 90274 327714 816578 733644 313940 400838 95840 346684 650687 896452 484556 206368 686027 824042 738926 694918 821303 460632 958405 159655 555966 457964 460284 84722 614034 931260 358079 538449 192831 406646 248755 36266 316678 208844 152378 322273 527933 668816 299865 485826 929251 700417 338959 951131 637623 723577 267276 709561 586944 
28098 99651 755772 888689 719501 103452 519993 49285 801960 102037 360949 657247 436190 211405 862164 177775 916487 989532 389703 782139 844808 329503 223061 625165 302291 844006 268732 456764 557134 957893 848586 260125 191387 700137 178071 649239 253716 373812 470266 42228 48804 320002 982097 115745 391216 897217 729418 297749 587472 376597 745628 282990 671173 719560 568167 336582 651671 583445 875826 776605 223824 
725887 367750 313446 535474 403460 727447 715100 389103 976544 977453 690916 918601 174681 464626 811653 788165 451235 707489 852360 144941 295200 278739 637917 343032 792248 58883 697373 338494 820839 124232 56125 741188 401010 296092 326273 699473 625751 38450 153990 386885 319178 960501 788343 556478 467205 534222 708423 267975 671586 973994 219491 126049 71918 460634 478560 987629 675520 275144 192582 188966 50747 360085 
97620 411872 220851 877592 719915 60696 328330 105787 352161 315119 718789 975878 769335 10463 850345 110133 920480 343627 466685 246262 76530 662499 850140 250897 816839 408567 993625 883798 361293 869383 974021 429536 700784 581669 889004 72290 64630 367385 417493 38524 992474 888839 640643 979343 88344 175075 145792 396964 390933 58405 494070 896982 357905 636577 763568 664604 138231 295337 622602 285158 256707 589390 492560 
465377 190820 324522 234785 521081 105266 863535 380215 495270 102044 587146 644257 615488 46835 173900 297679 646336 698349 199125 755181 388758 991022 435381 142210 920827 824988 406419 442133 86569 873066 899549 280953 953645 669900 237977 65619 876588 283158 215697 751316 1069 48318 231306 416830 605293 877687 168799 372569 858124 372511 732789 281768 792188 149674 858511 633076 665755 265815 135683 581627 785319 18782 114316 154169 
525392 874833 363288 707172 998497 310773 518095 147028 181377 76361 603219 257624 40912 906892 923842 584542 373937 257905 796416 378280 794831 745951 434670 564607 155211 774160 656253 814764 589378 940978 469431 171674 519796 181149 696722 373237 387975 750781 334552 835289 183627 785010 532428 568303 931875 880044 547721 703908 271273 107161 261890 370325 534741 428685 8126 732929 673127 166342 525932 205495 913358 976844 429159 338251 266030 
159064 428802 981311 909638 945987 748139 466516 407503 658443 492040 484387 832998 352115 422311 166803 764195 283723 687752 837716 128440 939847 381031 456097 503483 742715 499575 309845 195609 909978 224967 459761 13985 1848 842391 930253 366509 722656 780409 871427 536912 463378 582312 232410 481522 660468 313137 874151 787140 6287 57639 943065 539821 953455 720137 17867 190839 982438 321658 108197 588440 619979 189436 941023 739028 958499 167023 
636257 270784 357852 911668 89721 784380 115522 156537 244955 337422 857447 646168 791842 691293 610380 661391 689178 86798 595240 982443 90156 304308 335473 760220 96281 44389 664740 655642 330131 445363 250245 751074 246918 5189 628223 835187 926135 742429 815207 722090 607084 489912 295506 755299 510521 451218 251443 50868 480004 144017 760660 860964 233591 821772 222482 504334 128673 833779 560366 831402 925934 2062 52529 968151 972315 417180 590649 
903760 159583 145816 203942 400857 869154 801614 175789 425719 923210 530366 84220 468734 637713 137496 100434 218428 665889 518723 544352 935915 889726 741555 163768 363748 857782 478360 187488 118233 281396 564331 791066 625838 1179 292131 886464 277480 603409 458667 325299 19060 512075 769342 513318 317488 800415 309567 919607 758242 301144 333594 494904 72939 479566 177001 191023 510326 268869 674768 395607 577838 838346 884429 531110 499878 290393 819661 134430 
62979 15372 288987 590058 921483 354825 213025 235661 838602 670314 78106 307626 434040 550811 126920 93096 708321 973728 859178 892862 89342 444339 301025 798857 823287 751561 246360 531013 879290 488413 364408 968306 824839 343665 747740 32632 938982 546290 331735 359146 315670 305267 816316 827889 52323 303115 378114 467687 552942 10235 445 503343 926917 612270 534399 194650 547374 827327 846338 524258 950714 820083 956769 29581 309980 960109 726043 418276 577345 
281333 268512 224436 775917 620605 962752 679931 849292 323435 7650 245309 795917 105954 286506 48509 712605 853429 861437 843865 292541 346036 249040 768677 639615 163441 779109 881989 702548 997381 579185 979426 870155 183432 458805 964397 362754 13587 990859 506932 376440 781701 635588 815717 656143 727215 476439 304851 582484 177603 870189 259315 319587 210256 998906 627179 534224 427000 709753 860834 635734 869500 167227 109260 104383 322481 793754 130676 139058 110848 862444 
275884 362618 669074 155349 354904 857262 407673 696151 498512 228178 498331 642163 832953 11495 208701 929318 585313 531503 207665 574403 135520 40508 90123 615158 416147 877226 436282 854966 569915 211273 698976 203950 600163 914283 116461 940788 618109 327517 603363 52577 470811 969437 363025 650538 186844 84288 777295 910621 528870 736707 100928 272877 635061 695479 566014 561487 194845 559843 810359 127210 626472 289192 257638 722248 479093 132274 862302 158558 287120 393531 238251 
501357 761293 338982 423694 121141 3729 937850 661281 463946 198857 499291 652825 918838 787837 303000 701638 762042 323415 903939 245148 370489 839679 879231 956370 218111 356151 273767 886052 208463 402261 692022 623134 166597 739247 568116 338140 834229 511293 808410 313730 202685 361407 53972 626833 428312 465205 46081 218352 722675 183620 523775 457511 553452 16258 831038 64692 739789 255819 949822 107968 282638 299234 268886 511378 924039 235728 190011 534379 463290 524487 693540 24864 
842453 131299 867449 632574 247045 42361 974240 365921 440048 796982 658259 301965 97957 180361 294741 38959 515473 322641 922739 167231 999218 184876 903759 892766 708653 318121 304997 104674 378503 833659 810493 493892 628085 796404 536508 180543 698017 978436 882951 559540 352107 807633 702353 410975 368064 850098 809899 873964 969459 932148 36203 804356 416254 409555 330173 6547 973301 851292 960211 874903 887375 131835 855849 576628 641444 16364 215736 926067 300026 895744 125807 21404 99162 
756223 664674 445722 70880 294697 91015 547794 264707 647099 21570 370523 316278 917426 846523 904268 923556 550953 17366 898785 301868 108943 926416 885763 512230 270074 644903 967064 387069 615137 41601 975080 978409 560163 39694 273352 359132 576874 749495 785423 791827 935420 819824 796359 937935 14888 223891 630488 914857 178250 143556 69093 914385 831275 316542 109876 234403 216298 50068 539973 435649 903169 209596 582859 445367 638329 737100 846917 281805 208182 866778 723649 366531 164203 642680 
634145 341394 666616 555947 998563 926728 343302 823892 732782 158123 552760 818643 53446 88356 377259 552900 270157 198126 566343 633668 421772 231211 666118 71517 705017 795869 341969 542595 302610 507944 789681 714498 902363 445027 830380 833235 999862 769035 332917 640038 357627 49733 387956 119159 609501 739987 255806 258322 674111 915614 617902 571310 650095 516627 141234 738840 650555 782458 652779 178183 890088 909567 62408 994813 689971 767895 978887 410643 522120 161204 150237 708182 962606 875087 771927 
682932 252415 573609 913196 946963 984962 22932 734936 531405 64347 916527 652298 308041 871763 720299 557512 144130 414213 968701 759790 415697 627312 539343 745280 469639 716100 55588 817111 209159 930553 47573 726371 254399 256957 748389 178300 528031 35226 158254 778200 673648 86850 292704 403955 40146 215372 32358 492283 549460 978674 521034 199669 301122 148730 965962 28869 302269 138240 298549 623643 194369 975906 487370 802324 878277 445965 753765 938320 514625 220334 804114 531102 505490 926814 682050 249570 
575052 929219 14635 696186 976408 188256 468622 940042 819886 546079 502034 349015 280254 262782 38065 267600 327657 210548 644902 455826 136070 43185 874526 325796 770107 605080 503661 415399 935987 216268 681554 34285 804738 831886 391569 802670 811738 788033 789775 829467 359244 353011 328960 505789 347327 888116 187854 770292 939091 276471 46185 286282 602026 825185 170795 299228 491471 254645 629404 445382 200152 535071 539595 450905 648844 765480 679225 335072 812177 679765 11437 854008 998548 1798 481909 543040 545247 
118518 881536 923969 943747 967834 948572 989369 439155 972097 219497 924116 966891 831750 503608 869384 341403 689179 238801 732622 954774 116034 538452 147559 818899 418317 8802 731301 741589 18183 282777 595904 490565 96048 948017 406779 64019 646805 942545 821333 988919 257069 559927 28367 494959 258202 883611 858472 967589 204478 109705 971952 414680 666271 888533 662709 683686 424019 278663 742096 71195 383037 32402 51003 428270 848331 629584 722453 694493 652034 718570 919900 377170 335182 179278 633960 428897 708123 804007 
988405 110401 679138 365847 122643 72644 17556 391642 463357 518608 554140 128918 768228 302832 857764 594954 724908 705261 476533 114067 808506 588442 694720 563686 535126 205403 819741 434615 305157 687370 48016 970879 98292 894584 812599 790993 156307 925771 395323 199600 455529 967121 935962 571700 127036 943674 111973 661771 207339 31418 41707 29585 934095 673930 451856 54669 913532 727510 455156 762960 577219 15423 996562 814075 164349 462503 772104 909405 984634 815936 821793 366993 558664 143134 902852 51157 164329 396755 42331 
807166 112384 175175 699863 394736 254478 696006 962963 190900 220920 118405 870372 961375 86636 620695 75290 387096 758354 474395 900202 22371 56376 81055 95685 76164 703293 581999 530330 629697 173482 326742 362559 460688 32045 687744 340507 903070 836393 594022 815593 16989 317001 914163 824764 280615 303368 446519 373437 969219 908752 73836 307329 977742 610865 683586 449381 233898 500622 140504 499272 28239 264250 135503 437451 202915 122164 321348 522512 476492 8338 219848 888493 17847 524776 265892 763440 131620 697719 163230 682618 
737862 343456 928877 404585 433382 383257 830100 154246 678339 90424 362723 224926 230921 462665 636800 232570 389039 787976 149207 324232 607070 909588 125342 242134 949722 19786 524102 662263 293741 632321 128893 747645 462615 79604 887175 366148 318193 361231 117269 720213 733847 616089 53950 655724 762871 201759 122229 580882 716554 396223 555258 465663 795775 883098 189088 505935 760699 185567 920236 385535 783505 892867 596692 230036 656068 717377 638937 153501 712564 801412 34710 487466 696472 643372 171644 34437 385019 234474 274576 114166 631318 
315847 855574 391550 906922 918288 398330 635790 164285 302030 868109 711308 23137 933109 783173 756910 625831 916944 761829 288326 815019 82422 964877 567257 435631 102787 992763 301595 406265 390860 176697 941357 666209 573036 44683 303993 958337 63725 559213 487292 74652 726779 636075 792613 525432 965379 251810 25757 119695 671088 405009 360951 854422 248960 186462 953257 749192 917295 261494 262896 539815 875659 163886 490060 759219 599826 797967 136989 36461 489690 932154 295464 465954 550469 888867 651169 656095 730624 858628 862267 200710 456825 36435 
894559 976052 598560 721475 217067 108900 52916 196926 851247 135798 629923 491819 413876 896260 533823 917605 952386 61725 885058 934280 617540 972947 271540 919681 595602 215752 295137 510942 12559 840839 250346 266262 26498 123126 410946 267491 401625 424731 901345 276293 832394 866299 873142 580938 714206 265381 134706 207280 997054 705033 393080 866053 650047 600219 467198 539684 827989 800798 449869 164729 49886 64727 785710 960869 169170 820774 572977 440847 783609 663071 632177 491058 204129 316802 499224 889686 673378 595406 682708 207741 629590 984785 569942 
948309 534444 961156 712873 840998 627774 99666 858202 482464 325853 129322 673924 314082 580620 692060 793163 689776 77406 151878 907635 375635 778287 156509 235283 4834 391023 193896 73318 984438 439780 192548 644946 259684 200514 309757 487682 147713 339402 24458 964152 251535 605679 305211 514765 865805 1866 889088 11923 270326 959773 221800 755465 564879 630252 669800 938611 502372 195913 522304 552949 184344 484284 124153 69526 50801 324123 16280 658468 558799 861011 602953 209600 953986 922936 258689 216848 480255 18672 707535 247666 223679 422944 204372 732720 
188829 97909 396848 532642 576501 562561 694672 882902 373337 482923 820245 263131 101183 244572 121809 444830 949929 116647 856476 516780 96017 384749 113903 898111 615308 816657 555058 883295 50458 300245 714244 867792 161167 429167 735302 917174 259460 730131 266577 158443 574836 169030 113024 158172 803636 78236 681621 271203 220414 353362 576 912319 758292 563862 836290 674670 703376 918626 996842 691039 3766 167737 892284 157623 850680 926815 762760 684279 805765 459800 708191 336014 101870 61643 173443 828064 797427 554 815351 284083 490333 588703 711474 268974 594997 
636964 759060 178200 359666 332915 277855 243847 55473 660860 453319 689579 818515 122171 981498 212413 458864 179279 70157 271936 543193 314640 617418 884207 907734 733328 697405 699995 524687 735531 369903 269059 363029 48906 277206 664673 375796 928274 985863 783851 361886 621909 965529 316985 229379 97339 736051 538177 824891 732535 636421 80844 936738 411315 173265 391504 28323 995947 537655 556259 481126 465143 779831 834231 496837 204206 202012 813495 97234 85360 276922 79623 293134 380955 867423 325739 858284 921470 238116 351421 409302 346593 941679 849152 545923 242125 842834 
651111 406702 426248 268364 717472 610170 861706 441113 718536 648489 263707 289978 144783 133448 113945 85404 466486 439528 26499 613712 540058 762962 817645 665766 443072 741036 912143 225292 135291 348823 653895 336104 960203 5697 841128 487456 470141 622298 407489 749820 434482 944821 203942 835133 390731 621764 973428 377483 270275 153257 950416 645465 306444 232924 720728 460391 27604 210117 148097 471487 518076 932048 461657 21072 367939 943950 626147 534156 470461 659977 250755 671688 168353 733561 871836 971557 149536 688550 46138 928235 999073 141634 228410 810679 635150 330193 334974 
432735 870934 110046 396939 867352 20022 858356 847650 157099 844713 646389 262175 613624 470471 859660 753610 676960 567868 42698 685322 31744 644670 557549 638683 332685 775852 180823 190222 806069 589603 139872 904166 574973 544329 657902 70207 58897 460516 629583 541408 865536 42905 262905 665284 495198 45987 394573 194258 638351 930708 618297 636908 426666 929406 28344 694420 222329 626840 581769 827157 590410 609906 752957 306769 855065 112321 785964 386288 317012 678973 193277 93100 873813 430655 75165 542727 603888 505025 698612 285478 782551 52539 986192 517095 440686 19421 68691 326404 
569373 496922 85428 654975 943716 782059 201491 621648 755225 774173 938647 985167 751791 893573 84618 895825 975786 912249 867443 793650 720561 561354 141656 686861 605903 995438 724585 434072 810707 817804 775280 555134 405495 242658 383469 754043 737295 978625 277694 681953 24702 929687 253432 534827 900381 921245 693966 520835 516316 456935 432755 360351 405668 805513 753228 278015 818423 882127 905476 801203 324125 760151 602887 389581 791393 277398 58426 912221 309451 554300 613350 881810 373416 303036 949526 177471 896086 562282 560782 221082 843887 66582 413251 560141 980782 492691 901147 539078 193068 
993561 333517 816506 458513 385676 288311 39441 937303 491575 144712 593678 317732 421548 743424 534924 719568 157051 626977 938217 845283 70031 425146 879498 421563 801302 367405 602834 937551 554681 179254 44255 559529 883129 264691 850342 779983 317102 687658 712786 902262 584906 506341 759040 814142 201398 309284 330535 208920 952059 1059 48004 109579 465816 613738 608114 545116 667738 651326 394275 754567 52303 371439 723128 327784 243755 617954 222005 440626 790033 668941 487189 769594 319101 70919 852853 935237 276453 82596 847221 461979 944761 465060 169471 102773 961206 134103 93311 751907 846880 88580 
840199 277363 23643 655671 762698 911013 758656 262490 3615 297386 114034 583975 322342 520307 56968 884142 272955 200889 182978 294763 555317 873825 548461 737301 650510 996154 709557 780240 588878 923861 68883 737384 373790 9098 705903 793525 435150 574383 60528 396883 251711 316542 648859 287800 828557 518855 306554 456439 410396 995276 120767 761786 646932 328668 176631 622535 590294 108279 358586 205255 842569 951211 804413 415110 261083 697404 27767 437500 258294 466787 400171 174637 431180 995303 121252 790570 898041 359312 449711 273015 52961 373308 711149 930580 813151 98353 223263 414275 109269 671518 206810 
206042 224849 449117 240140 486081 565881 472490 286654 459687 441698 22963 643460 220132 719942 329502 810357 173279 948335 774628 27998 140846 115765 750579 99227 805927 36877 955451 448551 857432 378637 957544 773383 100035 740076 832936 799193 729609 633661 680762 106099 639820 33138 807108 689146 904191 487008 724279 872687 613574 417490 722937 207844 367300 655280 686539 297725 129715 135489 189121 49928 732242 299346 638258 941594 451993 367512 937688 468609 104779 301480 437475 136699 224533 410391 233544 235584 790008 313793 603711 131271 121142 63734 675168 433444 552867 949756 582157 170503 829108 136446 193237 463571 
448247 499811 485180 415831 179831 783875 756240 574971 882889 348303 169991 176978 245951 958955 177665 73713 363179 706776 812509 630832 990350 131563 146078 360561 968552 378481 902823 708287 315841 535658 288012 278544 628019 386084 248296 908052 460142 15466 609591 583934 233840 683288 4371 259307 59449 419518 781832 128172 961115 280292 287331 311128 303115 507314 249841 676445 925702 892508 810918 954298 239460 331908 50254 183906 484531 733158 468895 218458 178666 747668 341983 76380 753672 585599 97132 453977 395169 885055 721422 433220 707739 723240 83362 640846 37841 358569 141681 647466 528322 79933 929637 410064 552265 
478973 216269 152789 481584 959008 939059 274205 455954 274604 945798 712454 121345 442818 754535 182985 752296 830217 264521 535476 621964 669893 567136 539481 264692 737272 981642 43174 407619 137524 229876 56645 967639 279505 715196 621834 733369 709919 878083 372191 140524 408579 363065 766608 973533 801834 297144 35602 118274 323129 770369 650726 383669 782502 944125 371074 895220 15987 553322 498677 245701 512514 752395 127255 258052 68446 616764 709340 808070 632087 203498 367506 43158 129193 827447 228586 145757 604978 689459 412721 17662 464051 178471 80225 842923 527768 386574 22709 880051 175134 56098 520005 894128 113746 828384 
670098 542810 201663 865598 668297 337483 198388 283690 142635 762474 171092 735374 980944 530285 423596 614216 94664 441314 525200 60336 927142 540002 213919 860580 767118 621268 769781 727083 270677 984889 595205 574716 729052 748419 530087 920788 443925 79031 906189 53955 357571 153416 255874 284760 79679 788735 819271 573881 805556 372076 107831 194958 346614 648719 439889 552179 944551 22893 353103 256715 919197 727211 671713 797141 458825 208446 593569 267819 242120 725562 265741 932145 906099 73542 131394 888199 334219 797162 700923 327271 357815 871189 986902 698004 495549 744074 982947 505101 276148 531075 478034 561125 622276 355343 280087 
751752 714127 313050 101277 356740 157080 342114 367117 915018 194572 630024 788110 761434 243380 160335 746124 828822 19926 530432 748745 520057 667934 866939 766889 130753 309816 146354 533727 821787 539614 212581 983860 192847 270147 235421 558607 255127 461787 316508 520087 155187 197717 165559 872567 892743 287908 578239 431973 388104 421205 126404 321650 897306 515254 73113 693050 261089 647540 663762 511157 571498 371163 629468 926888 9199 559174 893421 134734 362069 913416 30386 145815 112094 34001 965846 201514 46588 779951 169179 994583 506753 918878 736151 942573 254997 255101 46904 455247 260961 123477 802063 581794 563046 537203 616540 74449 
135294 192432 379797 689018 784238 351612 651052 261989 350525 908064 657631 949963 535662 666582 74830 307779 981164 339298 795361 912238 329327 815920 521715 592201 630613 227186 926622 134927 15696 756054 146771 112665 351069 398222 784649 753220 965789 8161 590212 197295 387595 330884 429510 455458 979012 470838 378404 222978 655123 844953 665683 362858 364671 901736 250670 612696 223473 610127 577153 378670 50804 902659 322812 765123 76917 397520 444758 880840 457279 281107 343324 751480 801115 282403 901927 433659 620800 558225 984882 823082 370653 754176 714049 580413 717633 932015 183507 899848 625978 172194 828231 114907 3321 22687 313499 815553 691859 
139422 363115 292368 421291 342718 792455 874975 661632 308460 321024 97342 258127 687613 443012 779062 562321 128182 979156 825072 310837 739900 984399 190488 157045 969425 610273 678329 953020 560568 15232 30346 275113 390212 954444 80612 599543 11597 561209 977604 315399 444277 168847 489523 76138 851563 173077 714134 848965 724817 797738 875916 813385 667584 187283 428877 771398 3660 634311 230567 724618 547037 810899 648851 471629 569158 417528 693420 529873 275843 391678 494295 644873 674485 481161 323603 983202 281122 511551 839363 408176 538349 949602 632750 6832 284875 367701 352813 953374 186142 403066 34373 250340 20887 143153 806490 875587 172856 360646 
733429 696063 626847 267266 78850 596385 740094 678463 388247 418748 151784 930079 934221 662412 329077 893899 847447 156278 742090 304241 567015 126217 21946 81927 762527 322387 516171 62494 57080 488244 507245 119377 781390 232465 609648 415981 705576 354543 562201 476573 197577 110212 464059 269999 896036 203601 768704 560240 67136 836572 815553 616995 67837 1591 75330 90489 912677 916483 453220 274749 250865 806006 912273 562625 625787 430517 928520 526920 455771 756487 887020 869341 711917 82277 614811 616501 878546 43036 843385 349062 89888 52166 788474 650594 609882 717568 707789 353260 967030 414415 26079 960860 193876 923962 940642 664984 62073 649516 811845 
394726 83837 401079 594489 221172 932255 858452 524348 445263 692926 235782 845955 591622 233248 850659 947759 588997 248445 67269 115331 975619 591521 830803 532543 398826 826405 347890 176258 323805 321756 582208 339772 491164 51198 140358 48198 677284 183393 640218 565206 436536 923721 113871 239477 645815 25957 892325 856047 771019 98926 505577 276957 771274 600360 131870 418747 713963 795574 830442 763796 753376 774788 819347 952995 437349 997865 771857 946037 247928 403844 473649 576882 998495 644014 336306 881261 957288 937127 215435 418551 200217 330840 908222 354264 790117 470807 4668 786451 89805 561399 709917 574931 441591 371718 104457 925434 239327 235114 666949 240928 
