54 24 41 35
13 7 26 15
12 2 32 9
10 8 17 14
8 2 45 14
15 1 37 6
3 6 28 16
15 4 37 18
6 4 35 19
3 8 45 12
11 6 23 15
8 5 19 8
12 7 32 21
8 1 29 3
3 4 27 6
18 4 35 21
15 8 41 22
6 6 22 23
5 1 11 2
1 4 12 24
11 7 33 9
13 6 39 16
10 5 48 18
10 7 45 17
3 5 48 24
7 7 24 20
14 1 37 7
13 8 53 17
14 6 42 19
11 2 30 4
16 4 38 5
15 3 25 14
16 8 50 10
1 2 30 23
11 1 39 11
18 1 20 5
17 8 47 21
4 4 52 9
18 7 34 17
17 7 30 11
3 5 44 8
3 3 26 20
23 7
20 15
20 8
25 21
11 16
26 3
36 11
27 20
4 1
6 2
21 7
2 10
54 12
21 16
39 23
51 3
16 24
53 10
4 7
20 5
24 21
16 15
48 6
31 18
30 21
41 15
50 19
37 21
5 20
34 9
51 20
30 17
30 3
18 7
44 11
