87 29 10 76
13 7 66 28
28 8 60 20
26 6 66 10
28 5 72 19
7 2 69 19
26 8 81 27
14 1 17 5
22 6 28 14
26 3 62 4
29 5 54 7
58 3
15 27
76 14
47 28
24 21
14 11
78 24
49 18
59 28
50 1
55 7
45 1
85 21
46 5
84 4
84 10
53 19
48 5
82 24
41 6
34 4
31 9
80 1
84 21
50 14
6 16
25 14
21 20
20 29
72 8
63 20
54 1
30 22
35 7
23 3
79 2
37 1
1 24
62 29
45 24
27 16
37 18
79 16
53 16
4 4
58 4
78 29
35 24
54 12
81 11
26 16
31 6
81 9
5 20
37 27
67 22
33 26
27 16
5 26
30 4
34 22
17 23
72 26
55 15
79 13
39 7
51 4
84 20
5 2
70 22
84 9
14 11
26 21
25 26
6 6
78 7
