18 100 95 73
5 31 11 46
4 30 14 51
2 25 18 28
4 12 18 52
1 12 3 19
2 3 12 67
4 10 8 16
2 16 16 35
2 28 18 85
4 10 5 90
4 31 8 63
4 20 6 78
5 21 12 72
1 15 15 59
2 20 12 35
6 15 14 71
6 21 11 100
4 1 10 6
1 27 6 36
4 6 6 45
1 16 13 28
4 1 9 95
3 3 12 96
5 28 10 97
6 6 12 89
2 3 14 90
1 2 8 67
2 6 10 56
6 11 7 52
3 15 17 94
3 12 5 44
1 23 5 74
4 17 7 55
2 1 12 53
3 26 5 89
3 19 18 62
2 25 15 81
6 2 10 51
4 28 11 89
3 13 5 22
5 25 9 77
4 7 15 70
4 7 6 84
6 30 11 85
3 6 7 57
3 27 9 37
6 9 13 21
6 21 15 28
6 14 10 84
4 13 9 91
5 33 17 94
6 27 18 81
1 30 12 62
6 12 13 93
1 10 6 61
5 7 9 46
1 7 13 39
5 10 14 20
1 6 3 33
5 28 11 38
3 9 6 37
5 11 6 13
3 5 11 83
4 8 18 69
2 1 3 6
5 2 17 64
4 28 11 70
2 32 16 62
3 16 17 94
4 26 9 95
4 27 17 66
2 27 18 61
6 1 15 28
4 2 6 86
1 26 10 83
6 30 7 95
3 10 17 97
6 32 10 77
1 18 2 43
1 1 9 84
2 24 13 38
5 19 14 71
6 15 13 46
2 22 15 63
3 24 7 60
3 1 13 55
5 22 16 48
5 20 7 53
4 26 12 77
1 2 7 48
4 11 6 68
5 22 13 55
6 9 12 91
1 18 5 22
2 28 5 34
3 98
6 97
17 36
15 2
10 73
6 56
16 18
8 33
15 40
18 51
17 56
11 73
12 54
13 42
8 36
4 69
1 65
8 26
12 34
6 20
5 59
13 92
15 70
11 1
13 55
8 78
18 46
4 12
2 70
7 75
13 62
4 51
16 75
10 76
10 66
10 39
3 76
5 51
14 60
9 32
2 61
10 41
13 32
11 81
15 47
7 26
14 91
6 81
10 83
10 67
7 9
1 60
17 3
2 98
14 10
17 79
6 69
8 29
16 91
15 54
8 35
12 1
2 87
10 56
8 10
4 49
11 87
15 19
11 96
8 55
4 35
10 63
9 74
