18 67 50 56 81 71 
9 69 13 46 35 19 
90 72 19 19 78 14 
100 38 63 71 100 90 
32 86 92 11 7 6 
10 31 38 17 96 7 
94 41 78 87 87 47 
16 72 3 51 14 29 
90 87 1 34 11 58 
84 100 5 93 17 100 
38 75 97 60 85 25 
11 45 59 96 18 13 
25 28 28 86 41 38 
89 29 77 16 55 64 
96 41 10 57 69 35 
37 80 10 41 24 13 
28 46 52 39 23 55 
48 23 49 97 13 65 
26 96 65 52 47 60 
64 55 26 55 17 100 
39 21 33 14 6 89 
89 43 37 67 27 97 
22 79 88 45 29 18 
27 70 7 95 57 57 
11 72 69 88 8 84 
85 80 30 7 57 96 
69 62 91 35 75 73 
81 69 60 56 14 62 
15 5 94 16 42 73 
31 91 88 56 10 53 
81 34 66 44 63 34 
52 96 73 27 25 62 
23 83 100 47 25 42 
44 61 2 53 2 92 
27 53 23 39 45 67 
41 13 28 92 66 11 
97 32 20 51 34 100 
34 26 13 37 61 17 
40 37 70 5 79 89 
29 30 69 40 46 1 
14 59 73 7 57 3 
10 76 100 52 92 69 
7 48 33 82 19 92 
79 97 9 89 33 38 
41 51 19 83 19 15 
78 56 79 56 40 73 
60 22 1 87 98 25 
65 96 32 64 67 88 
39 24 24 17 87 42 
1 66 100 9 10 60 
66 10 90 13 94 66 
51 6 94 58 88 38 
56 68 47 15 57 61 
61 62 86 10 7 99 
64 46 29 29 48 68 
72 26 73 28 86 48 
91 79 67 17 30 82 
4 21 45 9 26 11 
79 91 43 47 46 68 
1 80 82 69 25 76 
80 50 2 47 40 77 
19 66 93 82 45 49 
44 33 18 84 68 85 
18 89 89 7 77 87 
13 3 20 45 48 53 
89 64 46 44 79 14 
90 50 6 50 29 13 
82 49 55 80 58 84 
12 53 52 14 57 95 
39 16 22 51 36 83 
11 86 44 37 85 63 
34 86 100 67 75 52 
14 22 28 20 5 77 
46 97 37 89 4 21 
90 62 25 79 94 60 
2 47 73 89 4 28 
73 3 30 48 1 23 
29 30 24 75 39 25 
9 62 2 53 88 96 
1 77 44 61 35 57 
64 10 24 82 19 46 
27 43 22 17 8 53 
59 60 70 20 34 3 
69 73 19 67 98 79 
1 21 81 42 46 26 
48 36 33 48 23 47 
46 72 55 86 21 92 
96 58 52 47 25 4 
92 11 48 40 12 84 
38 61 71 85 6 16 
51 1 55 35 49 61 
0 0 0 0 0 0