74 2 12 62 8 37 
98 58 17 56 44 76 
71 76 51 36 89 46 
78 23 44 16 78 94 
89 44 81 96 19 15 
18 47 69 34 65 48 
54 29 96 83 4 1 
32 39 10 38 60 15 
28 35 66 12 88 89 
49 94 96 60 66 43 
98 29 86 4 86 8 
52 36 35 100 69 39 
92 21 73 56 54 11 
90 49 75 41 19 21 
29 65 40 25 9 69 
86 95 79 84 76 41 
17 45 97 59 72 18 
78 98 78 15 90 82 
62 4 40 29 73 85 
4 92 3 85 49 61 
43 53 52 95 68 49 
46 63 42 53 4 14 
45 34 35 19 80 88 
98 38 87 23 64 71 
66 13 70 9 85 35 
60 83 54 79 53 43 
89 18 31 59 87 23 
62 71 53 51 15 89 
75 62 64 78 85 76 
20 37 46 37 7 68 
93 3 96 64 33 86 
7 81 61 84 79 8 
28 38 49 50 76 1 
67 53 96 13 7 21 
96 58 66 11 5 54 
42 81 66 31 69 95 
21 74 100 67 29 72 
10 30 70 49 47 72 
28 45 57 49 23 7 
90 92 83 59 87 31 
46 7 67 53 1 57 
69 44 72 11 4 75 
71 74 82 31 13 2 
66 14 66 36 45 3 
71 4 68 65 58 50 
75 52 47 35 92 22 
89 71 75 14 87 19 
82 6 95 28 44 15 
3 46 10 47 65 88 
32 20 76 68 78 96 
37 83 5 74 12 65 
20 98 23 83 26 17 
83 90 68 81 83 29 
12 80 27 87 92 19 
40 65 75 30 60 37 
22 47 84 88 62 77 
6 68 9 18 50 15 
30 50 20 71 52 6 
89 69 15 84 32 56 
0 0 0 0 0 0