48 33 68 86 72 36 
70 32 1 40 36 67 
100 80 98 12 91 19 
78 82 63 88 99 15 
79 74 97 41 14 39 
73 42 16 71 28 2 
78 44 56 59 60 37 
96 27 74 88 37 89 
19 37 16 24 38 48 
51 24 44 6 90 80 
80 53 97 39 4 10 
64 36 82 48 21 28 
80 61 15 25 36 36 
78 76 26 42 83 42 
42 28 57 16 93 29 
53 52 76 91 33 43 
27 58 83 63 91 57 
24 94 60 94 18 18 
77 3 12 83 1 22 
8 6 62 35 21 91 
53 87 18 56 29 61 
89 94 17 41 42 88 
5 29 60 47 97 45 
41 94 31 56 58 100 
81 67 81 6 41 76 
22 56 6 63 72 47 
15 38 65 62 91 17 
32 80 78 49 17 38 
84 65 48 23 3 29 
0 0 0 0 0 0