65 5 87 38 83 95 
37 49 60 42 47 56 
74 48 30 100 21 11 
76 49 66 59 70 85 
50 97 91 88 55 13 
48 60 61 73 61 44 
76 67 72 45 7 9 
11 23 80 62 24 51 
8 59 56 95 94 36 
24 7 10 42 37 19 
2 49 62 90 24 49 
11 60 99 40 25 54 
40 61 64 48 94 19 
26 2 39 73 20 11 
10 66 96 32 98 47 
37 62 65 33 46 19 
36 50 96 94 72 85 
46 37 15 65 37 65 
52 66 84 74 63 4 
25 46 60 44 27 28 
16 89 4 31 4 42 
48 32 27 82 40 86 
10 91 86 13 9 51 
90 80 77 81 10 29 
2 51 56 22 32 94 
78 26 98 6 95 59 
12 68 52 87 27 74 
45 33 82 34 2 15 
83 25 17 10 54 74 
5 57 93 83 68 82 
14 94 86 62 46 44 
53 30 74 86 42 35 
78 55 91 71 85 12 
31 85 55 36 94 43 
34 5 91 50 77 37 
57 28 28 36 36 85 
99 83 97 50 92 46 
75 68 66 61 58 96 
1 59 16 70 78 25 
43 91 48 62 66 86 
93 97 18 61 93 87 
7 88 34 51 100 65 
4 33 65 85 10 1 
92 27 98 45 68 75 
13 26 51 44 39 29 
16 41 91 34 20 94 
53 98 34 93 93 18 
98 45 42 89 21 89 
80 67 99 13 3 35 
43 21 50 21 28 94 
54 79 89 50 19 19 
75 79 15 80 5 69 
53 87 3 66 21 11 
69 93 40 38 10 14 
43 98 46 32 23 16 
55 45 51 31 14 91 
77 31 35 37 41 13 
61 8 52 98 33 85 
14 100 90 31 52 81 
45 54 71 98 70 24 
48 99 32 60 44 15 
63 71 70 79 47 64 
64 62 15 8 52 83 
64 53 24 78 34 25 
98 43 84 46 66 75 
50 61 61 49 96 13 
64 15 1 32 18 37 
48 31 100 64 62 68 
33 6 22 81 39 90 
9 35 19 2 71 73 
28 32 79 6 47 47 
16 28 79 85 53 41 
62 84 31 41 93 1 
70 15 30 67 1 80 
62 80 15 83 49 69 
35 41 2 15 23 49 
100 18 45 85 20 65 
100 47 34 40 100 61 
100 1 60 84 80 43 
5 74 72 11 14 40 
60 78 37 75 14 8 
17 59 22 39 7 38 
40 35 1 38 19 43 
56 62 59 17 97 59 
87 72 71 4 1 13 
52 27 20 95 77 1 
86 6 32 20 86 71 
55 45 81 2 17 21 
35 51 62 24 69 85 
0 0 0 0 0 0