84
59
114
201
217
250
345
501
510
605
950
1164
1287
1396
1437
1498
1615
1891
2052
2056
2224
2257
2368
2484
2746
2761
3044
3105
3403
3413
3427
3492
3507
3722
3807
3937
3946
3988
4290
4323
4525
4630
4709
4959
5291
5296
5373
5823
5904
5977
6028
6818
7017
7234
7369
7459
7461
7485
7486
7508
7556
7675
7682
7705
8083
8144
8237
8265
8332
8351
8475
8708
8912
8966
8970
9038
9063
9213
9438
9446
9491
9639
9679
9714
9809
1437
