97
62
167
259
391
403
404
442
470
548
622
705
713
717
782
1220
1241
1467
1511
1564
1681
1714
1830
1861
1890
1958
2158
2259
2324
2362
2368
2498
2512
2539
2826
2902
3087
3105
3133
3259
3299
3441
3612
3696
3828
4127
4458
4611
4651
4669
4721
5026
5270
5396
5639
5757
5914
6189
6271
6366
6513
6814
6860
6976
6977
7052
7089
7137
7147
7227
7231
7293
7325
7475
7530
7711
7885
8011
8088
8104
8143
8286
8392
8394
8396
8410
8609
8622
8674
8705
8931
9171
9172
9175
9351
9574
9892
9998
167
