236
88
425
106
771
850
668
19
770
973
831
697
487
249
776
434
894
287
364
494
552
761
825
310
708
316
155
2
70
913
965
897
1000
389
354
771
590
21
141
360
345
971
408
183
220
535
616
465
822
331
310
373
92
134
683
151
802
189
504
871
101
468
119
101
209
472
223
798
492
363
509
836
333
269
18
552
803
985
369
624
316
678
349
407
812
31
909
965
571
412
187
671
879
305
123
439
776
345
237
619
707
97
806
392
365
175
943
520
159
311
143
474
341
491
232
504
873
140
468
795
551
6
466
782
310
940
220
437
637
808
407
343
257
212
86
973
386
29
492
544
691
987
370
31
829
601
534
702
93
353
848
643
358
665
776
19
605
996
807
241
803
213
935
59
424
21
32
809
401
875
705
443
861
74
826
690
674
711
743
766
416
590
761
773
255
536
144
211
883
950
451
38
515
737
448
938
109
831
99
509
706
803
304
566
876
129
607
901
191
349
19
606
939
131
731
545
18
226
755
901
527
557
938
41
293
737
331
402
568
429
262
625
231
565
190
458
45
