185
407338
917564
4544
20610
679643
273995
517429
768373
929540
208885
19030
704837
319827
963308
427617
624698
244326
604494
745892
922003
713374
442449
808263
786684
156043
378300
694483
690418
855868
291774
63754
878216
806119
157049
628574
176944
821326
735978
167137
241916
212517
229381
907057
252097
928388
417688
232368
475570
503265
542038
541172
330396
420418
369138
675288
910365
97280
654386
757817
107201
893682
127426
3389
695420
617892
435090
242337
136287
505629
404618
548850
564180
637996
953731
649185
931654
74358
846060
265014
675666
450455
845359
415158
422583
540776
188580
43328
147182
933365
407390
387442
142698
906484
564806
876015
24965
237035
825999
287507
491830
683326
790697
589093
475410
457961
223063
571895
773695
94617
220406
801033
921868
684876
664916
822273
482938
753418
155921
224318
700663
802864
880652
399646
491836
309848
858539
420232
564845
223793
200345
731388
369983
607233
925008
641720
25330
274773
142569
264853
59495
216046
163239
454749
86480
321121
155760
817540
523827
824890
130855
415558
406771
826206
249392
781386
790037
859434
184372
199333
295122
457866
638683
397511
12310
873002
227635
225261
239557
39498
70441
107800
798860
706673
345220
3573
857273
613690
197892
810999
64818
152066
159815
142116
253825
137210
