401
228760
703508
100431
866593
62170
193138
783986
358417
83567
268885
376999
588831
428036
295404
118043
241629
470066
895089
852118
280738
558558
872414
334568
897694
604921
544794
181411
683810
358935
484403
484465
356014
795186
881611
295601
917879
704709
299975
700850
670474
729830
263909
259871
174082
35896
552652
465551
790224
125513
57888
196618
257653
966177
778244
85335
345970
320992
792907
323313
721546
597796
590898
779642
3418
521008
784578
833860
598471
792242
248822
36468
317746
653164
984937
434906
286795
862760
285119
54163
86445
220298
984028
837773
974878
26681
34810
154338
42592
105993
283555
402234
98730
483956
976031
24639
356619
22372
190760
430057
719493
172844
421601
530090
821841
176967
939498
314312
380122
94463
246495
617811
787501
779432
935522
864638
954701
595082
17507
532303
872797
209049
344238
649216
239229
148256
103219
157121
246368
20423
591807
120913
549253
988537
85632
803655
787898
477475
734177
628119
387657
414314
69162
178855
762009
974752
63727
150010
324921
699336
288416
581120
729317
530299
769445
741497
594609
330910
753059
597224
295523
515774
944174
224894
548376
727216
536238
703001
956612
927178
741147
623308
37676
677087
712461
206672
736746
793523
22167
195059
993436
492628
881487
916073
535111
770949
411019
698902
960329
268380
676688
759668
99008
576259
268268
696609
108849
700321
649517
346115
322676
676519
737360
282467
296281
633782
446132
108298
134817
570338
677017
618503
76748
881463
247881
245110
582505
71607
991171
49768
170839
881025
34280
147904
845186
237957
595252
375744
796970
446323
345257
378411
819627
973862
16396
61983
439454
207165
868888
551080
605223
882282
415237
790299
82356
329531
361469
665130
688747
638899
638164
766398
673579
761537
118710
530290
878635
19512
761515
630523
600211
559975
460013
935047
71097
723761
472964
649761
254017
818092
462165
117381
743845
307392
550363
109875
345077
337342
484489
915318
667953
860374
644631
470052
481902
464154
864382
698305
704322
549723
550790
895703
677972
447345
530346
810259
708467
783490
160063
242479
867490
262621
179012
791293
505825
546387
325955
428887
217254
97664
93358
87496
619475
407677
948574
405457
6883
594657
641198
306787
933194
808422
683930
605102
116259
506635
986209
333741
754937
497868
818795
842367
706871
639889
568151
777401
809354
407687
16706
118513
512882
826720
464637
293513
532664
828013
837005
684864
268043
201150
833689
296202
669176
480629
156344
18650
186249
234779
254494
454042
575990
972360
880841
73527
86305
830792
933186
151569
830872
155708
627196
281273
705635
271187
421163
789670
708042
123893
372244
301624
982985
965615
705309
396950
837561
923987
423078
443985
606784
759820
272732
529012
896270
584462
443587
17775
923670
27425
26969
843755
491670
722440
