2207
547965
944330
637580
305786
815055
438786
510847
748620
374506
671138
639638
394491
464550
682632
405385
105555
976282
750269
255447
727190
280028
810356
897326
121823
411717
125017
137932
533936
252920
119020
527498
197620
621187
707140
185666
60892
767039
383300
88953
977549
944316
391934
48755
911738
228599
380179
549484
832377
54403
607676
317928
529453
428992
531163
806095
562960
65510
985933
867441
724517
820189
248983
545270
533671
580449
622939
655416
453419
848398
350117
393996
256096
616802
317353
524482
630465
113730
200190
363904
38513
673364
115968
191119
616213
401915
96148
314505
692631
680785
476467
663838
167498
568695
757343
791373
446325
217940
365154
788346
56822
848330
697022
131300
149516
169444
647569
482114
273018
404727
676401
168778
580154
949981
201250
491247
700433
847034
405430
226843
158171
527513
282384
179359
440467
991098
147487
330155
657518
740150
811920
941095
487188
363999
909695
739374
569904
820425
411736
322285
297809
820966
456173
973211
618536
615886
217742
824131
909187
172296
468489
458223
546174
726359
724355
670679
643104
902425
795714
826271
709011
665975
173553
526743
115924
904203
885923
665703
196394
201940
291751
267794
222342
648405
171612
224704
166104
222268
499070
423761
998292
361904
393451
163892
835899
841120
68045
845497
784661
597444
589944
960116
104266
963095
92669
475654
911329
43829
754968
974560
86759
196761
543671
844957
200152
547353
970849
515600
949091
832904
132231
60407
945844
93668
161533
450553
294073
584450
181858
603656
675352
933827
478573
50294
16727
922645
216981
215856
909094
129077
732090
786864
980418
138104
516787
509495
351641
536018
209487
746572
86514
705458
454198
718268
424662
657120
686642
169742
311101
136852
42342
172793
821643
841094
429487
383112
64511
272155
744729
672948
811689
33475
508224
52053
792857
872769
270352
916942
348831
649844
802177
247136
85551
461070
771193
542643
653631
172422
660137
293220
678688
578965
587239
138520
825460
755329
299237
749114
651499
26777
442787
789540
216671
464672
674814
152003
801446
187564
787967
337606
754012
776625
734385
353193
653351
242221
800612
556632
127967
610042
680737
370400
808865
937124
416209
869139
787287
479692
112361
686642
374845
578795
637406
64225
973885
322015
683810
836966
22668
99001
289628
716034
612306
167393
234286
941606
825233
358885
335605
647380
728368
111227
169595
567807
394414
342207
839193
834888
213185
970697
250872
932424
998874
525418
677630
610075
171592
604898
842810
993552
280751
506288
141418
875030
798129
123101
104828
421814
909299
922956
632313
321842
709089
109245
570517
790571
10709
801756
772443
321711
925708
550288
53899
579201
495405
734843
371359
232688
251472
371907
845367
744727
467713
707594
862864
364197
615568
357078
715950
684461
747446
970960
19764
732077
64914
751413
335354
385944
158960
85388
982204
39571
478733
43676
327476
440378
650460
150610
894073
27737
752565
250730
336448
381857
494808
279592
731950
453002
152657
533265
156963
507074
792796
575050
232419
470088
777033
121908
194533
928856
250861
223478
176052
125282
576183
342974
264503
121716
737401
834237
670207
998075
184100
998865
13050
628771
435372
820289
487784
768389
889559
480239
49068
916761
503520
442275
965386
632174
437833
765352
212752
589502
34647
119133
441892
39886
994674
896609
274847
300041
756457
746133
727190
190363
527232
615096
759974
737866
359089
55142
630916
76908
60665
581011
518054
9944
553076
502138
152275
652832
754587
11193
129834
582950
962553
773439
534607
860545
510056
624512
225615
708998
740664
764791
22132
851223
865689
501752
320755
918235
357654
806436
821327
711381
270583
838611
827136
729122
356850
982431
465717
408171
432056
598843
486733
200795
999690
623992
510367
466981
327860
759088
591567
331829
628207
444271
241170
102932
645327
177758
3744
595830
261845
325969
874056
142106
864045
117447
169954
96670
415206
473355
540546
88877
933990
103630
36698
924831
374311
496714
208594
122434
517659
111974
15699
301184
201177
9951
571474
638639
62584
42451
923351
5655
549999
490998
852498
192576
549719
60455
123728
405660
972936
479915
419623
342691
623545
663494
941585
122769
769495
670944
81580
949156
951331
266572
779973
5962
590724
92569
945908
937123
81848
690193
276445
615991
947899
363475
759350
399749
777921
182021
262574
867722
495126
962600
722327
186434
782595
506500
253350
825963
456238
557814
871766
798443
245226
196368
686211
905182
848622
700545
260341
497073
581723
275756
153902
884656
220064
612564
325219
18831
372240
636691
430968
217937
459420
366351
35699
187554
9960
779104
180660
89199
867939
491906
636674
15182
206240
809026
847137
548898
85239
930584
63621
590898
130214
430484
387322
847287
652437
300438
394875
172603
915064
163658
177372
776743
964690
637792
28239
415200
498532
175218
640698
432483
116310
136191
621496
596947
281801
916273
887583
306120
673913
916554
220204
38084
888799
229251
930892
37660
726505
531355
411179
645274
387021
707032
848011
468905
656124
730764
786366
660846
691317
866046
596098
864886
948668
243
479338
247617
513754
129555
55845
299792
21736
516656
45438
498060
145434
708188
278409
240040
484790
464021
496648
820866
560311
211892
840818
299484
466701
100125
873530
428422
816373
230712
677052
990403
646661
571745
339124
825523
496157
181477
745195
48785
406738
238862
413501
782615
976429
433196
415458
573564
87778
187229
632690
266130
645959
96116
519518
786856
675092
683835
611979
193993
800660
887652
588561
695853
366377
561269
221154
686134
836979
173031
925562
316930
381491
904651
338005
687832
537269
619236
806749
408652
62230
958780
436486
457992
694969
897996
287881
852757
779952
873328
87183
434967
62797
526810
802854
920804
419873
760338
300314
419269
623711
246598
985349
669074
243099
551011
525241
845561
482309
300407
918608
615450
740918
307692
35535
155537
253381
599637
324128
669360
690628
972157
374920
928825
684718
42594
36955
9536
998105
12768
516952
480838
392872
184732
483425
234179
69614
70731
400092
94424
13397
50801
776626
644305
393755
499676
539850
916509
771239
126123
475495
963380
734267
642925
491009
821396
462250
467623
15406
145028
835266
799294
35402
219124
103434
434729
311256
175438
822845
90967
104599
870340
57389
756138
58459
938272
550335
865908
611818
258365
265463
520483
812944
277216
979334
842496
563706
964650
334574
207263
18156
364982
314527
935483
50163
795584
614147
58974
765207
367434
17584
590101
969183
116602
72577
936189
221790
177652
13881
495075
633704
963837
736626
294427
346045
687119
375536
745489
728754
24035
692614
74925
713591
659875
515187
882913
439747
500190
164768
111066
28998
780324
457221
752870
956525
213460
984024
117970
167448
856555
66598
788700
972822
31044
839641
454864
398001
478395
210150
156049
247089
855327
66324
628161
776738
653045
701232
173645
768165
961299
361201
937737
566300
71060
535790
563779
578093
427260
747808
759723
937679
691512
366429
379760
844360
768116
308352
706205
140838
277636
380758
907901
345201
651038
690871
305537
792606
362803
751295
447974
134087
750052
164539
906538
923515
881626
606398
638798
783341
379095
44157
225684
949574
362090
35225
914565
271855
532373
634027
328445
790745
141985
984392
752694
278156
356329
451746
864277
944702
546581
30024
605462
367641
879305
384018
59311
442687
344336
916073
795341
321553
32995
599505
311619
263656
83569
438313
197941
645332
614014
497770
231026
963579
105432
723078
236610
115268
854467
708761
618709
988686
127114
200857
569247
74886
697096
173871
191444
384582
294126
607017
860522
76344
703651
637459
821152
387617
511626
155476
201676
377100
764350
456822
682482
690514
682138
625794
65264
748431
421818
498963
979470
11198
200642
480203
163640
29925
674635
34091
856911
961922
687907
284260
217692
872822
583666
958650
692872
115224
479064
643334
436258
155191
868561
384783
215865
593856
826795
586827
456886
623111
952356
618453
793507
473828
127157
833030
604997
414686
588833
815100
799084
782777
730937
649726
591262
257406
290338
149515
178218
900362
64569
89138
185892
294473
262990
165731
209952
723008
852013
220544
983784
691981
451719
83106
984853
42254
202671
609859
105882
406356
599356
226329
307330
204108
210224
702704
569808
750289
931975
419964
570145
266258
493492
955962
106793
685409
196961
142251
646234
550602
802744
532559
402083
91229
300783
468205
996189
700521
413521
125159
92496
612464
720216
348691
999391
95468
534958
6722
367449
70579
193741
569973
982577
749833
370676
719314
688768
840471
939138
817373
541687
628769
787726
907321
969749
39510
788780
626976
531179
650500
772701
677158
535402
853632
185889
650976
529552
512866
983987
522827
323511
834069
943032
585068
680639
881235
745296
295134
80075
538219
28411
310410
557319
405585
767973
912092
752895
459559
415939
288031
97595
496473
738230
509054
893525
793976
211963
10145
722568
782778
660309
509283
640478
223693
854388
360719
461663
698513
507750
659216
775561
565024
169303
66705
282507
701658
302288
417343
420368
822463
465655
31714
851217
214902
213547
211633
171431
919158
650326
235524
633401
496321
652600
987655
860213
132609
553928
55648
586988
297454
618564
158032
668089
54461
271928
321285
695107
346879
749800
533549
26614
714583
346202
145360
240522
409334
629938
67291
589889
362112
38875
596920
32715
913575
903781
275318
578471
279960
783322
574031
764528
916574
669338
10950
963236
924343
136464
816422
297352
477328
429555
864395
282827
627135
201963
857456
952141
350477
610999
835469
369721
76400
545757
856625
818164
278073
286606
84359
897683
799282
83300
676618
682134
57267
275723
503880
457283
911432
282164
273101
427523
992337
237109
576391
816382
468428
294202
450707
657114
301424
719124
479491
128920
857248
308156
305343
851463
541437
386283
686894
118032
799572
496673
220751
591727
139103
802421
374306
678477
703780
420900
116386
247414
671706
218175
784877
918544
298761
651363
754009
57911
628031
784026
334801
393060
710229
665586
302009
721229
998174
490135
646791
166799
399004
790909
29289
444216
190300
920233
887733
391579
670748
75230
954702
905562
453077
599292
756461
280462
787966
488897
513332
736242
194462
313290
218619
718983
67598
787738
817523
931612
330633
284282
617787
266003
731311
700222
888444
75200
73328
495115
105547
965692
690671
841007
313025
376274
369466
775527
427838
217435
895624
898627
141504
301652
543878
484960
980992
931771
352288
196849
482392
16713
564106
757355
708029
338308
424819
687205
174523
941445
745689
309288
844263
105375
576181
794512
119963
474421
646949
755206
741025
881480
273919
307640
346905
340885
364290
222153
997262
974992
389564
684596
638267
80760
432102
811251
911010
651224
54138
723980
609567
908153
55844
114362
826201
445025
597191
544119
448761
546028
462506
561676
295013
962159
893158
206708
141066
668042
739568
849701
101931
874231
166328
123539
893397
264098
651758
78910
102913
199583
64509
592898
645908
586996
574298
516503
521549
506558
601522
426495
12202
334632
862017
92106
813804
375699
389954
648248
725172
375514
685600
832839
463931
313908
438087
673070
681989
634932
609425
449120
106361
326294
668804
206752
979626
724946
959841
193626
181846
520357
233207
347327
911414
523428
338424
933306
930870
442388
638045
13807
755476
185695
471617
97907
903315
327367
683569
879923
327465
6866
956398
798369
320580
81385
217193
448532
692914
143881
360950
944616
564865
609510
748427
766582
138595
453196
570034
634594
790017
52261
41793
551077
487616
603479
226663
435088
149336
600253
907002
173187
109633
182220
614806
429711
417955
819321
539451
30709
525348
730970
352333
70592
850901
837321
929127
328300
333623
516007
818996
937676
962644
319055
52320
180448
299837
369539
331230
483189
539944
887170
788046
253868
835764
121127
693657
718672
607008
534612
759933
874047
774063
979841
906650
588182
250471
618114
594269
634913
294594
724713
489919
463572
181424
222456
406309
71086
95124
714383
94049
796435
662686
41618
679385
878977
415576
536411
815044
466188
961768
435688
85208
505957
322839
582533
901375
774856
803414
991305
208755
666105
742253
958216
348654
356561
390375
738618
587468
486546
82236
913200
214028
493311
437008
159206
951967
540151
940114
414253
350501
458572
317557
257068
64331
978362
300088
572223
660817
546264
869402
258766
89993
342189
838336
382519
901231
385173
611355
958974
10631
399914
435650
641475
527360
987417
137973
334164
187910
536800
764553
960624
67515
734507
233175
809805
821796
805114
865751
516742
33302
165626
809854
485462
712136
732030
957816
547558
432956
195
126948
697318
428534
378480
334408
631392
539776
300379
861373
529115
721057
943790
94892
473515
686204
59083
519500
270211
763127
418931
627100
262865
503505
785134
361257
363378
607962
405488
215060
659815
207652
849719
479761
85171
61240
237946
879876
129023
243957
456763
930261
58141
25194
973659
578564
640937
846140
104853
834485
706868
253133
647870
183446
731386
839946
319410
199896
938717
368417
430400
243882
530715
327072
251221
788133
655432
948215
966159
392403
652288
722108
461043
742876
183127
449915
233358
398949
764710
983334
839924
844570
345916
766813
711325
299752
262977
777633
150966
197986
702390
239814
514088
731517
700801
750455
120661
878244
414312
23076
416383
586884
549704
33681
356588
561980
323385
804153
375527
373790
410025
617374
623089
452490
74622
12929
235565
209158
14820
235869
167720
871212
543776
818689
789400
206490
239690
974251
858631
732627
401536
410971
270095
127245
859912
888255
866685
745607
378564
287362
644304
557523
980797
548722
505969
591497
683232
530222
788795
544402
908027
571210
632529
517679
67776
344310
745285
580392
721811
871988
693522
755099
238843
448639
769316
59812
971985
603582
117594
919207
664833
268354
815662
847506
720790
466169
242206
85991
345108
256292
435757
398160
625843
365584
384760
548261
775132
88846
801895
943568
877928
194308
981720
352086
166757
927114
718473
625602
586519
848772
943623
589205
964352
411797
32277
94158
640529
464441
503681
78543
835138
569134
811847
12278
162622
249562
873886
508361
606048
345188
30219
114709
422441
229147
964848
330357
69643
57088
255793
951518
477504
672650
274258
697962
188027
652364
32930
215000
869994
971962
803759
523345
986433
301327
216790
595925
423589
260786
525124
291077
347073
512431
516250
444344
556463
122088
484022
611169
989038
656924
894222
120446
554976
317262
103297
620143
151529
516544
276440
812610
937087
588782
627570
246046
885304
226881
227810
772640
375387
237558
937089
41773
401273
779010
869685
372251
646688
356851
151150
760814
625279
63343
331890
120255
728453
316535
540035
100493
964621
292103
460124
796478
471894
334645
269320
70006
304521
520739
332368
156294
247401
747577
411495
254058
421691
903492
377150
238760
580036
895954
477258
837575
327391
264741
532085
171717
71148
380103
442470
633016
533746
545207
932795
508769
836712
807231
876632
508956
874847
690942
80404
555948
283858
51840
314872
557166
308073
593022
299963
849972
294077
481523
457847
55084
71273
757188
572781
935319
784964
562276
132547
781565
677898
485195
502287
853988
181873
750541
201920
526057
494869
483437
256124
309634
546720
603692
772331
694753
66891
979431
816421
296884
983239
596258
115284
762086
926154
623068
765685
96990
466278
216177
693424
941834
357784
677017
137507
932564
427336
533447
560793
