5389
859376
479088
259552
569314
247023
269352
583042
193347
195089
34635
692997
108630
528412
480798
584563
498217
238623
509346
332375
544812
832726
172489
233029
348782
44757
518262
601320
65029
678326
670071
38388
497493
413756
944310
346128
366189
781010
260967
965725
129573
232659
964394
33858
93850
178331
316644
433819
638034
808600
929254
766675
624603
652135
789370
66597
424152
701310
44056
562191
760212
999890
517217
460235
657359
219102
934308
858297
859763
628209
861860
628026
964698
181177
475718
741089
300386
146111
950835
715826
962338
768781
716691
965717
927565
120871
199182
42792
390287
288735
328759
442565
332849
925956
845022
515304
366326
455069
782769
494928
379765
658342
949422
986359
936325
357998
367751
859435
388004
431668
682932
188396
665467
634174
244460
96702
781444
961987
749576
454427
488554
478146
957114
807276
807349
254508
483572
560526
417457
42157
214516
806719
142074
372545
494927
672102
989883
459940
295664
203689
812873
724018
737105
557098
536036
199835
135220
146202
885933
36191
523283
941131
438365
703559
580
853776
797454
205920
327286
122775
564500
299212
685020
436956
37692
510573
171111
741588
964567
190516
310347
920740
137054
243835
23035
897170
741511
919063
157640
834751
548907
701002
908573
654418
726634
72324
426166
710504
75478
579968
371208
338352
222483
167335
458191
834917
941245
286920
510529
921255
611320
578557
761402
649270
482495
339916
72583
235574
69826
98025
110825
254080
692189
48829
970504
707911
979270
216959
118569
582911
536083
916752
173076
802625
875336
500193
922444
941940
39021
755832
114687
387947
942834
488267
63407
777109
629590
339556
652256
793219
128009
406758
197025
727003
126855
523930
122950
412728
914696
588397
15571
247145
54593
161521
241159
329823
690546
920740
645053
350148
676523
805241
413964
584375
415590
820656
825459
296245
260237
152825
551438
387332
997862
206602
382635
389977
598056
418303
601407
798016
379403
690631
856729
391388
739822
333399
847898
122993
840842
744344
664786
433819
225581
279597
478312
569736
443923
906404
844009
755490
845447
130754
46416
493992
848660
194024
247461
998304
99389
746469
236587
916649
965533
756775
45352
304855
81453
698031
769310
854103
32915
468321
522815
953428
470967
731600
378732
405482
746125
590112
458966
810810
677484
677422
540172
470812
6882
860856
822277
453992
956778
999165
28788
436079
710502
366523
123737
414440
491929
944122
450182
154312
743158
327869
531916
632337
16557
302860
599542
76250
22579
505970
773089
873296
546522
115963
877975
439787
982974
270941
914667
556277
181912
275941
23043
14338
378634
505017
361710
169029
742893
863892
95043
14387
660460
418416
783941
206137
211022
233433
1417
445948
465912
44830
234664
354807
561848
308456
838740
330291
955149
653168
423134
474797
595188
296667
985059
961208
824847
563124
958438
771463
796149
37426
184914
595283
836000
884372
395583
444656
93048
500292
835209
748999
603198
512681
83449
11256
617592
529746
302173
582230
210209
310943
139501
445420
218207
791943
377933
684537
940364
779115
357523
258156
529153
20942
919853
948876
40104
674286
492406
646616
856089
84686
306566
116733
970178
980535
159916
883564
2983
95156
591696
9360
41403
348036
539594
188739
435783
772422
139639
421715
680447
621755
175371
426373
855041
538959
87266
148854
826105
362408
431174
106949
332650
368408
191304
638944
117520
325720
577763
336264
657141
242106
493157
322747
603316
710856
62204
551207
427501
177025
761315
756306
674174
614792
242858
109165
737189
180373
856000
331759
801261
536660
760449
56771
998099
158979
1582
460602
449098
964566
759712
693757
568404
765649
449317
814400
223796
47122
376321
868944
368789
400076
166321
419838
916239
102859
260260
297953
598295
98437
996233
148194
604679
253012
419475
576005
994017
843725
202855
413717
392322
776524
336589
974235
818175
907900
430118
701045
672893
880938
136668
554191
901537
197340
890073
878745
40789
458780
565476
612779
624002
214650
25127
124181
92290
56268
675339
978673
671075
172772
981597
684359
400477
719659
409679
221252
769312
1380
978737
628063
888851
604288
727500
404418
374236
470961
60671
206471
677283
232283
515531
620204
461048
426551
778267
432673
228840
67246
298423
170831
151438
170935
63820
14847
287115
637577
676372
932953
899042
366257
933419
833584
661119
784917
494692
134103
351649
433318
680296
740723
388401
740117
981347
498868
809950
319422
906895
575227
186929
636383
476125
481165
410709
678525
84360
941069
392455
757738
919084
88963
776411
961510
325087
472740
770396
290639
966106
629145
894023
649770
707399
25890
689956
597577
455819
552702
412214
881887
800903
473833
153063
63731
964868
464250
379400
21059
6959
564990
81839
381192
357458
274925
684258
289984
950737
602060
85709
730032
560240
423957
105823
460327
439664
540604
652869
691434
275148
71799
932078
725436
437625
472895
340752
885362
980395
176454
563931
307867
95116
362286
76198
263706
363849
404702
385729
57351
122617
324044
118515
709557
283155
901193
453996
280212
697751
710477
587149
94276
453473
40943
232795
307836
656398
751372
710627
226191
326332
424507
687166
859621
933725
525156
114561
188307
42094
540229
535319
84989
93183
591873
533850
407070
913693
714151
355775
279337
309830
705973
307917
420244
630776
195787
547429
660456
358919
645074
897604
719183
261042
486721
848477
264756
1495
340279
448592
229230
169553
309029
234440
976758
655836
174287
118491
961743
176963
931814
536008
940681
396884
525451
483461
122191
634068
926697
44206
119507
135363
379114
845061
490991
602760
806868
703340
564806
294143
101931
669163
207269
2441
419371
231528
39689
421445
280612
706157
180403
406116
406565
654019
997582
958802
863361
565318
230230
151858
530247
286370
561169
816301
710517
646058
713981
573008
160718
162463
68644
498386
60259
364946
836535
444440
773105
266680
958564
270644
345951
559750
60256
192404
864543
700001
249922
261252
263592
800394
31700
21907
308365
86595
640645
450391
980987
91586
224676
878285
795223
110442
295626
216693
904707
113049
62625
78583
676132
60814
724428
481916
476524
710610
628035
523510
218667
660938
759230
523329
57978
825103
192534
632254
15148
255910
535105
207848
79826
425847
708593
530053
40373
643951
547643
742830
282606
301676
92190
562431
646545
449373
316980
35461
55171
754814
595548
910169
604305
956065
922687
405991
589965
341552
820033
935533
151321
747163
690545
709697
817006
808562
951506
902984
893687
329469
610081
888191
852909
284826
613913
886528
320421
160549
640888
592831
7000
606502
331632
1070
637611
141852
926039
801277
223430
375745
967049
576567
606360
693019
72550
282817
206416
984317
657094
531510
77387
980523
81686
358895
375096
369010
710897
996131
955266
738046
216011
652365
225207
708235
650510
186025
396511
386519
75410
422299
636653
617829
77568
633239
148269
838483
420961
640747
159238
658935
331006
144635
68199
454479
833330
183678
333220
132012
964449
276227
31126
108373
121507
380393
657039
198385
916565
687443
624343
214090
508028
694021
901454
344362
873704
470652
261010
867955
8457
490289
87503
82876
731334
439040
599838
968850
95695
692560
595125
573677
249282
399832
449341
292657
693875
618222
549922
535549
965507
640065
656163
17970
781859
444819
847477
422615
184108
208567
829594
126823
403026
563888
917787
341680
385490
90470
138128
437150
675848
546295
606807
598725
720114
39569
828967
763008
478884
564911
357738
80012
341954
658991
567696
844059
844137
898819
211640
896908
213758
302121
172830
237577
734363
577791
15077
853428
673482
503392
828786
324263
802740
316602
621939
331606
489682
942524
400850
943402
937415
635818
807261
132218
353418
395979
46955
943394
878811
469022
72729
656979
755184
735826
923716
110463
964160
615988
516772
573246
977611
798943
417871
521356
101594
117174
466550
763378
498149
868395
999348
355090
405207
996934
624756
928289
440696
584040
488499
594320
532892
851202
71159
688372
841082
330854
257511
848665
660306
439935
576873
404829
398561
541160
644870
740318
197209
785473
338858
230620
73934
890905
651731
906550
806512
274996
422723
92574
364671
70300
810371
694200
21710
918592
913888
404873
338337
665594
967436
48018
774992
224061
20295
319005
537899
701482
608458
927733
446172
115310
144266
226377
685936
562512
265207
827971
621654
943379
246803
47216
709513
337146
493672
620648
613071
917351
664487
562967
983455
109504
888054
991248
926731
217049
907356
679326
846987
361543
604907
198378
297966
640190
865503
43132
387167
442387
911632
750255
608498
883779
282841
878767
202290
11666
344797
862301
990330
462807
318363
258326
359404
470227
166291
236756
686267
828905
508423
274693
42295
654244
939149
788257
784998
467457
467937
747814
449795
487688
209864
428561
777816
623666
224104
161827
348988
863346
480332
919112
994364
836484
163140
504333
313851
754005
880121
101917
366411
643808
188695
559006
87115
443100
208502
527170
641520
663209
840025
988837
691587
808100
305766
610377
122574
749519
798655
239710
886928
790078
34607
972187
244448
83919
424202
892635
318815
539365
504905
540922
815762
858735
703167
597857
239694
239879
559042
330804
551465
687999
268938
135166
993767
283669
949881
548128
601106
995852
956884
462148
553603
292422
89893
823140
138044
413238
695386
835727
271724
464085
727386
917147
716357
647873
401734
222240
667764
860508
414643
212364
25186
383316
951326
247415
510270
545906
172755
656304
874218
510013
219195
880023
671908
936162
329276
602993
729493
394541
654831
891566
237874
325446
107342
170055
885203
952811
844454
889301
129483
319282
178666
313729
405101
8842
39258
380984
68410
822183
57909
813132
296176
792763
683845
897131
51783
303151
912167
750591
987619
460048
565987
670221
634302
293765
86890
876621
79737
198516
326975
750124
220773
461324
408305
456141
500249
830503
721293
721215
260948
143404
112486
806771
659608
814646
194951
378978
708262
930418
72481
760568
932225
205032
63776
822546
355056
739206
847454
707307
807174
435077
816106
424531
689080
833356
961590
710430
349742
759289
838734
50594
729576
414953
735535
426041
194326
808127
170637
718605
895927
737574
939466
200825
149513
989535
725914
610895
337876
171874
514386
776545
637781
405255
795554
982933
313527
292735
617050
486763
615133
540858
537018
47963
139799
850936
283965
695683
320027
235522
591352
359447
959769
442486
81196
499550
186392
340870
929388
561858
72288
795191
209238
387770
522036
37789
521813
635199
851475
854768
666022
643926
101687
995928
452273
919789
347217
271695
236144
756150
652926
432704
648337
275220
502454
465242
270706
1772
323712
656888
492082
701034
549086
172553
449698
672971
611708
866493
190213
626561
551501
278324
977630
118143
908556
811441
933028
863445
255236
764600
953164
887931
766281
428593
552245
906842
367997
820395
974799
795432
228390
710046
599573
869837
151244
507266
397180
626787
84839
875147
511117
840550
732765
889705
36410
571418
707868
382514
797079
862529
864157
208136
537760
180403
204826
440424
1927
56390
941839
497483
65502
807004
984442
452243
517070
624325
986211
35766
452068
35118
474628
268144
196283
608965
930800
144822
452590
559415
652705
205170
123511
314214
11698
159253
290877
345216
253115
544797
813365
238070
267338
829833
254174
666633
2937
620441
586516
216068
159633
34118
696615
798281
2232
666937
855378
228867
109696
429632
445041
718865
414012
319850
579879
988628
304894
604014
265905
174212
957766
24515
208770
986242
478653
351654
748277
842808
310829
643069
8850
155047
490461
937801
685506
148690
413461
232266
802653
686613
440697
598869
796865
474506
846390
305705
784542
820273
743434
71518
420565
141868
903621
891189
265822
620464
50051
643394
630806
546571
718728
347207
911409
854577
167485
74770
84072
263070
819386
212152
273763
88914
147202
753051
783651
765554
782806
325671
204154
31460
534380
611093
866447
652279
243799
83640
27085
967562
361601
665400
462361
905250
367556
966550
200514
858271
847259
511791
654150
769199
40854
415695
552755
300929
916171
753771
574386
291707
458213
722327
86311
87785
598301
132796
716214
430665
483663
842071
769563
540744
81297
79840
605892
905730
154109
950156
699177
149028
693444
514082
87627
647188
956902
112631
509210
291386
375942
977262
605018
778671
62062
664528
927357
985641
266818
611164
28453
559415
518695
758026
934424
675735
863561
60916
774089
607250
535538
71971
70002
40055
857541
118207
187607
25284
357089
858682
45534
684738
140448
806257
424680
763236
919733
344826
975346
371752
671543
652273
350186
658656
426276
129
216867
123950
864181
93358
299435
123733
212727
341137
23206
147920
901054
318267
897259
370208
797724
746691
954414
20349
919842
360115
514566
397865
802873
227668
268152
994739
324442
924058
357038
711360
511365
215600
316154
602693
571627
259197
626909
875649
192579
213091
309825
947635
659034
365372
676310
572029
962002
583522
686427
218711
197538
963238
579469
774821
868628
848378
706746
988724
389586
949927
91064
32979
106094
607562
845801
802393
454794
512820
529350
611409
729207
601422
63
409778
45051
680389
725196
423560
24057
492760
527801
754690
973634
851768
811968
269829
727792
662918
663625
488959
146317
765650
296222
885606
623266
688118
903921
350864
927141
444304
545476
698284
644038
190538
546795
219629
297552
879973
556871
994289
516896
443183
688339
37810
74775
618564
629277
405259
141859
448433
626399
79489
143824
939532
351512
236683
363756
207219
803716
234602
127243
31039
140562
182867
524812
549089
134235
78356
167647
415881
416270
398850
204277
203011
799499
499559
530389
896453
382748
732858
848981
754571
376526
572842
547117
455869
301773
162215
577822
757303
464141
177111
15739
877617
89762
121054
303496
544186
811749
586220
548282
327564
47429
460006
456452
219946
322623
887734
515357
779781
540028
235992
18836
905594
203217
621762
174413
961675
486123
394545
280322
553728
960709
474261
288698
444026
584109
677564
713102
556401
912842
207822
44828
608044
308264
766183
629850
926988
367326
267816
359066
484223
839879
751432
836387
53263
652484
662958
725923
876706
264069
514637
319834
890973
736466
786680
607383
762094
559150
494991
123412
995537
259278
819364
987073
683072
133003
623527
950646
974033
420048
231367
120886
744892
919646
910674
714577
780503
311357
692893
704053
866752
339268
288898
201688
774632
973108
389167
644427
140249
746247
832377
255605
617194
650375
337962
382631
503561
342271
402485
402243
885250
482753
811474
232042
452717
915388
100778
635897
755860
127241
375606
525005
180221
180942
650534
164897
229178
622267
377149
446409
356529
946539
973332
275796
140105
137450
932975
311731
751310
800842
778931
116664
642244
121787
605215
703900
29112
534661
944746
122883
938721
762448
982554
321785
347988
42952
825439
13000
781518
596945
330163
612840
839892
27548
403672
767478
664257
583414
319373
263445
658002
423038
369817
769837
692995
926892
603150
402656
38915
101959
801438
337507
835339
483872
664504
938618
746548
80530
102603
198810
620325
623106
932367
791558
339806
142449
258591
82870
389798
7539
633129
913296
937483
525783
263347
480811
886585
880383
225861
890424
541623
76808
785003
809486
305614
87823
555436
616772
524433
64662
749064
663065
931152
251432
50091
990522
584110
671998
539372
573171
136716
215360
388654
842291
331332
29324
943700
714844
833697
136468
67504
332748
680895
544525
803851
293484
420673
360019
208490
871784
391912
194133
569387
926993
907324
529217
766405
206020
425166
389114
599621
197727
165304
213753
18251
697344
267694
5594
110269
690432
192905
710733
846405
972497
12342
179626
119163
255229
871228
570736
863941
62095
773981
505221
609675
938772
936615
832439
872734
867274
974288
346109
401033
12092
797411
911157
493607
293118
133418
74245
891435
790218
382735
579790
62686
670194
69596
181886
922911
486533
426710
505111
49210
149088
826625
379060
506105
173905
463708
357976
317494
597467
224456
984590
38695
35005
338468
602958
529316
155267
659452
146329
952882
475822
219523
691061
862910
10722
668666
685065
435439
349220
945185
528599
10888
148536
816368
646640
978008
489497
28430
775974
111763
791155
661301
968008
35911
994269
800292
742025
868430
5086
919539
15633
425
206572
981031
382741
611782
476453
450568
138292
22544
147958
434060
187594
478819
773458
363101
791483
965466
232446
979772
542386
191980
508103
362389
236859
908569
451541
924682
494406
150045
685566
442182
297680
177384
862140
395869
713896
670849
186792
162240
160087
832112
131999
661555
845199
262192
768372
46189
749965
911452
101525
365696
371652
739680
183518
84768
786549
499031
806018
7788
580178
858912
28859
935894
216380
856486
169090
58679
204740
884262
704097
175736
365061
450275
625826
818974
852158
177676
434966
873863
809291
688494
263385
498707
369547
458260
654691
840806
667919
579556
677042
25263
899458
857092
165141
127733
738331
326297
631323
771111
487046
271547
406042
745707
663259
77098
788702
733742
752935
809576
849163
115896
103136
669869
222458
697226
326177
306768
4049
462312
710410
225259
165603
558196
443560
997628
772892
215108
554795
872182
464440
308579
364729
427421
924355
505155
532168
721802
503133
133232
26962
602036
269606
999549
204934
445342
944765
702728
669135
190735
718600
652928
467900
456594
494747
19834
991318
320254
770575
430881
411306
751800
34002
112790
784578
128630
149983
699473
761368
917517
892226
459368
865031
783255
237538
768814
318829
681413
735634
272673
576816
110030
665806
28818
887192
651374
528901
683065
90564
329136
949723
221738
284954
565133
297695
410069
217145
647825
304652
658769
169856
455564
965968
734016
480858
621748
868091
606923
568280
626118
371321
449211
751880
263749
385841
647618
199156
226319
672089
8712
824752
852648
49432
539844
909318
519038
751413
255450
947792
274467
578839
8462
796011
639269
896393
975152
457778
514635
832987
922146
882317
758350
984537
3668
354880
612138
200264
525689
532528
88136
645068
774576
864759
985170
772258
747785
147051
86341
379236
2560
777896
542759
836146
118168
60230
557311
421675
663808
630625
407952
534637
496876
979467
81707
203891
556822
598039
395540
637104
643635
750368
354130
641361
505289
305820
610924
241533
636783
710128
559450
107317
699275
636202
666618
884087
288867
400204
876597
879110
761802
2747
49009
971650
999979
949318
562882
47217
874948
499193
110380
672343
940108
9176
842353
362202
702926
789626
9839
400063
58201
727749
998509
261676
909166
600341
681670
811270
178345
878864
654673
367019
780256
198188
570767
795752
362443
931755
214581
68834
841655
295876
442179
287805
793897
540650
831267
430381
378414
411596
45448
850258
668316
661893
74083
529904
458719
828503
794279
890999
964920
264978
671663
535541
398886
949023
908251
60106
516294
393844
322964
260693
605496
19576
655600
845457
494292
156126
588961
683005
383712
913272
434816
635652
286393
70535
304364
926766
610340
901262
437613
551270
749456
86400
781736
506349
136072
117850
546995
159033
996803
504373
319631
207440
403362
730135
941522
778114
199734
973644
171876
843154
44777
659903
600501
463831
366019
718514
186920
263719
161141
73561
534727
911178
695643
155985
784116
421261
569720
755432
103514
459158
907972
106055
798126
995379
559663
910317
221150
96549
884747
867700
993083
70453
595309
903162
604541
870776
79736
536065
724969
622320
967504
936846
468696
383739
408577
70150
313607
119763
608900
693512
237812
121942
751295
785374
174982
375348
161283
520522
907150
213005
775147
141629
660079
890538
911285
829034
664478
826603
516941
924993
848191
331565
395434
991374
259763
845098
51606
180098
250663
445430
316256
172764
397919
617629
617806
540108
495291
679493
908313
213657
121827
581127
771535
922656
582111
3451
46262
890849
751411
282713
495078
912522
228057
949113
196682
628656
449526
870165
701461
535696
150984
681270
781213
5910
896462
430605
243414
544486
882811
991958
640582
210174
872317
652284
361070
779612
847047
470906
67462
927480
770079
160348
484106
652783
987703
746426
310661
24066
192159
534643
441682
302011
194639
613951
543956
775998
819259
456148
427503
512015
134598
73471
39948
333253
682828
648310
517523
63286
867763
782503
692655
566695
820977
280555
144248
775966
806336
197813
92134
439611
52654
283466
694297
148497
154729
726957
70189
569829
265957
588600
314831
155963
960173
539844
8383
704143
183897
650639
89619
469445
298070
300811
227809
413657
44504
735550
977023
85136
918154
973376
464688
436847
12105
365646
289814
110845
885574
22636
776679
746538
422687
936
40696
247489
365221
794378
221839
597667
158688
505862
177645
324515
718165
585380
305512
524598
547138
201499
589562
100684
505821
935878
499989
499961
180018
335524
775466
425483
830438
973153
107588
241341
966765
615741
239393
771439
679817
214171
359893
957869
546321
47673
998358
93909
589625
95651
924204
665630
909650
692692
72198
952459
988453
641494
922816
569000
713652
120428
461763
836741
48774
100367
161566
904428
303415
267598
915947
679795
731189
90331
511168
73836
902226
135233
738159
613012
979916
772772
288162
856724
777340
257137
989337
119540
704150
844485
41878
983265
444394
154733
707301
876663
263012
684589
369648
375023
134518
56872
181133
742776
661007
822104
254547
915655
815534
7939
894555
540830
556449
330
948280
700843
32310
113546
483630
517666
487046
505777
606412
334855
711160
80337
941871
617475
424876
102267
723917
990586
859408
394913
349765
997604
887208
864900
916153
630550
783496
456595
605905
536284
350157
443967
743632
998227
47767
729741
993392
434332
638902
805435
88564
732368
900835
513532
927842
396722
301224
292565
56958
231189
307689
240654
902281
294919
710345
932228
502130
699148
42935
310991
469438
657172
788607
269928
43806
145845
524358
342458
83336
811525
795227
659057
891545
974764
195740
378289
759819
15046
579430
852856
872081
199029
304081
28622
809600
442847
64480
951537
807184
251930
858725
743888
347563
481778
498645
242499
792028
821982
408536
418556
888559
376138
185923
238068
983578
135376
28123
305947
102598
906625
992291
263115
224343
633114
565304
788353
721266
448741
912588
273962
198919
45812
769316
891412
662452
453143
378566
200358
849068
456013
392955
557642
671841
118015
790470
993914
457617
56080
741699
601305
167383
782281
962466
739222
152332
959095
428991
955215
516864
358559
786520
637978
577953
600901
289264
289851
678910
945987
439821
411827
137918
983303
498899
336088
994190
615671
887639
686180
516852
251629
960204
275127
926300
245220
266448
215171
160747
874259
914629
372634
720728
193907
971468
386964
13808
997402
568819
628859
275520
556294
918258
309035
89260
385285
240741
592468
998699
709668
499739
914589
385995
724129
162991
643048
65189
879446
218064
954180
253754
967677
616536
985725
279927
486738
834985
440662
556590
832674
510528
321067
704077
113546
154883
100989
887710
514678
872432
654392
307665
23632
231385
654935
648347
187686
967646
990887
174665
310834
871511
288722
19120
875505
928867
726342
205525
911710
800517
520556
724444
838451
842873
388099
837297
915620
746160
765539
18855
705879
216026
6750
32997
832937
2814
298899
508646
203195
619654
806367
679478
740837
743920
989438
263129
471446
102650
89513
577133
516193
465486
129146
166796
658218
650946
162997
404811
686338
463849
920269
617045
670492
572230
901361
399901
781052
177717
697781
481693
723297
189075
77244
6145
452880
557453
762985
696291
592369
634854
901298
410738
47937
363883
783134
3365
284736
864143
309049
717434
755667
444357
72277
114000
178028
212990
408033
483855
943530
585609
710147
6769
547486
974264
155834
488859
791382
500926
378763
169812
799076
489493
778054
889806
880395
873412
517
338971
657736
200906
655024
379727
962592
147639
746866
688168
21753
956106
407018
560856
739659
938735
753361
487816
187377
612623
689957
513693
113457
510973
924566
962862
672237
650752
777087
459684
35709
767150
541579
454119
921756
70475
346817
490828
780626
585615
995149
14890
769696
321879
22888
570949
191774
143496
859044
259425
642120
398375
120280
401068
213250
72732
691139
620618
143472
508153
738735
285258
805333
909749
403804
171355
844146
931694
815491
833571
165990
320133
780549
817319
800817
771785
999800
195044
32217
6411
732429
978574
583986
307376
244066
526517
718950
40067
185625
843084
361592
573748
819842
571919
468340
598162
70677
897414
893216
608836
61739
551885
628439
730450
744213
718153
126318
529194
518193
45007
157959
834617
315620
942176
454095
228962
345337
179724
962445
975318
773939
924704
593998
31341
718639
249792
607359
46904
514401
841151
476555
64453
756736
816473
24760
50253
849327
892114
496122
482099
952854
467035
932879
430893
354765
830388
968307
904814
391433
661839
821636
508592
452035
244742
663235
617745
91040
521251
522186
517840
452526
907239
839494
129270
659416
978775
574901
674202
404346
19239
290511
667895
72431
458317
837694
983215
471131
375713
533269
74873
795980
121090
35413
216569
246084
308453
418702
336077
658331
771717
241045
594517
358469
765667
123734
689108
850135
713210
600785
234021
965113
38927
696905
840180
180319
196967
967547
348844
236086
457877
72618
330263
248276
626652
491279
520849
741555
839034
743516
501063
506284
343740
629498
101005
725956
597001
86124
828832
280760
647695
487758
944099
615909
204790
671813
617590
696972
685243
877258
232947
749983
124489
763336
173270
109061
980826
985638
105837
241209
420353
596541
616399
75654
674351
97031
165291
87360
13443
977598
433333
141143
982459
368704
716641
129386
940268
187934
714661
683616
6052
274217
761746
224963
37486
182271
784332
872714
769476
956734
356141
51988
190462
589560
584127
344101
295713
401270
927192
285943
655655
82271
745542
542024
597120
30814
546336
505416
995035
266408
754731
807365
692725
58949
950204
71643
845352
362801
996074
195848
150757
690250
313520
400824
85887
599613
746049
699511
199033
49879
390806
502022
965383
416681
381480
14325
146059
545009
664563
388853
402179
294235
164866
247746
712087
213326
564233
989734
981125
261669
974367
992303
882121
497556
653349
479343
136707
916489
257169
4723
61770
800092
921483
533017
633841
89205
302326
324850
642063
118026
963133
866188
736169
126843
652814
44628
560793
36437
877439
562548
386181
135959
106417
94567
85616
366622
180626
117483
312406
425375
291170
353660
838122
755922
887343
827424
225895
819609
243532
108403
28263
667149
187553
141121
171603
475814
766006
387564
974958
228114
822402
855419
659800
330242
595891
981575
251441
585586
345502
586008
418514
324656
577919
18877
212790
563007
945312
772683
480015
118781
100960
816299
238337
617610
399821
589029
842731
81767
32568
346533
753066
320117
36478
518027
134515
973868
265074
72943
979813
838972
278348
27944
544021
878879
773004
90499
418019
201123
471700
736960
784016
628586
774048
481293
245005
422633
210765
690353
3772
172392
184379
544084
192151
954970
302139
890631
377242
88424
64050
89579
961090
276569
844347
18905
559578
706866
159304
306580
913938
874352
637298
364831
326580
121914
966018
798900
596805
306144
281897
342880
489994
705648
962153
268900
637271
512459
881843
614209
616187
605332
786921
980730
694191
54967
217629
756335
166481
104992
180585
574857
432161
498911
627017
626870
424550
662858
441106
25142
943147
728130
596811
52937
979593
898118
2558
530754
644256
583783
247437
244495
593543
793627
495058
917414
443287
851744
474919
377657
996424
905605
307137
685922
882679
288622
504056
123151
526020
427057
238822
190680
47648
72664
2105
505487
556343
538508
307358
556883
255741
793361
704079
369939
343958
597869
147376
852263
932779
852320
708737
907318
262055
370624
733433
717784
624036
938051
218594
140648
389196
682200
345249
131370
789747
58572
517833
13144
73028
586313
794592
229756
890477
468296
408716
733556
398791
386223
937646
145779
280563
709453
160112
332755
458289
620266
407822
631857
596778
903308
261024
964546
937036
428675
321373
835208
654611
372770
917499
344069
815659
555640
431790
966260
345929
655497
283065
858693
916148
608694
838840
758986
669557
975400
870834
309252
614420
96957
894253
560337
820191
280484
459709
943461
287685
200388
388432
605704
211308
26251
77570
428800
968472
184180
451202
538288
414144
986454
321146
678698
236699
865515
854502
512501
257531
506737
355246
993718
597005
564374
566039
284994
752313
781761
423279
808552
460673
525723
470312
541634
79272
932725
596522
445972
379704
887342
147078
334725
610914
889672
791336
670492
365271
885695
477152
911995
825205
341824
791545
507358
963536
141667
631630
407370
13237
309178
127445
746562
258912
548674
692964
833224
883042
209927
183430
786946
128149
497542
754968
564855
518211
650760
832962
992056
878235
915717
853721
40081
662633
550939
232643
527260
866886
872815
492446
710381
971680
626037
146361
726743
826458
310122
840856
374726
695291
703561
316068
399346
390501
788642
913058
903167
239907
820174
947413
123815
756663
18406
158022
14581
193869
559061
336530
506883
510539
331157
932718
211327
694856
625987
28502
581703
382068
189269
270457
193399
468126
233926
668560
9502
109477
285562
205535
75562
470773
468624
883793
513932
645267
781929
670245
513229
839907
441309
116193
25453
654605
759062
641374
406302
761603
699748
317088
342151
628528
5237
780747
194909
952674
65174
808554
723797
962716
859023
287980
886973
678762
790123
419109
727512
37124
938983
63488
864759
619915
691040
209051
766263
672612
242776
565946
206024
438815
699499
715024
325549
337771
278811
940768
725121
606957
97242
663920
508929
132467
605474
94802
190395
900570
552713
532973
599705
884180
396113
397314
206408
990736
960602
165927
623888
659079
422402
598518
63057
721139
918
894383
478677
611767
154352
374197
448308
992028
280430
258995
51061
376047
512150
628691
297307
650481
896824
476858
892721
133540
173192
318352
207821
424687
274744
259548
440290
87877
237054
93701
790445
733966
162884
450417
474093
319204
481849
500950
41755
156415
752638
220345
493898
897095
407306
832116
329518
442494
981307
237866
956749
689522
753070
967908
861367
225615
216681
312584
869845
521356
205159
718636
571757
999690
684829
500091
60509
207939
559147
235829
206782
508819
199265
552068
555658
517597
695596
40841
12403
425724
977117
897036
894782
301522
341367
96633
838860
83264
586815
45206
873271
870273
739918
135035
662527
67261
361751
425166
167069
193242
34315
144187
496166
679116
935749
180623
524951
650693
378610
519475
409557
633098
908648
382185
731347
877627
536421
886193
914684
865898
34116
442185
340455
704489
999923
13245
283113
5008
736878
259796
261532
321815
468176
554629
457966
867628
212788
769189
635567
574267
860570
579069
98852
343316
842732
115276
85146
724039
909402
978005
955324
151221
160154
639522
342197
114445
774930
878352
202951
256753
151996
222662
462366
911589
57001
128750
595766
182675
244185
301562
320166
505323
39185
776715
289894
56105
925289
54315
845599
210256
994574
208968
975306
995567
595790
830601
510857
623427
906782
288312
516222
361200
895424
893645
904744
367312
15341
387889
645310
466413
457381
935576
842880
975131
181646
697207
382895
580752
765637
629790
353295
360050
189721
554251
759542
441384
550525
691883
49905
650615
745505
844108
108927
34608
947654
535017
860446
171909
119038
696935
667554
108955
466624
626061
810818
5169
85804
816709
468948
737913
668452
75630
584347
868222
66713
777104
552083
262984
334499
828124
872375
24896
140540
531953
317358
116743
824643
57172
111671
553624
908369
205148
458117
350764
268801
17327
64475
583825
26481
948471
271707
174711
213392
654696
838654
43135
592253
285699
311272
450588
353154
737130
368241
49478
467143
897504
277988
880112
18757
128886
78752
328957
51371
244016
773146
573336
161927
105181
447050
943909
986945
770563
30473
793106
682372
278814
432077
175030
758760
697000
31312
932645
74550
794037
300673
617274
187944
552128
468760
202485
537378
932109
201778
421355
367293
682144
871581
78162
886283
168480
952671
140922
675550
935654
824689
291558
834497
23327
892504
830128
125416
607673
630233
36435
469332
755130
331226
877074
449650
511182
941779
102681
39171
61288
76125
555716
10236
737179
873825
853965
488227
470211
753528
432113
827514
262810
839841
319959
528654
36183
159843
570505
769366
72019
904272
186948
423366
281186
673918
950489
214918
864335
747423
139657
67991
67216
841885
628649
312921
744755
436830
832234
406639
228097
605902
956323
291871
511327
74759
747854
693750
341559
289898
599754
147083
286938
48653
344054
623016
980348
378220
199683
429371
277920
49845
174863
884462
145423
327217
254529
790635
384480
245574
131018
282040
354746
135114
214608
403569
236604
990333
545946
146624
38004
162174
834427
365877
983935
244771
677942
413090
470545
740952
545887
723782
829307
433887
997880
395211
469092
445583
987326
805317
862946
820961
787016
988359
467322
499371
851636
140729
228030
599634
780867
757592
391129
691571
901257
365568
28143
813797
982854
127432
961416
347085
338693
151411
673326
903412
315350
679743
666499
346910
718226
389815
553779
144114
475951
387361
666750
932523
237876
567053
28919
499431
223252
463676
320816
43995
560163
510314
724384
436673
329089
392180
855794
239450
276123
460486
40704
71022
603172
614994
943003
822644
749016
732281
594712
597081
721207
305721
586457
665722
352558
59402
38466
343128
69074
629462
782958
355862
53035
90597
330267
940518
453289
901672
870701
717349
875493
401865
68540
39194
321988
97522
347547
464722
41267
820742
941693
719947
90769
234768
210634
727991
467426
820513
695739
255100
274274
255633
545747
457531
878299
235355
276303
151448
387019
167015
177885
264082
995041
571828
962812
472821
995953
363366
683701
78438
141287
747816
380027
284347
882427
252877
962035
125700
131260
176892
245703
686434
2669
535147
860467
100619
491271
734286
593067
313786
823608
737302
63881
103370
906354
290044
992917
363162
654779
905555
565240
849226
280863
175582
992539
183393
797273
670520
559315
900939
955185
161837
587263
212084
687135
257085
526841
189234
430277
270300
45378
575702
723291
393496
609611
884685
417560
12686
818237
983189
139062
489279
116240
763344
153781
460614
584786
638001
101475
897969
143883
568814
698767
883646
703362
769418
204079
558136
852898
515117
368570
562121
473520
41232
656618
814959
889508
997500
547311
780700
646737
534350
768893
764704
815718
782465
868120
939169
567278
219628
776325
35665
176298
433634
156876
178966
173088
838191
661188
521755
9373
496684
592020
917059
841487
888725
386151
218648
190180
14423
249550
203243
725600
984730
875751
977460
986798
272171
574346
872528
794753
189414
156587
687226
602196
284008
347345
51291
265819
61904
298462
124968
278639
421976
402587
693928
492269
55686
186440
470956
748588
763253
689044
476255
663887
598631
697674
276777
430407
184363
269165
552494
862462
653728
557102
495135
787740
966855
499400
394635
117410
810584
2526
32839
698169
695514
947573
176122
110153
990024
402283
172220
509781
527944
567721
936213
87232
657539
137708
121269
703503
493563
275172
67050
359505
36124
387697
899061
724610
340315
342880
502348
488393
184966
934221
740587
598536
589068
974661
354853
890070
967716
745266
213878
404139
878462
1766
649024
124565
872516
885648
282390
541837
387138
896278
226168
579179
365700
256356
616853
4522
105562
198225
861091
604224
962071
769486
563364
535931
996317
12731
122537
413974
476864
828578
308286
644160
629559
449508
534074
226870
987986
403052
945538
927243
709417
748917
147784
186376
881869
560689
348180
63270
17530
367261
729970
577548
982213
53509
973690
119225
691435
478453
376340
734236
168169
440120
991189
540773
428449
190096
523446
817971
76937
271534
408814
299464
159723
269033
3910
341996
455529
67669
200831
194317
974547
324759
4823
912510
477390
168165
786539
231553
591563
208673
531885
164088
871805
53882
596850
339186
471392
852942
256281
277352
27513
404349
879437
412497
744302
894848
426928
784403
326639
981658
339674
831897
486867
210768
867663
591084
841088
412737
692085
146439
523203
918568
947106
275083
180706
79612
705833
574259
849185
497956
808306
755005
721035
621246
867824
335489
982171
425419
76016
367908
658211
714
358270
603665
24114
123743
721285
241438
339501
697917
636104
38442
992510
85595
756264
601600
100247
350758
565445
445419
21554
746549
956506
318313
401412
86615
679315
98147
364864
54966
863747
558277
406699
861169
873133
652865
741629
714445
909015
888332
264144
353084
548032
388338
459495
759201
614118
552371
264345
350698
982831
711095
920456
463440
478966
930961
735958
110904
503558
480683
570078
582983
342839
385282
8797
870510
840667
730039
85731
580627
719628
785552
25877
546869
916681
782838
616126
796341
850253
29041
217959
677244
190734
602689
182297
489218
989857
763879
67627
815326
601556
448301
929244
300142
753054
352276
384642
928514
96739
554264
777868
962494
177419
830356
690339
821001
713606
608827
168347
22758
533567
251759
265997
245437
185891
258081
9031
923705
809588
338221
358639
159844
90362
730200
648988
49958
228266
802800
757427
536685
618915
943918
677698
238956
117423
59978
454786
237427
164133
142141
621992
820042
946902
291804
388629
728611
40113
174658
158191
460093
370108
365
325530
834429
825431
43119
286499
966253
663677
244224
789418
295966
11365
216979
25052
724649
45802
730139
566330
638723
866040
530874
572616
638494
971849
811239
723007
737750
683997
181884
561814
269855
655364
228954
265592
513620
880640
459404
978814
