1000
100006815
100002229
99992576
99966270
99959096
99940645
99917197
99910724
99878290
99870097
99855987
99831239
99803029
99773709
99741660
99728704
99714542
99710376
99695379
99687586
99655276
99633885
99614086
99606160
99591255
99565370
99562788
99547178
99542178
99534126
99503161
99483041
99450661
99435022
99408818
99384433
99371958
99356233
99338968
99335754
99316283
99304907
99300210
99274667
99251370
99236751
99213664
99210541
99178992
99160927
99136671
99117698
99096797
99071184
99065027
99055128
99045861
99023448
99013850
98995324
98981613
98971567
98957001
98938465
98922477
98902599
98888973
98884700
98876313
98875142
98843125
98839373
98826985
98805794
98794311
98776189
98764445
98745917
98730332
98724969
98704810
98699169
98680993
98671418
98642840
98615477
98587792
98558448
98538959
98521246
98515735
98494274
98471648
98463003
98459507
98432804
98426534
98412664
98401135
98373636
98369136
98360529
98354721
98338996
98326539
98309997
98293523
98281992
98264770
98260818
98243794
98223900
98199885
98181638
98170362
98144084
98124719
98115973
98093997
98075905
98050054
98020966
97991803
97989572
97963339
97933607
97912501
97907090
97897216
97891768
97882424
97854835
97837261
97836070
97829281
97828586
97816851
97796487
97779447
97761555
97756520
97729541
97728449
97727599
97715209
97695014
97694346
97673815
97643826
97631545
97607643
97594673
97562487
97542916
97539236
97531975
97505788
97477259
97453069
97452623
97428390
97414682
97402819
97396138
97390137
97387638
97383852
97378638
97352809
97351487
97325580
97305952
97292760
97285255
97279265
97259136
97248261
97228432
97196841
97184453
97178411
97168578
97166803
97162084
97161742
97132748
97101356
97080847
97049534
97028857
97027575
97016064
97011269
97007795
97001326
96998576
96997697
96966708
96936574
96906822
96878458
96873578
96867949
96865714
96844382
96820237
96816881
96811638
96808559
96804571
96803764
96778785
96747428
96746514
96725327
96721787
96707765
96697616
96697007
96667998
96643165
96626469
96621037
96596038
96567175
96550806
96522130
96498053
96490352
96488661
96468821
96440118
96423603
96401374
96368954
96349137
96332873
96313549
96284206
96282744
96253815
96250269
96233226
96214259
96213934
96201251
96185617
96179295
96162653
96137258
96125646
96102782
96072872
96050887
96027761
96013773
96013088
96006110
95975060
95958584
95952219
95931093
95926900
95918219
95907208
95884150
95882901
95851654
95826923
95798273
95777499
95769519
95748686
95720818
95713040
95689416
95678301
95676656
95660764
95631356
95623417
95606132
95589930
95561912
95550578
95546520
95539458
95535674
95523773
95517089
95502800
95475659
95458957
95432104
95418646
95390118
95366755
95345668
95326616
95295381
95280272
95263197
95251442
95240767
95240479
95208426
95194269
95188511
95183289
95165801
95146856
95136562
95125362
95120191
95105886
95097935
95091334
95067726
95060512
95054135
95040270
95014901
94987686
94979656
94979479
94962630
94951293
94948594
94925495
94916964
94905447
94887880
94859401
94849435
94846838
94831953
94819612
94804385
94777236
94776451
94746836
94740360
94719607
94715371
94707641
94687973
94666763
94639244
94611636
94606494
94599495
94579046
94564800
94546162
94543221
94530740
94507014
94490276
94464229
94435282
94431982
94410343
94392347
94368481
94353696
94326125
94300769
94288136
94260847
94240296
94219984
94205558
94198201
94190145
94173893
94153483
94151099
94146746
94144717
94121138
94093256
94061374
94039797
94008429
93996927
93978025
93957013
93925648
93895269
93881013
93861769
93833899
93820534
93810915
93783250
93761957
93732516
93713032
93700273
93684873
93678662
93674518
93659183
93636479
93603959
93580170
93548049
93526136
93502565
93490196
93487426
93485832
93484945
93466852
93434535
93423347
93395707
93391412
93378922
93353063
93349957
93325171
93308074
93303012
93275069
93243822
93231530
93214684
93210722
93182243
93154659
93133307
93101263
93069568
93053070
93048356
93038619
93021273
92992791
92968727
92943781
92933959
92914694
92911826
92899034
92895044
92875483
92858524
92848607
92818853
92796749
92771004
92740657
92714832
92702852
92684514
92672049
92646559
92622018
92601419
92593322
92566645
92566135
92550788
92536121
92519805
92509132
92500969
92486322
92473505
92443540
92414669
92398184
92391338
92361401
92355160
92349299
92324629
92296463
92269584
92242139
92211732
92200094
92168981
92157880
92135364
92107350
92093452
92072000
92063883
92062519
92049593
92029128
92015283
91990251
91988555
91969970
91956515
91956423
91938135
91906380
91877213
91849801
91824771
91793054
91768212
91739640
91713247
91685419
91673614
91669954
91664116
91655070
91636888
91613116
91600762
91585385
91570500
91547741
91524807
91522904
91516745
91490600
91480555
91453708
91436307
91406524
91402357
91401576
91377289
91374942
91351540
91331576
91316865
91306228
91285535
91256118
91225181
91200868
91185327
91182799
91159780
91138162
91134446
91129044
91112774
91094532
91086064
91064019
91033417
91015131
90984572
90961898
90936752
90935733
90904490
90884293
90857423
90849515
90849067
90841740
90813255
90795633
90780743
90769860
90758917
90757716
90747015
90722333
90718809
90709914
90682638
90657840
90645329
90619807
90595496
90570287
90543928
90541016
90512257
90495109
90468426
90465549
100016331
100009007
100008430
100007795
99981132
99964071
99943620
99934076
99917092
99888399
99868424
99857905
99836433
99816792
99807443
99784052
99753489
99731305
99711347
99711306
99683640
99660277
99634933
99632523
99603888
99602882
99582814
99556154
99535592
99506269
99492505
99471198
99463425
99452742
99443729
99435513
99406679
99391108
99375867
99373564
99348810
99347882
99344465
99312417
99300399
99280468
99262847
99240638
99225969
99204871
99184316
99179654
99167210
99145101
99128341
99102767
99088223
99069884
99039274
99021085
98996536
98978216
98954135
98928871
98922849
98898002
98878481
98853853
98846301
98820023
98799150
98795121
98762632
98749273
98717921
98687642
98678925
98658365
98635176
98626593
98625798
98615111
98588772
98564837
98560849
98533146
98505188
98494976
98475409
98464856
98451488
98419441
98406373
98385762
98381608
98358179
98329284
98315891
98284983
98279023
98248854
98243392
98216069
98192140
98159991
98130686
98121537
98088813
98056229
98050005
98049592
98023311
98010922
97999565
97994678
97977146
97975591
97963292
97953802
97927342
97902431
97888248
97865544
97848132
97827171
97806789
97803181
97797370
97790202
97769408
97757122
97743351
97715507
97708823
97697568
97668341
97641381
97613933
97604847
97596321
97595110
97568979
97560334
97548782
97530155
97504045
97478896
97461068
97429020
97416461
97386793
97382626
97359576
97343988
97326242
97297313
97284903
97284112
97258127
97239390
97225438
97216862
97215487
97197002
97172080
97155139
97153582
97142882
97111474
97109648
97101435
97069134
97045454
97015293
96986903
96964403
96931687
96923919
96895840
96864241
96845292
96813935
96801514
96773710
96755993
96739503
96713275
96683163
96671147
96661635
96632884
96631869
96629316
96610152
96603952
96573488
96565629
96543417
96529611
96514167
96508457
96481080
96461663
96439669
96432328
96399622
96372783
96363076
96349483
96326663
96303427
96296173
96284485
96279482
96247279
96238491
96214576
96213377
96199953
96175545
96169055
96141400
96119807
96106497
96103425
96091387
96086300
96084603
96061077
96053629
96036132
96020330
96000681
95970126
95944235
95943215
95924948
95910582
95887174
95874326
95844564
95822522
100021810
99989184
99970096
99956938
99954568
99952412
99939199
99916765
99906572
99904031
99903144
99894378
99870266
99842692
99830486
99808068
99792695
99770582
99769000
99761330
99738128
99719414
99705517
99672786
99653681
99633428
99609227
99579619
99549701
99545363
99534299
99532933
99509963
99494240
99473333
99441131
99417752
99416126
99386347
99377141
99344776
99333237
99318004
99288390
99268391
99245186
99233158
99206972
99186943
99170600
99163363
99152866
99142489
99127925
99122385
99098577
99098425
99069507
99047496
99031803
99025013
99008273
99002827
98984812
98968339
98949735
98943090
98927865
98923203
98893204
98888362
98878688
98867098
98834411
98832795
98822229
98800367
98795878
98771013
98751747
98748274
98743489
98713931
98712185
98692972
98669562
98643565
98624394
98612274
98594383
98565299
98549404
98519499
98496163
98467915
98442216
98410945
98404691
98374415
98373796
98367522
98365566
98351300
98328108
98315705
98305471
98290692
98282501
98275945
98250831
98242265
98227175
98202312
98201247
98183686
98168484
100005211
99999840
99997543
99968333
99956743
99956490
99940273
99936699
99930614
99921947
99896287
99888118
99886725
99869167
99867935
99856558
99850642
99827130
99798445
99779969
99749352
99745048
99717310
99694252
99671899
99670411
99663243
100009896
99994457
99980191
99972921
99964025
99952871
99947282
99926594
100017798
99985313
99961442
99943091
99923038
100006584
100002922
99973892
99949571
99933143
99900762
99889046
100017192
99986972
99980742
99948667
99947692
99934357
99933177
99929020
99910872
100008508
99988722
99960032
