143 125 190
110 147 197 134 166 102 105 154 129 142 197 107 200 115 147 178 142 160 157 115 123 186 127 187 169 104 133 195 135 161 135 154 117 181 140 150 148 119 116 101 140 141 179 113 127 119 157 157 180 108 169 125 109 133 122 145 195 119 184 131 136 129 150 178 186 112 191 102 195 139 128 117 131 187 103 136 162 176 122 191 174 146 101 168 116 112 137 106 141 146 160 195 189 124 144 133 122 187 135 157 176 100 167 197 148 199 187 177 108 175 131 197 109 140 156 142 166 157 116 192 102 138 135 156 105 
152 168 140 108 110 134 174 109 182 198 184 149 175 110 100 101 114 169 192 191 157 180 197 146 143 129 179 125 142 174 177 162 138 147 153 117 155 120 194 137 191 130 178 193 143 161 150 192 122 133 194 197 200 120 162 122 132 161 105 145 189 185 191 150 124 189 153 162 185 168 147 185 173 151 160 153 153 184 101 164 110 183 124 191 199 141 107 199 105 195 134 161 179 188 164 200 164 137 103 191 147 131 189 144 106 167 123 113 126 198 102 183 153 135 144 190 146 128 112 138 117 114 134 118 193 
198 173 111 161 133 167 180 140 115 153 126 102 136 139 152 151 146 174 109 189 180 165 112 122 196 138 112 154 161 142 122 195 148 198 140 133 118 151 155 170 188 130 143 133 100 131 126 191 164 157 195 182 143 161 157 102 194 133 108 176 136 160 132 159 157 195 119 107 111 151 166 144 142 107 193 104 185 197 173 120 117 144 134 107 111 155 100 106 156 171 129 128 112 179 103 140 106 148 176 153 114 194 112 125 171 178 168 128 184 177 193 108 174 122 100 167 149 164 199 121 144 126 156 161 161 
171 103 147 152 192 160 118 124 128 152 126 115 173 166 112 125 153 149 180 179 170 171 104 138 154 199 157 185 173 120 149 168 150 173 123 135 140 163 160 154 117 148 151 187 121 178 131 153 180 132 146 157 117 159 159 119 173 193 131 146 160 102 195 186 146 118 200 148 129 176 187 166 106 177 194 164 187 168 158 126 109 176 175 118 108 174 101 112 102 179 123 111 161 193 144 181 145 128 159 172 198 155 174 195 170 178 189 187 112 157 109 199 108 102 129 199 114 141 109 152 144 147 181 151 200 
134 194 161 136 117 105 107 149 200 161 184 117 186 131 141 103 151 137 195 120 166 153 101 137 161 110 170 117 199 167 165 194 121 178 135 176 119 158 104 151 177 183 165 177 123 101 164 131 147 158 122 144 149 185 163 113 126 166 129 123 153 167 156 162 110 194 119 152 199 178 127 184 139 193 168 105 191 152 102 193 185 181 187 129 159 101 170 191 139 107 173 145 163 107 154 166 123 165 148 165 125 189 146 102 163 152 117 146 151 133 109 108 151 160 185 124 151 182 123 165 141 106 146 148 143 
149 190 135 185 161 178 154 166 145 173 136 150 185 145 156 155 124 113 192 109 124 188 170 197 127 100 144 168 146 135 170 185 145 158 172 181 124 177 106 135 192 112 141 104 184 182 184 113 177 151 114 129 198 135 152 161 188 134 137 118 146 118 177 191 198 121 166 178 165 113 122 145 183 183 173 114 200 163 109 187 138 104 135 129 190 151 135 150 126 115 106 128 175 149 142 167 112 134 150 151 110 102 128 139 173 150 110 138 107 115 197 161 143 103 200 100 133 168 117 166 161 128 167 196 136 
107 152 140 124 125 165 149 192 182 119 191 126 171 128 169 177 183 181 109 115 143 106 185 148 198 125 110 199 147 197 127 138 191 120 178 109 188 108 177 162 169 198 157 156 187 137 193 149 136 178 143 153 188 188 194 116 168 154 154 184 197 171 182 195 134 101 114 176 109 170 160 196 119 123 117 179 119 118 129 181 172 114 159 127 186 104 119 130 133 131 193 108 105 113 180 158 156 176 157 144 185 109 173 119 100 129 130 152 140 156 108 112 162 146 193 146 166 131 182 176 158 171 167 172 144 
109 109 119 181 160 120 150 131 116 188 149 139 162 123 150 116 134 182 116 184 198 119 165 116 153 161 162 181 165 173 163 173 195 152 121 137 125 186 184 181 184 101 188 166 159 114 165 107 193 123 116 150 117 119 200 136 168 106 152 113 159 127 130 195 148 193 193 149 112 148 129 105 109 161 152 131 122 130 103 147 118 180 195 140 182 128 188 192 110 114 106 169 161 169 136 127 189 124 149 134 177 156 117 193 175 194 143 131 147 178 134 105 144 109 177 196 142 184 197 150 134 171 146 128 189 
103 163 186 135 155 165 117 182 187 127 192 165 105 156 117 103 170 116 155 102 172 162 101 192 106 105 129 132 182 197 183 122 121 147 173 184 151 166 190 166 102 197 105 136 169 178 140 153 101 126 148 151 124 159 198 193 144 184 143 188 103 199 180 142 186 124 199 110 182 178 171 154 187 151 189 128 169 160 181 128 148 132 124 157 127 189 130 178 174 155 153 117 111 189 132 186 150 123 142 166 135 159 133 199 185 186 176 171 175 141 155 105 135 134 100 103 112 126 192 194 190 100 108 158 162 
180 180 175 163 193 164 182 182 126 114 154 149 155 112 194 147 112 125 109 107 191 159 130 183 105 108 134 131 198 156 147 112 148 102 173 175 183 162 120 159 148 175 125 149 134 132 155 198 171 149 144 119 121 155 184 119 178 112 160 111 124 135 181 115 114 128 187 191 114 133 139 108 188 127 171 121 165 153 114 160 179 118 150 173 196 186 148 154 116 186 139 122 102 118 151 174 149 104 186 159 113 101 105 199 191 114 147 120 189 104 162 132 170 191 146 125 130 194 132 121 119 176 113 171 114 
115 102 192 124 187 192 189 113 136 163 138 138 134 120 166 110 126 101 194 195 193 130 106 109 123 125 135 114 188 151 149 154 182 103 130 114 184 192 135 133 133 133 159 134 155 131 168 145 146 150 197 116 130 155 120 120 142 109 142 150 112 112 190 122 158 110 118 172 186 114 125 114 115 164 101 159 180 132 137 197 167 189 130 182 184 190 131 108 124 103 199 155 139 193 150 176 154 152 179 110 180 159 198 161 106 174 157 169 170 156 128 177 132 167 175 158 106 198 167 130 187 108 197 172 182 
177 114 102 107 136 172 107 182 182 150 159 141 161 189 128 171 154 115 186 181 180 134 151 160 156 149 190 142 102 183 123 136 147 170 173 180 145 169 128 172 134 163 116 158 168 165 164 130 160 194 140 118 142 175 173 158 100 200 189 144 155 163 187 159 140 103 105 106 163 101 106 167 120 184 153 124 137 120 155 142 104 177 148 184 200 113 146 146 157 196 167 149 152 118 108 148 190 110 168 188 140 134 127 174 193 185 102 164 195 119 146 200 166 124 153 132 116 154 119 148 157 118 126 108 194 
172 193 157 143 140 161 135 103 142 174 174 149 178 182 149 191 196 160 121 119 189 101 105 158 183 132 164 126 188 139 184 124 143 195 152 195 200 159 129 196 190 165 123 114 148 128 126 145 133 196 112 142 155 151 115 152 127 183 160 186 167 163 113 197 174 128 141 171 118 162 172 187 143 115 168 194 182 194 187 152 134 101 160 176 141 134 119 158 145 141 164 144 194 168 146 184 197 134 139 105 160 172 107 163 107 132 100 110 163 125 190 112 185 146 186 168 190 140 176 183 103 190 115 178 185 
191 195 160 114 161 164 165 118 112 111 131 100 109 155 163 130 175 107 128 179 191 103 175 162 135 106 174 174 113 181 151 155 167 143 101 144 122 149 171 129 191 186 158 164 163 141 178 142 159 163 103 185 135 158 129 113 115 130 159 164 155 149 125 170 110 100 191 132 197 160 156 126 100 135 192 141 139 148 126 129 123 182 113 150 129 171 132 159 138 146 191 133 143 117 186 177 137 102 110 163 132 156 103 116 138 129 106 141 163 181 178 160 157 184 196 190 132 197 198 175 103 182 174 157 125 
178 181 158 107 129 145 192 192 149 194 173 174 190 135 188 156 143 149 171 150 110 101 127 184 126 114 157 101 127 158 129 129 101 148 132 140 158 102 196 103 186 124 116 188 117 119 104 149 119 179 161 151 108 185 172 118 172 178 162 124 102 153 193 144 149 190 101 199 187 199 147 150 189 158 195 189 184 148 198 149 116 187 127 171 116 194 185 101 181 111 159 129 107 181 122 149 192 106 184 122 103 127 199 163 137 166 104 182 194 107 123 190 122 196 136 105 199 186 117 139 116 125 152 175 195 
180 159 172 103 175 166 196 100 104 120 200 159 194 173 164 124 177 187 164 161 115 161 113 111 173 138 175 173 193 110 103 192 192 126 138 108 110 149 154 114 136 148 127 190 133 161 192 154 191 125 126 164 171 117 142 142 199 172 154 134 108 135 149 179 109 157 193 140 175 182 199 185 161 114 152 148 105 180 193 172 155 124 157 129 180 116 183 157 116 140 149 141 117 186 158 144 106 155 120 178 167 127 193 179 180 163 192 115 160 116 108 153 135 198 149 162 142 138 116 120 174 150 175 170 122 
177 164 164 135 186 127 164 174 116 161 134 130 138 160 199 120 181 150 119 175 116 152 133 142 180 140 172 150 174 185 112 102 191 174 126 120 140 174 138 130 178 109 150 120 171 137 142 183 120 178 159 111 101 197 140 166 165 132 172 194 137 145 104 121 144 108 129 159 113 156 113 103 118 143 161 117 146 190 121 189 153 200 122 128 113 191 195 120 160 144 136 164 173 130 151 131 199 175 186 120 134 158 100 117 132 161 145 116 152 187 161 139 198 198 185 163 161 101 147 131 153 174 101 181 124 
199 192 168 114 122 118 189 185 119 171 173 176 169 128 107 143 162 162 185 104 193 180 133 144 176 181 165 195 164 200 165 142 180 193 196 162 114 159 126 125 148 102 192 117 187 137 138 139 143 129 151 119 156 122 190 104 181 113 101 172 173 167 190 150 144 150 100 198 132 113 164 196 123 200 110 136 194 150 108 190 139 160 102 190 169 195 104 154 163 181 179 101 177 122 141 169 193 196 158 185 136 174 171 157 178 176 134 149 117 173 150 135 152 189 111 154 102 179 123 147 168 110 123 111 100 
190 143 173 124 190 140 165 182 120 173 178 169 140 189 185 179 174 139 167 122 117 134 105 194 142 160 193 114 174 140 149 154 183 130 148 182 120 152 143 153 174 171 155 121 117 110 138 162 108 144 154 104 188 115 171 148 114 147 187 146 196 168 195 110 108 180 126 114 103 143 179 179 135 154 184 128 182 164 199 171 118 195 149 187 137 135 178 113 161 173 183 194 198 142 132 166 153 104 119 115 176 111 200 174 189 163 152 158 139 175 110 156 196 148 154 167 111 177 110 131 168 131 151 193 183 
199 184 153 132 128 111 151 115 131 151 116 161 170 106 140 126 160 173 184 121 196 145 143 166 134 121 178 140 183 112 159 100 158 193 128 114 139 102 156 197 184 110 168 141 105 117 176 141 182 151 153 170 170 102 175 176 104 122 164 127 148 103 159 148 102 182 144 174 121 143 168 197 140 190 172 131 135 195 179 127 167 121 169 194 125 143 147 182 111 133 148 145 112 197 129 182 160 162 144 107 199 139 150 164 183 123 123 159 150 140 117 125 106 109 153 153 150 104 162 107 177 112 188 108 197 
140 161 100 126 123 105 156 141 183 141 121 160 179 185 170 133 151 114 198 150 180 176 131 124 187 113 178 151 116 155 151 177 197 131 200 175 175 120 174 121 171 110 191 178 199 141 102 171 153 163 113 199 192 188 195 191 152 198 148 137 185 140 118 177 109 170 174 113 192 104 179 192 101 137 111 108 136 188 187 105 135 179 178 118 115 142 127 147 181 177 168 140 163 156 115 174 170 183 101 166 187 184 102 137 155 113 108 159 177 124 136 136 180 105 169 132 175 154 155 133 130 168 193 104 184 
138 105 172 120 174 109 113 132 166 157 143 125 105 140 168 179 192 107 179 163 120 115 148 123 134 118 157 137 192 181 170 135 173 114 143 126 132 127 171 192 156 174 113 137 182 128 191 112 195 101 152 194 199 164 193 191 144 185 124 161 140 159 111 173 197 186 108 160 119 104 152 177 126 172 147 154 168 160 182 122 146 109 174 116 126 108 137 195 135 145 199 104 134 143 151 152 163 197 125 120 115 120 160 143 100 154 162 168 169 169 119 193 118 126 168 193 102 111 138 127 123 112 152 149 166 
109 189 174 148 114 192 143 112 166 124 129 113 122 114 108 171 157 128 166 185 140 172 180 114 112 159 139 195 119 198 198 106 163 157 196 133 149 177 164 120 174 131 171 141 124 123 103 179 147 182 143 173 163 129 172 129 117 157 101 111 104 129 105 166 189 148 183 116 111 128 144 155 125 171 186 184 147 180 110 186 187 196 167 129 124 192 118 124 184 124 138 102 177 171 105 118 147 131 127 191 127 138 190 163 152 153 114 178 181 125 152 146 191 195 141 167 126 119 164 156 174 158 140 122 136 
162 182 161 121 180 131 180 131 130 175 143 158 112 130 141 190 169 158 129 175 165 129 166 160 166 125 108 141 167 144 124 140 124 107 114 115 181 143 191 155 197 179 145 115 181 193 161 122 159 155 105 197 118 138 142 112 178 189 172 194 171 160 179 103 120 143 155 109 152 115 119 150 100 158 195 157 190 141 166 167 109 192 157 162 136 171 132 193 167 165 157 121 144 174 140 100 149 189 107 120 161 127 151 155 144 138 177 118 161 193 109 196 196 126 194 155 104 191 137 182 130 186 113 200 101 
118 154 105 133 193 109 165 143 150 178 126 116 106 185 112 133 197 195 141 111 151 169 117 144 166 196 117 163 184 100 150 175 108 105 160 180 163 175 188 147 100 125 101 120 156 129 194 171 168 190 161 106 179 120 148 115 180 199 111 182 150 131 161 160 160 180 152 167 148 142 159 164 194 170 185 195 104 124 175 182 190 185 125 145 162 146 193 195 193 111 167 112 117 148 166 169 154 106 188 127 125 160 148 142 125 128 139 143 156 106 146 100 163 135 191 180 148 132 163 134 161 117 191 153 108 
193 193 110 111 183 142 174 120 121 117 153 140 162 139 178 107 198 121 187 139 146 134 146 117 172 188 122 131 146 131 167 114 125 156 127 191 130 102 139 128 198 100 199 107 158 117 147 149 100 120 161 106 105 163 152 135 197 122 178 142 194 181 117 150 126 176 168 190 135 195 124 102 150 155 165 188 113 123 191 168 122 115 132 179 129 151 172 169 157 142 140 145 168 167 158 160 135 193 181 139 160 142 162 154 196 120 121 167 124 122 104 130 180 108 147 130 172 170 104 167 187 135 163 164 161 
133 177 182 136 107 115 117 113 189 136 129 107 167 166 166 136 137 115 119 101 110 182 175 105 119 194 129 102 178 145 151 163 194 165 178 139 137 191 170 105 162 153 108 146 115 200 128 134 162 111 198 169 107 116 128 140 119 143 116 192 136 181 108 106 139 133 111 178 115 132 151 152 110 136 129 183 142 154 175 166 120 188 112 144 176 172 162 198 188 186 127 193 111 145 159 187 147 123 156 184 178 137 105 118 121 118 111 109 147 180 110 187 158 157 114 132 186 164 174 154 182 132 152 160 131 
172 100 153 116 157 194 178 126 111 157 102 141 100 100 167 114 157 165 163 152 146 117 144 102 166 185 120 178 121 127 162 200 124 101 183 120 115 190 150 127 111 168 158 138 160 193 120 171 176 152 178 159 112 135 183 176 179 149 104 118 138 115 128 140 179 181 109 130 105 152 134 151 161 176 181 117 116 188 197 163 103 109 127 106 136 124 160 144 193 165 149 196 153 186 196 162 134 179 166 123 150 103 102 176 125 166 119 121 121 198 192 146 182 126 131 117 173 153 165 111 139 169 189 133 138 
194 104 192 193 105 115 186 109 170 183 135 184 166 200 121 124 143 121 196 179 120 182 189 104 184 139 122 108 118 174 198 117 187 148 111 118 125 172 128 134 134 116 151 169 165 185 137 106 139 177 128 191 182 196 120 140 101 178 143 120 106 144 136 189 100 124 141 199 163 162 155 157 156 179 180 102 126 144 118 122 179 112 181 168 192 155 103 161 130 143 133 182 191 169 165 195 113 158 156 121 198 150 180 129 144 117 119 140 122 189 158 112 173 108 187 120 167 143 194 122 145 179 135 140 185 
129 137 125 190 193 189 127 192 178 192 181 121 133 112 153 129 199 128 132 161 117 182 181 191 149 117 153 152 105 163 122 117 113 190 105 101 125 197 104 150 175 194 128 139 125 174 163 134 177 146 192 165 146 106 141 159 166 121 108 155 147 147 141 164 104 152 133 197 192 169 117 150 138 186 153 185 124 171 199 198 111 123 114 182 145 104 110 156 177 142 123 162 104 162 107 157 104 118 180 174 162 142 162 158 163 120 183 110 148 186 170 186 142 122 167 156 181 184 161 165 158 192 189 154 172 
158 164 118 120 135 102 149 188 152 121 167 179 159 170 180 160 109 193 127 164 200 146 195 144 162 126 117 107 119 129 159 160 123 124 154 106 134 126 151 176 155 181 163 138 103 141 153 194 121 197 196 150 137 111 115 137 164 130 100 114 161 189 114 118 176 155 112 117 178 131 194 181 122 125 119 103 188 187 172 183 179 196 195 120 186 142 117 179 134 172 104 143 169 140 194 160 136 148 103 144 185 114 176 126 181 149 173 180 135 150 131 149 157 111 118 112 132 180 173 118 129 112 195 153 156 
109 159 164 148 145 131 185 170 146 138 165 146 172 179 194 179 166 146 178 182 109 110 107 198 150 130 150 187 125 126 173 190 153 196 113 115 113 158 122 187 162 140 100 136 156 179 155 139 184 180 151 122 100 131 145 155 145 128 187 138 189 102 117 113 163 162 106 181 130 171 191 124 100 197 191 142 100 131 131 113 159 149 137 164 124 144 141 158 119 150 104 164 135 191 181 181 199 126 153 154 116 148 129 165 151 173 145 137 183 184 109 178 163 165 119 103 173 100 158 128 182 140 180 198 134 
150 177 180 185 104 107 159 116 194 106 114 107 120 169 176 108 120 133 166 150 148 132 161 129 183 107 134 144 137 120 103 194 148 122 143 101 148 133 136 166 157 149 190 133 188 163 140 111 130 146 190 153 130 200 158 156 157 126 185 132 138 155 165 148 184 136 111 113 156 173 190 142 126 184 154 148 138 103 136 136 124 159 175 167 110 136 127 180 107 130 158 200 159 171 164 183 132 160 116 178 171 196 126 161 110 145 117 109 132 126 182 100 114 171 138 167 186 131 146 181 101 167 147 186 160 
111 186 185 101 115 117 151 105 189 103 126 159 100 175 168 164 179 105 159 166 187 198 124 114 163 121 131 166 118 166 104 195 128 193 173 103 110 131 136 193 128 174 155 112 172 192 193 152 196 158 148 112 100 149 191 132 146 146 115 162 178 191 113 179 115 161 106 175 108 143 165 133 157 176 121 176 151 103 146 164 156 138 185 104 110 155 110 132 149 121 139 134 160 181 195 189 151 101 121 124 142 116 165 110 165 152 103 135 182 175 182 145 146 115 166 132 150 110 111 153 175 152 152 180 193 
100 196 183 177 107 156 126 181 185 111 114 101 177 104 150 156 197 111 166 113 200 133 157 155 119 125 116 137 190 179 137 142 136 160 199 166 155 158 147 151 162 143 160 159 189 130 184 151 197 188 171 146 170 126 197 182 165 180 132 131 149 187 191 152 188 158 184 171 133 121 134 199 142 119 186 193 161 135 144 145 190 114 191 157 134 135 163 116 172 185 196 146 119 127 148 163 132 165 169 175 160 154 137 111 112 133 127 192 128 141 106 186 113 151 119 108 125 160 132 130 178 175 136 188 148 
128 184 169 193 164 125 125 141 144 194 126 158 121 174 165 143 143 166 192 142 156 140 128 111 147 188 142 128 116 141 174 120 189 193 194 130 181 135 157 130 184 162 194 196 148 151 151 182 130 100 147 195 166 196 112 196 168 101 181 185 127 125 115 116 157 136 115 150 165 139 159 134 171 111 181 144 117 183 148 169 169 103 133 115 141 115 139 117 100 130 129 145 161 169 183 138 135 170 156 174 170 124 146 188 176 194 113 148 114 189 171 118 148 171 149 153 136 184 115 152 106 133 118 178 158 
139 128 165 107 122 163 193 195 135 115 193 150 174 161 187 125 167 130 130 156 199 106 168 193 151 108 131 176 168 134 166 200 157 124 193 105 163 182 106 130 111 200 143 184 189 140 195 106 162 141 111 164 105 141 126 189 111 112 142 156 113 143 126 183 102 132 101 150 192 144 120 141 188 185 162 139 100 174 162 137 142 188 129 132 100 182 116 172 177 164 183 154 121 164 151 158 148 141 111 188 147 165 101 170 138 136 137 119 164 140 182 133 171 173 175 178 186 149 120 182 178 195 147 146 101 
165 108 171 143 192 129 117 122 175 127 181 183 120 118 182 138 122 116 185 193 149 193 104 162 126 166 198 154 147 146 101 164 100 139 122 188 171 107 157 133 195 164 150 142 115 170 195 158 175 195 109 143 114 140 117 164 178 136 196 124 179 148 107 162 182 128 166 140 130 195 114 129 117 116 129 190 183 117 121 158 115 115 176 199 176 143 134 198 150 123 112 117 180 175 189 183 172 108 122 168 116 173 138 175 120 186 176 172 103 139 137 186 116 123 196 146 154 137 157 133 158 175 119 200 151 
178 159 180 171 185 188 185 186 173 147 192 198 199 130 137 197 187 106 144 170 129 185 160 136 168 159 194 116 151 170 178 146 179 112 108 147 165 183 153 163 154 170 191 196 124 120 133 141 199 173 169 140 156 153 180 157 154 134 122 173 168 114 153 103 107 160 155 156 128 195 183 157 151 125 123 199 150 157 135 167 108 185 195 148 108 168 156 185 183 127 115 111 199 130 147 119 142 137 112 200 191 158 149 175 185 111 184 137 118 160 136 157 188 142 134 181 119 156 187 156 118 185 123 152 123 
109 192 103 162 152 157 103 164 115 112 193 184 144 149 149 196 188 125 181 162 132 146 167 181 181 180 126 129 158 173 105 187 165 111 134 122 110 168 127 174 113 145 199 167 197 105 148 111 137 113 140 128 124 176 168 185 154 145 166 102 111 188 116 145 165 112 180 164 177 160 139 104 200 126 169 115 156 183 104 112 172 186 116 112 118 122 193 179 196 132 138 118 134 143 101 132 169 200 145 157 148 126 108 180 103 169 120 110 180 105 191 123 171 130 141 188 153 128 142 133 141 113 112 108 131 
109 176 123 121 180 178 108 167 121 154 105 110 149 199 123 101 198 123 171 152 154 159 170 153 159 118 153 192 107 191 114 167 107 127 193 154 162 133 198 135 183 169 123 167 200 115 131 164 101 102 167 127 113 125 135 141 121 188 149 121 153 128 132 180 162 135 169 157 143 198 156 160 170 145 123 133 189 165 147 105 153 153 117 102 166 191 152 185 158 151 196 104 192 136 175 132 187 170 140 190 120 103 125 165 163 101 143 112 145 143 193 100 158 129 174 139 100 146 101 134 168 181 120 197 130 
137 181 154 184 143 117 169 156 185 177 157 189 171 126 139 169 131 105 117 190 183 138 147 141 139 178 132 156 196 140 177 152 131 100 154 131 118 136 148 130 101 200 177 158 138 106 132 186 110 199 107 196 198 183 129 172 138 171 194 103 192 190 183 132 110 133 122 175 175 147 165 173 113 195 156 104 101 197 106 127 112 151 152 135 134 104 123 147 148 146 135 106 171 146 173 187 152 161 197 185 102 170 159 154 128 126 188 162 173 153 117 115 158 114 121 135 179 109 105 116 104 164 181 199 131 
147 136 174 171 134 103 118 177 181 110 116 104 154 164 126 200 164 129 121 168 149 108 106 158 197 151 126 172 103 141 135 150 112 125 121 129 105 139 135 100 189 142 131 169 146 143 112 121 114 198 155 193 173 122 188 110 135 175 135 185 189 148 115 140 149 182 118 123 173 182 157 119 187 131 196 125 165 191 149 199 121 115 146 121 130 130 156 171 129 144 112 190 130 108 129 118 154 179 158 155 154 157 116 149 116 148 167 109 122 154 151 173 158 199 122 114 102 113 162 165 194 134 125 136 167 
108 109 152 126 143 138 137 200 176 183 113 133 144 180 131 166 153 127 112 129 161 179 145 200 162 135 105 150 163 170 182 199 109 144 129 118 191 123 162 185 166 150 117 147 196 121 126 171 196 167 191 131 157 169 157 149 122 178 174 187 199 188 109 141 161 152 198 163 197 139 188 101 164 150 133 151 172 172 126 103 197 188 115 198 148 162 122 139 105 104 110 169 129 151 121 170 104 166 155 190 128 157 112 142 138 114 111 103 194 106 172 137 147 116 102 169 110 175 196 153 145 154 147 134 144 
116 195 165 191 189 197 162 154 148 124 114 188 104 144 146 108 134 168 177 146 146 176 176 184 165 182 164 100 194 113 196 117 142 191 160 152 151 184 121 123 177 107 117 116 200 152 131 186 163 113 177 191 130 155 138 118 167 121 142 152 125 112 119 159 183 120 175 186 139 186 200 181 164 188 105 194 177 165 130 109 170 165 154 129 109 131 124 108 165 178 154 102 179 198 142 197 141 193 118 197 199 108 117 174 119 146 177 199 166 106 176 112 181 128 155 117 182 167 112 164 118 120 125 163 113 
109 157 172 148 176 184 179 182 186 131 140 141 110 141 166 200 150 160 158 124 112 149 159 160 100 154 187 197 192 139 179 156 154 197 196 164 135 144 117 162 171 128 143 153 119 149 150 115 103 181 138 180 189 124 135 122 200 117 102 152 139 113 136 163 139 171 167 101 159 152 145 179 112 196 143 158 178 138 191 144 154 148 128 177 105 103 148 117 152 140 185 102 110 122 165 152 127 118 149 162 117 141 138 154 173 189 178 109 119 137 146 189 106 199 157 160 135 146 159 141 193 179 123 173 191 
117 121 121 171 163 166 179 123 100 140 127 193 144 121 127 108 190 138 140 143 108 151 114 140 179 186 152 135 141 148 162 186 152 124 178 121 126 177 147 176 123 139 163 103 184 189 136 108 160 113 196 144 114 180 121 114 101 186 119 163 133 134 183 110 107 181 163 100 172 125 141 120 165 196 128 167 156 129 113 175 169 130 174 189 112 155 190 172 167 195 163 156 181 132 175 141 157 186 113 107 179 160 131 106 161 178 105 176 122 173 189 190 182 123 142 127 197 118 141 113 166 144 142 185 186 
125 151 169 176 156 130 129 196 148 103 109 120 149 102 150 109 122 108 150 154 161 165 194 176 170 166 102 109 175 167 114 167 114 197 144 111 179 168 131 143 109 139 148 108 106 127 164 124 130 171 127 181 146 131 182 162 130 116 198 142 116 190 148 112 171 142 161 182 135 130 138 138 130 102 128 199 196 161 127 189 102 107 145 152 101 166 137 195 195 170 182 120 135 143 119 124 110 120 166 157 102 124 172 133 142 187 117 200 148 133 152 169 151 200 134 193 195 185 118 166 184 165 181 182 126 
140 179 194 120 191 184 104 194 136 103 121 133 133 110 151 180 190 117 142 173 147 175 153 169 153 194 135 100 189 181 147 163 125 182 115 104 188 183 141 171 175 195 107 167 126 149 197 140 191 103 189 120 152 181 167 180 114 131 147 145 136 128 121 104 180 195 156 155 195 170 120 199 197 149 186 113 146 128 168 127 123 162 179 118 152 130 179 196 101 169 152 190 129 146 168 102 160 174 117 139 119 153 200 123 127 142 119 181 142 117 146 106 190 104 184 105 138 200 153 167 155 155 144 147 141 
106 119 195 164 181 149 142 122 200 142 108 159 163 197 189 152 123 129 125 187 135 114 176 154 100 132 136 178 187 103 172 191 157 154 101 183 168 139 185 183 147 145 190 190 181 106 172 175 128 106 183 114 108 188 114 179 144 164 130 113 124 187 109 189 145 156 159 194 104 131 183 160 105 126 126 166 151 149 164 139 156 168 167 155 107 180 150 194 198 129 119 134 152 178 178 161 176 197 144 166 194 121 173 198 115 134 130 129 141 150 110 106 185 195 187 192 125 167 140 156 128 131 146 116 110 
135 129 106 112 125 120 156 192 151 119 185 155 172 156 143 180 174 194 172 121 172 124 159 135 173 184 118 103 177 193 155 145 166 115 144 178 193 145 118 181 127 120 106 112 182 145 119 103 114 166 122 100 137 109 114 167 186 151 113 140 112 102 116 169 154 140 147 111 135 135 179 116 129 114 151 133 124 186 119 170 173 197 171 114 141 134 126 136 106 156 141 125 166 179 124 112 135 108 138 111 105 192 162 131 125 186 139 128 144 122 140 176 151 181 138 129 150 176 119 154 122 107 200 137 173 
161 103 127 101 195 130 102 109 151 150 167 199 163 145 126 110 114 144 192 104 163 173 107 189 187 108 167 176 111 135 116 157 100 182 134 128 193 184 151 178 168 101 119 129 180 129 136 137 108 118 100 154 197 154 195 144 135 132 142 182 141 196 116 154 181 148 122 167 183 175 177 173 172 133 141 180 124 111 107 107 127 185 135 151 165 112 118 100 150 117 147 144 166 118 181 139 138 104 137 169 139 112 128 168 162 157 138 190 156 169 134 104 150 117 195 125 170 153 144 105 125 139 155 101 182 
181 136 108 136 170 166 173 193 175 187 127 151 139 152 190 187 177 198 159 132 178 151 192 164 154 111 131 157 148 109 145 184 143 181 112 166 148 196 179 132 161 146 115 110 175 130 136 102 163 144 163 136 116 165 114 159 129 137 101 198 116 196 150 124 145 162 107 125 196 175 174 113 143 140 185 146 169 117 133 112 197 181 109 111 150 152 134 149 137 141 147 122 196 164 164 118 177 124 142 187 152 142 169 142 112 112 195 163 139 114 139 162 121 163 152 126 131 176 145 137 175 136 136 174 174 
112 135 167 152 141 159 120 140 175 187 107 103 147 173 139 188 129 109 101 106 194 176 177 135 171 152 108 155 131 148 138 128 131 170 156 102 103 148 102 188 199 115 147 130 184 167 157 171 170 126 127 191 181 109 167 162 180 178 160 143 119 190 152 106 111 111 119 155 198 100 117 175 160 127 188 111 182 194 172 100 145 152 181 133 138 189 146 175 113 194 183 137 164 181 166 106 198 158 191 101 154 128 178 191 199 165 160 105 190 188 164 164 196 154 160 191 191 117 128 117 109 158 178 186 153 
198 182 155 162 169 189 195 119 149 132 110 155 198 118 114 123 111 151 110 167 130 183 108 130 171 181 169 170 200 151 131 159 187 169 127 141 101 131 196 172 174 103 179 116 103 112 183 187 153 162 124 150 169 120 140 176 157 136 147 181 119 162 104 175 168 188 106 115 196 149 196 102 156 123 158 108 172 112 128 178 182 196 140 143 166 157 191 154 125 100 169 178 175 180 148 143 166 119 176 109 173 107 122 163 114 120 102 150 193 120 143 130 166 185 179 101 100 168 159 108 155 165 165 108 187 
173 172 154 161 129 168 133 153 108 130 133 100 156 125 111 176 180 119 135 185 120 103 183 107 126 117 130 162 100 146 156 133 166 109 127 152 115 119 115 138 122 189 191 133 117 190 126 173 179 200 162 123 122 149 119 200 130 182 123 198 191 152 153 124 130 185 112 101 163 130 123 137 141 107 135 107 162 171 136 167 121 151 158 182 164 190 151 115 189 100 155 108 153 198 104 150 103 186 112 113 190 152 200 138 126 200 156 191 110 160 100 189 148 175 173 165 176 117 145 181 161 137 101 136 166 
106 128 171 143 149 124 165 134 173 146 148 151 108 142 121 163 139 138 180 177 170 199 186 146 169 135 111 192 131 133 129 166 143 122 160 107 176 189 130 168 177 194 130 134 194 145 103 151 133 112 114 123 198 106 182 159 198 181 119 176 138 133 181 148 152 145 166 190 112 189 122 111 130 181 106 162 200 104 197 197 167 156 106 194 157 136 101 151 163 170 143 152 151 187 195 192 157 115 176 158 168 159 139 182 170 148 115 155 175 174 103 186 122 100 161 190 154 125 112 118 169 143 193 146 141 
116 175 109 112 133 179 197 148 155 109 118 106 164 127 199 179 132 100 109 153 110 100 159 164 133 116 200 159 166 115 157 108 200 198 103 114 148 134 148 198 172 171 144 117 107 193 159 132 151 179 118 192 173 104 172 162 132 163 126 182 166 132 196 179 147 126 121 126 198 172 190 116 129 192 170 140 166 135 173 134 135 149 144 123 153 120 100 120 118 183 160 157 175 143 173 197 189 178 147 133 103 141 168 194 138 179 146 140 150 140 164 193 140 182 192 160 173 136 142 115 136 152 175 197 115 
155 125 125 177 185 178 109 148 135 145 132 190 155 177 160 138 156 135 182 177 164 123 120 183 153 108 170 178 105 162 121 138 106 164 190 154 131 188 104 169 150 139 135 123 179 134 106 148 137 186 103 106 175 157 144 108 147 126 151 183 164 171 136 198 167 102 165 105 109 125 110 166 170 154 193 183 197 174 132 124 182 145 122 161 158 113 131 197 176 162 178 102 127 174 199 162 183 194 199 116 104 122 147 159 166 183 166 132 109 101 195 183 162 141 154 173 163 163 198 179 199 166 193 158 140 
121 176 181 172 182 168 126 141 174 174 157 174 102 122 149 120 133 163 112 166 118 174 134 177 152 183 133 171 146 183 192 146 161 191 193 108 155 114 144 166 108 153 149 179 117 185 122 142 173 159 160 148 180 140 171 115 167 118 110 150 191 107 183 198 138 178 136 168 195 137 164 181 102 175 114 137 117 122 133 156 105 137 167 198 148 159 127 134 107 197 114 109 175 139 148 125 165 168 139 180 123 145 139 190 143 194 139 125 133 171 105 129 136 181 110 190 107 186 101 110 122 128 116 191 183 
155 151 136 189 140 189 177 136 131 145 178 126 116 156 177 110 117 195 143 135 194 158 153 146 140 181 139 177 190 100 126 158 150 159 172 192 164 199 181 117 161 191 148 192 123 161 151 186 159 145 133 132 123 184 197 122 112 160 121 100 158 164 166 153 146 138 194 169 167 179 197 149 126 101 189 200 151 140 105 138 181 136 197 181 167 148 136 168 167 148 148 157 111 106 152 154 149 192 147 121 123 128 163 138 150 158 101 145 126 179 138 158 198 141 109 136 104 127 146 142 116 137 144 145 102 
141 152 135 192 184 115 126 137 139 120 145 199 193 106 178 171 110 158 147 199 133 177 153 121 116 188 184 188 157 139 104 135 183 155 178 108 171 153 188 119 169 180 102 124 151 130 144 187 122 189 193 123 125 197 136 146 112 189 190 138 106 113 108 126 145 146 164 135 102 172 123 170 164 137 111 141 105 188 137 172 147 108 156 175 152 174 128 184 143 104 119 144 189 177 186 120 138 118 108 185 128 134 104 163 117 142 137 105 187 138 155 160 134 176 194 110 174 120 167 104 163 140 173 113 156 
136 160 199 156 172 135 200 191 129 106 188 155 169 168 143 121 110 178 114 137 195 186 151 124 195 186 165 192 166 135 165 149 197 194 135 189 126 125 115 147 105 183 131 145 128 116 124 169 117 161 196 113 191 164 172 112 176 170 108 140 179 151 105 172 101 174 163 159 167 136 156 112 168 162 159 177 150 171 143 109 149 100 105 192 113 129 152 115 128 170 118 147 187 132 176 162 102 124 120 129 174 102 115 119 104 106 109 200 169 130 121 155 159 130 157 189 110 164 145 109 182 132 109 128 180 
186 122 155 200 160 108 104 130 155 137 127 143 130 149 196 184 168 100 149 175 123 174 130 155 182 144 194 140 160 105 120 200 143 140 126 155 163 161 189 140 117 152 179 146 153 171 181 117 191 113 120 132 126 106 195 154 184 166 179 188 153 169 194 137 164 105 165 172 111 159 194 149 119 116 200 148 186 142 114 128 177 152 200 187 103 108 180 117 118 133 100 200 190 100 136 104 110 134 171 169 170 199 163 189 174 164 131 143 134 128 153 131 192 115 132 155 109 139 194 151 117 195 120 197 150 
183 181 104 114 163 103 111 175 114 172 132 145 193 183 103 145 126 155 114 108 190 183 180 106 147 130 114 144 157 125 161 148 196 109 115 198 122 198 121 175 104 197 185 113 120 121 186 193 100 132 143 175 193 186 188 145 138 116 115 153 140 100 148 182 186 132 173 129 118 111 158 195 178 133 164 149 191 187 193 127 100 192 187 142 102 126 107 147 100 114 142 186 155 192 100 116 120 158 177 123 164 179 138 133 174 109 122 169 138 116 181 172 119 144 195 152 164 164 105 196 145 167 120 162 150 
133 189 121 141 119 163 112 133 194 125 112 157 191 104 139 141 139 105 106 116 192 200 113 167 107 153 197 191 155 200 142 147 174 198 157 120 160 172 196 177 145 131 196 182 113 125 171 141 115 124 127 105 128 175 185 110 104 156 163 141 172 105 150 167 197 125 119 105 141 188 111 137 104 126 175 150 162 157 189 141 108 137 184 100 152 151 169 141 172 168 135 153 140 122 139 162 147 190 107 179 143 129 144 183 175 117 157 135 167 130 148 198 152 144 133 180 132 155 193 110 145 154 165 133 143 
134 130 139 168 187 175 164 128 176 124 136 161 189 109 186 180 125 116 125 117 108 140 109 189 193 121 187 125 184 184 160 158 161 152 189 106 121 169 147 108 125 110 126 185 141 165 185 136 117 152 200 198 123 135 122 183 190 160 146 135 115 167 107 172 128 191 165 161 170 177 128 137 198 189 192 163 179 121 159 136 102 137 130 194 119 185 180 164 123 104 124 189 146 200 197 151 129 150 173 186 144 155 129 107 140 133 183 138 111 131 170 109 103 183 113 197 153 102 135 187 103 167 141 105 152 
134 169 145 126 185 128 183 171 162 129 181 186 157 153 159 104 179 102 157 167 161 116 182 172 150 155 101 172 113 114 113 154 149 109 150 124 165 133 162 148 148 104 188 176 145 149 142 195 161 154 107 180 133 152 134 137 190 187 197 132 113 100 112 102 134 162 123 131 163 105 129 165 129 120 152 106 188 184 102 164 146 193 110 166 144 200 196 145 174 154 122 179 152 118 198 199 198 178 112 140 138 180 131 169 150 110 131 116 138 178 125 157 105 109 180 101 169 177 126 150 129 170 101 104 180 
158 102 109 189 109 172 102 145 185 178 165 194 157 109 184 192 191 132 151 165 159 124 126 191 169 144 177 111 167 138 168 161 193 155 115 124 104 146 144 130 127 105 194 107 113 127 113 189 157 168 119 167 101 184 139 139 114 184 200 172 151 113 168 155 135 117 192 140 131 183 132 176 146 147 198 115 126 140 171 176 143 166 122 173 154 129 169 132 123 146 177 146 163 192 141 125 184 138 167 160 152 149 133 157 103 178 166 125 107 132 114 124 117 158 189 162 171 184 124 139 132 199 135 100 158 
117 155 117 124 116 164 199 166 106 193 117 151 179 195 166 137 102 116 148 131 199 193 154 151 157 152 150 109 156 190 129 101 119 126 177 199 115 139 145 148 152 110 167 146 194 162 168 123 158 135 116 115 136 101 158 177 162 161 120 176 123 134 149 185 128 102 147 100 130 174 126 198 139 103 186 200 115 152 180 200 103 185 118 124 130 120 125 152 151 191 180 158 158 110 150 127 168 100 126 188 108 192 116 115 155 151 151 148 144 182 139 141 145 124 134 190 128 174 152 103 174 139 147 145 158 
151 171 188 192 179 168 136 113 133 138 133 178 128 179 114 193 193 159 198 169 142 175 194 191 136 193 104 167 191 155 177 191 107 182 162 164 125 104 156 192 154 107 175 144 177 158 173 140 159 147 191 137 145 146 158 142 103 169 104 133 101 195 200 109 163 136 135 139 107 137 100 109 107 148 173 154 194 146 197 141 102 117 187 107 193 194 119 171 122 119 197 108 139 146 109 130 169 143 123 192 187 154 196 115 158 138 103 179 187 191 128 132 116 178 186 137 137 130 169 170 142 138 118 195 132 
176 153 194 105 135 190 189 179 128 120 141 142 186 139 181 160 162 188 172 199 168 140 107 198 131 122 129 155 126 154 189 193 193 154 112 126 104 145 110 107 198 156 195 169 184 103 165 187 185 153 152 118 132 104 125 120 153 142 104 136 181 139 126 186 153 171 170 151 153 105 190 103 168 152 145 109 102 169 102 189 198 130 152 171 115 108 153 142 105 117 154 145 106 106 177 126 113 137 161 185 134 188 139 161 109 191 157 131 129 175 159 115 110 115 127 178 138 187 129 172 137 155 121 137 113 
153 140 153 135 180 157 166 153 163 121 167 127 155 111 116 135 171 145 184 164 126 133 164 141 146 131 129 119 100 184 186 199 154 168 134 176 136 180 187 147 197 137 155 182 146 112 191 176 181 194 200 157 162 155 200 146 183 196 198 163 128 178 154 160 199 103 168 106 125 176 111 182 128 136 196 101 128 164 150 115 163 167 162 145 173 130 169 199 152 116 141 142 153 133 196 176 126 118 133 124 154 129 112 173 124 118 151 189 147 199 137 177 167 199 100 180 145 200 156 132 184 192 122 104 170 
148 156 181 123 172 120 182 176 166 104 156 125 103 178 108 154 143 155 181 189 197 191 137 168 108 142 152 147 184 116 134 188 170 173 161 144 156 191 171 156 126 193 184 167 163 193 196 137 161 116 145 147 195 191 172 178 110 111 161 117 166 134 183 153 173 148 102 108 159 101 173 112 154 137 115 107 133 171 161 106 151 157 116 165 199 199 118 148 183 119 142 144 135 138 100 150 145 185 121 123 199 185 179 143 175 160 148 129 128 168 167 185 184 183 138 187 186 121 167 129 174 124 125 142 167 
154 102 183 178 170 140 169 122 118 135 120 106 139 192 123 146 190 125 148 189 130 193 143 197 165 155 113 149 132 105 136 144 159 183 158 188 185 101 109 132 192 140 161 147 164 138 138 123 104 190 200 141 122 177 170 121 100 159 138 109 174 106 145 121 195 104 180 100 148 132 150 127 132 190 107 153 148 108 197 171 146 200 156 176 114 114 154 135 140 126 116 105 150 133 170 104 187 139 168 176 105 123 198 188 101 133 160 139 156 166 112 112 187 170 166 100 191 176 144 139 162 172 173 142 182 
107 147 178 170 177 180 155 187 150 189 165 183 198 113 200 179 118 194 192 172 164 108 138 119 113 122 132 103 112 197 105 187 190 148 190 174 106 185 197 112 166 173 105 105 131 191 180 196 171 154 155 137 133 175 109 118 104 158 110 196 134 188 107 197 159 141 162 188 184 142 125 196 162 171 127 125 102 195 168 144 141 140 127 195 136 144 197 110 129 139 118 172 180 173 143 107 125 147 165 125 125 169 100 144 143 157 184 159 103 155 197 118 153 119 133 110 129 103 166 136 133 165 114 161 137 
149 121 106 110 157 107 148 162 128 133 162 189 161 143 134 151 167 119 194 144 174 111 177 191 168 175 140 145 127 186 157 171 158 179 191 133 140 146 193 188 174 123 120 135 136 178 107 176 163 144 140 123 171 123 197 162 164 193 174 125 133 140 155 152 128 168 129 153 117 109 149 115 140 128 110 105 131 170 177 193 157 177 189 157 100 167 114 196 193 147 157 152 154 133 144 110 120 198 197 105 140 197 130 155 145 106 145 146 121 131 166 135 148 119 187 172 192 128 115 158 189 132 119 161 141 
145 174 192 183 103 141 180 135 124 155 184 134 172 175 196 113 184 195 106 116 106 193 161 169 126 191 171 169 189 189 189 172 111 126 108 100 135 174 111 117 146 190 135 102 112 188 148 198 134 169 120 153 188 194 160 137 155 174 186 141 121 188 132 177 114 150 104 200 134 103 190 186 182 138 161 178 112 110 105 156 173 186 196 153 194 195 126 166 134 161 167 183 158 134 120 166 120 144 121 148 196 130 124 168 139 102 165 119 164 191 158 183 171 166 148 157 150 186 177 156 165 182 158 184 140 
137 104 167 110 165 137 191 105 119 102 190 164 152 110 134 133 141 157 169 102 102 133 113 118 198 186 124 114 194 181 166 152 158 134 189 173 149 134 180 164 197 134 154 194 197 140 111 122 101 123 177 158 128 112 175 118 139 196 125 155 185 148 167 102 116 150 117 198 104 158 139 125 105 142 179 184 137 166 144 135 135 181 130 107 152 121 134 196 175 107 196 119 119 130 141 194 199 161 105 116 164 135 155 159 162 174 144 174 147 172 113 199 101 178 138 172 185 130 100 157 121 128 185 169 200 
155 149 200 131 112 143 190 118 104 167 168 158 101 127 174 188 104 146 144 185 100 116 123 116 175 199 176 109 116 153 153 116 166 181 125 147 127 165 130 190 188 184 115 132 165 175 165 104 106 103 119 123 177 169 173 130 109 153 154 167 153 198 147 100 191 100 186 125 110 180 179 137 197 168 161 151 102 121 147 113 184 146 129 144 157 118 193 137 189 126 151 107 103 151 181 132 115 156 169 164 124 147 139 112 188 191 196 105 105 200 141 155 160 151 175 100 132 193 169 127 186 139 161 142 111 
117 145 105 100 173 121 187 142 130 158 175 121 150 158 172 124 179 190 102 166 159 181 120 144 158 182 198 196 110 111 177 190 181 119 110 125 124 170 117 108 167 121 158 168 159 104 146 164 182 169 155 137 131 187 162 193 151 183 107 174 147 159 112 104 121 189 140 177 100 120 170 140 118 128 113 199 167 118 104 197 195 188 107 128 114 137 132 182 158 113 137 175 117 101 182 185 130 172 142 183 149 138 144 182 164 182 162 120 182 124 109 157 170 122 173 152 108 155 132 128 152 166 158 122 128 
150 124 187 168 200 148 141 140 196 141 187 182 135 173 184 153 104 152 194 125 196 187 129 132 194 183 112 106 118 108 154 128 107 176 181 145 106 144 167 138 108 175 160 122 161 111 136 115 131 124 156 142 102 189 123 107 139 127 108 146 174 124 174 175 153 125 148 163 140 142 140 173 183 145 105 127 178 183 193 148 143 105 116 119 126 152 184 109 167 166 113 104 128 177 117 156 195 190 111 179 109 179 117 156 141 183 143 108 129 157 154 114 122 122 184 105 130 167 115 146 126 150 173 143 116 
120 128 105 173 131 197 167 104 189 163 179 181 196 159 181 194 117 121 122 114 102 193 140 102 143 195 182 104 151 176 142 147 187 166 151 108 160 198 149 129 196 123 125 134 185 177 131 174 174 188 192 149 174 191 128 117 193 166 137 162 122 138 152 160 117 167 133 133 117 199 174 102 179 103 198 146 105 172 122 129 132 126 157 173 172 186 113 181 142 163 149 120 197 118 136 118 116 108 182 112 126 134 140 149 182 143 183 119 139 119 110 124 104 112 147 165 170 138 158 200 186 154 197 184 148 
168 129 135 101 182 110 185 143 168 142 143 157 102 119 131 112 189 187 169 117 172 165 120 125 184 188 178 194 151 178 102 190 184 171 176 198 168 136 198 154 121 200 150 129 164 166 177 186 193 137 127 162 163 142 164 187 118 146 140 200 170 178 149 136 195 177 171 118 107 143 103 108 101 163 183 195 125 137 102 169 182 192 185 132 133 127 124 130 105 166 116 128 193 197 100 173 119 116 101 130 170 158 167 124 198 149 194 117 122 164 106 156 197 150 142 153 130 162 118 148 133 196 179 154 128 
109 197 138 182 151 142 165 178 111 107 176 104 131 106 193 127 107 168 158 139 197 108 151 124 179 190 154 183 167 189 195 121 149 158 135 191 151 122 143 127 120 162 102 126 149 190 190 179 187 177 176 146 137 113 118 104 103 190 120 148 131 121 190 119 161 180 124 197 146 130 109 143 135 195 155 174 148 197 187 139 178 112 130 169 106 148 196 127 158 116 160 162 181 116 110 127 114 163 160 134 136 149 145 153 193 175 182 155 157 184 169 163 125 111 156 155 199 109 156 116 106 184 177 191 106 
145 152 166 115 183 103 130 181 132 150 127 171 197 100 192 138 117 166 100 174 131 166 167 177 160 116 130 173 162 115 194 188 189 184 142 188 178 115 127 144 163 150 177 121 198 139 113 177 153 172 131 194 141 161 157 117 146 176 154 156 180 120 111 185 136 101 113 177 193 176 146 142 140 102 193 112 111 149 150 110 123 181 126 116 103 154 156 163 130 184 143 149 127 183 194 199 125 118 117 157 127 144 156 180 169 112 133 137 117 140 148 160 117 149 183 189 106 121 175 195 122 154 113 194 193 
110 162 142 157 138 103 107 141 181 130 147 182 181 163 150 185 120 141 110 163 136 146 167 186 137 125 164 124 110 169 128 119 114 197 169 156 187 132 111 119 119 157 157 114 188 178 151 114 196 136 170 153 125 184 118 114 154 200 133 189 155 173 194 134 111 181 187 195 164 132 166 193 111 123 186 168 175 175 156 187 149 101 178 123 114 167 146 128 154 141 149 116 138 169 119 141 188 188 149 167 113 177 148 114 169 144 184 139 117 109 101 191 172 112 113 185 185 182 155 109 186 163 200 146 181 
109 119 140 183 116 107 182 116 134 153 108 110 170 115 187 152 159 168 195 189 189 122 104 177 111 175 171 154 110 148 174 151 130 126 147 195 136 181 189 120 187 192 164 128 175 111 159 170 117 188 108 183 144 197 114 100 164 131 113 103 123 169 154 155 141 198 184 173 197 151 190 146 171 129 163 170 167 104 176 144 128 135 133 161 195 184 162 123 195 156 129 107 160 188 120 157 161 162 165 157 150 181 146 172 109 186 111 161 163 157 134 156 143 149 118 123 191 143 198 139 143 181 199 171 145 
160 168 155 112 131 149 104 144 137 161 127 144 134 123 182 194 176 181 122 140 129 136 122 110 194 172 191 179 187 109 115 147 117 186 125 153 139 161 198 112 151 169 155 170 154 192 129 118 173 175 134 173 127 138 124 161 124 109 118 161 136 168 128 102 109 183 102 120 164 184 152 102 117 100 155 114 123 142 149 126 134 174 137 157 116 188 115 150 120 190 144 123 122 164 200 109 163 191 150 109 129 146 181 143 119 103 171 123 117 200 115 132 144 152 197 110 165 190 124 169 129 140 170 169 171 
150 114 136 125 146 191 197 160 166 148 195 200 129 113 116 177 149 173 128 153 200 153 139 182 175 136 195 108 176 177 147 179 132 192 139 115 192 104 135 134 139 170 120 136 165 115 181 101 120 119 178 166 168 119 138 180 136 107 115 128 138 133 151 108 147 105 119 199 197 131 153 200 195 164 175 198 197 119 101 194 155 117 101 194 124 184 112 185 197 129 148 138 193 168 180 150 116 118 145 105 116 125 168 200 118 139 171 166 166 141 148 181 195 117 181 120 139 119 119 151 144 131 200 131 152 
120 165 156 185 170 149 101 129 147 137 116 127 195 153 123 185 179 129 164 178 193 186 135 142 183 178 132 153 200 162 169 114 113 140 194 168 185 191 157 195 139 195 110 149 137 192 192 157 132 186 135 168 156 157 101 162 126 120 198 127 198 165 192 147 192 189 103 170 123 196 109 168 170 187 166 118 169 130 169 196 146 197 175 158 142 180 146 133 141 198 147 110 171 166 174 141 144 109 185 149 198 192 156 111 147 122 187 161 127 104 179 155 199 126 159 114 144 114 196 150 166 165 110 184 154 
128 135 196 187 191 118 166 194 182 189 128 102 146 179 177 150 161 130 107 137 152 137 172 192 185 189 105 145 149 117 111 176 149 178 180 104 163 200 122 180 172 139 182 132 106 193 160 139 195 196 144 120 154 145 187 193 162 125 199 167 163 107 102 146 123 186 193 100 140 110 102 183 160 191 192 114 170 134 105 180 138 126 159 198 118 166 131 143 163 185 106 189 167 125 137 144 162 177 108 116 140 180 146 188 133 187 140 121 165 141 100 185 129 196 176 105 178 178 133 133 107 181 192 199 165 
133 183 101 115 103 134 182 176 107 141 187 101 184 173 189 120 151 152 178 174 191 188 159 184 100 142 159 145 185 147 125 126 190 142 129 119 135 169 138 106 134 138 107 146 127 176 120 139 189 139 110 112 109 195 177 144 140 111 131 149 195 180 193 196 130 148 156 103 183 111 187 190 100 120 165 181 192 136 187 200 124 139 127 145 147 122 113 184 142 126 145 177 194 179 123 166 173 163 194 175 181 176 133 149 186 137 159 156 108 131 122 161 178 200 188 170 195 179 200 106 185 129 135 120 149 
184 158 100 145 105 120 133 196 139 157 182 190 106 104 109 112 119 162 178 137 134 135 128 147 195 159 124 179 191 114 165 122 121 138 186 164 117 125 154 141 121 183 147 193 128 165 156 187 184 148 199 133 181 191 133 120 178 139 148 169 142 141 154 124 105 145 153 164 185 188 168 135 147 158 160 134 174 161 123 193 152 160 116 135 125 129 122 151 176 140 136 159 172 119 121 131 140 142 169 170 168 151 188 137 104 192 144 192 146 146 129 145 134 150 126 181 153 194 193 120 185 140 158 174 186 
175 145 114 138 134 123 185 128 101 151 157 101 131 121 100 181 174 134 156 105 168 154 114 119 136 122 193 111 181 147 174 101 136 103 109 149 140 161 127 153 127 102 174 125 147 110 178 111 152 129 113 146 171 115 194 153 133 100 103 173 165 115 132 132 185 191 102 188 156 135 105 160 152 149 185 158 194 103 180 159 156 119 126 188 106 174 127 180 197 114 181 136 131 147 200 139 120 158 161 126 138 156 128 200 177 168 148 164 166 172 150 123 119 198 157 128 121 136 147 111 185 125 166 176 124 
200 146 168 151 114 167 145 152 180 127 155 114 112 145 197 136 106 102 199 142 151 124 131 144 133 100 185 145 196 148 101 193 115 155 109 152 102 128 158 156 170 173 193 184 136 107 114 121 128 126 119 129 165 148 187 184 116 174 147 140 174 155 173 142 143 161 159 200 155 161 188 124 181 133 119 146 112 119 174 113 156 141 198 126 189 171 119 152 104 175 113 111 161 176 147 149 172 183 116 158 183 105 110 135 175 112 104 194 137 133 168 199 146 193 191 161 108 195 174 100 117 192 136 163 116 
148 186 145 180 186 143 187 187 187 172 128 179 124 131 142 185 106 177 120 125 182 159 133 103 115 199 136 186 139 155 104 119 193 182 154 166 196 124 156 185 102 188 122 161 101 113 167 156 161 152 142 158 148 198 199 110 196 155 108 171 160 146 195 112 178 188 184 113 113 164 174 199 112 116 167 175 145 191 192 153 115 176 172 181 197 150 196 197 200 167 166 185 120 149 109 192 126 189 191 115 132 127 169 154 102 165 188 200 143 177 130 110 191 107 194 134 154 111 102 177 197 164 117 128 128 
105 104 178 113 160 135 156 184 186 145 156 162 167 175 166 148 200 172 138 109 164 138 138 175 147 124 188 145 143 155 107 134 152 152 176 151 104 116 121 114 101 160 107 152 156 107 155 185 151 115 198 122 117 109 126 103 183 170 137 129 162 164 122 151 143 165 200 142 143 124 108 118 178 179 117 169 196 172 110 183 173 186 137 146 129 123 165 194 176 113 114 156 125 120 125 188 187 190 116 136 131 195 173 194 200 194 133 128 144 143 118 167 144 127 180 132 125 168 124 184 186 178 110 112 146 
190 200 165 145 155 179 130 187 167 168 197 176 123 133 107 185 105 111 123 176 106 183 138 165 154 146 168 114 123 124 106 112 142 192 150 180 149 197 147 147 108 155 133 162 176 107 173 119 151 128 184 189 162 139 121 167 138 175 131 198 115 137 110 161 173 159 147 110 111 181 115 147 108 177 126 104 112 181 170 120 149 189 178 180 199 196 137 135 132 144 184 129 104 176 194 114 160 178 107 170 144 118 126 158 101 154 110 163 148 168 133 101 160 120 103 120 157 160 185 179 147 154 157 164 176 
104 120 123 160 118 135 199 106 181 156 130 134 180 112 102 102 183 135 117 176 186 157 183 146 110 122 101 115 130 173 173 165 138 138 113 100 108 134 163 168 103 182 107 118 115 185 157 174 162 106 191 197 176 181 188 137 114 150 103 198 100 118 156 173 182 163 104 147 173 113 107 135 149 123 178 162 115 121 153 195 111 182 168 187 173 101 126 120 167 166 137 154 145 104 192 154 115 177 128 130 142 118 138 158 111 175 129 138 142 148 105 117 102 127 116 175 148 171 107 113 138 119 166 196 144 
158 178 146 174 176 180 140 131 186 103 119 175 138 178 151 193 139 147 162 102 181 112 132 184 189 134 179 156 129 175 197 110 191 138 193 142 125 107 132 200 129 130 162 101 138 174 164 188 180 193 156 182 118 156 133 155 107 158 181 115 122 184 145 137 189 199 187 102 133 146 166 152 118 151 121 111 101 164 121 131 129 177 147 160 188 164 167 177 112 197 115 148 149 156 165 147 182 158 144 169 147 161 141 148 199 108 149 133 200 128 144 188 114 165 169 100 130 174 183 197 160 170 117 109 161 
124 125 110 100 147 162 122 108 161 166 200 200 121 197 150 127 161 183 171 137 158 160 148 196 184 137 129 102 149 102 106 185 160 147 100 166 126 191 178 180 107 138 166 125 178 189 124 144 162 188 122 146 100 105 124 118 110 106 109 159 157 168 112 106 106 173 178 190 103 149 195 174 150 181 131 186 113 159 126 156 146 183 143 114 101 109 115 132 134 177 185 118 151 175 135 111 174 151 180 144 182 152 109 109 189 173 188 195 179 171 166 115 162 185 126 200 178 104 142 166 134 130 140 120 179 
196 151 156 141 127 184 134 195 167 103 166 182 160 152 149 169 115 140 181 198 177 124 168 127 184 104 154 129 132 188 108 157 140 195 153 178 197 169 126 181 175 139 140 139 124 134 177 160 110 184 126 108 165 187 119 102 110 150 100 102 166 172 171 197 102 149 110 134 180 184 160 161 159 178 135 182 180 116 143 152 128 193 199 153 113 151 178 153 151 156 163 167 187 192 149 190 186 110 182 166 185 115 178 197 191 157 146 121 176 102 167 162 172 147 158 198 187 173 173 159 159 182 153 153 114 
109 124 186 187 143 158 102 156 132 165 175 197 141 129 159 171 170 174 189 125 182 157 135 144 195 162 169 150 119 171 174 142 179 189 173 172 187 145 133 144 141 121 102 160 185 155 189 110 167 103 120 121 134 192 188 162 162 166 115 132 176 147 134 160 160 153 162 117 130 185 114 155 181 193 132 146 123 123 117 126 145 144 148 194 142 113 121 133 138 126 185 114 199 193 111 184 133 195 152 160 161 124 144 168 187 110 110 148 112 178 200 134 158 174 158 157 172 138 155 123 198 107 142 134 112 
158 127 195 125 177 122 185 107 198 137 190 169 190 117 150 152 149 109 170 182 192 169 159 154 109 162 151 116 187 182 114 188 117 180 114 116 111 179 139 163 152 115 141 126 197 159 183 133 106 101 142 116 122 189 185 159 162 181 149 176 167 156 135 148 128 174 106 144 133 130 143 156 152 100 159 194 192 199 188 134 108 198 126 152 106 166 123 123 194 144 188 184 101 152 190 100 107 166 134 116 110 181 123 160 170 121 200 182 169 120 147 191 195 111 120 120 192 180 118 192 195 114 174 190 109 
158 141 171 144 112 165 168 195 194 114 145 157 155 130 184 119 199 175 195 156 151 165 196 132 196 186 130 124 194 186 143 199 113 162 164 159 150 104 178 145 149 135 194 146 167 139 148 108 158 192 113 170 188 182 200 123 155 121 123 177 193 108 128 116 149 155 127 153 117 119 164 149 135 103 106 197 191 123 173 121 106 135 163 165 135 166 148 162 166 102 159 195 133 178 153 157 116 127 187 115 178 145 178 139 142 176 196 102 146 178 155 124 108 169 171 197 159 153 115 134 150 173 119 112 120 
103 148 189 126 169 135 157 116 160 121 162 165 128 182 134 178 126 104 191 198 192 145 113 189 175 123 121 131 134 180 123 134 113 100 127 113 157 195 122 142 101 112 144 163 174 132 100 134 122 172 175 168 175 141 182 168 100 102 143 105 112 104 146 133 139 141 171 171 180 103 165 193 188 120 179 186 140 119 129 140 116 189 127 125 159 132 173 199 142 105 188 137 197 184 109 138 145 181 161 124 119 160 121 184 105 179 189 171 168 140 151 147 105 126 180 124 124 136 101 124 112 173 139 108 106 
115 187 167 164 197 142 176 111 140 182 113 192 149 115 157 177 172 153 157 170 152 156 181 101 112 188 189 197 104 127 157 116 124 131 141 176 123 112 161 104 138 147 196 174 185 149 197 145 114 185 173 145 162 110 200 148 140 150 139 112 159 111 190 107 191 185 187 119 149 129 115 144 140 161 126 105 111 119 148 159 134 145 129 112 158 195 192 149 168 178 106 142 133 130 165 164 176 179 148 106 133 141 185 187 100 133 122 142 113 121 102 158 104 156 170 114 174 124 192 157 103 169 121 172 185 
156 175 178 169 150 161 101 127 132 173 108 156 190 154 179 183 137 181 107 154 165 195 101 188 125 193 154 141 101 129 198 126 192 139 162 168 147 106 133 179 194 167 192 140 162 165 128 198 121 101 169 155 167 188 117 119 171 161 143 134 138 170 153 134 175 145 119 176 134 162 133 155 167 116 130 120 197 126 189 126 192 177 164 178 130 192 196 192 146 137 111 173 121 146 141 186 137 175 135 167 178 113 126 179 175 129 170 187 195 144 192 175 175 120 194 112 132 200 179 198 164 104 182 175 185 
151 118 198 103 126 117 181 173 183 112 144 124 196 127 121 107 162 101 136 152 192 196 155 182 109 175 136 115 138 112 174 191 129 129 180 200 107 115 147 192 113 115 122 169 147 111 113 108 177 183 120 167 122 189 171 198 116 199 125 135 151 110 176 155 126 115 114 186 194 120 161 149 186 189 153 118 163 179 199 106 158 137 121 129 165 191 139 132 168 108 136 149 100 104 127 170 162 153 194 146 103 106 148 112 184 127 152 151 142 174 131 107 146 124 159 121 132 117 156 143 118 129 143 105 143 
193 128 191 189 189 119 148 145 165 109 162 197 112 162 108 114 168 155 124 136 184 175 160 152 175 160 146 139 128 152 146 184 151 191 139 122 145 158 153 181 179 111 136 169 139 123 120 194 168 140 191 168 153 163 174 195 151 190 144 124 172 138 158 105 125 135 119 198 178 178 100 154 158 138 108 169 101 111 182 122 142 113 128 192 131 185 183 170 132 117 103 112 194 188 135 147 144 170 141 126 146 121 123 174 197 192 173 169 133 118 186 152 170 161 137 153 142 115 183 141 159 191 112 145 189 
160 181 147 116 128 197 163 113 156 106 195 156 109 109 135 108 121 115 143 105 118 196 135 129 139 190 111 194 150 111 110 132 148 194 163 168 172 137 187 119 185 192 141 199 179 103 155 150 141 155 169 151 103 121 117 142 116 192 150 108 185 123 188 198 120 142 171 166 143 176 139 137 188 159 197 120 196 153 128 113 109 122 120 148 187 126 141 200 188 129 200 186 108 124 168 192 124 131 119 160 121 104 200 127 177 149 178 148 119 196 188 108 109 181 195 187 187 125 163 192 176 181 126 179 127 
183 158 119 161 126 125 126 131 111 197 151 125 197 100 127 197 199 183 188 129 158 181 146 171 199 144 106 136 135 118 133 114 125 105 157 131 197 142 186 153 145 150 155 121 108 107 183 123 129 121 131 171 160 121 196 128 106 136 125 100 127 164 198 115 149 134 128 161 159 175 125 120 100 109 124 129 198 115 148 179 128 141 147 146 191 145 189 117 125 150 181 127 123 123 199 127 132 136 190 129 187 146 127 180 165 105 131 164 156 150 187 153 152 179 107 192 193 185 165 192 152 143 177 101 120 
200 157 147 144 107 114 195 153 143 177 114 116 151 126 174 194 104 105 160 100 139 140 132 135 137 124 187 168 170 118 167 148 194 119 110 153 139 190 100 105 178 178 170 187 196 174 192 175 151 200 171 161 190 169 186 199 119 125 184 159 151 176 197 199 167 132 124 157 189 179 165 128 153 103 179 137 119 175 136 171 196 195 160 187 133 184 103 163 176 200 126 182 102 178 166 119 184 113 117 121 193 132 156 166 155 104 117 140 132 180 143 121 152 122 177 198 169 195 121 131 143 182 140 183 165 
184 157 150 127 122 117 152 199 189 156 148 143 193 138 163 162 189 173 125 150 171 184 137 140 160 128 116 134 105 192 105 171 173 175 130 191 121 111 158 163 174 180 102 161 178 128 170 134 189 174 155 138 130 108 173 123 159 155 183 169 108 173 137 130 137 107 170 129 193 144 134 185 181 111 164 172 196 159 164 192 129 111 145 135 129 176 167 106 182 195 141 135 100 173 142 142 161 151 143 186 159 178 166 176 196 169 173 105 147 169 160 194 132 179 101 187 119 163 195 135 156 136 152 198 159 
194 156 189 155 166 187 194 172 148 170 193 149 154 124 144 173 131 175 109 200 171 158 114 133 150 117 159 109 150 123 175 164 155 147 169 199 136 117 134 113 139 114 164 136 121 131 169 176 190 131 191 142 187 106 104 109 198 197 156 170 101 185 176 169 153 118 143 179 173 118 122 147 182 157 196 167 180 139 172 124 135 175 169 187 133 199 163 183 132 100 185 128 168 182 176 128 154 154 154 174 153 104 157 110 103 143 171 187 156 168 104 160 169 190 193 142 165 168 153 180 139 158 105 104 140 
101 120 111 170 112 155 176 153 170 115 195 128 171 142 156 115 162 124 175 119 190 188 156 176 138 143 132 112 173 128 182 146 164 123 106 152 137 186 172 112 173 115 125 122 117 176 120 180 137 120 145 167 137 174 197 116 189 188 125 139 176 199 193 129 137 171 197 194 185 172 195 132 138 174 140 155 131 107 166 106 125 106 112 149 121 170 169 180 142 167 115 171 131 130 173 125 166 184 141 126 193 114 133 105 170 195 149 173 165 152 104 118 186 119 145 139 150 136 166 140 200 178 175 129 152 
179 162 152 154 112 180 145 156 120 177 120 103 182 103 109 137 115 118 166 114 152 183 198 156 172 159 122 179 102 134 191 117 141 131 110 189 146 190 175 142 172 193 111 130 192 168 178 159 122 146 114 121 168 119 184 175 159 118 180 177 149 175 124 195 130 141 190 168 136 108 149 148 153 120 153 118 155 117 115 120 141 112 153 158 111 170 151 146 121 112 165 145 100 179 143 167 135 186 197 136 130 108 173 126 163 180 188 102 114 191 186 107 168 193 110 176 152 130 182 184 175 104 127 103 117 
120 162 191 167 116 187 153 193 169 173 138 193 117 156 179 117 136 197 118 178 114 128 166 131 181 177 154 174 174 164 169 119 101 122 184 153 174 106 186 148 183 106 149 131 168 143 130 189 131 169 128 169 146 131 167 133 144 199 109 105 199 176 100 165 148 178 131 110 161 118 180 123 124 106 180 151 187 112 182 127 119 164 199 173 159 181 172 194 126 155 101 198 198 166 151 147 139 195 118 153 135 118 158 149 189 167 162 115 188 160 173 160 109 134 181 154 142 151 162 125 104 125 142 172 183 
170 126 153 107 112 131 107 118 142 159 129 157 195 142 165 149 161 173 141 132 114 197 173 190 163 190 143 132 193 106 164 186 147 109 167 131 124 185 138 160 155 166 139 103 118 146 127 115 158 158 122 119 152 197 193 112 126 108 196 197 170 171 169 108 107 138 192 183 155 180 191 101 195 174 169 145 127 120 168 188 143 133 175 155 124 192 105 122 102 106 186 152 153 176 138 162 165 154 102 186 112 119 185 138 127 141 107 124 114 131 138 130 199 160 128 122 100 115 131 116 113 123 170 146 189 
187 108 198 170 191 147 113 189 132 152 120 151 109 169 147 172 135 135 160 135 125 194 179 139 151 184 143 122 145 114 123 141 126 134 121 147 124 112 112 171 129 188 121 137 154 158 157 189 188 183 169 106 170 136 185 156 180 149 163 186 115 123 103 109 158 114 164 107 147 161 122 116 155 182 180 175 163 116 101 116 121 168 101 162 180 146 165 158 154 172 138 104 154 137 111 144 103 116 107 118 110 131 187 105 146 179 189 129 140 174 107 175 154 125 172 120 113 147 185 188 109 135 137 156 174 
190 186 150 179 182 166 139 182 181 110 184 108 145 104 177 105 130 126 174 120 150 148 133 124 140 184 161 149 131 117 193 146 150 195 170 166 128 114 132 120 182 112 178 122 174 113 141 157 126 192 183 181 196 192 171 193 159 146 184 125 181 192 107 196 197 129 136 200 196 174 199 168 147 158 106 121 156 124 174 127 169 126 170 138 110 187 159 148 170 147 197 143 195 200 104 101 183 118 108 177 192 174 183 120 141 141 196 127 174 157 133 169 167 104 133 178 175 119 189 152 123 193 183 186 137 
153 115 146 184 149 100 196 158 106 104 124 187 200 145 114 139 166 183 120 101 200 115 121 142 124 172 183 103 147 160 156 103 187 155 170 183 134 163 136 122 185 135 118 187 165 193 107 177 133 108 135 200 121 190 200 198 121 172 184 103 161 113 137 195 182 159 132 155 113 163 103 119 126 174 171 130 116 196 140 181 108 127 188 163 149 149 191 121 192 174 105 179 163 200 117 192 145 167 198 131 196 104 112 141 193 122 186 183 120 156 195 103 178 180 168 198 126 133 127 126 180 131 102 109 163 
147 171 114 154 120 179 187 149 170 176 172 172 171 151 180 102 135 112 147 160 159 169 159 135 144 175 146 119 155 144 117 200 105 151 196 133 117 149 187 141 142 189 114 116 100 161 153 149 105 105 100 154 141 179 105 105 179 132 134 188 167 169 120 168 115 159 199 160 143 189 114 125 189 175 105 190 151 124 106 123 149 155 137 103 185 151 141 102 191 160 151 188 178 141 147 122 162 152 108 152 146 137 176 128 166 170 157 185 191 184 111 112 195 182 103 140 110 109 172 124 194 113 189 126 117 
138 176 157 174 172 189 103 160 189 127 144 150 180 154 198 177 138 154 172 158 173 125 152 115 145 115 184 120 139 116 105 149 168 149 175 184 103 158 180 173 181 160 163 109 196 143 188 191 119 168 189 100 136 101 160 113 188 178 123 130 106 148 122 159 127 146 138 124 200 162 177 184 172 166 123 130 112 171 136 144 188 184 162 116 151 128 103 185 116 192 105 141 115 189 118 133 101 151 160 127 116 128 170 140 123 171 154 134 133 120 172 152 135 150 185 176 125 142 172 112 125 112 129 138 188 
198 130 138 145 121 187 126 104 180 115 159 118 152 190 103 172 132 181 117 189 142 140 112 102 107 188 175 161 172 197 161 192 146 112 189 180 118 113 182 187 159 102 149 112 140 144 200 167 138 136 181 160 131 166 119 154 151 152 140 110 173 155 104 193 116 169 184 135 132 130 193 146 102 112 129 143 149 182 135 171 120 102 140 117 126 110 170 124 146 108 199 137 179 126 167 123 132 181 179 135 154 125 169 127 164 112 108 198 188 141 178 194 125 180 102 114 120 128 159 134 190 151 128 171 153 
171 179 182 161 122 168 173 155 137 119 116 107 104 144 171 172 115 121 105 139 115 121 152 106 142 187 171 129 150 194 126 159 183 164 150 161 104 141 149 116 150 173 175 108 116 185 112 118 188 143 144 105 170 144 162 148 165 102 180 144 120 109 139 133 130 140 149 158 186 199 146 135 200 131 162 119 104 127 141 165 178 123 177 136 186 198 187 114 191 132 188 149 178 191 146 122 100 156 113 153 117 140 170 199 127 159 136 116 153 124 185 121 192 108 176 116 134 172 104 186 197 168 183 148 101 
160 166 185 178 130 104 169 136 176 181 183 182 114 187 107 174 155 137 112 102 128 151 142 149 121 141 160 170 117 179 196 148 155 140 176 118 151 131 153 187 106 163 134 199 122 134 122 110 158 157 139 129 109 109 193 118 175 112 146 105 126 131 176 149 156 175 126 139 122 132 125 135 156 194 111 177 114 158 118 104 128 108 104 152 154 134 180 145 194 154 123 185 189 192 107 196 126 165 190 139 200 102 186 126 136 186 155 129 134 138 120 100 138 191 191 148 159 112 161 198 143 160 186 191 105 
143 161 118 131 181 110 111 148 130 137 179 150 152 141 102 170 189 144 191 157 108 185 127 126 131 122 136 198 132 118 107 142 152 168 145 125 157 100 175 161 114 107 136 125 124 129 176 134 167 175 127 172 103 139 165 137 186 172 137 132 189 197 200 130 196 171 140 199 118 109 130 106 148 181 152 100 183 130 137 109 128 134 164 124 111 108 149 195 111 146 126 176 119 159 181 139 123 175 163 110 142 100 163 101 171 142 102 177 101 145 163 106 103 107 121 180 183 149 115 156 168 165 136 170 107 
131 175 113 145 186 178 130 118 114 107 169 129 129 115 163 143 134 147 126 119 187 112 184 113 138 126 103 171 150 106 120 190 151 145 159 124 136 155 119 118 107 156 102 148 186 138 159 192 116 115 132 188 156 178 177 156 120 125 181 118 184 138 103 177 110 101 163 198 142 196 197 122 168 186 121 116 186 181 124 114 195 133 187 135 115 182 123 158 182 113 180 175 124 140 142 126 148 171 153 127 153 199 165 177 103 134 168 119 104 143 159 154 180 106 185 135 152 181 120 135 143 169 143 187 165 
102 194 156 102 100 179 162 103 181 103 105 112 116 115 140 116 133 125 137 182 115 134 171 184 117 129 115 189 189 139 199 187 175 193 186 185 109 179 188 160 171 194 145 182 128 176 185 141 142 192 126 138 160 196 126 162 161 153 180 116 199 140 148 103 156 143 152 192 150 162 193 154 167 110 116 144 147 122 131 142 171 146 107 124 118 118 101 177 114 177 135 124 107 136 133 198 194 101 154 150 130 109 181 106 131 192 180 199 124 132 195 105 113 183 199 159 103 125 197 192 181 197 124 160 132 
117 101 140 113 165 133 189 168 181 104 148 149 144 178 125 143 103 175 144 105 130 133 122 154 115 200 133 184 103 150 154 176 142 186 179 193 136 197 194 103 136 123 105 198 173 124 106 133 138 127 134 143 157 152 187 167 125 158 121 154 119 187 133 111 140 118 122 197 167 151 143 120 159 159 135 138 153 167 135 157 118 141 156 192 161 117 100 117 187 148 144 174 113 185 162 164 131 177 164 128 171 193 125 199 138 192 136 133 127 101 153 131 198 127 137 143 199 119 193 178 200 167 194 197 156 
143 111 178 117 156 114 181 155 130 107 163 116 164 167 140 157 121 169 101 112 190 186 178 185 176 102 125 149 127 134 180 137 147 199 161 165 193 120 172 103 124 105 158 136 193 187 135 130 200 107 131 102 105 151 187 160 138 163 150 117 141 145 167 106 152 148 182 167 100 163 153 163 163 163 108 189 119 144 173 165 151 175 119 125 101 173 125 136 196 185 101 109 165 136 145 119 141 132 167 129 186 165 155 151 124 121 188 195 100 166 102 176 158 101 109 159 155 169 168 127 129 163 136 119 199 
147 156 145 151 185 121 105 135 127 129 200 198 127 142 183 135 110 105 186 192 122 168 147 139 106 138 185 138 181 100 136 160 189 128 165 172 164 121 193 145 133 191 194 130 192 102 194 110 132 165 132 102 172 144 113 171 196 184 200 117 191 164 196 188 168 101 167 148 118 121 163 190 194 107 116 174 148 182 169 191 171 200 121 126 113 160 147 168 197 130 128 167 150 102 109 154 188 120 136 171 171 182 130 197 168 192 157 151 150 126 159 159 110 142 176 188 141 111 181 116 118 190 104 122 113 
157 105 118 125 119 186 152 166 154 122 160 154 140 158 193 191 111 137 108 123 140 121 155 183 195 184 134 141 163 128 119 163 112 151 128 180 187 182 118 179 169 158 187 180 109 156 160 149 104 195 163 192 175 187 126 103 198 101 109 196 160 115 114 193 118 120 117 142 101 143 149 147 183 196 152 174 149 123 146 117 163 124 151 190 162 186 154 184 180 158 194 118 182 176 195 121 102 153 120 154 195 144 175 193 154 196 126 122 137 200 115 189 179 114 126 177 200 115 172 122 162 126 139 140 132 
128 131 108 174 120 187 148 102 132 102 174 114 135 101 144 104 156 145 150 148 114 137 179 133 192 190 165 127 120 166 157 191 130 173 185 119 175 101 152 188 126 173 195 112 114 160 100 121 176 138 191 148 197 134 190 148 158 112 171 109 157 155 145 131 116 199 172 186 149 125 177 187 153 169 105 194 106 167 112 183 173 155 164 183 139 146 102 183 101 125 125 104 187 129 127 156 155 127 184 143 147 174 129 172 128 110 191 183 200 104 147 184 128 190 152 145 126 150 167 135 123 188 142 111 158 
157 122 148 141 149 149 132 121 156 116 130 139 167 189 187 126 172 140 196 177 168 163 142 118 160 118 107 172 176 138 166 138 119 100 137 142 158 195 106 163 151 117 191 149 107 126 186 178 159 163 165 186 150 109 144 170 139 187 199 182 136 193 160 114 120 119 198 142 109 142 172 126 163 154 127 128 157 194 194 176 156 180 113 104 116 153 124 178 190 164 120 131 178 100 127 121 106 132 187 140 128 132 132 194 142 116 122 112 171 153 150 138 198 131 156 164 129 157 110 145 161 132 116 173 153 
111 118 136 195 154 165 178 162 192 135 131 179 174 146 166 148 190 121 146 176 169 164 127 129 108 121 184 180 104 154 174 108 108 109 199 149 122 119 161 156 148 187 169 188 172 147 174 135 178 132 117 154 147 177 162 115 171 143 181 156 119 175 126 177 178 108 182 108 126 170 122 191 117 134 127 163 131 122 137 185 129 200 166 124 194 149 164 198 169 114 160 119 108 181 186 195 141 111 200 126 182 194 158 138 200 183 148 130 128 169 149 189 189 175 138 119 132 177 104 145 195 146 173 192 142 
122 160 108 127 189 127 197 101 168 179 182 166 158 117 103 196 109 154 197 107 111 191 194 143 122 107 106 141 120 125 139 193 149 170 123 102 192 148 112 155 117 100 193 147 115 141 194 152 154 165 185 177 198 154 156 162 122 152 129 125 188 158 151 156 177 101 120 190 191 175 121 121 148 146 147 140 123 194 105 121 149 175 106 182 187 158 141 136 181 121 142 118 131 104 183 175 180 118 196 196 158 143 130 185 148 199 106 160 186 196 130 111 197 108 179 120 104 113 163 147 192 190 150 160 188 
179 146 147 145 106 128 114 103 106 176 174 136 122 187 191 194 137 100 103 155 128 136 133 129 173 119 113 160 181 108 162 190 169 162 112 188 182 168 137 184 164 112 185 157 169 120 195 158 193 125 181 180 117 166 131 168 156 195 183 165 140 141 126 162 151 136 162 188 139 175 102 107 198 159 104 172 111 135 132 121 169 176 135 148 183 189 134 168 140 147 165 126 185 125 169 124 148 115 188 103 150 138 107 173 173 157 106 132 186 103 134 115 103 180 108 148 157 170 159 110 197 157 143 187 169 
184 129 199 187 168 179 155 195 169 155 133 150 150 124 125 185 136 186 149 172 173 173 167 180 191 168 168 139 173 107 128 177 152 151 193 104 157 131 136 199 121 159 126 158 125 175 167 170 124 184 120 155 194 135 167 122 167 196 166 138 129 184 124 133 150 158 102 123 144 161 117 189 189 128 157 154 110 190 147 125 193 108 110 128 103 175 182 112 110 179 110 132 122 124 122 142 132 119 101 101 154 128 181 132 128 125 185 114 163 200 153 156 184 116 171 138 200 180 177 150 132 180 164 118 155 
196 158 171 143 159 142 149 100 196 171 186 154 131 195 156 147 104 186 139 121 179 163 142 195 158 111 172 151 123 135 150 151 189 184 102 173 142 102 142 180 183 128 155 143 149 169 126 161 187 169 118 114 153 115 144 137 187 144 122 158 124 169 163 187 100 157 164 112 137 189 130 103 127 162 175 138 115 166 114 103 166 111 144 116 103 102 190 138 123 196 189 112 131 183 113 132 159 178 199 184 191 196 151 129 166 118 170 178 157 197 159 104 143 152 118 155 162 155 139 130 131 100 167 154 142 
158 165 115 172 130 127 170 109 117 187 130 168 122 130 192 140 190 151 199 173 195 191 108 157 126 175 139 200 159 142 145 143 101 198 167 125 123 106 122 159 119 138 191 164 172 188 141 101 195 126 165 112 164 143 183 187 116 122 107 174 200 189 145 169 172 146 156 129 161 124 101 177 125 155 182 157 162 197 143 115 175 139 117 126 135 119 183 124 130 132 125 126 108 133 123 197 135 193 132 200 192 111 179 136 165 139 127 189 120 123 120 148 156 146 194 121 119 170 149 146 116 169 134 153 111 
55 17 78 20
27 23 130 78
40 70 90 84
27 85 124 107
19 31 132 68
40 14 123 16
50 34 118 63
46 77 63 78
45 2 70 15
68 10 102 14
6 38 107 107
9 50 36 119
19 47 115 103
54 2 64 48
61 33 84 79
15 86 97 121
44 35 139 55
36 45 58 93
53 7 63 43
6 75 122 85
13 55 120 55
131 52 132 79
24 54 47 124
4 20 123 26
26 70 79 106
5 74 119 108
47 13 112 118
65 52 92 122
56 48 131 61
19 4 123 53
88 27 121 102
141 91 143 125
45 27 134 53
35 53 35 101
1 94 12 120
5 93 28 112
25 66 114 106
35 58 44 93
75 20 110 94
85 57 90 86
86 21 104 57
7 4 70 113
98 102 141 125
99 9 123 39
102 16 127 36
105 30 113 47
8 18 82 44
36 72 138 91
54 18 100 47
19 17 97 29
34 8 107 12
7 25 39 48
12 78 22 105
9 19 97 49
52 16 115 43
65 84 115 107
61 43 131 119
6 17 63 52
77 28 141 67
90 83 129 102
126 2 130 111
41 11 138 90
59 27 101 37
87 28 118 89
84 10 105 92
3 49 28 55
122 92 127 93
19 95 134 124
11 86 25 101
60 33 63 123
19 15 75 116
49 40 143 45
19 35 97 120
65 9 135 86
49 43 113 123
23 76 40 119
15 79 38 111
71 10 142 76
4 24 9 121
67 66 137 95
104 4 141 6
125 86 142 92
5 5 40 15
18 68 109 115
7 107 139 124
1 33 14 92
42 35 112 42
57 22 132 78
89 34 127 84
66 2 126 46
119 68 124 102
41 40 111 64
6 62 108 66
50 38 58 73
47 10 86 41
46 87 132 104
49 65 140 85
21 46 99 64
109 65 125 124
30 75 104 111
83 25 105 90
48 41 80 65
57 39 59 122
31 59 46 116
77 47 101 95
20 53 88 62
63 88 76 109
68 38 143 106
75 50 133 59
27 11 41 79
22 54 96 77
33 26 85 78
6 7 96 105
24 7 60 39
53 55 58 63
80 19 123 79
109 60 127 102
2 65 95 72
19 32 122 34
16 3 63 23
84 7 109 114
94 7 115 9
32 41 38 72
74 68 141 92
19 56 75 73
99 6 110 80
7 81 100 103
35 63 134 104
39 36 40 79
23 27 140 45
7 50 98 86
61 72 130 90
39 20 88 82
67 4 126 36
57 29 135 36
11 36 44 55
65 67 81 91
61 39 110 78
8 32 134 99
73 8 134 124
72 22 128 101
96 41 109 49
135 22 143 30
59 31 84 73
10 79 125 106
66 1 118 87
20 12 138 82
38 35 97 116
45 45 111 110
2 7 67 12
18 32 41 53
7 90 13 104
35 31 83 110
58 58 109 118
9 11 84 22
21 93 109 107
54 10 56 79
10 40 77 65
85 16 131 52
100 3 135 89
61 4 83 82
40 30 113 107
87 26 125 49
19 87 27 110
15 72 59 105
110 100 129 125
7 103 60 104
38 15 113 53
104 57 110 100
69 44 130 77
101 84 142 88
11 89 31 106
63 17 132 40
81 83 142 123
78 67 138 72
51 83 143 119
4 9 33 73
29 75 96 103
60 19 91 45
123 77 136 115
8 19 109 75
45 49 49 65
132 54 142 113
60 57 71 71
25 113 106 114
54 30 120 48
8 87 121 106
90 28 104 54
120 5 125 79
19 56 54 102
