10000 5000
1710
1137
847
1112
946
1540
139
606
1084
1947
268
1594
1682
765
1830
1373
1307
1954
889
346
995
162
1474
486
1374
567
1742
603
1929
1536
1290
1991
1025
138
1103
1971
30
1594
578
1115
1893
1198
1061
1927
1963
1243
1301
1622
1197
190
1968
193
704
1795
679
78
362
774
682
643
662
1972
986
1687
462
441
11
493
388
941
1960
281
139
1373
561
454
617
1862
429
166
404
397
711
1460
544
1743
1539
1258
517
573
253
1531
897
1239
1218
1360
1681
1581
205
421
522
517
702
661
242
1615
1468
1211
1829
1897
1378
233
646
89
1694
1543
184
1585
801
701
510
1407
232
1407
998
1803
1119
679
1384
1676
1100
259
545
155
1272
788
122
740
1999
1952
637
1729
537
1636
171
583
1179
355
168
332
1409
1030
1739
1993
438
738
1796
1909
1769
1533
1586
1222
144
131
1729
1416
1271
1851
157
1623
1803
1146
1352
693
782
1875
1276
1961
231
1797
294
1992
827
385
1985
1265
1123
1782
1527
893
1667
1113
467
1811
1596
196
1579
868
47
1736
491
203
883
195
896
17
71
524
1979
654
321
625
646
1149
1010
631
766
486
765
293
1731
784
1758
198
595
1355
394
175
575
793
263
1066
1348
1498
1261
244
1516
1684
769
1847
338
1442
824
984
591
186
1968
1710
672
733
3
403
1518
114
953
465
1821
1347
992
396
493
1256
1814
1841
1106
1075
438
622
1112
1559
821
1450
1001
1645
787
1945
1832
755
1655
856
1488
10
1260
1358
124
213
1824
1945
1913
816
341
406
424
155
599
1531
1583
1037
505
1047
596
1327
497
1598
1324
1636
1543
1508
391
1198
365
232
1208
1977
1590
1685
542
1766
1630
455
583
324
1213
1359
831
1813
890
766
1202
1748
1813
1799
1075
311
1749
751
299
1292
260
691
842
977
923
402
954
865
87
1496
632
70
304
1567
394
1869
926
1577
34
169
344
1237
1917
157
1036
1344
820
785
447
1120
429
707
1811
1623
1684
1086
25
990
303
465
487
935
535
1143
854
1281
1012
133
858
1399
302
1202
636
571
1712
24
267
532
809
714
1652
1590
1422
1815
1213
1458
1253
1590
449
1557
55
1288
844
942
431
1699
223
1795
1832
1434
1194
486
988
182
1057
700
206
1324
1585
1367
38
1237
957
1812
1053
522
1623
306
113
72
215
168
1360
1060
1111
143
1111
1686
290
943
1472
1837
1781
461
19
1190
1513
578
514
1098
1945
904
688
1255
1069
1741
1777
692
399
242
1116
967
763
476
27
226
971
1490
1912
1261
785
1737
1098
566
550
1470
1756
63
48
622
1514
1993
1878
202
1600
947
295
1730
1991
1046
1972
1107
13
735
1935
392
961
906
1882
1226
168
667
1315
1618
1585
1865
1088
1341
280
1136
1963
1794
1482
1842
348
1434
1141
643
1164
1133
42
1489
240
55
576
528
800
1538
1434
682
1116
1954
1702
431
1573
1287
296
1013
981
928
150
1296
723
1984
1490
1071
1418
632
67
583
117
109
424
709
516
1000
1237
1316
538
1024
351
6
978
405
789
903
44
1437
1917
1025
366
419
674
1441
403
164
512
173
1148
931
1108
1617
1040
1532
679
1909
533
1916
1577
1423
1292
1928
1430
271
685
219
1526
730
9
1795
107
375
214
1133
1816
969
1298
680
1495
798
1612
603
768
1004
136
1447
1265
669
1715
843
92
1008
1123
1874
1631
1809
446
1157
891
455
953
998
1182
1519
484
998
841
1782
30
336
932
1642
1291
1700
999
1427
1499
264
448
1215
1107
893
223
583
767
1854
392
1565
1363
1283
20
668
633
1202
540
1117
552
1381
1251
583
69
536
577
1712
588
1576
1492
88
193
1940
1303
1652
833
1878
235
1953
1732
979
1870
1447
262
243
116
1248
1445
656
717
350
389
1969
1285
810
857
1862
522
1445
1791
14
1533
336
307
1188
1988
1492
1066
576
1797
1150
1555
1668
598
170
1911
1066
1418
1708
74
135
58
463
456
1343
1625
1665
1558
147
1111
1349
514
996
1685
821
185
1673
313
1603
601
111
1106
157
131
56
327
42
1122
97
1750
1196
584
161
11
1393
1504
1636
1058
1062
135
521
763
1001
1518
448
1822
55
474
488
10
1075
951
1116
1584
1082
1172
1911
1476
646
8
1226
194
593
1387
557
1986
1244
193
1396
658
681
1918
1422
1682
1788
222
1857
1843
1048
345
1853
476
1648
1322
60
1082
846
1972
558
1493
332
1784
1687
1277
1524
245
1615
1120
790
1012
130
1823
1282
1904
1506
1070
127
1715
913
1527
412
1118
3
60
792
64
1494
1639
388
52
1132
1072
188
1171
350
64
1768
1965
1184
559
1329
1667
734
611
1571
592
1681
1698
307
946
1226
719
417
1581
1131
1209
1645
625
1200
385
1029
332
1458
1218
1856
1808
1282
1624
125
819
535
1807
486
1270
418
57
1862
452
108
522
1398
1686
1593
167
1267
725
1729
1265
1702
929
1650
1084
1262
1460
302
1470
1268
1936
1094
1746
1107
1630
1553
1945
1252
323
355
1114
775
815
1988
526
501
1582
1045
120
659
774
1737
361
1704
1740
1797
1318
1200
99
788
821
388
234
567
1847
216
472
1793
1468
795
148
935
1923
1315
923
801
1816
505
1846
288
1164
621
26
1878
325
118
1675
1995
1318
127
783
139
867
1017
1058
714
1234
1882
859
1054
678
1359
1989
953
674
913
106
842
1770
1952
1131
1287
925
1509
1165
1602
1627
1192
1597
1297
1319
380
1789
186
1750
1199
1253
1336
1082
112
390
112
1824
380
1417
498
1645
1523
1341
1415
1475
824
702
401
333
219
355
312
1412
1953
1961
731
685
102
1270
435
1302
875
1771
384
1339
162
496
1163
894
1913
1662
539
1436
1355
306
1263
179
1361
16
864
1580
372
1528
992
677
1489
76
1362
1592
1698
150
894
573
273
1630
264
435
478
1428
1681
743
1090
572
531
445
879
1794
976
592
163
1840
172
887
1368
1517
1564
857
1945
926
801
1643
1076
47
568
1350
1677
1184
137
155
612
171
898
54
743
1429
851
1974
1576
1827
566
1739
1667
1091
626
1387
608
542
597
553
1468
1398
548
897
1798
1468
599
1475
652
1088
1983
1617
1259
1233
1671
355
663
523
329
591
702
1248
682
370
339
1660
109
947
202
706
1852
22
457
752
919
255
572
1870
1730
1224
1311
65
1193
570
1299
865
1277
314
1740
1607
905
442
855
1939
1164
1546
1599
1274
493
1801
1980
697
175
789
1449
1447
1044
373
1317
775
1949
628
1192
1143
1551
491
8
828
805
100
787
62
542
1994
1
1707
1540
1600
1333
385
1753
1665
1082
1929
455
883
1728
1499
1256
1045
626
1206
26
1819
349
1929
310
709
757
1468
809
1545
1530
1351
1539
1532
1410
1432
1484
743
1817
1590
761
900
1871
1216
135
1599
1067
1392
644
1694
950
1022
1865
1299
951
175
360
1709
1995
1169
1606
1526
872
1497
1410
635
929
1246
1730
747
836
491
1999
707
1707
134
306
775
1878
1303
821
828
677
686
127
1629
1213
839
1690
1209
8
1648
1087
1233
1145
849
1868
427
95
1950
1526
932
442
1525
1991
501
11
650
1628
1890
1953
801
718
630
1487
1198
611
1053
37
301
614
398
1949
53
1983
1447
902
1851
1874
997
153
1752
281
595
1277
625
1449
1288
1275
1429
1530
1580
231
249
210
70
1799
1174
1123
188
1475
1737
586
1777
1790
569
1224
1044
772
1450
394
926
1202
675
1873
831
1652
1674
471
927
1104
2
507
1335
603
1070
1405
402
244
881
590
71
618
1529
1848
761
450
1424
1805
1575
1226
551
853
780
1579
726
1963
1231
753
435
159
1857
789
1018
1192
1392
440
949
146
684
1830
1088
1108
801
617
1308
1914
1420
1085
1719
995
311
623
1848
1444
202
926
1407
1433
1679
1842
1944
1888
631
1315
1432
375
1755
382
521
792
564
1610
1900
1365
579
1208
1279
351
293
1351
1346
957
1974
1546
401
176
825
160
1961
856
355
1906
745
986
1573
529
1714
1328
1263
235
120
1828
197
372
1545
777
1933
825
1480
578
528
1179
1887
854
1077
640
1382
1902
801
1343
1111
1156
1601
208
494
1174
737
208
855
1
444
1327
1829
993
1700
1726
122
1633
551
1603
563
1431
782
451
637
1859
1091
19
114
1892
1715
1225
1400
1668
1785
1895
1195
522
103
50
875
899
1377
704
1893
1429
431
15
1414
1334
1618
1978
1118
752
781
1755
612
1872
127
1078
117
1842
303
1517
1862
88
1412
1057
962
1868
1459
1838
767
837
894
1012
266
1677
1028
33
1364
998
11
482
1751
792
589
715
1016
716
1793
1133
910
448
651
773
888
415
182
1850
283
1642
1688
1403
831
935
415
1449
612
1795
1482
1976
794
1493
810
897
637
1400
1964
6
116
109
1139
1379
557
142
152
1445
558
334
1647
841
1976
1688
596
807
623
1012
257
1587
807
91
1564
1953
1937
374
1202
574
1774
1166
932
243
1275
72
1622
184
214
126
1981
1124
812
1629
318
1141
1669
914
300
644
1926
909
231
1086
1001
1795
1391
938
522
594
1864
648
112
797
1243
1740
869
865
1924
1435
1343
258
560
156
239
878
1297
1908
1792
1597
552
71
507
783
1509
1508
931
900
798
1805
1846
662
453
1959
1459
1697
51
680
914
1975
468
258
585
1028
414
824
258
1711
732
402
1660
1636
473
167
772
334
27
1703
1235
825
1508
1081
1840
313
1392
1651
10
1443
332
925
1771
1152
1535
356
532
1949
1533
790
12
265
1192
24
254
18
192
1026
352
571
729
1939
1749
589
1373
1589
902
765
1240
1265
561
1924
190
332
1076
1725
1040
1960
26
573
750
390
1191
295
414
1445
665
958
471
1369
1882
1552
1309
1631
141
682
1220
1395
1799
812
660
360
1089
1202
692
517
1279
85
478
1305
658
1580
47
1849
1875
462
1294
892
1772
1765
262
1654
1669
1923
1285
1810
605
857
1558
404
22
218
1117
1111
1773
161
1628
1052
246
106
710
905
39
757
1106
1914
1571
401
807
1344
518
1421
998
188
1344
636
350
301
1493
260
1057
1515
831
174
978
604
336
607
1656
582
1065
718
1839
1104
1828
946
1371
1399
1699
530
1095
217
1951
446
757
1295
1082
1460
1596
927
1720
1005
795
551
1180
1773
1507
1516
380
1164
450
1798
234
290
902
62
1236
625
1814
1287
1155
1261
1504
1106
1707
614
753
1141
426
701
69
146
1707
864
1050
887
637
557
755
1370
73
1557
1168
660
1847
422
722
1435
1048
888
722
555
150
579
1662
209
1545
767
1351
1971
1469
1420
469
1528
636
1519
767
1625
429
1522
995
854
1431
515
1514
1631
1290
589
1418
690
1477
141
1245
1979
1072
1259
189
617
27
1540
940
1496
1312
1409
1376
1948
1281
143
1925
62
17
1273
916
1448
1788
431
1079
1430
1020
498
120
849
991
1718
829
415
977
1018
1384
1004
910
676
852
222
85
228
522
1718
371
447
1780
740
1720
1049
189
1861
1832
1620
1291
1204
470
1764
53
1813
1482
882
580
459
252
1964
1816
1162
640
668
1736
1078
1249
258
1148
1972
706
929
713
778
330
902
639
162
874
283
1366
1345
399
1771
1510
233
1006
91
1044
1258
55
860
773
1048
1529
509
478
1130
768
1626
1102
1826
907
1815
956
1237
1069
1948
1751
1944
583
1469
1641
982
1241
1151
1567
247
1242
611
1857
1650
1472
630
1050
1353
1492
1528
483
612
1154
1585
790
62
1401
1746
1651
822
1694
1403
766
277
872
759
1611
465
1911
1178
712
1505
1790
570
1507
1262
1552
557
967
1044
85
1450
8
1592
1387
798
6
1140
545
9
1963
591
1412
729
869
637
1489
832
1102
1752
11
167
1609
153
1089
1117
1767
641
1674
734
38
112
536
46
56
1923
845
62
1064
1742
71
1027
333
1836
108
1202
825
1949
387
279
1701
750
446
1311
903
1535
780
1022
529
454
1756
919
918
644
965
974
567
162
1388
1983
1904
1460
1010
238
1648
1119
1792
473
1420
531
752
1122
1281
1199
785
536
1086
1565
1558
1967
371
1666
886
1642
310
204
616
1230
718
5
1213
623
1817
224
1213
1465
1695
1357
1938
1115
241
1042
589
1522
593
1726
59
1680
1643
1969
1999
367
1636
886
9
298
1442
625
1528
160
982
742
1135
799
1318
700
616
1365
410
906
480
651
1949
1422
525
542
1500
936
574
1144
906
574
1511
894
1812
1520
1192
1606
497
1073
1766
1832
167
902
983
1485
1954
1600
850
364
506
1682
1015
807
1104
1541
1702
605
477
276
101
1735
1202
1964
629
1366
1484
174
972
333
1599
1091
165
1766
1993
1149
1251
299
1101
453
664
1959
135
31
767
1592
1924
469
549
754
1097
650
489
652
614
1471
18
450
1997
1343
1135
1596
434
1301
1362
779
802
613
1078
255
1066
1742
214
1553
1774
1333
1145
50
154
1694
804
1252
344
1294
256
1310
1117
274
1760
1114
1617
1248
710
51
901
72
830
1703
1037
261
310
455
3
876
8
129
210
1154
180
716
1200
1336
320
1897
630
576
1207
1747
1203
1320
1213
820
568
1923
1224
1469
347
406
1524
1384
1019
1834
1839
1023
1062
200
1504
1624
1706
36
341
906
1373
661
803
355
1590
363
455
793
1683
1668
1965
603
1944
1541
72
291
300
1948
1676
1319
134
1867
694
1196
419
199
821
125
587
1514
1384
312
527
539
1020
117
902
1475
910
937
1495
876
1540
1439
417
1964
1731
717
1912
1759
37
398
1626
731
1947
46
1282
768
523
1870
634
1907
534
1161
447
1554
1279
1701
1381
541
639
877
1417
179
668
187
496
399
1256
760
158
1293
1159
137
377
1106
535
11
226
1058
233
860
1318
768
373
117
322
1652
1818
1704
194
457
933
1963
989
1601
502
1485
353
1759
245
511
1052
1404
1000
1781
862
1887
1793
1088
946
26
300
616
1146
674
733
1469
678
551
1525
1224
1361
810
1540
350
411
42
1835
764
1801
432
1628
1206
1837
980
987
1051
868
1132
140
166
1159
792
782
657
1466
1867
126
497
770
3
1721
131
813
1613
481
1577
1656
668
693
1457
1101
673
1015
1290
1654
3
341
522
1487
833
1040
998
1626
174
1656
1444
41
134
1941
1163
490
15
1295
1303
1628
128
1232
1636
797
278
1446
1898
951
461
1188
605
816
1529
1479
304
363
871
1654
341
1045
1310
1785
1438
1445
79
602
1935
94
1897
1590
74
25
1175
1711
822
1453
1509
1072
404
1970
612
1362
1139
142
841
1443
857
65
1097
1550
1110
760
1335
549
205
1414
1151
492
1860
1400
434
1935
1777
1609
1998
952
1062
1859
24
1819
1829
637
1181
968
1131
374
763
340
439
213
1890
1550
973
1225
451
1530
992
1954
22
852
1354
456
1139
1483
418
1489
435
1480
1348
812
1651
1530
1801
832
850
932
1559
1614
1624
1998
179
1514
1900
1152
1091
703
1034
435
657
1408
1288
363
216
779
199
634
269
634
467
1969
1798
118
1499
1599
1303
350
883
862
316
507
1212
495
373
1465
1999
1817
168
1033
252
1178
441
1892
1893
657
672
92
1292
1293
1079
1759
1262
877
229
1114
829
1532
1464
1712
394
1780
572
1607
275
945
1072
274
762
1592
1659
1367
770
100
1259
1016
1109
1931
1108
401
1576
539
512
839
1417
742
1953
246
274
1769
310
1021
1901
882
628
176
180
52
802
942
1996
813
661
767
913
1921
135
22
204
1243
776
1781
135
1640
620
1552
382
925
150
1009
1046
812
30
947
1695
1010
1475
1875
1414
629
1169
1410
1442
1831
529
707
104
664
1081
308
260
1857
89
395
1498
1061
299
232
1986
449
1593
1032
1261
1623
331
1308
985
1806
1535
399
435
1057
1810
1877
888
339
584
992
1356
18
1300
1616
227
1742
11
77
803
310
310
790
1111
1903
174
724
1879
506
385
864
312
1920
1264
1100
977
1426
977
217
1765
1914
1209
1121
284
862
1089
511
604
1100
589
1407
1762
899
549
1225
1154
1076
1950
1385
1934
335
250
598
255
1866
1698
1585
1292
1028
1802
1409
1294
1364
883
1578
578
1972
89
1182
1425
678
941
1187
1929
1843
765
1436
1271
715
821
1205
1402
1423
1803
9
1289
1854
1594
581
882
1749
343
176
1113
1226
1754
1691
1550
1843
1225
975
874
518
515
803
713
1280
239
1984
347
1413
1541
1749
836
1345
1758
126
1551
1705
1059
433
1454
1402
961
919
980
1067
962
531
910
187
1506
136
1057
373
940
1771
1653
1531
1755
0
1296
1297
101
133
994
212
611
897
1917
1670
1330
1723
1425
643
642
405
1710
1604
1288
972
143
795
1109
1200
1168
401
1323
1174
284
1431
1174
1581
1080
1276
1714
426
1488
677
1323
1757
347
1005
1832
124
1648
826
882
1358
782
170
330
925
965
1791
477
486
192
1801
1660
477
1584
1186
410
664
814
476
1090
654
1153
413
411
1500
1418
243
1977
1418
1069
859
776
1851
1029
1458
1128
347
1602
1958
1185
1794
111
1197
623
1695
383
1385
359
1198
1861
1449
204
1014
214
616
867
1632
1211
844
1402
633
55
178
836
1084
1988
317
1783
1942
275
1320
89
386
517
712
81
901
450
792
451
311
593
655
1326
807
1623
193
791
1187
1389
193
1820
1444
723
1008
880
1063
1325
664
1006
1600
1984
1095
338
502
159
771
1755
609
1563
558
921
156
1565
247
963
1541
792
106
728
181
299
900
1625
1374
1908
505
438
1234
1521
1444
1186
1858
891
1525
712
1050
296
819
12
1860
1377
1285
368
1294
1532
1684
1187
676
1790
1915
857
442
1167
834
1816
1428
1339
606
662
1213
402
200
1071
1293
1725
1783
696
374
602
708
586
331
1993
954
1977
1877
638
1165
905
781
1432
1762
1223
600
596
1391
28
287
1998
1042
1500
400
1242
923
46
1320
706
742
1694
1660
1802
280
343
147
1586
321
24
577
1486
1281
1358
918
1043
933
1518
1991
676
1898
630
674
940
483
1427
535
1406
1473
1855
465
215
1549
477
369
181
821
516
1767
1142
892
344
628
173
54
1546
1568
987
1417
1559
1664
1667
189
690
608
672
117
1143
431
1942
998
896
509
899
1373
878
1080
194
1394
1199
1336
638
1896
316
811
1950
215
379
1290
1984
290
954
1651
480
1996
259
1504
466
1754
1935
408
1104
831
918
3
557
1796
1435
751
1543
635
440
181
531
1108
1345
833
1323
76
123
1307
367
1077
1311
847
1426
1570
703
1892
1677
639
300
781
1822
1218
1137
379
1367
572
1483
1262
1559
275
1795
442
1383
1140
1276
1059
1217
1399
366
1584
829
29
783
255
1600
1838
147
1629
477
799
410
652
370
1547
1383
1737
472
1218
1351
31
1493
1146
474
1229
639
1750
288
1856
1149
1006
1792
330
1036
927
585
988
765
1084
617
1595
1884
1379
247
254
927
1982
343
1399
1201
1694
1782
1046
1192
256
275
1831
358
915
1687
1860
1922
1831
190
1310
758
776
298
1524
1860
1267
1119
96
646
1718
350
1925
52
1045
1676
1253
1091
1459
652
284
67
1279
467
426
195
507
286
469
338
476
1779
1097
1604
429
973
1817
1696
444
1913
342
162
616
620
214
13
296
1820
1105
1755
824
1741
1823
103
208
601
650
1067
887
1119
1406
1715
1250
855
1320
1679
180
1489
1727
624
1754
422
1138
370
1042
1352
736
1338
1524
193
1446
348
1934
1269
804
494
222
1454
1562
1109
926
1320
824
528
527
496
560
707
1985
287
1331
1740
709
469
462
1751
173
1198
1442
50
1743
888
398
1677
509
1554
524
731
1009
438
192
287
1758
1016
815
285
1865
1375
992
202
1663
675
294
724
1144
757
828
1669
307
622
1719
51
1510
470
80
371
24
956
1102
1385
1394
1294
1672
1504
662
488
1789
527
1863
1133
1082
1878
1808
1376
955
1304
485
1783
974
793
405
1045
1196
267
1515
1628
638
1892
585
92
1277
1979
1386
950
1484
400
1790
1625
1280
5
759
362
236
919
1738
1191
576
224
1326
1550
1369
83
595
565
350
463
193
1340
355
1130
1432
1632
1110
1170
934
594
1570
724
571
1202
1082
1330
1564
1318
602
1655
509
1178
231
187
1080
1600
270
27
517
972
490
1062
312
1197
193
96
1182
1655
1266
116
601
1188
1193
1172
391
627
503
307
1945
1457
1962
806
635
545
993
1715
145
1615
1742
1014
587
585
429
1251
1782
622
1347
1316
629
965
1433
1230
505
978
402
1248
1605
1257
1556
1902
714
1870
708
1349
416
1701
1416
913
1316
1511
1928
255
448
357
1506
230
1331
1205
1899
1960
170
1332
1542
1027
662
1944
276
619
1202
1832
521
1916
1702
1229
1618
118
1282
1386
1384
950
897
1312
1205
1345
21
1063
1928
1352
268
1827
1664
790
1511
1206
1817
525
1502
93
1144
704
277
17
973
1980
1246
943
450
880
329
1834
182
1579
1498
1387
1276
1519
802
1556
1223
1070
1735
1239
212
1598
797
381
123
300
475
1619
1356
1104
1636
329
1436
1234
1272
239
114
1954
425
296
1533
1924
35
1161
1795
1189
718
1019
611
805
610
823
404
1408
1205
527
60
32
499
1416
1136
135
1746
573
1722
1370
1164
188
1324
1589
485
1209
1513
872
723
1309
62
1441
680
673
598
1642
1849
1002
1050
1406
1882
1110
1438
381
527
926
868
625
1851
590
1995
1015
779
1672
605
1616
1233
470
840
1956
131
902
1749
811
1928
348
806
129
1350
208
1535
1232
1319
1325
1613
198
603
834
1175
455
1424
1170
1822
203
1194
779
1819
428
1250
1012
384
1381
1914
134
545
194
482
1703
675
184
1911
210
1417
1582
1887
1382
1780
491
216
955
1298
1993
478
1120
196
24
1900
368
452
1502
1380
1189
1235
1646
1323
132
193
157
1835
868
341
1747
1431
110
1329
1318
1845
1462
1809
413
769
1107
406
1599
580
603
1624
832
1323
76
334
1055
1265
1921
1053
940
54
1246
1449
241
467
143
1988
1898
253
1670
1216
450
1132
1378
864
253
485
1270
1853
1417
225
1477
249
1900
1905
935
955
1523
857
9
463
1263
1607
1913
1504
74
56
1845
1972
661
1867
1541
1112
1351
919
328
1604
1756
1598
1457
1174
176
1286
1423
76
1192
711
1384
1067
1568
1393
1530
1183
1000
1795
1039
1075
203
884
1399
1217
1103
940
681
454
211
1009
59
320
607
1868
1494
1135
1507
1269
1212
1051
1980
596
118
1900
341
0
1083
1693
1796
123
1120
351
1359
520
1568
463
1812
249
1269
376
1258
1680
696
218
1901
542
1353
1408
1811
917
459
144
1865
577
396
206
577
1832
252
725
1955
1372
1077
1666
244
997
481
57
1599
103
785
857
1783
1481
1427
1684
23
1133
1092
186
402
1903
330
268
832
727
826
1410
559
1078
487
866
451
1916
884
695
914
1718
1104
513
1821
1889
1722
1956
1370
1502
1641
1745
635
1085
1932
1037
989
614
1657
1821
1341
484
1583
252
1562
423
1470
365
339
707
1061
1605
777
165
470
950
55
193
906
1777
47
547
1523
682
1985
1455
71
974
69
1729
1147
1763
565
1083
367
479
1506
190
845
197
1249
1906
1803
26
423
273
976
830
818
1882
608
865
782
483
1899
767
290
323
93
359
404
1592
474
969
675
1194
1800
533
1736
645
1083
985
903
886
1363
1327
1511
691
509
682
573
1117
1899
1707
1952
151
826
242
474
1271
954
1230
864
1780
551
1891
974
351
425
710
997
1860
47
1900
1098
1410
1579
609
101
89
1643
1027
1558
1895
1086
1511
46
1913
105
872
1184
1059
102
400
840
653
292
166
1004
1069
1229
353
929
1276
254
27
1039
1833
988
1492
274
632
519
1833
879
1606
1696
925
1871
1801
1797
1407
861
1899
1808
53
904
100
571
1908
1521
1800
262
450
1429
868
829
468
1053
1817
1960
1328
801
832
1513
32
790
1209
957
661
1010
754
68
223
1005
228
628
1909
680
1200
170
201
1352
432
1003
781
1300
1832
1601
705
2
1914
33
1155
746
1546
1188
1536
1107
497
549
470
1604
969
693
609
1198
1674
871
1878
1226
1041
80
578
1473
1435
1360
1125
1268
1313
182
1622
1227
216
1129
1973
114
669
1861
1574
1167
410
44
771
1380
737
1732
578
763
603
808
1989
1644
888
568
1469
324
280
946
1944
1593
1129
1918
1173
1697
1399
1146
1811
69
1008
1385
1588
1770
1781
711
1150
871
443
80
1634
1047
889
1624
691
129
544
513
805
824
1459
1101
769
588
1371
1942
285
771
1441
449
1192
801
186
1132
571
1968
1843
74
839
286
506
825
1685
1747
449
729
229
993
1242
1034
169
701
488
1291
1642
1859
1585
279
630
1026
1080
174
179
1619
1306
1103
1587
1149
1529
778
1788
35
1603
1473
135
405
202
364
1750
1796
1750
1920
850
238
1563
492
98
1148
1123
1080
527
204
1255
706
1823
913
1809
1762
415
1338
540
203
1726
495
1676
1861
1252
231
577
1003
27
327
1275
877
566
838
1721
1016
1986
845
96
513
1401
1703
1572
1224
969
1381
1338
1384
1072
230
1587
1150
725
1615
1363
1978
1846
1940
1333
226
619
608
1103
1185
1446
1177
553
1432
22
650
298
1423
705
1870
999
1674
1603
337
1058
675
567
997
177
1644
613
1540
1974
811
1480
1307
1037
100
1915
493
1637
1361
1670
191
1146
1692
1193
1796
1467
250
1666
818
277
1621
1507
1687
649
426
685
826
422
1650
367
397
461
199
56
1499
651
324
344
641
37
14
1184
1183
58
729
1331
1877
979
1349
695
1256
971
202
944
1620
980
1629
798
1402
1631
1517
151
92
69
208
1943
1072
532
287
1713
569
301
897
105
359
1978
1436
588
958
786
1283
214
109
1837
1510
81
817
1491
879
572
1122
749
723
1567
818
931
1510
1890
1815
1798
1956
737
451
1205
842
1163
1184
630
1751
142
1768
1387
708
1877
1224
219
1958
394
62
1190
966
1537
1939
41
1104
1109
1325
614
999
1140
412
955
1877
1216
161
1071
379
1345
1702
130
1839
1470
1517
547
1700
1094
1118
10
1488
1533
1200
806
1070
1491
1199
174
600
524
788
1952
17
1553
907
1894
769
1420
1318
1148
1117
1372
1278
956
1194
1148
1856
894
242
1326
905
82
859
457
1240
1929
1949
439
103
901
964
1244
853
981
797
113
1227
1918
1885
545
1066
1003
269
696
311
1464
196
519
358
438
1846
1615
520
705
73
1760
635
374
552
1090
1627
1868
334
833
849
1483
946
428
1401
1183
1326
819
538
1595
1868
850
1059
64
1369
1770
503
1215
1385
1375
273
1810
1488
1260
536
40
350
164
1908
1037
997
1109
872
295
1537
274
1478
1215
1445
369
811
1313
1219
222
1378
940
1992
233
508
1730
1608
781
1892
1448
41
429
1840
743
945
1748
132
1942
1209
1005
589
1099
1631
419
314
1076
788
1477
742
359
52
472
1652
396
705
160
126
665
1293
19
466
1334
800
306
429
1745
407
562
39
1616
1567
628
715
1198
1399
1382
626
540
1211
1720
899
1263
192
903
1660
897
1063
138
1915
356
157
381
42
1309
687
472
1054
1094
1034
1093
1063
953
73
130
503
1825
1512
1129
365
1076
850
1616
339
1394
520
351
644
1935
490
559
292
999
1292
334
309
331
1158
1363
1778
544
809
841
1497
1234
971
0
1059
836
1482
1776
1912
684
1745
603
78
617
955
722
552
1445
1633
1196
444
1277
1883
753
1609
1041
469
1739
1586
1630
580
1435
1216
1903
1436
276
1091
1270
404
1003
1954
501
1607
384
1118
914
1107
23
359
1092
1219
1155
370
1454
261
331
496
730
70
434
712
1002
1869
1928
905
1657
556
349
927
1313
1352
881
1814
1311
1266
1285
225
725
1308
936
169
879
92
891
334
353
1222
1182
1435
1644
1616
147
646
1837
75
1904
1495
984
253
422
297
1957
1656
111
1269
922
1396
1846
1999
1056
783
520
1936
875
1412
270
1580
986
1804
1015
631
1420
1162
1629
1257
1589
1533
752
573
1786
1527
870
96
1183
1334
1365
457
1082
1563
808
139
698
1328
75
1573
740
697
1505
1727
853
520
710
273
1682
339
1882
1272
1873
987
197
11
514
1420
107
49
754
1824
506
1836
1740
1314
327
438
642
754
364
1735
1803
1869
1814
656
390
524
1281
424
1215
1164
48
1088
503
246
1452
1017
18
1911
1418
772
88
1924
960
1828
1590
1640
618
584
394
982
671
198
1204
485
1206
1946
1361
488
370
577
1652
419
17
155
1017
1469
1524
1035
1733
942
159
173
1218
1471
1
1160
1111
971
96
1858
306
768
408
1510
1605
1614
1808
967
454
178
1544
106
949
1913
613
1966
1735
489
1353
1468
1783
1864
1641
1353
1336
1994
513
799
1317
962
1009
1623
1730
1417
1485
1687
1384
1293
654
1838
1472
550
297
773
464
1262
1092
551
1752
445
19
1535
310
12
1241
1998
358
106
797
1675
1068
159
1299
1150
1576
1136
838
1312
430
1492
1151
254
395
1800
1027
1211
1062
119
1762
1166
917
133
702
1227
497
295
1577
855
401
726
530
1470
885
181
620
814
1670
1458
126
100
1303
1629
706
50
1781
1733
1261
844
205
1023
10
1474
1508
1064
701
5
1359
630
860
113
1356
1742
1583
594
276
555
1408
1946
14
1886
398
1669
1516
1104
1719
1297
1189
980
493
1746
355
504
1220
1863
1920
273
220
1632
903
1432
1745
612
1174
1328
1206
1802
1883
614
100
249
500
498
1918
368
1602
1989
18
1144
969
511
890
1676
1367
111
1891
1288
384
111
920
1288
1543
1017
1900
1070
697
1458
1224
580
72
1325
1182
924
1823
1452
1293
1778
1442
1311
922
763
174
1812
440
1542
275
683
1182
660
795
454
300
690
1471
552
112
168
10
1337
1100
434
662
282
1358
837
87
1003
615
1529
666
1537
644
841
1702
1436
383
1977
120
1917
989
1267
371
1289
309
1842
1841
422
362
203
1759
1462
637
773
97
1996
1610
184
1351
226
65
18
115
1061
859
169
498
1594
147
970
1511
1488
237
1882
778
546
76
971
1320
438
1527
1431
252
164
204
701
512
1815
1237
1864
393
1654
1882
860
716
1093
1030
1566
1039
1529
536
550
1017
1125
784
147
23
1212
1119
1344
1650
646
775
254
1162
1332
956
1675
1499
193
1891
1892
1848
1773
1104
916
1218
134
482
257
1663
1018
1159
1033
143
1943
1180
166
1155
299
1862
1157
1297
990
1763
460
322
719
487
1821
1265
378
65
1465
503
1169
381
1721
1656
863
1978
1671
233
1137
704
728
1432
1885
1246
939
536
1109
96
1834
99
1859
646
773
931
1485
594
196
1863
1011
1661
366
532
394
439
188
1609
417
212
1842
1906
916
570
1690
1153
168
629
1690
1277
1077
1876
1728
1288
874
501
219
359
1095
767
222
458
780
940
991
1174
1379
1531
783
1796
1743
977
54
1012
1547
96
165
1716
725
1855
1345
154
83
1074
1442
957
1575
1662
1316
1023
429
1890
1833
1210
830
824
736
209
708
1520
357
803
497
763
1815
397
859
333
465
1936
188
1810
90
624
1236
1533
1581
1164
1547
1250
539
1976
1140
372
1538
1971
1549
275
180
257
147
538
1060
996
1301
1228
1393
513
1561
210
449
101
21
540
725
1609
73
659
773
1972
1909
1312
300
1401
37
1839
1724
1586
466
1905
1843
965
795
1255
1961
448
483
1707
961
44
1917
1763
498
290
303
1223
1900
728
234
1025
700
495
690
1000
1897
727
1191
1621
313
9
1878
508
974
1025
1763
1288
1474
599
995
787
995
1264
550
1493
1555
1205
1069
1807
1933
1303
1184
985
151
1874
338
48
601
1529
21
1266
1891
252
1774
1217
1277
1890
505
1103
841
1852
243
1836
1117
1145
1682
1024
351
751
831
636
406
15
1622
557
242
1960
957
1195
1841
1331
462
1732
1583
588
950
1212
830
1807
316
1671
1660
911
1508
1129
56
1190
153
407
293
1336
1396
1051
1703
1018
1961
1945
1330
918
1141
1523
249
1603
1256
184
543
558
1397
1374
717
65
1045
729
976
905
1858
1032
447
363
1792
740
51
1188
144
1755
206
105
1700
1888
1023
841
1411
1625
796
1019
1809
1340
1929
1558
1066
647
1623
111
1728
599
1369
1939
1632
1816
302
1424
557
354
964
701
461
1170
806
161
1410
181
1355
821
158
503
193
320
195
122
1878
1261
1121
1502
1725
850
101
1094
789
85
910
1443
1861
1819
149
825
520
610
347
1678
1124
109
212
479
1283
370
982
1476
690
1178
1950
921
791
1072
423
516
1922
876
1610
1063
1314
873
506
1175
692
1008
353
1565
1618
1052
1595
742
1162
1807
1573
445
530
556
1921
1572
86
1871
493
877
1295
916
1746
1569
145
1356
632
1459
581
1491
986
1274
499
1339
839
117
392
786
1212
1554
594
785
351
1476
1693
272
1048
131
495
1542
1361
1791
810
1107
1360
955
815
1993
414
1397
1484
1753
671
335
1092
1862
452
1836
1000
16
1742
1594
1154
93
1422
847
717
471
1331
1213
13
692
1004
1175
1799
364
131
614
709
897
11
545
650
1034
880
95
1248
1685
283
249
53
378
195
1207
471
1618
55
1189
89
1738
754
454
430
1758
1981
229
474
112
1195
1536
1362
1559
81
364
593
1314
811
194
1351
1447
443
1404
1825
638
612
296
608
1019
1837
1049
757
591
1855
1187
701
1837
1768
1528
301
963
1064
1663
522
1145
380
1468
811
1191
1662
162
990
105
1567
815
1095
531
1464
56
1550
1301
1105
659
245
961
198
946
1150
1966
474
1451
1281
1890
1467
156
1388
1847
1624
199
1390
1638
714
381
95
633
1196
1542
1164
1012
1598
1066
314
704
77
911
17
275
209
1167
593
1036
618
226
926
85
382
314
284
358
514
27
1996
1228
408
443
1861
1956
1986
1377
969
1584
443
1635
288
872
546
657
1147
755
1824
92
143
443
318
1070
880
701
1384
1165
1411
250
1192
1760
1830
1952
203
43
260
189
1420
1581
1774
215
1216
414
1087
114
1072
586
1222
1248
678
1365
1691
997
435
924
50
172
441
1461
422
1985
1573
253
1937
1777
296
549
1966
69
131
92
284
1699
859
1724
1814
283
310
1388
1531
989
753
1575
338
1541
499
388
1713
940
201
135
925
1775
740
1214
1904
1389
115
222
1458
246
667
94
1946
1526
170
112
1809
481
1500
1692
1822
605
1267
512
146
1766
1252
1859
1058
1805
347
335
1932
1439
1901
1836
828
17
59
638
615
726
1085
913
604
1255
1025
765
88
877
457
262
1483
1725
774
1629
1843
26
1841
902
1832
540
1589
1764
1979
1491
1953
1160
1860
12
1798
475
1090
1235
1389
46
491
766
811
579
1996
1268
842
1479
993
1968
1460
1189
1995
1653
91
179
193
32
295
173
1875
248
1333
1735
612
1483
563
54
719
1952
100
1562
1070
911
141
1066
532
1335
897
1877
1656
358
1066
3
11
1509
182
205
1542
829
730
1417
1078
415
1505
1690
1898
68
1745
969
372
1845
531
1442
1109
1025
861
1641
712
1758
1518
368
468
937
371
832
446
905
1389
1988
1735
119
1758
1165
534
1263
855
784
1331
952
1754
55
1150
637
1497
259
1662
710
252
375
469
122
1095
1289
1411
1819
121
1858
724
1510
198
811
1981
1956
1976
867
1571
1184
4
1254
136
110
1309
1638
747
1159
249
410
221
501
1137
690
976
232
332
387
403
453
597
1480
316
796
291
649
1104
620
1517
1028
156
1873
282
644
1983
1944
283
730
1455
532
1492
1676
1386
629
719
714
1214
1051
1453
1617
1856
51
1449
172
847
93
1174
303
713
691
1331
1221
916
1966
1865
899
1910
500
1629
1717
1033
1122
1393
771
103
112
1837
1669
1515
1290
1639
1372
1341
1088
1896
540
1181
1070
844
246
113
527
1467
1029
493
1333
1928
755
185
1910
472
1218
1384
218
341
1487
682
178
1157
198
1469
796
1922
1162
1884
1818
1703
1418
1241
899
1664
1354
1778
1132
736
272
817
1016
1379
1002
926
204
573
310
422
1266
1798
1456
1797
1307
1654
1618
455
1928
780
691
1747
835
109
1340
86
1774
694
1865
1258
1782
489
427
799
1868
1781
1725
424
706
36
846
1973
186
655
122
1845
309
1740
300
590
520
991
689
1356
1453
29
1442
1579
723
1659
837
506
148
1616
1305
17
1397
1382
441
104
1770
1640
429
308
295
551
153
956
291
805
1898
1163
149
587
871
1602
616
666
1181
1692
325
370
550
474
1986
207
843
1735
1589
1636
191
1360
1628
972
1668
275
1523
174
1584
166
979
1482
1682
1128
70
553
1082
686
1219
263
378
1545
985
928
371
971
1135
1566
1059
1077
1202
1250
437
1183
223
457
1458
98
631
1394
265
1963
877
1947
1443
947
852
526
1985
72
1141
716
1969
127
1996
692
1450
1484
258
509
561
1812
1760
1350
995
1983
159
806
81
1143
200
698
1106
1077
997
549
376
1850
1075
714
274
569
1782
243
696
1778
1287
146
1262
1545
656
175
1357
768
1877
353
751
37
1511
1184
1180
1711
235
286
1141
1232
1187
1869
1434
615
935
1708
1184
717
303
232
496
1590
378
110
1135
1386
638
845
154
515
1550
1257
552
1061
442
1732
1124
677
370
265
261
1558
487
1696
525
1422
1756
1709
140
412
1941
988
2
671
1098
1490
58
1736
687
564
252
237
1822
804
1298
616
889
774
1645
1259
1040
1906
1169
1527
1954
1694
1301
1711
1755
1441
123
48
429
477
720
1880
319
1130
1616
1006
1694
220
1595
1516
1377
1245
484
266
20
129
1877
1060
388
1399
939
342
1445
240
405
1201
34
880
1249
463
1710
1969
695
29
1099
312
1388
1146
884
983
1014
261
229
1499
879
249
1628
1109
1661
16
508
952
711
305
1192
1116
1506
1578
1997
756
42
59
1077
1089
88
529
1401
1828
1675
638
812
689
1251
1393
540
483
1994
169
1592
1655
537
452
959
1600
757
503
717
616
82
1066
1724
476
1125
801
1565
1565
1682
1319
1394
1709
1957
558
751
1208
303
1291
43
297
1812
1635
304
350
439
1263
302
1549
1766
1371
517
1848
437
241
676
1914
1394
242
1832
1077
1561
1226
786
1870
136
1537
1430
439
829
1474
1088
993
1461
1392
1343
1901
1007
1998
1802
1125
1369
319
1326
1807
560
2
73
1954
244
1905
1383
157
1483
522
27
1971
59
1458
410
1240
932
1850
234
745
1594
1929
646
601
1927
800
1727
1649
1471
1053
1456
383
1055
1881
338
1652
139
73
161
1622
595
189
1946
1007
1999
708
599
1283
559
1185
28
153
1115
1027
1107
1394
179
834
1043
1651
239
851
34
1646
1085
724
1298
1224
798
1460
1198
1745
1
1144
752
352
1853
1352
1635
764
537
15
917
4
1042
24
1751
1222
1210
1146
873
1449
350
1259
1096
1435
1984
746
1011
782
558
209
527
911
1706
1632
1263
1911
1336
1250
675
225
1618
1944
582
660
321
333
234
1531
1831
1459
1333
181
719
781
1968
1055
1879
979
1837
790
1541
716
1701
1599
700
1317
1510
36
919
537
262
537
481
1196
1550
1154
1529
1784
1038
1712
1596
371
246
667
1504
214
1722
1735
1546
1559
525
1439
627
579
1038
1328
1896
548
1716
1167
1085
330
1705
1918
1526
1255
1073
1407
1391
111
1120
987
834
1366
1654
690
1932
1376
425
1478
1287
951
917
267
1530
307
1947
1778
855
1663
945
292
1994
1002
563
1872
609
1636
1280
1
99
400
1340
1285
118
1347
1975
50
723
752
1881
363
1703
1150
630
1585
1458
577
1715
665
592
1013
958
938
367
1521
811
977
1509
91
978
1960
843
670
1245
961
17
1572
1363
741
324
1596
1456
380
747
438
317
557
1367
385
1222
1959
1398
532
898
1765
405
1709
742
266
1800
72
226
643
743
1471
1956
760
1395
1671
1853
1720
1268
1661
452
367
99
769
924
1466
1154
498
1778
904
1031
676
1022
1788
737
116
55
537
189
281
1532
1284
105
1840
396
1852
1511
602
1572
779
263
376
1146
715
1498
422
533
652
921
311
1909
304
987
931
444
1724
1047
499
613
1588
1133
497
1224
1590
337
1621
1442
1849
575
1367
980
838
1743
479
1905
1241
901
439
246
174
750
507
830
90
1790
1627
166
837
126
780
778
1611
1629
354
1553
1967
1975
996
168
902
715
1500
93
810
1979
1998
404
1233
437
650
1759
1540
1509
942
1630
1299
569
1796
488
1047
928
1266
659
910
1621
212
877
1948
1560
1397
851
627
1249
944
1438
1581
1294
1842
814
1732
844
925
1624
353
1867
1254
1652
788
1402
140
1836
683
1759
847
1593
1732
1411
822
1680
972
571
883
1599
1820
179
1389
1401
1474
1231
567
1558
427
1493
1182
780
1712
788
784
501
542
925
337
1225
1036
1536
818
768
947
1992
800
1919
563
36
1871
384
215
1612
137
41
844
705
1599
1623
550
1133
404
614
273
1188
1115
816
465
1804
41
1501
1340
1212
269
288
1556
1422
559
120
1458
782
856
25
395
1345
67
1591
50
18
1566
952
1504
1970
1919
1777
1511
1386
593
1976
1191
987
1830
883
551
451
1523
459
1873
435
579
1331
1569
1787
1709
316
1133
1776
259
1535
146
1826
840
1650
1796
759
1428
1659
145
373
1636
1688
1712
1818
924
263
269
799
1075
143
1234
1654
1826
1156
1794
1535
1472
1279
1663
1732
1166
1810
1910
6
1460
58
765
1240
1718
1263
1614
1706
951
1678
1524
227
294
1793
1027
1369
288
613
1375
467
1769
1169
354
1594
448
18
1678
1615
180
1588
1973
1640
1646
1091
1233
1364
354
1199
1422
1657
877
946
237
1171
1092
1264
540
1732
229
1916
199
1999
1085
554
1945
1886
924
1623
1853
1104
1211
1826
1096
1209
1269
681
926
1975
1880
348
1633
758
1647
1870
1929
739
1486
822
471
1715
738
1023
66
175
1929
11
413
853
1634
266
309
1197
445
1757
407
66
439
1685
42
319
33
1675
1429
1680
1897
1711
771
1735
533
1595
1802
1271
618
1869
1798
547
1880
212
1752
1867
830
413
1416
1627
170
1823
1694
609
1860
1736
1281
1894
1763
710
1926
12
421
698
1747
954
293
1549
577
1263
1770
728
162
3
1292
1914
222
122
327
1638
102
849
1814
148
1811
1674
1884
1092
1568
1999
1802
1847
11
576
897
110
1530
1542
11
460
805
1782
1188
967
137
480
1233
359
954
1912
1997
1408
1113
1811
1556
924
1838
1440
16
1758
1791
171
1605
1802
747
502
264
629
396
276
1441
1201
410
981
520
547
1461
105
1258
768
369
1607
176
1483
1771
1733
407
1609
1525
776
1367
1317
947
1325
1471
46
179
1736
675
576
364
117
129
774
1098
650
1673
912
1107
931
32
1829
538
560
1312
309
293
71
1918
171
847
1638
1840
146
963
1663
192
1142
1751
868
1718
115
1337
1848
889
787
850
914
1699
309
1845
83
138
736
644
1802
1045
1289
1874
1316
1460
1073
1306
1652
1220
269
1668
1412
1763
1419
280
1482
1535
1969
1682
776
757
884
1691
808
1193
1888
892
1684
624
1536
1486
22
825
1360
1690
638
434
996
290
6
1617
1958
1418
1380
1730
1699
1214
1265
1668
896
41
777
1780
84
1586
1326
1973
478
1010
597
14
496
619
1191
209
661
1829
995
1657
472
1001
1274
782
419
655
512
470
1869
1777
491
1118
171
1268
1250
255
1206
576
228
1684
1938
1178
50
787
149
1242
1348
811
1071
343
468
1543
1696
95
326
467
1102
838
938
1323
968
1781
441
1139
1401
44
1746
608
972
327
644
911
1857
695
50
6
1937
1398
817
1008
93
1638
904
1789
85
1582
256
1187
420
1546
510
1740
1679
1304
1231
1433
1348
978
41
672
1657
685
1583
1514
1732
1985
1520
1669
1383
690
1030
1476
680
286
1617
1117
1868
226
304
640
124
1166
381
1804
822
1612
1237
522
942
1630
1195
951
667
1130
465
752
1116
338
421
851
1380
1803
680
60
441
297
1177
309
523
1833
950
648
1351
1331
804
174
1295
393
1048
590
375
243
1541
1394
1726
7
146
1194
697
920
45
77
1075
725
489
1517
1023
1666
1826
1898
1851
1128
898
1202
811
54
1728
107
799
1129
1049
1174
1724
590
921
1450
597
1067
644
1646
339
1042
1723
1415
1767
212
932
1142
230
1110
1393
433
239
291
1636
1050
698
1716
1509
1497
845
558
1024
570
1501
1945
372
98
1012
1369
1745
1352
411
1820
1119
530
33
51
1673
615
1513
1418
1049
104
1709
1037
1155
759
753
1016
257
1951
1927
1281
873
1428
1578
1245
1878
590
966
1975
294
1377
148
1765
1908
181
1816
1933
796
1682
1351
197
1786
1412
1234
1293
172
340
310
429
643
589
62
1516
369
1640
1113
599
582
80
575
1229
1809
1075
994
1717
1256
1163
2
404
845
1353
602
631
766
188
1925
938
528
587
1719
1171
1528
1781
1039
1897
1773
505
496
355
937
1423
1584
746
498
579
816
106
1742
818
863
939
524
1817
1570
1290
5
1495
580
886
434
299
409
1962
432
1449
1859
205
306
708
912
1243
483
849
341
1334
1780
1509
1440
1874
680
303
813
1204
472
383
494
478
231
1426
1364
665
1725
125
628
509
1574
839
1066
232
1547
1978
1827
383
827
521
1717
959
30
1157
833
710
1813
1646
266
285
30
1112
1115
613
538
479
1278
615
605
1906
1124
531
1098
190
1116
997
521
943
1380
1700
1464
1097
660
1847
255
1493
909
420
1140
1176
705
1522
288
1821
135
1179
652
1413
1794
1609
1672
919
493
1122
1461
1609
119
334
904
1500
35
369
597
695
568
852
540
1477
1272
1680
1005
330
1554
1646
151
1689
825
1155
1455
619
765
1479
1890
1610
601
1352
1219
720
1686
123
572
73
844
1170
768
1764
374
1661
1242
1999
1693
599
329
1248
245
832
1289
1070
1987
1096
1690
1104
575
1580
1066
1528
932
285
601
971
761
1173
1044
1957
695
165
1722
1070
1826
964
1069
1519
1915
1750
1119
161
582
409
1231
921
1505
921
378
433
502
1444
313
1786
82
1266
1109
843
440
506
800
1487
1023
522
557
849
1838
1978
720
1754
1728
1840
1915
310
601
1146
1584
458
420
1962
891
1274
1758
1557
1412
1840
823
874
683
1615
1380
1836
1103
403
358
12
1604
549
1991
324
303
1719
516
570
382
1117
1716
318
1928
488
632
819
1762
390
728
1527
231
1552
401
1266
1167
1781
1102
622
536
1813
635
140
362
626
816
1017
697
1685
1587
1431
1154
1655
1749
1082
144
381
254
258
772
982
137
1355
534
538
621
54
671
76
676
1207
1889
1663
1699
603
289
516
1620
1339
201
1207
770
1355
1214
872
790
1358
1253
1044
1969
377
26
106
1732
913
645
706
967
1668
1134
1995
876
1375
1659
927
1978
300
1795
1950
1639
1996
1157
762
1704
371
1634
494
82
1239
1890
403
1617
1916
509
1701
829
1506
759
148
1527
1893
144
755
1268
155
1682
1246
455
1478
1196
447
1826
705
1561
1882
1429
1547
728
1863
786
618
266
755
887
1127
457
1716
986
1216
217
513
1110
361
1268
730
868
1302
1977
1323
780
1525
122
959
583
1683
841
12
1230
1570
227
369
540
493
1124
1427
1972
1933
1496
958
1502
1713
1823
964
426
1091
1694
1294
746
23
969
1526
1549
1092
837
132
1127
1679
496
710
1601
723
1431
493
1568
555
1921
1540
841
1417
851
343
1482
674
1659
1908
118
1353
1202
864
1377
523
742
1278
1615
1580
1762
1095
1611
258
1805
1212
1333
1236
57
901
143
1978
793
1336
1747
1644
1679
1581
671
1338
1489
1141
1044
1043
5
773
1567
1099
51
1534
1031
165
629
642
775
786
206
108
374
264
1361
518
594
506
1854
694
503
1886
275
1174
1576
1765
315
972
1160
672
1745
727
123
148
614
1155
313
1595
1797
1440
382
4
1900
756
620
1261
1626
1214
120
1481
1908
623
1719
536
1797
1647
301
464
620
1813
1136
365
893
1259
866
1507
766
1531
1102
564
972
1836
920
872
593
1892
486
219
1106
606
52
1367
1229
123
255
1378
1771
908
1842
391
721
1330
1108
1614
941
1974
1473
1708
1506
576
624
478
412
1544
1350
1357
1788
188
1929
1246
1146
1981
965
375
105
1220
105
228
128
1947
619
850
1629
1727
816
923
1702
290
631
1208
1218
1607
38
1982
1503
1740
1340
1291
1929
1269
537
1075
1602
1503
1803
59
723
1908
639
852
208
1258
1702
189
1338
518
1112
1040
1160
95
600
378
1702
638
361
1205
730
53
496
659
1674
1034
87
1628
537
242
1688
1612
502
327
464
1062
1938
518
1252
1276
1389
716
668
549
812
1620
928
866
258
1641
72
1340
1694
568
352
1368
1954
439
996
843
1033
1036
456
1535
1716
1272
950
1654
1791
554
1282
1180
1270
1950
81
434
1570
1361
1301
180
1002
1373
1872
1048
293
224
768
248
663
117
1443
48
1153
1899
1936
1221
1172
886
1227
1315
1440
861
495
1062
1163
928
1849
733
290
1150
1265
1644
875
1138
1045
1520
1714
1813
120
730
1930
1564
778
1436
1463
714
1009
987
1952
237
302
1744
1098
1149
1159
614
78
1008
1699
720
510
965
716
1385
455
1761
905
169
1927
1026
899
1857
942
30
1645
405
1096
1007
1745
1049
1244
47
793
694
1197
1952
1308
1627
1312
1008
699
1822
325
1415
1207
1132
1529
465
1653
1456
1843
905
1665
785
935
1311
1542
31
318
1287
1432
1914
1335
578
960
884
882
621
511
195
1981
1210
17
658
977
1577
142
506
394
1795
1962
237
1052
1628
1022
1987
1291
916
371
1609
204
155
1875
1539
733
1187
423
1616
160
1286
1811
493
848
180
1151
1825
1757
1293
332
503
1441
294
740
493
274
114
833
1565
1031
1556
1526
1587
1711
1401
1126
445
941
1901
61
1101
1539
224
1595
387
404
1098
564
514
744
896
1017
537
1543
110
1030
1817
224
215
1383
1607
123
909
1194
187
663
672
632
1956
925
1045
1409
816
1621
1356
1203
377
455
1768
891
1199
1016
261
1736
911
371
1118
729
947
1686
464
907
161
1725
101
348
740
1126
1332
696
51
377
458
868
350
1814
423
728
269
543
1971
1820
1912
232
1908
823
955
1379
1904
255
1417
720
1162
1578
446
1615
1927
1538
741
1259
235
1145
1989
693
365
339
859
1140
1419
1129
36
1391
1301
1948
1975
1210
1123
1283
941
1028
1538
358
1748
700
1936
546
315
215
85
1409
1475
672
906
1816
1717
1623
507
576
1115
1927
57
1151
1670
1711
1451
1645
921
575
928
214
1955
818
572
55
1518
860
954
186
1076
1039
1947
903
63
1205
719
1780
828
1578
708
1943
1857
766
1447
1527
477
898
1525
1750
1473
805
316
1780
1624
888
1836
1494
100
790
1680
1176
181
1979
431
244
1184
1502
376
364
1081
1084
308
938
202
1755
818
1031
1005
343
1133
479
1148
1449
611
772
689
447
267
790
1589
299
318
1770
631
1102
366
1815
604
742
532
37
179
1192
1328
381
947
146
1765
1952
841
898
783
1989
348
1395
1114
1389
194
1733
179
136
384
850
258
1015
1952
625
1183
908
1719
1715
946
1898
907
274
632
206
772
397
510
1613
1295
1646
1954
1995
1393
1068
1385
1587
1153
1916
1723
1538
1118
1982
553
1070
959
88
331
678
1803
1277
929
1062
1903
1561
1268
1027
310
1779
640
1957
1425
594
305
818
15
1690
757
1168
1958
833
1058
1077
1167
1612
499
126
52
830
1156
1856
459
437
918
362
350
539
1741
660
670
381
618
447
1328
923
1617
1695
965
374
863
1275
1559
1922
704
726
1886
1204
1204
1938
386
713
146
846
1150
1417
1560
1501
1956
1302
513
626
35
1483
1073
1715
406
690
1410
1723
1416
626
999
976
900
1703
54
1138
1259
1259
1428
1998
1972
1575
844
1474
1344
756
1327
1300
410
1841
278
446
1324
1703
513
83
745
1924
158
513
902
1157
1489
1802
1213
1544
940
824
1155
368
822
1479
295
18
953
1639
1127
633
1291
1537
474
1921
335
150
1976
849
585
1073
1125
744
1587
27
253
1076
181
1818
972
1121
643
479
1841
1817
1958
489
188
1264
480
1315
1897
124
852
723
397
1188
873
374
389
1811
1447
1514
555
1386
1541
808
815
1722
627
1787
1195
1622
619
1388
1439
577
229
1627
1841
710
1294
90
1186
147
813
1583
1687
39
309
76
1850
1757
1590
757
1143
1483
1565
1958
1557
544
98
1104
166
717
844
1958
1646
1074
1937
1840
136
1232
1930
1322
1379
1096
905
1418
1135
1215
1494
1337
1324
1436
94
819
1271
1659
1130
1180
556
1580
284
722
649
1480
680
295
906
618
135
1042
202
418
716
1581
1514
1622
1351
1001
1189
845
338
865
633
784
36
256
795
1518
1436
1351
1098
72
74
99
1552
1106
395
459
1724
882
1853
1926
1652
570
1859
1518
544
1562
519
1733
407
1209
950
1392
1993
1338
1648
789
857
1084
140
1955
1508
566
407
1061
1673
1154
1872
1749
36
1725
28
41
295
239
1559
839
1802
79
924
561
1288
226
1954
1634
1565
1954
775
422
1391
1267
729
899
1834
1136
312
1859
290
536
1960
679
262
1988
720
909
580
631
101
382
1062
1025
1295
703
1252
1601
337
1169
1556
1112
1591
1299
379
320
198
565
1809
863
424
99
1399
385
1130
13
725
1850
923
1305
834
1024
39
1896
401
1335
599
5
936
936
1174
844
400
1117
143
780
1790
694
1697
1599
1557
122
50
1308
859
1181
1322
1584
1383
597
890
217
1621
929
114
374
264
713
380
1553
2
1906
397
402
1024
541
1534
814
1235
1232
413
1144
1706
815
804
565
1996
126
149
1380
1075
1391
1597
1048
673
63
1423
1289
1129
155
842
1131
61
1240
1885
1085
133
1772
251
1720
1356
1016
864
1062
1832
20
1627
1828
499
128
1560
1574
1872
