99 15
37944
572089
302224
649748
581692
924141
593163
21272
626006
726519
624248
508983
901924
105850
799399
357733
120130
691091
360358
695948
630470
812788
524084
868538
507575
497819
271593
171130
611970
807929
477135
649914
896370
295711
816014
994415
219853
409178
15687
362211
135697
156287
387546
553973
778490
703297
428059
898620
394388
304769
110920
24858
633909
151356
409749
657836
165527
681342
828966
777497
5623
822453
427412
901994
118165
243426
896409
854370
168956
428448
732933
821005
584736
636832
374979
879578
340129
319390
294550
734518
140511
405470
275728
774420
73178
685477
432256
238705
883171
777574
16203
888795
600028
959967
790789
234545
719745
203550
605267
