10000 101
107
1411
1266
1637
270
391
1878
1514
1342
1046
1438
1736
61
1507
875
749
1630
1976
904
1207
1266
67
1895
832
830
644
368
1494
193
1897
1400
653
1308
666
642
1930
1409
520
1445
752
1919
1235
840
1980
1095
1715
729
725
43
1633
284
1310
1700
180
494
530
1176
1215
25
1721
1112
1425
374
773
443
1016
703
1853
1889
500
957
1808
88
1797
1788
1183
1865
517
1908
1908
150
192
1570
203
724
417
733
252
1632
1110
1974
744
887
348
1517
1331
1365
221
1536
1606
1073
845
1414
1161
642
1202
344
507
71
604
768
573
1149
338
776
1873
755
1862
126
739
1324
452
1484
212
800
1353
1895
517
1926
1783
123
1000
628
1537
161
1270
1091
858
130
1162
1462
1250
1736
611
1588
864
837
696
1078
1315
1787
403
1767
1271
615
567
977
862
1085
1255
645
1560
255
1273
1098
769
895
541
1627
1025
1704
1441
627
1792
53
216
1008
890
1264
87
557
1051
490
324
675
1457
1243
4
319
328
1259
964
241
1867
589
1339
636
1484
1880
615
862
1936
56
1489
80
461
57
1089
1703
1321
1176
260
725
18
584
1752
1475
1828
1756
146
508
1015
1462
1101
882
51
440
1870
1535
673
837
397
961
894
1887
1042
1707
296
483
1411
1618
11
1671
695
29
608
447
1856
788
555
2
1648
1570
1464
750
805
1515
1542
1027
1402
567
1865
1800
1881
1111
39
1275
818
335
1758
229
305
121
253
1000
150
1213
1799
358
353
354
712
353
277
528
1455
1434
395
1350
461
1797
1917
678
1949
1798
1789
1988
1425
608
324
1183
1189
981
1304
1442
334
1806
1007
133
516
1712
840
1228
66
1469
1756
1521
903
151
871
1716
301
1141
395
250
1291
536
239
717
1144
915
252
686
1896
1909
480
582
67
1488
716
584
1200
1908
164
1618
1377
273
1140
632
776
11
700
1077
1504
1447
1328
796
1984
1919
1513
1480
1186
117
166
1434
26
647
17
94
487
1085
1030
39
993
1194
1658
722
1467
798
1354
244
1161
406
1673
666
1854
1353
1814
190
1272
1679
1670
458
1796
189
245
1823
836
262
269
1675
1347
1299
1714
692
845
1372
1414
313
170
1120
909
1684
1878
582
702
1732
288
516
1922
1560
195
1945
371
343
134
616
518
970
878
787
997
577
438
711
1269
1284
84
1035
1949
606
507
1210
290
385
144
992
470
432
1860
744
345
407
689
716
751
823
1332
1621
145
562
409
1142
1139
1199
1854
760
835
290
147
1136
896
654
346
1539
1391
843
531
1861
1275
744
958
1972
1151
1647
688
254
823
372
1876
968
934
637
463
425
188
669
1537
1024
959
1684
160
207
690
859
1746
434
1702
630
647
1329
1374
1605
1302
877
1253
342
1484
76
715
1712
1396
1
349
211
779
889
880
316
1913
191
353
426
399
1395
1637
145
181
1691
775
829
1372
501
786
1026
1379
391
1369
1215
467
436
927
216
437
1628
427
1568
517
1660
237
783
1851
942
1209
602
689
846
748
871
537
1875
52
1909
377
838
1288
108
1230
657
1323
49
1093
250
617
1882
230
1397
1451
747
1057
1688
1530
1260
982
1091
1863
1671
289
963
542
826
838
946
1088
1215
1785
376
1323
1367
1385
998
1768
830
1600
386
712
1830
1783
515
930
1192
555
460
804
1537
1552
667
1209
1841
1630
103
1020
469
1050
460
36
1187
1188
1360
554
925
710
322
1755
311
1060
467
141
843
983
1071
387
1890
1884
1192
1428
1788
1859
989
1981
1842
1092
1353
663
142
165
699
1329
1353
411
235
630
1122
910
385
1433
1970
853
1574
814
188
998
1553
78
882
745
1858
1022
957
847
1003
799
1940
357
1814
434
874
513
116
228
925
351
858
47
1261
1596
1832
1232
801
1758
398
989
756
1951
1419
1990
1049
1630
1012
6
477
368
1157
769
1077
1323
1204
1951
1836
1320
531
1113
23
1742
1512
1637
1338
1344
1221
139
1103
1971
1480
1859
274
1251
202
1323
881
1566
1681
1359
1934
1190
128
1363
513
1332
1315
702
1004
198
1815
1380
1940
1328
1017
1278
672
238
1769
127
561
1249
1987
835
501
541
159
1382
107
192
1093
394
1383
1222
1757
248
906
1072
950
263
1271
766
1643
1563
446
1012
1194
1470
1602
963
1598
163
565
1937
998
1066
478
1157
800
937
1350
1894
1331
1085
1468
1089
1333
726
513
284
989
136
1402
632
52
1848
1996
1246
1670
1598
209
1620
1761
1126
1557
760
192
387
1917
1345
1325
1619
1591
1008
704
1411
449
390
137
1315
674
1127
1803
76
111
1855
276
108
1453
298
1706
1663
1919
1468
789
1476
580
1334
216
849
1031
1893
469
622
901
1525
385
1703
1915
522
1018
941
1
1173
1369
113
1029
1997
573
482
296
631
497
215
451
1639
43
1031
1325
259
1881
708
152
702
1682
1406
579
67
1109
847
589
479
1788
591
1652
1510
1056
1033
1507
1629
1868
1803
612
717
18
1064
708
414
95
33
673
328
1093
1178
1382
775
936
314
842
45
1161
1784
876
1301
375
880
811
1783
1914
319
1764
134
474
376
851
845
1440
1912
1259
1888
297
284
216
1391
1462
1951
166
398
265
1009
795
1426
793
23
1079
1520
904
1891
1303
1170
562
1067
1304
1388
1795
507
233
1236
419
1844
1476
1069
129
44
460
1943
1995
626
694
260
1987
1489
38
1132
1865
1118
652
769
1361
307
291
275
1726
1947
1663
1522
806
249
1110
1578
93
586
647
222
630
1107
518
978
85
1212
1590
73
1053
1629
1205
918
1099
210
39
812
869
330
1439
948
277
1102
822
1436
1351
1932
1014
1797
870
1661
371
1852
1120
889
1182
1205
101
773
1278
1155
754
836
425
1853
1398
465
1017
267
1147
456
1215
1777
1558
389
1213
1262
673
227
1411
1543
240
1782
1748
1360
672
930
565
1125
55
196
632
809
1032
1058
662
782
1875
1679
1049
1374
135
617
1151
46
1006
716
1660
1680
1295
1071
1575
1535
1205
1675
1247
229
958
165
1355
1013
361
339
1823
1745
1749
485
527
1624
517
1928
999
1004
897
502
1402
256
1219
1414
1936
514
837
1863
402
43
1539
1649
272
497
1814
1979
1862
527
319
1685
624
68
523
1151
45
1040
1432
1396
396
329
1898
151
585
1469
1565
873
336
403
1089
738
798
980
739
1422
1477
554
1754
1339
1433
73
1377
58
493
1900
1561
890
940
993
286
1688
1675
537
1839
612
6
1757
1486
342
160
927
1432
1310
1907
172
732
1736
1078
486
1427
511
911
804
921
1757
704
483
647
1996
1828
1286
1685
1503
1823
1876
116
181
1633
1954
524
145
881
308
1455
788
480
188
524
1558
1026
1951
422
1938
1108
1343
47
1812
1826
694
1809
1655
1980
1846
1510
155
74
1626
337
1708
1932
1213
205
813
1521
1661
1953
354
201
829
1912
1227
1133
334
1517
241
1678
1564
53
1856
611
214
1863
943
60
1374
1099
487
1352
1788
195
1285
1353
400
450
1226
413
404
1580
614
1233
1493
194
718
179
63
959
209
1980
1013
418
591
1579
281
1886
1992
1655
985
479
1008
1125
674
645
478
1426
1095
1705
1840
1499
1637
806
1085
1130
1000
1803
1662
1064
763
223
1396
128
641
1987
1707
923
1873
1699
930
1211
178
290
688
1204
935
1519
983
31
1224
1175
1530
1213
1981
967
344
1334
1123
358
750
1886
581
146
366
1223
485
425
498
710
477
1428
1921
655
1719
962
212
1006
481
1547
1037
57
722
920
1270
1055
1887
1966
389
1010
324
1491
1248
1258
1637
1614
833
474
392
1331
1185
869
1111
1458
1876
1182
420
88
189
901
1987
1578
1310
709
498
581
1765
386
547
506
1748
1224
1998
997
834
1987
963
1667
462
1355
1350
1999
224
813
1457
101
1996
1878
541
537
1131
529
115
794
1238
614
1375
1355
1352
274
1862
1100
1850
212
449
684
551
1413
703
1013
768
53
1012
1345
867
822
1446
1215
1052
1987
1752
535
516
219
1329
107
1185
1056
1462
537
1331
1676
1990
1533
240
439
570
792
1852
1273
1805
973
1679
1170
318
898
1992
1764
113
1396
103
217
1931
972
436
1261
1079
1974
317
893
863
0
922
853
1886
1162
1645
456
1954
1497
81
112
822
1760
1634
1140
658
1978
1256
1123
1374
1712
1340
1305
684
129
566
1763
103
1236
1008
966
1588
1930
172
1474
1093
1817
1930
1399
1666
364
1511
489
124
1145
1981
1135
1123
1590
258
497
1302
1951
155
1986
80
721
101
535
309
1109
1853
1898
1392
25
1372
485
194
1655
1884
1861
19
1396
702
495
893
1035
1982
369
625
241
866
1927
544
1021
265
624
95
366
1511
756
1828
1364
654
1220
1742
379
57
288
386
1941
501
405
1689
1203
1252
935
239
1235
1304
1216
1828
170
1496
724
1544
1761
1348
1991
480
1211
747
308
927
1754
1880
669
485
1937
958
871
1878
1459
1628
1920
1015
880
855
1606
467
159
822
647
681
670
1371
577
432
1071
920
912
282
1668
1572
1562
1774
1452
231
259
1741
1541
1130
1619
1353
1110
1891
720
1990
1098
678
810
1609
1500
1809
643
523
1181
1220
955
604
493
219
1239
513
1791
801
287
1595
1384
898
1336
1278
28
1307
983
1490
1551
1703
1832
649
381
642
611
233
804
1254
756
1985
826
63
941
1319
282
180
1832
425
1333
471
372
718
1369
60
1996
1749
1368
979
1239
1271
1034
1072
1920
1415
1714
531
0
518
137
1109
855
964
1172
149
635
1455
681
468
232
15
939
605
733
309
665
1081
58
385
412
1298
1656
1446
722
1929
1213
436
812
1565
1307
950
674
514
266
1847
663
901
1654
1345
1721
238
1712
1013
1195
797
1674
1861
230
1732
598
642
1382
607
440
104
888
5
893
1700
1570
552
1002
597
1418
1620
444
434
874
450
131
595
688
1843
1608
1884
640
1282
97
870
1367
1047
1864
1101
1654
304
1558
542
661
803
595
231
1355
1597
828
773
1570
1624
1207
444
74
1690
1039
1115
1533
1000
1351
525
634
1448
1747
353
847
1611
1455
502
267
1365
1396
928
168
1991
1160
1523
1941
340
648
1511
1965
208
1955
391
1898
1346
1858
1784
698
1209
309
1333
1009
57
38
1857
20
1493
359
288
1210
107
1216
1378
99
728
1253
392
1421
254
1903
1738
462
210
129
712
1556
340
848
255
1549
1158
1940
559
1567
1978
416
1587
1824
1127
227
1034
1234
1444
413
1685
524
18
77
1945
272
1980
1683
1086
542
165
151
99
505
999
706
54
509
998
965
428
976
1733
16
1152
860
595
539
447
39
1304
484
916
1322
562
861
1595
894
897
1033
1437
1062
1184
1888
1567
184
594
1973
693
1944
939
1122
1272
1024
1490
425
237
85
964
684
477
268
1168
1393
1942
82
606
1889
1329
1503
923
766
565
107
1006
484
291
1600
458
1337
1896
1749
811
1168
773
653
1945
1010
1090
909
46
1567
1529
1567
1312
1824
1
1919
1713
1330
1774
636
96
692
744
1102
1176
1387
1054
1986
724
1302
87
1887
471
1213
540
416
575
1983
1678
622
1550
1559
541
1215
1383
542
1486
1449
1873
1260
85
321
304
1181
1776
1481
569
1182
1819
1645
485
1907
1885
956
1472
777
1724
47
760
1402
669
663
1314
1562
1878
1049
105
1716
498
330
976
936
651
1633
117
779
1114
1038
1962
1285
684
447
1544
569
1755
1016
1698
1479
1064
459
1234
85
1122
548
1648
1352
1597
105
1068
448
435
396
1384
1438
29
1501
218
1495
540
180
781
1576
979
325
497
734
1342
195
565
758
654
1799
843
128
699
491
1480
649
596
548
1097
1383
945
481
822
974
1982
1392
470
874
1924
1603
450
903
1928
1299
1989
1622
1495
906
732
501
706
1576
630
1757
419
110
406
1368
659
1503
751
1604
1984
1925
930
319
1317
1400
1545
1241
1003
348
144
1284
1647
485
1258
1142
1392
1991
1644
98
1919
274
207
338
736
614
1706
1395
117
810
1351
102
735
282
773
53
1682
318
1294
1038
666
1791
674
314
276
1932
1808
1668
275
1804
118
194
430
326
885
1167
940
591
562
1057
1753
1914
1511
489
548
284
542
582
955
1836
1620
1621
1627
646
287
256
579
96
1924
1206
1900
395
1401
331
721
638
1498
13
1229
412
1422
983
678
934
1824
1226
1570
366
1809
525
554
1781
499
534
428
786
790
1359
882
1066
565
1135
1461
318
1818
534
956
1668
547
538
432
1970
1873
1111
1256
1697
689
1178
415
850
1704
969
632
555
1503
1412
1341
645
1123
576
1712
1688
63
1525
359
1881
60
1667
1549
959
557
1981
1281
430
1444
537
127
486
68
542
1336
124
1864
320
679
1719
1732
372
365
1207
948
429
896
1363
306
1607
1244
718
1626
1145
1678
184
1479
959
614
1275
1849
1094
1761
269
1988
1098
393
1852
1770
1072
1924
1855
1444
289
1062
745
1070
310
108
1376
1917
1705
95
1896
1202
125
80
681
1436
694
1957
1637
140
70
1906
129
1520
299
333
1291
1371
609
1146
1168
1250
208
1913
320
871
373
49
788
430
496
684
1633
621
1116
666
409
163
975
47
303
1046
305
784
566
605
1470
1857
328
79
1355
1496
1330
1916
1761
1650
787
487
51
1927
917
547
964
550
1520
80
1569
1930
243
544
329
547
1590
634
1683
509
1591
1153
718
1920
1233
74
1768
563
1990
1882
565
1129
369
617
1056
1638
1516
20
541
1389
453
110
1671
696
654
0
1595
597
986
1631
1106
578
784
1824
498
17
250
618
932
592
500
1850
1721
1221
467
778
860
335
1150
1401
1724
1955
1511
1395
652
517
1747
599
1114
734
230
572
1312
1367
749
162
1736
999
1132
669
1592
1633
519
1313
854
1338
443
66
25
1946
1467
1750
1901
1330
1497
905
200
1245
1857
1666
1979
439
239
1643
1806
1340
1805
1543
339
937
564
283
922
1435
1949
129
1125
744
195
1150
690
15
1252
944
1697
750
1849
249
1995
1706
1916
1974
498
507
1617
304
1847
1774
199
538
1063
1115
1174
338
902
1123
467
27
1867
1014
1530
910
1029
782
1854
1079
1532
1703
1328
1879
1762
1596
205
260
103
174
916
302
300
1468
1193
1364
583
367
1702
1838
1490
521
217
1709
1535
1747
619
917
882
473
1996
766
529
1676
646
291
1273
851
903
1728
1378
171
383
1678
1639
1576
1042
575
295
1096
413
137
1617
630
1846
1505
730
466
422
1612
1291
770
378
1820
446
1024
463
71
228
1718
152
1606
1890
535
1284
1881
463
679
808
758
127
1221
1247
97
204
1093
1602
934
1911
24
898
1203
1146
1276
1375
1944
653
191
16
881
1909
520
839
151
1407
475
385
1870
1506
1193
980
1634
415
227
83
971
1672
1685
257
1584
61
1155
1139
1207
431
866
1503
1084
1057
1519
317
1319
391
1508
1470
1798
336
1855
20
1842
1401
1352
1828
168
1931
1911
1139
1604
1948
1396
1540
361
551
679
1920
1334
1897
1424
771
955
1295
1440
274
1687
949
96
1485
1285
304
1506
1479
1705
858
1308
1873
1142
1571
1364
746
1872
1112
286
233
1663
1317
154
1349
1214
1578
120
521
873
1561
1147
560
862
1244
398
499
1900
256
1978
1957
1466
1638
182
608
1210
1546
1706
1434
658
1992
1667
673
1661
1821
374
1228
1751
847
1749
977
760
897
1889
1622
493
287
121
745
895
99
702
362
1738
1236
1322
1300
1134
1029
734
144
1373
753
1169
1035
927
1543
263
678
390
364
7
1502
1261
1897
1124
106
536
1597
851
1432
49
1905
146
139
1493
1468
1439
627
849
525
771
223
1278
1940
1258
557
1836
1873
1588
578
237
1595
81
1851
1844
1557
309
381
1155
1161
165
1204
1418
663
1343
912
483
1134
1891
1333
11
663
1556
1641
955
1166
199
1143
1039
1787
1722
1628
1382
155
1479
1579
1712
1789
1960
867
1302
477
71
1072
1492
1766
336
1975
900
228
1308
1263
1243
1216
905
550
382
1104
1694
1773
1243
1768
1402
977
1923
1233
556
1635
1374
868
503
1028
1345
926
101
837
1045
789
1165
297
1017
473
1561
260
42
466
811
776
1922
857
550
1165
625
304
142
548
1889
699
183
1616
1567
1038
644
1265
317
1097
102
1362
1887
1619
1659
1256
93
1220
1517
487
38
680
1263
1960
1889
165
1125
514
821
1268
1062
711
319
1597
327
1886
988
1323
1503
1305
421
1606
667
308
1577
678
1916
22
1899
1433
509
289
465
125
250
354
290
1375
1220
1112
995
634
175
1314
232
502
1553
1572
1825
1056
877
598
1014
1896
1258
592
574
1175
614
825
960
1124
1115
1426
1601
1365
132
1891
1092
1705
1355
440
339
1530
1754
923
384
1659
495
562
716
1724
1512
82
1620
771
674
547
1946
1641
1372
906
1117
839
684
718
556
1169
609
1649
1226
317
441
1565
199
195
841
936
207
1688
1850
923
1413
1362
1357
1385
133
32
1932
431
1673
1657
1338
790
496
374
1508
1053
1895
469
1054
1121
1138
1495
1039
1338
42
1880
626
249
1920
476
1524
1685
1838
882
1071
1972
1266
1355
403
1291
1012
93
433
1861
820
293
914
715
762
320
1837
253
167
876
1943
209
756
569
811
1028
1045
687
714
883
1921
137
1207
1187
1492
1963
830
505
408
1263
366
1228
1556
1632
1944
671
1952
133
924
119
1009
867
680
117
1436
1843
1145
833
531
1859
68
452
1996
1276
1992
1841
1591
822
698
351
438
1416
1580
1994
1048
1876
1017
1352
9
1941
1823
1018
1160
855
1487
948
699
632
1781
1582
844
1850
386
1192
1478
378
1033
1069
1553
1731
1772
343
1147
1704
337
547
1580
1355
1899
1941
1648
74
1311
809
930
798
109
1981
1431
1891
1563
627
1741
1949
1819
1219
680
853
640
233
584
412
576
84
117
1265
631
49
972
883
1991
973
957
1654
134
239
453
243
220
236
134
1783
863
1875
1733
1034
1446
413
1887
86
998
824
851
1926
908
1320
1191
1891
1369
516
774
1712
1489
84
1367
1623
323
172
218
544
760
353
679
1623
580
412
1009
27
1177
897
465
175
73
1668
453
1333
988
1645
1224
710
513
351
774
2
435
493
1977
1110
665
195
6
1777
900
686
1752
1481
1450
762
1860
980
11
677
1507
84
346
1961
1417
1686
1958
993
396
471
1696
1523
825
483
16
802
1594
1034
1349
1600
811
250
638
564
83
441
1678
1943
1421
1689
620
928
1773
966
889
1542
1005
1199
535
1753
1670
232
1276
495
715
1293
1649
661
679
1351
614
1842
1953
1604
758
36
45
436
331
1466
125
951
747
1898
270
1636
1440
1275
1188
328
1028
858
912
305
1706
1979
1950
1707
993
981
1058
1607
823
1011
1211
1582
1399
1609
18
1730
1075
144
682
1822
394
1304
1811
187
931
999
867
1959
209
1779
616
1915
110
918
1975
1103
251
1033
1062
1075
397
626
1009
148
235
1379
1879
1662
1875
913
1837
270
569
0
809
1500
1351
1676
1811
1560
1807
428
1828
1917
1698
1803
1373
1950
1188
787
1377
1937
1765
738
86
0
117
317
15
1993
1230
1852
615
151
204
1424
1651
1555
1100
1462
1467
1259
242
1647
1528
1941
1802
1253
243
1343
41
1972
1280
1806
710
1718
159
1179
387
526
1524
1617
730
139
120
934
1915
1771
841
1367
1234
308
626
1476
308
155
1769
110
1408
364
1805
1801
336
1086
1960
1398
1156
471
930
1544
997
454
1513
1727
946
1634
1013
861
1405
1854
581
991
514
1207
820
1174
1714
941
1637
1123
1306
1442
1276
1994
880
1236
1745
37
1707
675
1933
704
1481
1798
783
427
1432
148
1641
1190
2
222
533
869
1781
1353
43
1496
647
1680
971
1953
1475
247
299
355
1484
44
744
1543
1071
677
600
553
476
1735
1332
260
1884
973
1802
238
1547
336
1107
1329
41
1503
1177
688
1535
148
993
1010
747
1293
1718
583
1689
462
127
761
1140
727
1314
1968
814
646
228
698
1972
31
937
1519
367
396
848
760
251
25
1449
1787
525
442
1149
1273
87
867
1856
1777
1330
335
538
822
1414
204
790
229
1202
1018
927
1526
1401
216
1046
120
613
246
881
864
624
330
1003
1149
1124
505
774
1212
1724
983
989
1054
1318
1879
228
1085
435
1018
1314
1989
37
593
1516
1790
810
562
1911
1775
1160
792
991
1784
1474
347
934
950
852
60
514
576
1043
1503
1983
362
1734
211
1447
521
1230
1113
511
1619
58
27
1409
868
941
1672
995
101
464
1987
1886
290
334
1172
1241
1538
1232
1755
466
276
1611
449
990
1697
1013
789
219
595
254
1082
214
312
1109
1975
1533
402
1648
528
503
464
867
741
1107
1553
1913
348
1091
1498
455
1558
1774
418
359
1116
116
1372
1905
687
1967
159
1769
533
823
1230
861
356
1632
861
1237
487
1677
104
1229
784
10
1494
1484
1101
992
292
1011
1118
710
1723
234
1178
1447
491
217
1767
1002
338
652
1826
1568
1513
182
1552
726
1419
40
404
1876
1621
1540
1886
1115
1377
1339
108
1669
703
1226
731
426
1461
1910
225
304
479
1992
1307
818
645
1133
386
510
1667
291
1589
1439
331
345
1315
1952
1885
1553
1419
1262
892
1527
1283
1947
1106
15
725
567
277
951
1223
756
1295
530
1574
1940
1663
313
803
1331
956
744
770
1287
1089
437
1591
1326
1990
1010
941
1234
890
576
1182
1996
591
1907
915
868
858
138
1977
154
669
1903
446
684
568
1601
15
1524
697
1137
1163
1786
1574
1106
1465
1916
469
406
1151
1359
1334
685
1707
1926
592
622
1146
1803
1112
1123
309
133
1379
755
818
1947
709
1185
1472
1406
323
635
1545
249
1742
1010
518
563
1768
1669
1922
1102
354
1629
1380
1298
603
527
1101
1715
2
1410
1849
1733
518
1019
1681
1227
204
1505
985
879
492
530
1481
586
1892
1999
1149
1660
1668
1071
1115
374
1052
495
1672
1655
1374
774
1723
1729
536
1924
1462
1054
943
1143
633
1499
1000
1619
379
1493
149
212
79
394
211
1229
406
231
652
1521
957
1705
369
629
1712
95
1755
1787
1824
644
1711
1287
1698
1006
782
332
506
1783
303
1237
1628
804
1801
1707
1198
12
1288
1605
595
1941
1126
1552
1998
1847
533
62
1943
289
202
1767
933
265
1406
983
1272
189
1667
130
324
1970
1719
1952
775
1520
11
1973
1884
1300
1578
479
1593
1057
383
1943
904
916
357
847
1557
559
967
490
825
373
1826
449
914
1493
579
1238
1464
650
1542
591
522
1554
564
406
1206
495
1237
1151
1552
1620
1446
808
536
1803
8
94
363
975
936
1540
1700
762
1989
615
608
920
205
424
1570
100
1015
92
6
1579
498
1212
426
87
715
1978
1707
161
1139
595
1964
1147
689
679
474
1978
219
174
1092
560
789
1700
1480
1347
124
1050
1447
1139
1142
1805
1071
1992
1017
1849
79
84
180
138
245
1319
734
561
466
1423
1241
940
1753
1812
1114
846
373
256
546
1853
1955
1023
904
1754
514
398
1559
1937
743
928
1787
1174
1012
1967
1313
1257
1286
47
170
104
1822
1411
1044
1576
1224
510
774
1949
1118
1320
1802
1425
343
1058
1179
1210
1809
1090
1147
552
18
934
78
1382
901
1391
639
187
1790
810
643
1613
573
1687
1541
149
550
315
98
20
1987
253
1446
683
1663
977
1893
1472
68
1040
376
438
1975
455
1821
1228
198
812
1768
1989
1974
411
1954
900
451
1847
1049
1353
514
1500
1373
501
1753
1171
1536
1768
501
1781
1241
921
822
1969
1359
1149
424
1532
377
623
697
497
964
671
909
918
1571
1712
765
973
1065
1279
473
790
132
578
314
21
346
815
1802
1939
88
976
1909
1799
125
685
1332
855
1660
29
1352
624
1052
613
1894
976
677
659
1949
1742
290
422
885
775
1000
1551
796
1698
366
950
1638
806
1927
1547
605
52
584
289
1259
245
670
964
869
1723
1929
764
699
607
1775
648
701
418
1422
1938
1545
774
1489
693
472
1855
1643
462
1013
1570
9
1619
1975
594
1908
1586
1191
931
550
60
654
480
1176
1705
1439
1304
705
140
1722
127
79
1267
1253
1568
1960
1725
1776
1603
540
789
1526
901
760
1853
1847
1021
1439
1038
1952
1990
1099
606
822
627
663
261
1931
1368
753
5
1495
832
1272
1100
753
1232
1177
529
1188
1717
1670
1066
619
431
919
466
1804
358
1505
1756
700
956
714
1522
1583
1377
135
1867
745
889
1872
592
73
1497
1692
826
729
869
1707
269
587
1378
1335
1558
161
606
24
1965
1317
1529
73
17
837
787
1892
773
164
379
640
909
1268
864
1853
1694
361
1545
520
1443
766
580
64
1705
310
1752
1263
471
358
1288
788
1675
1169
861
45
359
1648
1937
1132
164
316
124
1073
1937
988
1278
1631
1702
823
503
1145
1941
1083
1561
1647
1393
1313
910
216
24
550
1356
1699
1720
217
96
79
217
385
1563
381
1054
1687
1806
991
1027
1084
974
1081
259
1829
226
201
1265
140
1848
658
1453
758
1227
1477
1661
583
1529
1381
1153
1977
1812
1370
363
1727
104
1417
1414
1910
760
793
995
86
1875
1606
1915
453
1807
1180
593
1655
191
399
766
1770
228
427
353
109
160
1506
87
324
877
450
51
981
219
1817
1243
979
962
590
1417
837
197
1684
1643
4
865
588
12
1408
987
778
1178
1216
1557
1883
1677
1717
1390
1764
393
619
566
444
1952
785
613
1195
116
1575
1786
1533
765
335
1218
408
691
435
996
703
195
336
1833
1373
1904
1390
1608
1581
1459
998
1346
204
1617
1912
1000
1921
1050
1613
1117
1166
1541
1255
1052
306
1590
622
1066
281
1057
62
1337
1604
398
1170
1329
302
913
937
236
724
1936
1582
1281
1905
1846
281
1827
1248
1895
1296
767
1436
551
1819
94
493
793
1160
1126
202
1574
815
1806
1973
1986
1135
627
1251
72
863
327
360
797
1608
618
996
1890
797
244
137
93
1011
1925
996
1182
19
1841
1975
1531
967
177
1105
1783
1983
1430
121
1470
410
1724
1895
1625
403
607
423
364
1225
1419
606
22
15
743
115
1027
1020
1463
561
1391
1304
889
922
624
1066
379
759
1402
1810
1232
1224
572
1308
1119
197
1711
1727
972
75
1304
743
681
1327
759
1776
1794
138
796
1258
699
539
914
1940
1813
1538
1007
193
297
761
355
1529
1985
927
837
1457
1476
901
1536
449
976
840
1192
10
167
303
138
314
441
1287
1924
1493
1826
838
1433
1640
377
792
185
674
1553
540
556
1891
1819
1745
1700
1295
646
1236
1744
1975
76
1289
337
596
1592
475
1262
34
114
1186
1879
293
24
1664
285
401
457
470
1428
362
1010
1984
253
1181
81
1953
476
728
1541
573
703
1970
1862
1392
566
1806
219
1828
192
334
1366
71
627
1390
1736
912
1792
545
1734
1572
907
744
1908
1513
277
1989
1818
753
717
1360
1678
1772
1330
1892
1516
248
1699
1736
76
1891
70
1794
315
1049
1184
51
313
1328
596
47
900
1855
1143
808
1368
1420
1150
1187
525
1867
547
204
1992
1877
96
1508
125
147
1244
553
39
1666
347
354
715
1883
757
1380
1212
1705
1427
464
1560
570
1625
929
1990
775
116
516
994
1015
1072
986
892
1168
847
1369
1668
443
274
1707
462
973
413
1529
856
1522
910
420
1227
337
1237
1139
908
862
68
898
1637
536
1766
983
1551
838
322
795
359
1169
516
27
1964
1142
1734
426
115
499
1956
1324
21
866
96
1600
1203
1333
739
111
547
1160
1362
536
48
1128
1520
1952
1967
1842
747
678
1011
1616
705
1327
758
791
1754
1226
1290
1710
902
1663
928
998
1615
131
684
706
595
1231
1866
1957
1768
267
1437
1288
219
1404
1482
1318
434
845
934
1139
172
1693
1930
1926
1271
1572
1988
173
1235
916
1523
850
1048
207
1909
1643
1791
1775
1952
1911
42
1389
1551
613
1146
1033
1932
1580
1878
866
720
50
911
1002
329
182
575
317
707
162
1586
583
1365
986
1142
1274
629
933
1401
933
1196
1796
674
747
409
1820
1780
341
1753
10
1560
825
413
471
1827
742
1006
754
1411
65
917
997
648
634
1983
1791
1908
964
1076
1309
249
273
1457
924
1020
1867
744
1153
560
849
1163
120
1674
1576
944
1854
670
302
608
434
367
1877
1431
1368
511
1767
1511
771
731
587
433
1333
1212
1890
257
233
1757
1353
1738
670
203
1253
790
1877
1182
86
83
1852
388
692
286
1108
921
70
828
1433
189
339
204
1272
1278
637
605
491
880
862
1076
989
216
1166
1659
771
419
802
1000
1601
1240
1084
1806
1981
1776
444
1441
697
866
269
482
1055
960
1039
328
590
28
933
1081
908
1796
509
1898
364
1675
1909
1135
95
711
135
48
304
1219
206
285
1347
651
1726
397
1517
1995
879
573
1307
1918
1253
1897
299
186
1331
1207
334
1840
1457
698
1868
1367
185
315
430
673
715
734
244
922
1019
1944
1573
745
341
1442
1092
1572
367
751
1843
1620
649
142
159
332
1349
493
524
1159
1544
392
526
81
1059
1308
754
1775
43
1351
697
1414
1295
622
512
1636
64
1956
1560
784
708
1403
404
1709
1545
915
41
1247
1409
917
406
1305
1310
1284
1386
721
592
493
496
987
1844
1193
402
1491
167
914
1127
584
870
1039
1368
1578
443
124
1639
340
1040
1680
1939
801
598
697
106
260
1981
1844
981
926
337
1830
1913
533
1023
315
24
1543
1581
1503
127
452
543
1495
382
986
1971
22
1678
1011
54
1618
1812
1004
315
270
1616
649
115
598
1927
804
428
1840
1690
1803
508
1714
1698
441
1218
1825
893
113
1672
1628
1451
1644
2
1129
655
408
1099
820
1413
1415
1442
1029
416
1909
1979
343
1066
759
535
756
915
1395
470
613
1837
40
791
1082
505
463
1062
1956
107
1064
1086
1115
1473
537
287
1238
304
1729
619
720
1991
599
1415
1057
1710
303
1813
977
1698
635
1591
1887
1028
734
970
1533
1197
384
1842
1657
1449
1280
772
1274
1817
1059
512
122
1140
1131
1194
1131
82
610
188
1793
1265
353
770
1315
989
713
1203
369
1447
525
1902
997
909
1744
654
710
1024
1778
1984
1194
1189
496
1316
329
1980
510
1813
62
1472
1
207
737
707
1330
53
1696
43
1608
65
1843
133
319
1192
1042
416
1846
1753
1792
1624
89
986
1165
938
302
1494
918
1165
1307
1332
637
1661
1892
1727
720
1222
132
768
1617
1740
833
1460
1873
1504
652
1267
1920
850
1372
1713
826
1462
1051
1991
400
1354
1838
1670
519
1497
1354
1508
1510
1246
1587
230
468
1719
998
86
1459
183
1898
1684
1688
903
952
1960
1753
676
25
932
490
1077
1275
890
783
1113
912
1654
611
267
1162
473
1513
750
704
334
821
54
772
281
238
670
317
278
1925
1621
238
31
298
616
963
788
1693
238
31
476
1704
1295
130
667
1562
1644
1140
1428
746
196
114
1568
251
886
201
841
1556
870
1119
1834
492
1709
1865
1142
325
828
282
370
1418
313
846
1122
1961
1328
141
1523
973
1282
1303
71
1478
1417
1639
81
655
192
922
564
1063
41
398
1907
103
263
1049
428
1091
1331
799
861
1997
1997
336
1958
1326
477
1833
651
1759
1489
722
1590
1258
714
23
1914
1258
946
478
673
1339
876
580
1794
1139
1981
223
582
1665
1374
1443
14
1723
1779
1972
1049
609
157
52
720
1998
1127
662
1257
193
686
1171
1451
1984
1649
125
1675
877
1057
1470
16
1039
45
950
1056
1771
745
1070
1494
525
1394
896
1486
1551
948
206
1550
75
869
807
268
1907
330
72
1891
331
549
1566
1208
1606
1388
1576
997
1433
526
53
1204
1271
1123
1051
148
517
1947
1986
421
1247
193
323
1675
1062
1482
1943
969
1812
367
1212
143
916
1130
1703
875
519
1631
1872
1952
157
278
1509
1780
1753
560
281
623
859
267
1044
106
460
1719
1781
1874
1201
77
1195
1365
444
759
1508
1713
1890
1563
588
409
1194
812
713
1703
1090
222
1835
1196
1134
116
1819
1993
736
1215
452
1548
934
233
1775
135
310
970
1852
1107
82
1360
820
1972
1275
1760
381
821
572
1094
524
15
1669
711
1211
1155
828
1382
1501
1916
597
1953
1464
1883
538
1239
370
849
562
222
308
644
1934
1480
968
1209
1240
1349
382
164
795
906
179
816
1617
1742
1972
797
1124
1825
1065
1721
1778
530
1956
668
121
326
1869
683
548
177
1679
482
1657
647
43
1249
348
425
1414
1144
1683
1593
312
1653
1688
284
450
812
461
1516
886
591
398
842
1260
519
1169
1129
1555
1717
1307
1234
552
1316
1882
595
566
582
1021
332
1726
704
277
39
357
1965
675
1160
778
1489
1028
16
80
1426
858
1340
297
27
470
1852
97
129
1439
649
1797
1673
1596
715
255
617
1047
334
1674
1325
373
383
1642
1400
1543
772
889
923
788
970
701
1647
662
999
26
1484
1203
123
1965
642
1124
1763
315
721
478
923
1690
1878
1257
1364
1203
1982
1748
1197
1382
1643
1970
624
567
758
1946
1268
405
608
619
432
445
1823
907
410
817
32
173
1485
1105
1004
408
795
882
1665
512
437
1647
612
1634
1381
255
1604
5
1174
363
1951
795
768
912
1414
1552
1709
1589
460
119
407
844
645
1892
1949
1649
652
1096
531
317
1608
968
316
220
602
1697
828
207
1703
2
570
6
1149
1690
1270
916
1595
979
505
55
1451
1264
1251
96
1508
1552
1745
160
648
628
829
609
1948
1145
829
550
843
1657
1109
898
12
31
904
1161
1722
527
77
1317
1858
935
1724
1309
199
1327
1757
60
879
1502
220
1527
482
1402
136
430
547
1318
1333
1390
1327
442
288
1691
474
1545
1205
548
72
1634
1865
1930
569
1941
1592
1121
1268
1349
1181
147
1204
1753
26
1686
1155
515
469
55
185
1802
1445
1512
244
86
1556
718
1631
761
1618
55
395
1835
1985
1317
1776
1929
438
1396
1279
1971
1543
483
76
1922
521
1584
789
990
1639
974
792
1436
838
1037
1522
394
107
1153
1155
1726
1560
1903
1561
1546
1220
1690
1827
1658
1086
1106
1981
982
1589
409
1256
111
1993
45
1101
1632
1019
246
1069
209
1283
943
604
1742
449
111
1820
9
14
1382
1555
1234
1424
1383
1244
510
841
1577
1492
783
1987
1100
1246
1980
1145
699
1965
516
945
1386
726
580
329
1682
323
778
1793
143
788
1808
1877
695
1394
1301
430
639
164
1624
216
8
407
203
1109
1653
536
254
352
853
1123
1298
239
1849
1878
920
1883
553
51
1676
697
1191
1836
926
238
1231
580
669
222
744
293
438
752
1052
994
1861
705
1882
468
1057
735
1591
707
1326
1792
938
246
27
1491
649
1703
188
1840
1892
1467
79
1123
47
1100
1697
791
1393
135
1895
797
1481
1757
1502
1363
577
911
98
520
1971
1424
664
909
23
691
400
672
746
941
513
638
408
592
113
807
1692
1810
1598
1437
298
1493
586
1779
1602
88
1143
531
1351
1593
1051
1322
1370
1715
583
1393
758
984
65
1505
277
930
143
1037
1874
609
1844
1918
419
1442
1707
717
1287
293
849
1242
733
344
1773
85
1937
1177
1759
1659
1244
695
1052
3
1679
1470
1860
308
400
3
1345
627
964
1189
545
1384
983
253
453
622
898
1654
1864
1632
1998
1990
69
288
1519
180
1947
763
875
1352
1118
906
1174
978
1214
1926
1334
559
553
650
100
1099
34
1083
1704
840
58
602
494
1922
586
845
264
655
1485
1783
1188
1784
899
63
1136
369
1322
662
1700
536
589
1386
1448
1142
36
1900
593
423
1336
297
1263
1394
1252
109
1316
190
1306
1933
846
791
1716
386
576
967
801
64
1337
123
727
1037
660
1316
775
460
810
811
712
1404
1234
48
53
497
1442
1657
959
1111
1848
265
1044
1046
1409
1112
1432
1985
80
233
401
1769
357
1480
1158
1369
1148
1933
181
1959
744
893
1715
1979
942
1768
828
384
1778
139
1847
1626
405
1243
672
1814
356
104
151
788
337
904
557
1046
385
1715
415
1885
1648
948
1844
744
1842
1911
1075
784
32
1904
1520
1810
43
1720
1436
800
963
108
966
1319
564
1469
107
1253
374
1016
300
1111
731
1067
996
731
16
1193
1476
1858
1104
551
994
1488
807
866
1298
1203
586
734
355
1550
1194
1322
869
1758
1143
1329
1364
1517
345
1664
628
1429
731
1977
512
1099
1170
340
957
626
1244
303
115
51
1170
1765
1606
1756
500
1962
1306
46
1636
528
157
1131
209
1521
649
906
1185
1629
335
268
1606
848
1720
1128
1188
1029
107
784
1333
574
836
503
339
794
259
1191
1108
1918
1238
1096
798
1395
228
1007
1268
877
1913
805
858
601
1425
817
1801
1145
297
1341
175
404
126
1508
1330
962
363
1670
108
974
861
1217
892
451
665
42
198
893
1049
1466
122
1315
271
981
1916
1697
150
1717
1194
447
1058
1369
1204
1184
877
534
498
1592
556
607
567
1770
176
1459
573
841
1502
772
1735
903
590
209
218
1214
1190
134
911
1692
1851
457
140
1262
1827
1696
446
1056
230
945
649
1139
1904
1216
1261
80
1027
1834
1273
881
606
1360
1785
1197
1570
3
763
1112
490
1674
805
693
483
1297
1955
310
993
402
1367
1575
1699
368
714
1955
1584
1975
387
611
1810
1660
1493
768
1373
1630
317
943
1985
1080
55
475
1106
1212
1521
1590
509
1476
252
1502
230
1619
1078
281
1987
144
236
1923
120
623
535
282
636
380
1402
9
362
72
1304
347
1504
1359
1175
611
572
696
553
1081
172
805
936
755
777
14
1036
1116
158
1625
1040
630
600
1927
1264
1236
659
1019
1597
1021
1091
901
1368
595
613
543
1558
1537
1239
463
970
1764
1621
1906
871
398
1920
259
1866
431
1884
906
1413
485
1185
1030
73
1844
49
23
1217
1492
1276
586
439
1889
1481
350
1426
1073
813
749
1189
434
655
60
1184
928
319
1051
1711
556
309
1124
1041
1847
154
1466
43
555
1841
1261
47
1118
199
839
1007
1680
1189
786
1105
2
1887
294
789
542
706
325
1822
1378
1728
1533
1934
38
1010
1327
237
1516
793
280
72
987
1541
471
105
92
1310
1464
1773
499
602
1230
854
489
1525
1995
1384
583
320
1206
1961
49
740
1895
439
1750
1222
676
1266
368
1308
1690
1355
1202
162
1460
1294
1472
1276
1419
324
1879
650
1530
720
527
1525
104
1110
197
1311
1072
246
51
967
1037
153
190
65
1771
910
1374
1462
265
576
1624
77
222
1448
1353
1642
124
1584
644
1654
305
1171
1531
409
281
1729
72
1705
1975
475
673
1365
628
1215
1430
400
125
804
214
742
1732
1838
819
307
1638
524
1949
1763
109
945
1769
766
116
1301
1527
749
1382
1600
455
1709
75
1480
1074
1056
695
505
1808
1172
1661
22
1914
1394
212
733
53
1850
1257
354
1965
1718
1299
87
836
1767
1740
364
868
1122
316
1675
831
743
1155
1906
1799
202
763
1959
1374
424
1981
1640
170
193
373
223
396
1983
577
713
53
228
800
890
1995
892
1606
864
14
1922
539
846
1017
47
1104
1169
249
1867
1128
1976
643
1462
1616
814
7
342
1389
403
677
1967
1469
1082
195
269
324
543
1162
1930
1759
1528
204
298
726
1222
697
1830
743
1299
49
1871
1275
1045
1333
1243
1859
1693
1585
1248
96
614
1567
1565
1697
115
187
21
1010
1701
304
769
1581
508
1419
308
82
117
490
825
1416
892
1049
1043
1937
734
286
1796
427
224
1396
524
838
1316
441
887
1783
980
1261
793
1033
1565
1914
615
73
1333
1275
508
1450
1765
1685
1218
657
734
261
594
1469
900
742
1896
1124
491
772
314
159
1566
1202
1942
898
463
1087
1932
380
1001
899
805
686
174
1313
489
291
999
1707
949
85
321
1895
1554
1221
638
1803
697
1481
927
1011
1640
845
565
1934
1744
1380
1021
28
1760
374
1279
566
1060
1453
231
1549
1744
1582
1609
1045
1668
1930
941
1574
1503
1931
1729
552
1412
657
1915
1052
1502
481
986
1598
213
359
1978
326
733
1257
1244
145
1062
1475
1695
1159
1058
1304
204
1078
1586
1497
652
1441
1428
382
1993
1192
1391
1908
596
1245
741
1934
1196
1307
293
1174
1633
1378
784
1229
1524
1846
704
1571
1357
114
875
1914
1544
813
1411
197
606
1192
931
599
384
674
859
1333
271
1601
1267
1467
1260
1561
642
893
939
1778
122
815
1624
1178
386
982
1645
1613
896
1189
426
659
1738
1384
1851
1021
335
588
47
1195
1921
319
1148
1188
1786
408
1101
780
1653
393
558
127
1208
183
1305
1595
1517
1302
1208
765
844
1987
1424
582
1371
1628
1956
1707
568
3
1254
489
322
402
29
109
1162
1131
889
815
1524
1448
1294
732
1983
951
679
1852
254
1888
617
1098
227
393
32
1598
373
1988
1657
941
1992
911
1782
314
1665
1812
775
827
1295
1665
1994
819
1465
1288
1903
1800
240
935
4
494
823
973
1944
1402
1718
1976
1352
92
1965
1010
1385
309
273
1168
623
1939
980
1399
1118
627
1416
1113
1798
1233
401
53
1385
993
988
1389
1487
163
362
1783
1565
80
1760
918
524
77
1928
1910
386
553
1078
1361
492
410
1112
1611
1037
880
1076
1187
113
1829
1240
1850
823
229
1239
662
392
1953
446
1958
386
558
1228
1262
635
1156
1172
1373
61
602
734
554
1364
1847
517
401
727
1945
1940
1193
1774
1181
1043
597
1410
635
1260
1802
940
1706
112
1678
264
1340
941
1251
848
113
624
910
1068
1358
1816
432
1557
685
1186
285
630
1126
1478
404
307
873
1002
1717
1508
614
1872
449
320
336
127
936
1677
1420
539
525
1886
1163
1787
954
873
1603
1386
431
640
924
716
1270
51
546
1675
710
1419
1029
780
1280
1643
1004
1729
315
1340
208
1603
1017
1981
142
1895
1867
1305
34
821
178
1990
559
609
630
1836
1677
1901
239
223
1928
949
1995
1309
1729
1275
952
1085
1356
1619
426
1916
1222
1795
1897
1364
1690
1764
1021
77
937
1551
67
1849
513
697
1685
190
950
1924
766
878
873
761
539
955
388
1843
40
1744
1462
818
1660
1036
614
1910
400
656
1674
1773
733
964
1325
800
813
1838
1498
498
380
448
774
1146
1679
1999
1907
570
954
295
414
1347
391
228
165
404
1265
1131
314
17
1788
340
1791
521
1304
1468
1322
469
1306
1172
1319
1686
1972
93
833
1651
93
1092
574
1399
1740
988
1098
483
1216
1616
887
481
747
1201
851
535
1542
642
1057
1198
110
731
20
1768
1903
1339
1454
1875
1433
639
1879
1878
84
453
1277
176
1793
376
659
1009
1992
1547
1843
1091
1100
694
1627
994
1688
1036
545
150
1767
565
1918
22
1904
1724
249
1689
364
128
1567
800
933
1197
976
1078
1925
1987
88
269
1534
283
1360
987
1329
987
1981
1017
375
526
1167
494
1443
1085
516
1348
1161
766
1037
1525
1246
957
677
532
154
5
1610
431
1993
50
700
1879
333
60
866
1662
1400
1200
1031
1775
78
550
622
1522
1635
1138
870
1149
256
259
1026
1855
1568
1704
387
74
1709
349
505
54
400
1205
1934
1085
1618
1152
1100
1370
704
131
1497
783
1034
119
305
669
1610
1527
170
1866
138
1197
73
59
901
812
133
962
1162
639
1017
1914
196
951
999
166
455
99
1536
1160
583
1034
1943
1617
1153
600
638
1115
479
809
982
969
6
1407
1028
1259
220
1162
221
1382
153
1238
1296
349
541
295
516
997
747
404
157
1682
1438
452
1651
944
1404
641
59
1883
1802
1393
852
1808
801
233
1419
1021
1395
1641
755
1548
1231
51
249
1773
698
1117
1122
1797
1522
1631
1831
1312
83
1482
608
1487
476
668
1722
278
413
926
439
1566
1159
1858
587
554
1499
1342
454
731
1745
1056
856
796
173
1978
593
47
1609
777
1712
44
259
320
1883
735
1340
1605
1014
106
531
1453
1672
1691
1663
260
597
1163
1954
1404
246
52
460
1454
848
985
1784
1793
1033
1745
570
745
1789
830
1417
1672
1917
758
1277
1283
864
160
1088
536
203
752
1148
801
267
1455
205
865
1507
1017
671
355
2
455
500
1035
200
1071
132
1989
253
1550
13
170
660
1642
1806
1876
1802
1246
764
6
350
265
1159
617
1720
1716
1834
1579
733
505
286
735
960
786
123
1512
1857
255
1853
110
157
1866
633
1169
1860
791
1397
1663
37
514
21
388
779
1180
1357
851
896
1544
782
1981
49
1068
716
1362
1854
839
1226
64
1095
1080
526
1604
1298
1159
1126
1159
302
523
1174
692
1037
1195
1432
168
727
789
1019
1975
685
1801
1956
1087
1221
1024
801
1076
1864
27
1492
1311
1459
18
915
758
1530
41
269
1832
917
1443
524
1954
990
1956
475
69
1098
1494
44
135
1648
352
1222
869
1376
23
297
1592
403
1789
903
1862
160
171
972
1690
564
1241
1522
1481
1036
399
1788
26
707
263
95
157
109
491
293
1757
1195
1867
979
924
1891
1276
516
294
1418
1420
508
1578
1943
1481
1268
507
1074
1142
341
111
1893
129
137
953
744
585
1110
853
1428
1755
963
624
1623
1942
1900
1866
1570
416
512
1340
1836
1020
1270
131
853
890
639
1928
33
980
39
278
1461
528
1231
205
1465
694
1410
894
801
725
1870
424
1019
1770
642
942
538
1154
282
727
527
1553
858
1732
795
1497
1660
1180
829
51
1459
642
580
1042
1199
397
88
610
1643
890
1335
1865
1666
355
1635
309
1297
526
1815
1931
1253
694
1836
111
427
632
1961
87
1812
790
491
1623
1433
1423
666
984
1820
754
1594
1464
1644
1282
1329
1311
1989
1317
1972
1638
1843
1787
1569
1448
834
1758
1559
1261
390
1520
1700
554
663
191
178
448
1966
844
1432
1787
1950
1379
1603
1947
661
1284
1258
1002
953
1582
640
1148
1721
561
596
555
319
156
1816
1061
28
1869
1968
691
60
146
1139
379
1342
572
166
1292
1951
121
1239
964
1405
849
1966
711
783
606
1859
505
1519
456
1060
191
964
1229
1252
992
1098
1220
36
1510
1718
1175
1889
1060
99
407
705
402
528
296
1366
286
1498
1332
1349
281
290
1208
1138
162
16
199
353
1332
1780
1957
677
1230
1530
713
740
1248
1888
982
661
340
1389
1366
742
270
14
109
908
1512
1793
257
146
436
1817
1284
598
186
1835
951
1518
1615
908
195
845
438
908
1938
39
1149
920
700
1489
661
418
583
1283
432
692
191
297
838
800
443
1626
618
79
224
804
1915
1527
674
1530
787
870
728
1578
130
666
1617
1279
1586
669
1120
599
1087
1704
1883
1871
748
426
520
1938
1579
1315
1564
549
1395
1788
1705
1310
1667
379
840
455
1249
1920
33
1732
586
2
1363
524
671
484
1124
110
540
1359
333
1640
137
854
1579
1716
169
1495
265
1564
1636
322
1226
1303
702
419
1758
303
339
143
35
926
497
1399
1450
1520
235
926
1630
1127
637
316
1119
775
1522
1050
843
1691
546
1461
1608
182
1783
834
1837
485
1605
1948
789
1945
91
1176
871
941
927
673
461
1514
1600
444
641
589
760
113
1364
282
1163
208
325
1709
21
1933
243
1804
1120
81
290
725
29
1431
1022
120
959
245
1413
1887
919
1875
1753
871
319
747
1460
1431
860
1177
1713
23
1737
38
1733
1758
324
1976
1562
1796
409
204
873
438
1987
1896
911
947
493
324
1186
1412
199
939
635
870
38
448
301
898
1625
14
922
1362
405
1007
1120
1081
1335
1034
877
1745
1239
102
183
1578
350
1094
525
844
1419
63
256
1970
1355
1244
841
1393
1692
1494
292
1669
1509
1566
1383
266
573
855
1347
1908
1889
576
5
1480
1030
189
1059
1381
1635
1936
225
1406
0
833
1377
1707
77
570
1100
121
64
1744
142
1925
1310
1525
191
235
380
1890
496
622
818
501
102
1849
1042
1513
1230
678
1450
1807
84
1450
640
1813
1509
1070
735
609
1543
1152
706
1686
1077
16
1563
1621
604
296
1863
1100
918
682
1953
1372
883
996
886
465
26
336
272
462
138
912
628
1647
334
1363
608
1878
515
1314
1564
1945
1683
1127
1918
287
1775
1781
1739
693
815
44
418
1698
1392
1304
515
1418
1992
787
233
130
52
861
129
386
576
737
264
1444
52
180
1389
87
1660
1307
726
1435
1440
465
129
256
861
899
306
254
203
822
1672
195
1961
257
677
365
1118
806
752
1695
1543
1368
1139
1947
1549
880
386
1561
539
1112
996
1979
1929
1477
235
791
376
894
1045
931
68
1069
1478
29
1327
155
395
797
1313
1499
844
1209
1219
335
1156
1120
1215
1895
681
1754
1007
1678
86
937
1507
673
1728
236
1567
1125
1167
1635
194
646
17
1873
1153
764
671
467
615
1515
1676
1834
1851
1184
955
1418
1079
1636
1525
87
1666
1611
1376
1174
284
1104
1410
204
581
929
1839
775
1575
208
1001
1081
1324
24
1548
1939
1891
1224
1774
1742
760
1081
1513
1840
717
1038
279
736
1001
1655
262
1285
1111
24
1489
1692
953
1681
819
881
241
172
1962
1918
196
1510
1857
88
1086
1983
182
198
1064
1695
38
134
1085
669
1222
86
676
1484
1724
1787
1508
1565
1831
813
1598
1003
1694
192
1175
8
110
1372
1870
1967
1460
956
303
1642
1155
1719
1690
1545
205
1127
567
1427
1566
1243
1263
1642
1383
771
1207
1214
1585
1158
217
1631
1350
1745
1640
1460
1117
1510
1779
929
819
434
923
326
154
613
223
711
1741
790
139
1659
386
1402
1301
1769
526
508
1335
463
18
1905
446
1368
1650
438
1180
1119
301
1312
48
1120
98
971
1798
604
1937
21
1316
30
1164
1807
1689
1550
1561
990
1671
87
1850
1006
902
221
1263
1349
1941
1265
1787
1122
384
88
786
784
1560
884
1756
1358
1489
45
1732
1157
75
896
964
1764
798
525
1106
469
965
1308
1827
1867
1529
1091
1568
1471
708
1708
945
1093
148
83
1877
1709
1319
1985
1419
1160
30
1151
317
105
399
1633
221
1197
159
1679
1666
1476
1340
1846
1695
869
937
1264
692
1645
1324
1637
1090
1472
72
1320
1533
1392
1305
1305
552
1688
808
870
145
1560
503
367
757
1014
398
776
490
1738
622
538
960
1911
154
1652
1908
1478
1642
999
1302
1714
671
1188
1106
1976
845
1659
16
1653
881
162
1213
1736
881
323
751
1279
1099
1593
1370
1721
483
330
1632
637
334
1892
467
1976
891
122
43
1914
1310
1501
1891
155
1512
1907
160
393
69
1374
130
1302
1697
1233
582
1148
1178
1952
1221
1662
634
853
651
1320
745
1119
1297
1989
1241
1692
1903
903
1193
146
1410
706
406
1570
1451
827
1296
1933
130
1345
1518
1064
493
697
1368
1714
711
2
919
1362
1322
17
833
971
358
426
1015
613
1329
209
760
739
1267
1518
310
1070
697
1958
1004
827
1304
522
243
1797
1571
1611
1864
634
1965
783
1997
1640
800
1182
963
1158
1609
1979
124
938
540
884
30
1807
754
692
877
1451
650
233
631
1954
1108
874
104
679
838
1968
1314
803
751
1663
443
1904
845
1407
1062
806
1738
1186
1745
278
422
127
85
1528
819
1314
1332
1821
1900
1963
1776
1008
1189
1880
39
27
1848
1353
1183
951
1368
1626
855
566
1385
270
1372
1123
1808
1469
1401
583
1596
1838
111
767
1505
1443
589
1405
1758
365
413
948
597
452
1327
797
158
510
1748
1878
489
604
444
226
874
1817
1702
1034
1286
1455
1617
883
1646
1729
1650
1151
1524
239
908
1283
956
1673
583
1905
125
1910
702
635
773
451
514
1262
1407
958
1840
633
775
1542
1667
414
998
1285
1297
644
1014
1299
147
538
1891
1055
173
1199
728
756
1105
1205
667
1807
193
1792
610
1059
1054
17
17
1246
650
1145
789
318
1559
139
1955
1208
1135
969
859
1282
1859
750
689
33
1950
1769
789
1055
974
1808
1214
1167
1600
1825
578
1006
1842
596
253
845
93
1394
1515
4
1885
1470
1564
1020
791
423
654
650
1174
1343
1035
1476
1112
177
531
438
337
1745
1958
290
1922
536
1296
117
1484
1901
962
1577
1647
829
1933
1532
299
1497
904
1442
1921
1558
444
1447
1253
1832
923
717
9
1806
1156
698
1903
1466
988
1826
2
285
295
1487
538
1609
1416
186
438
1702
70
1089
1199
975
531
1472
885
1327
1271
139
1159
194
1208
1168
352
364
1867
608
1830
1207
434
185
1492
1081
24
383
690
1440
569
1128
1142
991
569
694
318
1452
166
1204
779
1790
1695
1939
336
903
1459
689
1620
1678
1297
1802
886
83
1987
730
1164
11
1113
206
1804
34
1334
1298
1378
255
1992
1696
1707
511
900
486
653
595
777
989
1851
237
1678
1471
267
1327
1625
1505
1762
1613
236
1278
1976
1701
1484
132
88
1170
1783
1466
1425
1775
1162
1132
638
415
1971
1291
1362
748
633
1213
1337
663
1036
1957
1991
662
1462
105
627
50
1384
955
1752
868
1088
1840
391
1223
1658
1816
1350
820
1301
1989
1235
1624
1632
598
724
265
163
414
929
1200
371
1272
214
185
1377
841
236
761
1796
340
1982
1236
532
373
459
190
541
1810
1010
194
151
598
1818
135
1548
895
753
1711
1309
34
911
32
1658
1125
217
1035
318
805
149
467
1145
483
1703
1677
1208
515
219
1749
677
1230
296
1180
180
466
1315
1728
1361
420
1439
1022
454
703
1054
464
180
1624
1500
499
429
1
966
1575
484
1021
1604
44
1888
1824
145
917
1406
441
97
1938
1260
1765
1666
621
537
1457
1996
992
160
1402
1808
693
1026
1308
1192
1456
1661
510
1383
497
1883
1339
541
1772
1515
687
1041
921
1128
1139
1211
740
1256
877
1362
1793
335
