60 88
15 4 15 4 5 23 20 14 24 17 10 13 27 5 25 17 4 3 24 16 15 2 9 11 1 15 14 10 15 26 7 2 6 6 24 18 28 27 21 5 10 29 26 30 25 26 1 18 4 14 8 30 14 19 23 1 27 11 21 24
23 53
26 37
30 37
4 48
17 50
19 48
8 47
5 46
18 25
13 49
28 40
1 30
14 36
24 57
9 57
30 60
18 49
18 35
1 9
1 57
20 52
17 47
20 36
19 52
23 24
28 32
1 40
20 52
30 47
28 49
11 45
11 59
3 18
20 49
16 41
22 56
12 53
7 52
20 42
26 35
23 37
1 30
8 44
20 56
12 46
27 54
16 45
13 45
27 55
7 9
21 33
26 53
17 43
12 22
11 57
8 36
17 47
26 43
8 19
22 57
14 50
5 14
11 27
20 21
25 58
7 35
10 23
20 34
21 46
27 44
30 50
20 21
11 20
10 46
5 12
9 40
24 25
2 28
2 15
22 41
28 30
12 49
5 47
22 26
18 51
21 54
11 55
22 35
