340 252
385 27 179 46 74 202 293 531 332 368 312 322 402 233 39 77 155 123 461 414 317 401 391 372 280 85 145 533 92 196 146 179 372 263 326 361 251 304 8 207 397 370 184 172 503 141 401 473 484 14 119 92 551 201 371 354 485 341 100 143 211 142 99 142 283 161 194 176 258 577 413 116 352 110 337 508 31 50 302 429 365 47 364 258 372 396 88 522 561 509 493 432 204 384 166 307 167 456 464 223 585 279 495 555 238 561 403 332 26 363 64 136 499 311 100 461 364 375 524 427 532 389 129 42 444 234 387 401 183 175 458 474 539 83 268 504 510 145 85 550 29 247 296 414 82 483 482 483 506 118 574 63 560 252 248 381 442 505 277 559 22 324 108 44 233 402 53 462 244 384 284 135 72 453 453 581 521 380 21 13 506 523 187 299 257 399 362 470 39 357 479 338 11 565 425 203 509 441 567 339 131 56 373 320 270 373 45 259 584 381 34 205 73 217 149 510 363 241 569 368 179 488 139 455 190 572 417 395 557 399 3 570 454 39 489 210 469 251 340 502 290 53 134 279 320 349 182 389 216 375 86 151 392 207 584 263 359 422 305 237 164 499 406 79 94 334 339 84 586 226 99 23 121 267 225 267 583 485 495 71 144 370 155 326 507 315 567 21 401 184 128 203 478 75 182 228 65 213 404 216 249 405 477 477 535 533 467 385 10 31 374 151 312 557 442 447 273 103 110 75 12 140 445 307 206 196 91 208 254 541 181 329 305 560 470 389 327 449 528 189
227 329
70 249
140 404
205 331
270 357
290 509
208 462
176 442
66 380
131 354
72 404
53 131
98 457
79 139
293 391
281 433
64 117
232 499
276 578
111 132
195 243
163 379
158 389
45 369
240 253
149 591
16 421
171 362
238 291
263 315
171 534
1 194
123 447
101 472
76 424
192 486
6 468
217 544
249 379
222 389
137 156
225 317
276 437
76 554
188 206
53 386
45 244
104 342
246 524
279 321
146 561
113 565
113 365
65 309
121 557
187 500
97 281
248 461
54 83
259 507
172 506
151 495
210 589
260 393
275 446
240 418
280 393
221 563
122 382
54 390
111 504
296 533
284 545
165 343
187 192
5 304
131 226
130 550
202 525
106 115
161 176
30 403
161 320
285 570
20 290
64 334
162 422
84 352
222 318
135 158
225 584
23 93
51 400
274 305
24 231
86 145
132 373
148 253
205 308
242 468
206 305
137 238
32 331
144 214
83 217
134 400
172 286
254 431
63 471
30 505
202 386
31 88
251 304
99 367
291 319
247 513
65 443
267 521
179 465
180 335
188 282
154 214
273 312
47 499
153 365
230 263
63 445
36 481
235 238
177 267
272 556
165 201
6 517
95 354
91 291
81 280
94 446
228 334
125 242
290 297
42 298
48 174
176 565
162 520
70 447
35 71
140 290
17 560
2 159
236 304
119 238
286 468
32 517
80 479
14 368
11 82
14 403
60 293
256 315
275 555
228 446
114 442
245 322
199 235
271 526
276 300
107 258
295 367
125 257
102 492
86 393
53 108
291 306
117 313
138 388
259 504
179 536
213 306
119 195
80 315
189 246
153 559
47 76
160 412
37 62
47 516
101 312
89 438
105 281
139 535
248 298
25 286
167 499
260 350
198 528
270 475
65 453
147 570
134 143
227 429
227 254
287 456
291 426
156 210
30 114
192 222
288 328
37 392
275 279
258 567
185 354
87 221
105 158
147 186
202 451
15 33
249 319
111 167
186 538
204 345
229 383
124 485
105 401
231 332
234 259
17 484
17 564
190 576
221 572
207 444
106 420
147 572
217 417
113 449
28 568
42 329
112 282
38 201
31 546
164 339
266 431
236 460
191 566
81 132
6 164
229 581
228 435
130 251
46 530
43 201
161 577
276 503
340 252
