88
94 113
120 57
127 113
119 51
90 71
93 81
142 60
107 84
86 108
82 94
80 60
98 89
90 60
110 99
132 120
115 120
127 120
88 72
98 71
132 95
132 66
95 114
84 64
120 119
135 69
89 67
124 100
86 68
103 118
96 119
81 101
103 96
92 114
120 64
126 104
111 63
144 69
119 57
139 74
129 95
86 52
149 109
124 66
100 101
109 55
139 119
142 109
147 107
92 75
138 63
88 73
118 53
95 106
150 75
143 92
146 77
128 112
114 117
86 100
93 57
98 104
121 87
87 86
99 73
150 112
148 120
82 76
119 60
137 66
130 52
92 105
98 51
91 93
106 61
130 118
84 74
138 58
94 72
91 63
149 120
119 104
101 120
126 93
94 57
115 87
114 110
97 60
104 107
