76
111 120
80 71
93 54
102 73
148 89
92 117
115 58
110 116
140 63
149 60
85 97
132 53
128 87
117 97
104 89
94 113
116 58
84 93
100 95
99 108
96 60
147 60
104 120
83 55
105 75
130 85
83 111
132 108
108 97
146 59
85 70
97 116
144 65
100 119
117 114
121 108
113 111
97 69
122 93
146 110
100 113
109 69
99 68
106 89
119 99
117 62
119 103
116 105
141 104
136 50
111 90
101 92
132 85
112 79
89 79
103 118
146 109
132 95
101 84
96 102
136 81
113 112
94 78
95 66
117 102
142 59
140 74
121 100
113 107
141 50
87 93
94 109
102 113
120 94
83 78
113 111
