98
133 77
150 105
129 67
128 107
99 118
96 56
132 75
149 75
86 68
131 57
99 85
119 111
134 102
88 116
130 79
98 91
148 119
117 66
141 80
93 50
139 118
92 88
114 81
85 60
149 95
116 63
133 58
87 61
138 89
125 84
121 79
87 105
80 53
143 62
144 99
128 101
108 108
148 90
100 63
101 77
137 100
96 50
139 108
104 69
139 68
81 58
105 87
107 71
102 64
99 64
110 118
106 57
119 78
131 82
101 57
85 56
139 99
91 100
86 68
85 98
98 84
133 102
111 97
150 113
142 74
145 77
131 70
111 92
82 107
84 56
99 104
112 67
84 77
140 79
149 118
108 56
141 111
137 80
103 53
82 110
112 70
124 107
96 65
116 105
126 78
104 108
91 84
84 59
122 107
128 106
99 109
141 116
126 100
103 88
95 104
84 79
109 69
93 81
