73
121 119
94 62
137 116
140 68
147 85
94 74
94 85
92 76
118 76
120 74
94 58
150 89
150 53
142 98
86 112
129 95
87 115
145 60
87 85
116 53
136 62
91 118
142 71
109 54
121 104
133 80
119 55
109 83
98 52
112 114
120 100
131 78
110 52
99 92
101 117
115 79
116 61
125 111
93 65
149 61
146 85
120 120
108 50
102 73
145 62
81 62
94 104
88 105
95 56
128 53
109 114
89 101
120 76
129 83
115 55
147 75
101 98
138 116
115 77
112 74
147 86
149 65
85 76
106 103
93 101
148 100
131 80
127 50
82 118
98 96
106 103
89 110
127 62
