895
388 30
602 30
513 30
373 30
739 30
221 1
492 31
683 14
356 24
628 23
379 19
512 30
928 30
418 973
286 1
561 6
100 10
712 31
704 31
245 31
811 30
586 14
382 23
873 23
333 30
101 23
620 28
933 1
662 15
167 24
133 16
766 11
193 31
654 19
849 14
367 1
797 23
28 17
275 30
687 23
799 24
606 30
490 15
485 2
423 15
300 23
855 23
182 15
225 1
913 16
301 30
925 21
217 15
414 30
866 31
517 7
347 30
484 16
172 12
471 1
135 16
764 5
40 30
708 3
315 21
835 12
465 1
921 2
644 31
522 15
723 28
74 23
529 6
294 26
95 28
137 19
22 21
176 1
480 31
481 29
571 6
631 19
280 3
737 30
542 14
374 28
824 18
155 23
770 30
562 3
803 12
917 1
528 1
336 16
380 17
389 31
965 7
73 3
186 21
83 19
353 16
635 13
575 1
554 12
238 2
36 13
900 24
880 1
908 28
115 15
438 9
234 30
785 17
783 31
161 1
879 22
610 30
14 4
597 5
638 16
359 7
352 19
96 1
246 30
457 23
123 28
39 18
946 2
935 1
370 1
444 5
105 30
979 2
394 7
415 15
297 5
486 14
962 4
198 31
713 5
660 30
434 25
502 1
983 15
473 7
847 30
463 30
153 4
216 15
582 13
757 16
124 31
260 15
401 1
669 31
971 1
435 30
558 3
442 13
324 30
977 2
730 19
547 31
369 1
881 1
636 19
850 28
961 16
268 15
553 862
259 23
18 1
426 7
769 30
121 7
112 17
204 14
312 14
734 30
467 1
758 17
596 31
334 31
759 11
627 1
396 23
729 2
363 18
117 30
128 23
56 15
472 7
673 7
52 15
61 1
270 1
348 23
689 2
41 30
125 12
742 1
595 30
366 6
46 15
872 834
145 28
641 23
506 19
841 30
805 15
395 12
681 19
828 1
126 15
166 31
762 1
686 30
357 4
924 30
930 26
801 30
607 31
860 1
884 15
191 26
525 15
666 21
181 1
84 28
169 30
307 5
68 16
365 1
271 1
622 31
648 12
954 15
994 30
821 5
228 31
375 1
743 23
437 7
856 3
552 31
24 1
54 19
731 6
335 31
55 1
916 30
250 31
427 30
675 5
583 14
220 7
752 5
626 23
398 15
281 31
118 4
685 31
735 1
534 1
16 7
495 24
724 1
9 22
646 5
432 19
92 9
1000 30
213 1
116 23
328 6
895 272
788 26
89 30
482 1
48 2
405 28
886 18
952 17
761 26
907 21
215 19
826 1
574 3
658 31
25 1
470 30
364 12
26 1
305 30
664 449
953 11
819 10
507 26
733 21
594 16
387 18
422 31
72 30
782 9
94 2
992 23
918 2
154 30
226 463
265 17
549 31
990 14
836 26
857 1
966 30
998 23
144 12
535 31
194 27
963 15
325 5
746 17
609 30
214 30
714 808
376 12
967 30
719 13
345 15
331 19
37 2
530 23
720 21
292 1
326 12
545 6
814 6
584 5
706 4
623 9
229 260
227 23
697 15
949 1
243 15
555 28
107 28
327 1
778 14
968 30
58 23
27 1
922 30
919 15
590 12
755 30
500 14
817 5
316 1
81 23
838 31
29 31
184 23
795 30
498 28
209 12
603 5
790 9
612 2
110 7
767 31
404 31
338 151
716 18
508 31
309 24
676 28
939 23
630 30
747 23
536 1
890 30
637 30
932 13
466 31
527 12
47 30
483 31
898 15
827 6
93 19
431 15
546 26
588 13
882 15
667 30
773 31
436 15
311 1
889 11
50 15
765 9
127 411
386 10
920 1
82 3
569 4
223 30
452 31
520 1
771 5
445 25
196 15
619 23
539 15
659 30
368 23
550 2
329 28
842 15
938 12
774 6
948 2
701 31
232 12
601 1
870 29
139 12
989 30
195 1
440 7
397 23
164 1
519 5
505 14
453 30
791 2
141 31
567 30
605 1
937 21
691 3
589 30
700 31
208 31
13 30
177 31
996 1
541 31
807 31
798 18
927 13
489 5
756 9
592 30
43 6
75 2
751 1
699 30
76 12
665 13
776 21
985 16
682 12
170 31
392 15
106 12
741 4
218 31
804 26
834 14
726 4
678 30
843 23
736 20
460 21
162 15
97 5
813 16
721 6
864 23
439 109
744 23
157 515
639 952
897 7
461 24
959 19
343 28
10 14
459 30
753 1
142 31
178 1
951 7
991 2
982 2
60 17
290 30
578 1
38 2
203 3
425 30
488 1
625 30
399 30
568 1
298 912
378 30
111 30
349 17
497 11
777 24
138 26
947 4
99 27
188 3
617 18
151 2
901 16
249 30
944 29
391 31
306 6
573 30
845 130
677 23
51 31
499 27
458 5
122 31
988 23
219 31
876 26
718 16
854 30
150 11
33 27
371 23
296 1
640 23
661 30
887 6
931 24
604 1
430 26
941 30
393 1
12 15
1 28
694 31
711 30
31 12
848 30
748 23
237 31
649 24
599 30
273 5
950 6
581 1
816 29
494 31
205 10
131 31
295 7
717 22
256 27
634 21
317 27
179 1
556 16
878 15
915 28
896 557
543 30
784 5
310 1
447 28
19 7
17 1
668 30
239 31
299 15
885 2
416 12
863 4
252 3
902 31
160 30
287 30
800 31
384 31
560 1
548 1
614 4
802 24
727 29
815 1
806 21
174 23
893 70
278 31
372 21
165 30
563 30
787 1
997 26
5 1
143 1
564 1
509 1
911 9
653 31
768 14
134 16
888 1
330 29
772 9
361 30
645 17
650 15
32 15
321 4
859 14
428 15
90 20
868 1
670 15
479 12
132 12
537 9
964 30
303 2
210 31
521 4
35 2
702 29
224 30
113 15
59 1
314 31
853 31
302 295
410 16
136 4
288 1
282 29
972 31
587 22
462 24
304 1
526 15
493 31
940 5
477 19
611 14
291 7
197 30
180 31
44 3
30 23
152 329
171 15
7 28
749 22
277 29
523 16
861 12
339 1
412 183
63 1
883 30
822 31
926 1
85 15
293 15
629 1
67 1
934 12
257 15
909 30
263 19
264 2
222 2
400 26
211 30
572 23
254 31
341 21
995 12
632 12
615 17
840 1
958 13
279 30
516 30
829 30
585 23
514 1
408 26
411 14
570 1
192 631
591 19
340 17
891 288
705 15
255 20
608 9
633 26
385 12
651 30
313 1
8 23
986 30
91 29
4 15
957 31
577 30
722 1
524 15
858 30
3 26
258 31
533 31
20 31
409 18
974 1
862 31
504 9
262 28
518 3
267 28
236 26
34 28
140 5
496 30
903 21
173 15
698 6
642 15
831 29
468 15
433 30
464 15
820 6
362 984
23 25
448 1
230 16
874 15
960 30
809 30
503 6
42 1
690 30
538 6
377 1
976 1
402 719
559 31
80 30
274 30
350 30
871 16
206 17
168 31
754 15
88 23
792 30
956 2
565 382
781 2
715 1
852 30
580 15
725 3
190 23
695 12
207 30
417 11
600 1
413 22
745 15
905 25
11 346
283 31
199 11
285 17
320 31
337 28
15 27
98 3
185 15
672 15
53 15
830 26
833 658
235 30
579 9
156 1
663 31
740 15
451 10
261 6
284 31
794 23
383 2
566 1
429 1
276 30
322 21
621 2
942 2
943 31
129 4
233 30
973 23
148 424
64 389
491 6
355 16
899 25
441 31
189 2
970 15
419 31
6 2
342 12
487 30
158 30
929 1
823 17
266 23
877 23
710 14
796 15
674 31
969 1
70 16
763 30
87 26
159 18
45 30
476 21
446 1
760 23
692 17
449 15
912 4
511 1
775 30
251 30
501 3
108 393
984 25
693 28
163 17
354 23
344 5
652 3
544 31
475 14
655 12
851 28
709 14
684 30
680 4
978 31
975 28
906 22
981 4
175 30
789 7
201 30
696 17
812 31
531 30
212 15
469 15
945 15
624 19
557 30
351 2
869 7
808 14
987 1
200 15
318 16
955 12
540 30
187 30
837 5
551 9
