3000
528781 1
703869 2
59620 2
406650 2
966849 2
527999 2
598389 2
838990 2
653715 1
499282 2
95816 1
893070 2
811306 1
422091 2
614512 2
891255 1
220436 2
900035 2
43325 2
629392 1
769943 2
776092 2
467588 1
62935 2
949300 1
637652 2
617648 2
262010 2
241889 2
356621 1
606369 1
941063 2
722605 2
994426 2
392755 1
303606 2
298491 1
322043 2
2246 2
612960 2
29502 2
200802 2
488264 2
593615 2
584265 2
938271 1
961394 1
128826 2
206899 1
28657 1
259618 1
854043 1
812755 2
400347 1
691314 1
136105 2
273880 1
473789 2
543364 1
513927 2
433519 1
854098 1
530127 2
432111 2
991609 2
446287 2
610418 2
586312 2
62761 2
1172 1
661314 1
903683 1
512184 1
529155 2
15470 2
768682 2
878207 1
447434 2
602256 2
635326 1
92623 2
885239 1
681418 1
241082 1
255813 2
739669 2
720173 2
792350 2
469148 2
192380 1
403455 2
226514 2
116467 1
99452 2
507987 1
520632 2
797757 2
182314 2
994315 1
377471 2
123787 1
788778 2
718903 1
778694 2
983045 1
518945 1
714675 2
670807 1
36422 2
46356 2
241708 1
426170 1
268981 2
419370 2
532429 2
971925 1
407331 1
856143 2
984201 1
897764 2
634493 1
250263 1
314108 1
413413 2
806733 1
239834 1
591282 2
632855 2
598383 2
18482 1
53960 2
858700 2
541313 2
58107 1
707655 2
217070 2
743295 2
804900 1
953866 2
387410 1
679782 2
760030 2
572762 2
830324 1
851015 2
831161 1
59896 2
636227 2
690614 2
850340 1
336504 2
945054 2
755149 2
721121 1
379175 2
681096 1
925858 2
517568 1
502309 2
789836 2
193843 1
511805 2
876230 1
539037 1
646580 2
449292 2
554011 2
64836 2
109486 1
952387 2
907362 2
963859 2
651435 2
436841 2
236449 2
340635 2
845521 1
228459 2
595098 1
234141 2
518158 2
673950 2
279877 1
519717 1
658391 2
517722 1
470217 1
707557 2
208325 2
374760 1
217935 2
291500 2
798879 1
371156 2
787583 2
724287 2
219171 2
799052 2
586443 2
980539 2
392188 2
633624 1
438549 2
341974 2
191654 1
681984 1
636354 1
128224 2
367771 1
853490 2
992894 2
671760 1
419118 2
99902 1
412083 2
992211 2
585796 1
971727 2
843429 1
278675 2
44600 2
570493 2
126088 2
563038 1
457717 1
195512 1
872354 2
813160 2
429690 1
747794 1
927495 2
604140 1
425662 1
485027 2
871138 2
443371 1
962933 1
623404 2
630444 1
141724 1
572602 1
908767 2
191795 1
805546 2
318024 2
337364 2
282135 2
635768 1
870038 2
199493 1
202901 2
994986 1
96108 1
376251 2
638369 2
367396 2
534570 1
218190 2
554596 1
453597 2
286142 1
803194 1
621969 2
402294 2
726096 2
627322 1
964681 1
598624 2
478662 2
124031 1
693055 2
544071 1
608945 2
43683 1
190159 1
803670 1
238047 2
417604 2
153580 1
577217 2
273304 1
820115 2
858970 2
480551 2
402558 2
963954 2
183333 2
849959 2
655805 2
180571 2
205109 2
393585 2
177441 2
680560 2
938621 2
800097 2
985589 1
498339 2
922352 2
46008 2
561860 1
322405 2
996659 2
89369 1
382854 1
812662 2
340354 2
511626 2
857367 1
352299 2
62252 1
357056 1
243659 2
558706 2
723383 1
307399 1
416749 2
63329 1
101878 1
95061 2
508861 2
154932 2
104340 2
152960 1
966190 2
219757 2
667124 2
73941 2
517554 2
952281 1
425835 2
827835 1
869402 2
186594 2
707132 2
510540 2
88132 1
621730 2
189436 2
853940 2
513272 2
735669 1
470642 1
565745 2
560998 2
86318 2
231110 1
18860 1
97488 2
297279 1
806404 1
38603 2
494152 2
388028 2
735659 1
449295 2
791632 2
615056 2
127956 1
395736 2
155711 1
775928 2
930243 2
789225 1
934684 2
263371 1
522072 1
964684 1
592204 2
60029 1
590931 1
420006 2
766497 2
256191 2
843882 1
353199 2
945488 1
510636 1
302648 1
71007 1
871044 1
208467 2
84822 1
549677 1
392736 1
349145 2
423944 1
202363 1
376851 2
223206 2
49614 1
739300 1
990416 2
945230 2
518150 2
16229 1
854684 2
987335 1
256509 2
402337 1
42660 1
704314 1
126902 2
315330 2
193486 2
592335 2
938158 1
237893 2
393741 2
346620 2
290597 2
551634 1
651795 2
336719 2
38586 2
714938 2
244857 1
115465 1
675744 2
84507 2
764795 2
430640 2
619073 2
110912 2
276175 1
336689 2
946633 1
887661 2
689686 2
253216 2
898538 2
257693 1
455307 1
252482 2
426816 1
965015 1
365160 1
516899 2
179335 2
933932 2
242870 2
334814 2
209934 1
473496 2
112712 1
636430 1
154590 1
491983 2
556943 1
368543 2
435777 2
651900 1
646712 2
525340 2
253541 2
745692 2
913065 1
701102 2
2905 1
167638 2
735329 2
585473 2
564038 2
150324 2
103349 1
351143 1
122574 1
735991 2
77376 1
890676 2
228795 1
371199 2
924394 2
442531 2
3494 2
954167 1
477085 1
110295 2
328243 2
419806 2
385949 1
722836 2
229905 2
172026 1
477950 2
789529 2
844050 2
992735 1
781764 1
482650 1
885387 1
420960 1
804920 1
243556 1
759356 2
575261 1
633418 1
732494 2
544210 1
638148 2
332872 2
794894 2
172785 1
466789 2
28068 2
442063 1
551395 2
599373 1
316438 1
570 1
532291 2
98739 1
201115 2
321336 2
821956 2
713887 2
155028 2
51736 1
797566 2
975267 2
82015 1
537798 2
728907 1
33334 2
148570 1
544920 1
784813 1
174068 1
241874 2
757473 1
261452 2
260290 1
409504 2
259684 1
179118 2
82 1
610538 2
786743 2
285315 2
609664 2
223957 1
850544 2
707330 1
639635 1
580953 2
502955 2
151433 1
588157 1
906159 2
196009 2
852635 2
376349 1
498188 1
104525 1
512506 2
679568 1
149518 2
682752 2
692686 1
999243 2
696777 2
146791 2
241303 2
590965 1
706888 1
454155 2
372232 1
709860 1
543922 1
145551 2
705711 2
785507 1
387982 2
829151 2
546621 1
339681 1
641239 2
313044 2
756388 1
22766 2
581877 2
987800 2
433891 1
89173 1
360100 1
277686 2
418628 2
322228 1
220240 1
678156 2
160380 2
115922 2
862803 2
547890 2
564351 2
485375 2
720898 2
552529 1
898815 2
908236 2
798987 2
852787 2
927336 1
538840 1
453196 1
993019 1
450053 2
305625 1
133590 1
666705 2
734674 2
740866 2
272785 2
98481 2
667128 2
593094 2
500336 1
299959 2
982031 1
32173 1
492336 2
631627 1
205058 1
90033 2
725353 2
392293 1
489211 2
8431 1
299709 2
121309 2
498434 1
293555 1
506854 1
38567 1
251744 2
231350 2
597699 2
602409 1
907855 2
613811 1
581325 1
724791 1
35369 2
849493 2
423920 1
421994 1
422377 2
151226 1
485270 1
716952 1
952927 1
746140 1
554604 2
596981 1
810564 2
408438 2
841124 1
450858 2
390524 2
352347 2
446677 2
264802 2
248618 1
305251 2
295101 1
875641 1
337837 2
506953 2
880227 2
104668 1
563971 2
323287 2
753320 1
929417 2
992394 1
865574 2
893142 1
163926 1
257756 1
881305 1
171088 2
349615 1
621863 2
730691 2
703448 2
651477 2
342204 2
301184 1
37526 2
661737 2
87765 2
532037 1
829295 2
530020 2
591003 2
408979 1
197236 2
835734 2
620393 2
485214 1
842293 2
939256 2
959640 2
82200 1
742588 2
819583 2
959157 2
325579 1
769830 1
982934 1
801962 2
28625 1
120710 2
100670 2
742851 1
222834 1
140293 2
554422 1
521091 1
171795 1
473288 1
305982 2
295500 1
774549 1
907670 2
909212 1
626772 2
132003 2
440377 1
255826 2
334108 2
692332 2
634226 2
828994 2
710556 2
58026 2
677419 1
213172 1
322198 2
740085 2
121925 2
360162 2
356729 2
690627 2
980711 1
648413 1
120689 1
976506 1
860597 2
332701 2
213259 1
175618 1
744730 2
550254 2
358642 2
946551 2
708314 1
889745 1
327631 1
446572 1
944977 1
575322 2
35022 2
365761 2
300822 2
906528 1
343445 2
772891 1
637290 2
342014 1
905386 2
286230 1
71162 2
185186 2
383427 1
232677 2
617570 1
539808 2
769258 2
796523 2
204917 2
975408 2
674397 1
808934 2
349251 2
97219 1
933991 2
411899 2
469842 2
621704 2
545191 1
35569 1
726313 1
955433 2
943881 2
238859 1
98824 1
84293 1
642739 2
578763 1
238503 2
834482 1
988752 2
832934 1
949165 2
647626 1
930960 2
272814 2
898501 2
44879 2
947387 2
992301 2
371255 2
705404 2
262755 1
127829 1
181468 2
273414 1
824657 1
613282 2
353826 2
953166 2
315645 1
966949 2
172262 1
533765 2
503767 2
451660 1
288710 2
154260 2
37711 1
32920 2
955082 2
565422 2
10947 1
210013 1
869344 1
836300 2
49765 2
741188 2
980520 2
296631 2
779928 2
992201 2
654969 2
483163 1
690361 1
125414 1
881520 1
803070 1
27285 1
626800 1
366144 1
130018 1
80309 2
135237 2
615950 2
436158 2
388465 2
389570 1
53419 2
869529 1
757035 2
700755 2
874134 2
269560 2
259632 1
868449 1
735048 2
882585 2
291639 1
466128 2
67851 1
43321 2
21019 1
363194 2
216250 1
834947 1
277218 1
912268 1
452552 1
490028 1
250574 2
739222 1
710050 1
654820 1
327685 1
180530 2
386252 2
660184 2
702306 2
370164 1
613997 2
813606 2
184493 2
67661 2
349543 2
880570 2
833662 2
505364 1
281937 2
556838 2
522958 2
122432 2
501963 2
296985 1
700574 2
241307 1
344235 2
473417 2
5217 1
896500 2
33063 2
816340 2
361730 1
716909 2
43861 1
596964 2
352161 1
653517 1
140796 2
401434 2
678242 1
134464 1
75705 2
450251 1
709365 2
217044 2
517446 1
794428 1
721387 2
104698 2
167717 2
369634 1
240854 2
409561 1
695569 2
875058 1
693060 1
42773 1
572997 1
141010 1
599175 2
64089 2
741223 1
35218 2
835413 2
100546 1
594862 1
993369 2
771802 2
780769 1
989878 1
867622 2
510828 1
454329 2
220361 2
746411 1
834401 2
328365 1
63047 2
671339 1
276126 2
35326 1
930165 2
310841 1
80929 2
519916 2
243824 2
331868 1
116036 1
83599 2
648143 2
564286 2
774316 1
377260 2
712351 2
564350 2
3034 2
68978 1
706507 2
500114 2
663199 1
972799 2
268825 1
325362 2
127683 2
892162 2
317825 1
387091 2
1643 2
660704 1
338083 2
372662 1
969711 1
748721 2
636011 2
68507 2
709879 1
32461 1
620484 2
638590 1
176230 2
63134 1
869907 1
890245 2
221118 2
551515 1
367819 2
848342 1
698572 2
613203 1
194651 1
934304 2
936785 2
305154 1
658926 1
654946 1
9429 2
776791 1
492500 1
260757 2
880382 1
798316 2
755591 2
497282 2
117833 2
426556 2
886464 1
503442 2
959820 2
400961 2
803527 2
476176 2
794115 2
250775 2
770712 1
406220 1
874975 2
788925 2
121289 1
707075 1
348095 1
206203 2
963982 2
84149 1
964523 2
742699 1
755937 2
487132 2
691762 1
406425 2
487331 1
377602 2
785524 2
265588 2
898139 2
417720 1
14058 2
725063 1
895039 1
14812 2
960597 2
631542 2
480870 1
193513 2
143422 2
413641 2
481136 1
456683 2
983805 2
275359 2
807125 2
598090 2
568112 2
794396 1
574888 2
907572 1
320153 1
511383 2
308543 2
31503 2
217178 2
547085 2
180541 2
186734 2
573623 2
426577 2
537284 1
110116 1
563182 1
466383 2
495012 1
345765 2
777611 1
788968 2
206798 2
720091 2
409955 2
273680 2
416950 1
19541 1
95821 2
695789 2
380596 2
160270 1
346492 1
41883 1
783349 2
62383 2
906997 1
771207 2
462030 2
608489 2
820660 2
704413 1
475884 1
617547 2
411311 2
245197 2
290637 2
576988 1
979803 1
548227 1
837582 2
18203 2
7340 2
700011 1
634317 1
803075 2
26273 2
755630 1
833103 2
251747 2
696635 2
603787 1
53151 2
767058 1
170338 1
534320 1
300607 2
630961 1
662881 1
522326 2
851989 2
322533 2
78722 1
272380 1
56619 2
289673 1
394081 2
415776 2
40744 2
195747 2
695172 1
451239 2
480571 2
867423 1
162070 2
197315 1
825172 2
373538 1
152494 1
777857 1
363611 2
9720 2
747295 2
105341 1
336957 1
974113 2
733607 2
360872 2
588955 2
488340 2
734563 1
618997 1
317459 2
895152 1
280525 2
125850 2
909366 2
806863 2
825362 2
660337 2
132558 1
664226 2
457258 2
303819 2
434155 2
564031 1
643462 1
846895 2
887983 1
57523 1
710874 2
657372 2
600362 2
36030 2
564402 1
573791 2
996967 1
839367 1
498977 1
62639 1
228399 2
107281 1
218594 2
119541 1
639530 2
682 1
366798 2
897526 1
404629 1
389874 1
295540 2
544267 1
144370 2
458744 1
911900 2
955952 1
177291 1
865741 1
26235 1
697698 2
960630 2
632564 2
245563 1
335929 2
307630 2
340013 2
463634 2
418326 2
199760 2
232984 2
686228 1
53843 1
48861 2
515798 1
138645 1
353896 1
690369 1
319530 2
152275 2
804736 2
235105 2
187938 1
324915 1
864820 2
829614 2
828827 1
346040 1
214637 1
496620 1
665155 1
148366 1
45064 1
41806 1
72642 1
131490 2
571473 2
312497 2
363942 1
749155 1
546561 1
425677 1
686249 2
951319 2
593011 1
419018 1
384796 1
564429 1
997112 1
631288 2
319301 1
947179 1
989694 1
445951 1
928578 2
65819 1
196432 2
182791 1
736907 2
760187 2
12498 1
736336 1
270211 2
879553 2
799427 1
982347 1
777725 2
293419 2
480130 2
483317 2
107206 1
391880 2
802160 1
616555 2
486947 1
339644 1
229158 2
967138 1
960379 2
11521 2
279208 1
854539 1
925434 1
9098 2
593500 2
188535 2
273379 2
279137 2
782141 2
559278 2
375483 2
344819 2
342724 1
276122 1
892439 2
911341 2
990817 2
660057 2
266357 2
303709 2
62950 1
420783 2
31327 2
669180 2
977806 2
784285 2
230776 1
525348 1
90429 2
757447 2
941485 1
106893 2
139564 2
311132 2
164627 1
935248 1
183459 2
950187 2
478043 1
865726 2
798818 2
362125 1
849811 2
747037 2
146082 2
300132 1
505405 2
428609 1
756852 1
928292 1
844823 1
628448 2
431555 1
288821 1
989945 2
79270 2
549208 2
295658 2
38321 2
562276 1
202255 1
328206 1
768483 2
342734 1
230152 1
133070 2
51879 2
633767 1
665221 1
99485 2
919592 2
355512 1
665418 1
760493 1
41599 2
990365 1
557303 1
531188 1
56857 2
895022 2
253682 2
19594 1
612400 1
787097 2
734970 1
419380 1
999214 1
940043 1
354341 2
742781 2
142619 1
484170 2
347195 2
125316 2
933721 1
765136 1
580745 2
887344 2
200708 2
632905 1
253492 1
720505 1
811973 1
90193 2
631810 2
533460 2
376089 2
203108 1
565101 2
65187 2
537765 2
361247 1
311957 1
178737 1
475777 2
623447 2
390280 2
889261 1
495995 2
114448 1
67698 2
492632 2
647284 1
417541 1
110198 2
938330 1
542554 2
534703 2
187135 2
343059 2
333379 1
330335 2
898507 2
101997 1
412925 2
696533 2
679293 2
137089 1
385645 2
513971 2
77889 2
41352 2
795368 1
134048 2
413174 2
960251 1
503158 1
341090 2
721861 2
873166 1
682776 1
830764 2
433879 2
481691 2
994572 2
468859 1
374296 1
33883 2
46388 2
506519 2
237576 1
646705 1
600939 1
569079 2
106688 1
486053 1
551743 2
251762 2
28216 2
755423 1
889619 1
229321 1
516650 2
608873 1
972418 1
565985 1
785148 1
723059 1
834854 2
651137 1
908539 2
164557 2
590182 1
552806 2
359217 2
414640 2
993447 2
114614 2
704486 1
108004 2
524644 2
101663 1
230298 1
550659 2
765872 2
360603 2
138001 2
702568 1
526310 2
921281 1
654188 2
764525 2
152434 2
804487 2
442044 2
545821 2
247644 1
861121 2
600770 1
581087 1
209440 2
892937 2
988866 99
711851 1
101833 2
332974 2
841550 1
947740 2
497684 2
362174 2
263749 2
157266 2
378338 2
436874 2
71126 1
917670 1
548900 2
31537 1
802672 1
976258 2
785405 2
48499 1
918108 2
430208 2
372306 1
939444 2
886979 2
228805 2
304466 1
291987 2
792351 1
734018 1
77590 2
238958 1
765405 1
750847 1
108582 2
673169 2
865129 1
615610 1
698079 1
414423 2
902022 1
61049 1
306641 2
329500 2
841198 2
479886 2
615860 2
112133 1
771560 2
325555 2
264030 2
895437 1
249810 2
28381 2
26305 1
869389 2
775276 1
514501 1
292539 2
552064 2
197931 1
843486 2
383304 2
790564 1
443204 1
857465 1
118607 1
382701 1
541321 1
544875 2
886385 1
670689 1
804311 2
337243 2
720738 2
438015 2
465783 2
197812 1
806368 1
799632 1
87196 2
451547 2
468233 1
321930 2
578342 1
79343 2
909611 1
399827 2
788356 1
919359 2
600931 2
568485 2
484422 1
376926 2
774566 2
248264 2
258052 1
673392 2
46648 1
899552 1
415140 2
625211 1
916488 1
105995 2
478180 2
529463 1
636916 2
363369 1
858271 2
51572 2
885197 1
288550 2
633075 2
611411 1
804979 1
114527 1
955940 1
66602 2
393800 1
432101 2
967251 1
782720 2
876983 1
823382 2
806774 1
196296 2
649158 2
700700 1
761080 2
34946 1
29730 1
712377 1
903178 2
854099 2
306617 2
495426 1
537737 2
891639 1
32539 1
493452 1
150110 1
989684 2
73851 1
621932 2
323173 2
964444 1
29449 2
679665 1
28829 2
938702 1
939812 1
689127 2
527352 2
869452 1
449834 2
804713 1
926235 2
611791 2
843025 1
365085 1
496747 2
935696 2
148347 2
209442 2
30097 1
194873 2
796893 1
726231 1
222843 2
561042 2
907232 1
487771 2
276966 2
304214 1
459971 1
782913 2
277884 1
504795 2
486507 2
828203 1
528561 1
242062 1
390770 2
936637 1
665156 2
676899 2
748697 2
40141 1
73848 2
540638 2
702451 2
570125 2
539849 1
943706 2
228372 1
311777 1
699357 1
910436 2
894429 1
304790 2
160000 2
922327 2
199094 2
122847 2
914801 2
937733 2
189142 2
260758 2
313751 2
379108 1
668785 1
183328 1
619205 2
465116 1
238284 2
88412 2
868099 1
27573 1
457915 1
745489 1
513930 1
22301 2
461930 2
145326 2
716510 2
348143 1
235380 2
204347 2
231012 1
110700 1
529129 2
401256 2
80533 1
842054 1
36160 2
201746 2
21531 1
451353 1
855543 1
799753 1
936586 2
68012 2
323222 2
990261 2
757807 2
235129 1
473951 1
53145 1
120161 2
209189 1
644665 2
159162 2
997814 1
492729 1
153276 2
80155 2
66250 1
466997 1
825917 2
963639 1
528947 1
386148 2
311797 2
173110 1
73000 2
666834 1
311706 1
64473 1
581516 2
953667 2
335345 1
175740 2
450031 2
39876 1
761153 1
301040 2
536874 1
900659 1
218005 1
546351 1
648519 2
33622 1
951143 1
459968 2
390359 2
409913 2
713847 1
680590 2
962505 2
564046 2
982640 2
827550 1
594325 1
165458 2
84101 2
386990 2
554164 2
506749 2
974581 1
712996 2
713934 2
374730 2
405990 2
515435 2
252997 2
171895 1
425914 1
884851 1
378131 2
591441 2
848433 1
82051 2
204106 2
89504 1
549798 2
956043 1
491299 2
108343 1
999961 2
340948 2
209119 1
690959 2
980457 1
60050 1
641893 2
826608 2
575580 1
655341 2
916067 2
126506 1
535681 2
250733 2
682291 2
16260 2
335165 1
206658 1
489115 2
588712 2
864841 2
811784 2
657903 2
895842 1
59561 1
713257 2
676441 2
938446 1
766423 2
99356 2
452471 1
247256 1
970781 1
888575 2
112111 2
346093 2
981777 2
686975 2
571476 2
703184 2
758864 1
616125 2
568617 2
858989 1
84304 2
76377 2
297509 2
874212 2
691088 2
76218 2
717989 2
986239 2
473060 2
631234 2
460009 1
171693 2
518108 2
368691 1
233368 1
517544 2
262338 2
654462 2
423769 2
606043 1
226341 1
448567 1
189169 1
102830 2
914694 2
473440 2
110992 2
186307 1
28862 1
78409 1
18185 2
138265 1
495355 2
826970 1
566414 2
247687 2
543438 2
302444 2
811128 1
945487 2
411642 1
726652 2
493321 2
506458 1
892922 2
585206 2
952742 1
703164 2
836837 2
726504 2
399135 2
450908 2
513900 2
873481 2
206726 1
155595 2
582316 2
886629 2
966068 2
465003 2
22940 1
618018 1
18457 2
429650 2
563073 2
157794 1
903882 1
387143 1
935501 2
409118 2
572526 2
165194 2
359212 1
834448 2
926653 2
391522 2
977905 1
925394 2
56553 2
120357 1
6485 1
947469 2
340714 1
163043 2
48978 2
936272 2
734714 2
312852 1
314463 2
562958 1
645631 2
652303 2
305001 2
875110 1
444585 2
571523 2
224548 2
650354 1
586709 2
55383 1
587543 2
661449 2
714905 2
424759 2
605808 2
684931 1
573794 1
596367 2
17639 2
448037 1
698587 2
453827 1
831743 1
474763 2
486767 1
130773 1
711565 2
416932 2
482340 1
10570 2
494696 2
686764 2
915668 2
624894 1
215351 1
785753 2
597489 1
282620 2
179498 2
942591 1
473568 2
324636 1
326718 2
626925 2
210526 2
346229 2
411557 1
465627 2
798899 1
453334 1
599301 2
668851 2
802346 2
121785 2
506583 2
153955 1
548160 1
418558 2
759957 2
602727 2
547043 2
149956 2
663951 2
222408 1
726815 1
764304 2
96181 2
514996 2
570038 2
398338 2
189197 2
772604 1
258804 2
69411 1
19305 2
529491 2
614031 2
63180 2
34590 2
611887 2
251769 2
576336 2
674536 2
612764 2
596856 1
68013 1
935711 2
891467 1
768395 2
941729 2
959709 1
265376 2
321826 2
413785 1
262548 1
994950 2
845895 2
801174 2
198988 1
487535 2
307072 2
785491 2
114545 1
386024 1
535327 1
930887 1
915876 1
478500 2
994985 1
937458 2
796158 1
747320 2
226058 1
914654 2
781487 2
454834 1
967038 2
232174 2
819081 1
522536 2
362298 2
819354 2
785293 2
123091 2
458261 2
634296 2
830431 2
474977 1
962508 2
261901 2
23312 1
553542 2
259471 1
61649 2
228445 2
645108 2
532622 2
263591 2
321802 2
194466 1
388428 2
478258 1
683398 2
191310 2
416759 2
894019 2
134496 2
112298 2
683175 2
101361 2
754117 2
27584 2
115874 1
391569 2
190496 2
248627 1
252716 1
563292 1
258271 2
801053 2
728259 2
942440 2
290072 2
499337 1
203760 2
89160 1
830644 2
666329 1
363924 2
389305 1
503466 2
873514 2
591172 2
394661 1
43634 2
961683 1
918185 2
794584 2
457754 1
744264 2
321677 1
963291 2
25166 2
505736 1
144855 1
8694 1
728280 1
966951 1
999171 2
668365 2
372261 2
783899 2
946278 1
1380 2
767869 1
467325 2
505237 2
175012 2
502652 1
373744 2
959296 2
343769 1
999933 1
349477 1
833024 1
202907 2
661238 2
772758 2
513991 1
687006 1
591101 1
258727 1
308423 1
125140 2
89439 2
14413 2
545291 2
757409 1
671755 2
668364 2
48830 2
957437 2
608254 2
809452 1
679263 2
669441 1
674642 1
901475 2
278612 1
561853 2
167280 2
262433 2
86991 2
526128 1
132541 1
816261 1
410400 2
595514 1
23183 1
816072 2
382895 2
667373 2
997947 2
617458 2
815495 2
213487 1
684368 1
401948 1
207395 1
161957 2
774124 2
190953 2
101840 2
491187 2
116633 2
633180 1
224150 1
125384 1
268140 2
434574 1
413009 2
160451 2
161529 2
958032 1
135019 1
251531 2
602423 2
255141 2
777561 2
200988 2
60911 1
785901 2
112645 2
852624 1
641422 2
952862 2
634995 1
754674 2
59480 1
845290 2
905772 1
858054 1
310993 2
117277 1
658095 2
688303 1
490001 1
61771 2
956430 1
267606 1
160359 2
830858 1
59427 2
147516 2
469977 1
922597 2
366257 2
534827 2
407972 2
321699 1
89413 2
877141 1
79691 2
187517 2
595369 2
153675 1
703730 2
100238 1
327935 1
97052 1
323876 2
51529 2
152168 2
235190 2
140493 2
233022 2
184097 1
309588 2
441501 2
321649 1
196343 1
355116 2
152987 2
11018 2
189301 2
974803 2
657200 2
152041 2
614770 1
482438 2
421245 2
840517 1
214678 1
613092 1
539391 2
492973 1
632558 2
107723 2
293027 1
859964 2
618835 1
241043 2
481885 1
365982 2
403135 2
176621 2
576591 2
251328 1
274571 2
834685 1
553903 2
659819 2
335527 2
311575 1
482363 1
701536 1
288820 1
387571 2
469912 1
370449 2
295408 2
190529 1
723507 2
668776 2
769410 2
903567 2
816540 2
161632 1
40404 1
375862 2
332232 2
64902 2
67918 2
197087 2
558956 1
744478 2
496415 2
401393 2
387965 2
502216 2
901005 2
312087 2
352977 2
550552 1
930123 2
979970 1
227668 2
675106 1
606629 2
363559 1
111545 1
791695 1
833556 1
725219 2
793079 1
355857 2
648523 2
387903 2
882272 2
80968 1
275445 2
664873 1
753871 2
810013 2
73991 2
942492 2
518809 2
138723 1
405248 2
710648 1
899229 2
215464 1
527646 2
533150 1
172327 2
178225 1
33003 2
628790 2
140187 1
258233 2
680298 1
543484 2
400658 2
17136 1
306630 2
713862 1
722863 1
488864 2
558441 1
180238 2
703136 2
575056 2
472516 2
388778 2
851321 1
384173 1
580283 2
103125 2
161003 1
58753 2
874090 2
103808 1
952848 1
570004 1
370889 2
710937 1
23788 2
997302 2
918866 2
174968 2
769884 2
519935 1
390869 2
522687 1
695778 1
724903 2
88110 1
706142 2
27459 2
617506 2
315266 2
419963 2
992727 1
967524 1
979760 2
420529 2
824072 1
104897 2
443182 2
633401 1
298130 2
705361 1
673340 1
770137 2
108118 1
382212 1
833935 1
975359 1
299905 2
254587 2
445885 2
836755 2
728803 1
995961 2
839852 2
744778 2
481124 1
359416 2
516128 2
569918 2
207673 1
883853 2
418658 2
747662 2
677718 2
256710 2
747797 2
592587 1
304436 1
461076 1
380903 1
458794 2
952367 2
581033 2
648610 2
140529 2
566125 1
577691 1
47642 2
840188 2
776181 1
933682 1
313971 1
823294 2
550400 2
533293 2
614947 1
366797 1
395739 1
37127 1
531493 2
52177 2
868265 1
268429 2
552959 2
159652 1
395529 2
251991 1
897491 1
910254 2
418817 1
85274 1
341088 2
7058 2
324177 1
162845 2
916171 2
228024 1
945083 2
266762 2
707206 2
837210 1
756971 2
797370 2
439215 2
895505 2
327309 2
800031 1
420425 2
234957 1
493246 1
770479 1
565221 2
455737 2
266995 1
917956 1
370348 1
225845 2
499951 2
707776 2
68973 2
838288 2
644697 1
752507 2
964126 2
412035 1
697714 1
601486 2
511155 1
186710 1
633727 2
169940 1
967638 1
705401 2
829205 1
275857 1
255764 2
68400 1
163037 1
976555 2
56795 1
62719 2
792725 1
709434 2
106313 2
200849 2
914411 2
762328 1
586129 2
886060 2
560281 1
727209 2
645730 1
583959 2
749340 2
495368 1
275570 1
39022 2
294893 2
53543 2
185678 2
943004 1
575199 2
189563 1
639007 2
740050 2
675552 2
320513 2
452112 2
519126 1
794537 1
713774 2
167745 2
238336 2
612903 2
377374 2
207429 2
40927 1
372556 1
386967 1
266749 2
449300 2
101282 2
55806 1
144501 1
62959 2
216440 2
727700 2
976785 2
555568 2
571044 1
201938 2
939562 1
438147 2
1355 2
495344 2
622627 2
244565 2
88583 2
471745 1
698928 2
187191 1
713172 2
671565 2
308903 2
292123 2
709017 2
554099 2
931766 2
158661 2
356632 2
687484 2
243429 1
692378 2
82196 1
462952 2
674783 1
279193 1
352325 2
110752 1
470125 1
48402 1
692778 2
596912 1
62796 1
704568 2
313564 2
936988 2
631492 2
418419 1
768826 2
786387 1
125973 1
524764 2
134159 1
306711 2
964192 1
15721 1
211927 2
124221 1
665170 1
139933 2
298286 2
279546 2
287640 2
475790 1
22182 2
299068 2
252278 1
418418 2
997812 2
870462 2
26653 1
492374 2
377018 2
785906 2
932588 1
658083 1
766840 2
352950 2
2607 1
857345 1
211984 2
593631 2
343703 1
69028 2
806446 2
426809 1
187501 1
220854 1
669087 2
500839 2
20128 1
621270 1
537968 2
247036 2
558629 2
962601 2
420926 2
939508 1
97468 2
493504 2
48627 2
793661 1
365915 2
688210 1
235625 2
674447 2
649719 2
277053 2
870461 2
443377 1
647228 2
838156 2
836611 2
376883 2
387678 2
515335 2
678469 1
713459 2
416033 2
344044 2
774187 2
184681 2
30387 2
537542 1
485055 1
272001 1
526344 2
520060 2
826265 2
715236 1
644429 2
574883 2
449808 1
264287 2
247777 2
423429 2
575987 2
286978 2
510063 2
790418 2
808586 2
232476 2
529849 1
6072 2
550271 2
750615 1
253511 1
321893 2
155067 1
736627 2
174233 1
60015 1
450128 1
722491 2
781273 2
88422 1
970073 2
387227 1
336328 1
297540 1
520020 1
1843 1
871001 2
408283 1
643254 1
149011 2
572554 2
968159 1
367564 1
854388 2
488614 1
862807 1
335822 1
186355 2
363828 1
480710 2
537946 1
299854 495
149315 1
874952 2
933008 2
258963 1
736998 1
984858 2
762509 1
142497 2
473731 2
261903 2
638894 2
207467 1
245976 1
700724 2
113084 2
987744 1
805733 1
295880 1
740260 1
903191 2
624032 1
138378 2
411306 2
900974 1
399016 2
198531 1
5212 2
203631 2
775475 2
723619 2
910876 1
587666 2
565484 2
623288 2
449123 2
139054 2
413070 1
320764 1
999755 2
359555 1
34226 2
760236 2
433453 1
565626 2
373833 2
217463 2
639748 2
826622 2
214338 2
561887 2
122273 2
207830 2
584524 2
622955 2
476365 2
449639 2
720084 2
939014 1
319302 1
582339 2
511415 1
161709 2
596535 2
777378 2
942710 1
754099 2
166343 2
755200 2
334472 1
333695 2
524567 2
504293 2
381495 2
297894 2
505905 1
384281 1
242590 1
973814 2
949909 2
390180 1
504235 2
967722 1
528785 2
727089 2
10432 2
613074 2
631943 2
205947 1
800871 2
953878 2
437686 1
573318 2
552369 2
334056 1
278051 1
407459 2
967858 2
690869 2
480879 2
894978 2
209096 1
373350 1
178441 2
664371 1
150213 2
703663 1
716466 1
544919 2
252834 2
804290 1
34987 1
433484 2
784417 1
539863 2
185161 2
765596 2
757670 2
274724 2
432484 2
756869 2
478980 1
253415 2
334780 2
113237 1
812723 2
318777 2
860000 1
510140 2
300926 1
881424 1
271233 2
486716 1
950881 2
25016 2
15034 1
634023 1
949731 1
341139 2
764798 1
471705 1
482782 1
610721 2
888229 1
2781 1
102748 2
505662 2
830505 2
948089 2
684279 2
911787 2
846268 2
58110 2
456290 2
3051 1
738098 2
296359 2
901064 2
132134 1
689773 2
359232 1
802943 2
478005 2
893530 1
806356 1
665124 2
53429 2
210499 1
424261 2
620095 2
502534 2
763921 2
825801 2
981713 2
211389 2
827985 1
162036 1
829091 1
172498 1
326645 2
124047 1
210051 1
841552 2
740436 2
259135 1
245831 2
22925 1
575224 1
293470 1
561150 1
710098 2
867270 1
567090 1
146591 2
289384 2
426702 1
4514 2
277108 1
79445 2
776788 2
585771 1
745792 2
794058 2
66343 1
887561 2
754553 1
199182 2
822255 1
898168 1
786253 1
199268 1
319848 2
52252 2
54082 1
990784 1
830297 1
261797 1
469787 2
313523 2
77646 2
66488 2
821397 2
446913 2
848154 1
327815 2
519219 2
283859 1
675635 2
387709 2
629781 1
79422 2
79297 2
42349 2
762112 2
