707
8 1761437
5 4422224
11 362924862
4 213121213
16 25E3E
15 1E5
11 458
5 433233244
5 14144
3 1221121
5 434
15 E639B1D45
16 B5
11 116144A6
7 153442
11 82149
14 2431
3 1122212
5 43232
13 293
6 1444253
11 3864
5 41134
12 252A
15 6A67ED7
12 751A9A
6 11112
10 97217179
16 81FAC3CD8
11 38A58A68
6 54551
7 41226
8 6351252
3 11121212
13 8C2735959
8 42161
14 B43A11
9 72256
9 44
3 11111221
4 321133112
3 21211
7 13453165
12 26B
8 5717414
10 9117
15 6E846CC6
16 AA1D5427
16 31CC
7 612
13 CB742
10 745
13 258
5 442
8 57541623
15 3C73
12 762A8
16 57BF199
14 B127B
16 AEA5D953
8 73151472
9 55334
6 132
12 41824B39
10 132353
8 273342236
8 511
10 612
14 3B6
2 1111111
5 432
8 17432
3 1111221
6 545535135
6 424251413
10 364422
16 D5F1394
12 923184381
11 64455
8 113664666
14 4645D8
11 539883427
11 38A68
11 6A8873
5 241233434
11 219A743
8 3516535
3 221212
12 989245
12 A521
8 544333614
4 211
2 11
6 35
7 413216531
5 243
10 99344281
8 53
14 C2
12 B733
16 36D94F4
5 344112
16 B3A
6 33255211
13 21C8B4
7 53113263
9 28
2 111111
11 77A
10 35
4 333231221
15 865A3D
15 5DCC3A787
12 274
3 121112
13 BC5CC1BB
5 2232334
9 123135551
15 E44E3
12 2343
2 11111111
8 677445424
9 863233
11 2595
15 988
7 4561635
16 879AF
10 659
11 85619A54
2 11111
11 33985A17A
14 C5683
2 111
2 11111
7 44526641
2 1111
10 895443
15 2E5533
10 789
4 221
13 8C21
3 222121
5 324134
4 1322
15 E5D4BDE4
16 51
13 7A98AB39
15 A6
13 C532C23
14 43523328
5 3213122
13 C2745
4 133132332
3 121
10 56573
3 112
12 1495A24
9 46
15 392549B
5 241
3 12
7 6525151
4 21111
8 641176
8 54547655
8 37165
5 414133
5 4342321
9 41747475
2 11111111
13 AC
2 11
10 36972656
13 21325986
6 121153142
12 4213
13 2C8
2 11111
8 46112746
11 431
5 222213124
3 2122211
2 111111
4 11332221
3 1211
6 23
16 27C3FA582
13 2125C1459
14 5CC8D2BC
11 3A277
6 2152354
4 122223222
12 5719A
14 CABB4CA
6 422433423
8 1367751
13 94911
7 2514
3 12222
10 6861
10 42
6 231344255
11 A3424
8 47774
5 133211
4 313123
6 212215
14 CA7C
4 111113
7 23155342
6 41511
4 2221223
9 257
3 22212221
6 425
5 12231
5 1244411
16 18C4A3
9 3664547
9 338
14 894AD3A4B
12 89772831
11 55A
14 5C6916D4
15 2353BAC6
14 34C65
6 3331
12 B55
5 231323244
11 679736
4 2322333
8 434
4 1211
8 25
11 69494A2
12 574142A7
3 12
6 545322533
11 16A13896
2 111111111
12 912834
3 211212111
16 3EFE8E7C
2 11
11 54381A678
4 1321
11 616
15 1D3D7DEC
15 E9EE7DB
13 9C25
9 28
16 D642ED22
3 212212112
4 33
4 2221
13 829
6 3114
14 C31C8C4
14 7A7A2321
2 111111111
12 7B1169414
15 DDEE
14 854B9
11 554343AA5
13 17BB2C45
5 41
8 25374463
6 514252342
13 7B335
8 611612
4 31
7 5652243
3 12221
9 353518628
3 222221221
9 12
7 155625
15 86
2 11111
15 C6E141
10 82
10 422488
8 4462374
12 2AB59669
7 5263
15 E98DE1
6 141351
15 4A8D8A
12 98B334343
3 2212
10 25
6 33
5 241
15 B232D4
14 6D822A
8 67777626
4 321311233
14 A2D357A8
14 3A79B
9 7684822
9 24
2 11
5 3222
15 CE72E2D7
12 3877A78
11 A66597471
5 32132
10 72
16 1F923CC6
13 74BB7
16 765
4 31
3 212222111
10 293621
6 235521332
7 2614525
3 22211111
11 1AA1A
3 22212
15 B546C9
8 3324
10 4825461
3 11
5 14231424
7 45
8 77133132
3 11112
11 326A
2 1111
10 5748
13 4BA
15 C24A7
12 AA
9 163382
6 133541122
14 4642
3 11222221
3 111112211
15 33
8 12
12 4144593
8 31676
8 464513254
7 365
7 51253
13 38C1
8 24457516
4 13232231
13 19A4A6488
4 231
10 39698
3 22211
8 36
15 8CD43E
7 134132
9 341
9 85
8 37352
9 147875
12 55319929
6 11321323
6 524443414
12 AB5
14 CA87
6 442135454
13 81C1456
7 221
13 B274464
6 23232211
5 2421411
5 24334144
5 12322332
9 278
11 919
5 41414
4 2232
13 C74BC
3 112122
10 83863
7 33121
14 89485949D
14 56C6
13 BBC9A476
2 11
13 5C3
7 124523365
14 58B95
3 122212212
13 282A59544
9 17
13 356A672
13 BC59335
8 216452536
10 961435
4 121
8 62645364
3 111212
13 3A18
7 56662
10 9893
14 9C88BCA3
10 17162
5 1433
16 CF6D423
8 4722641
11 25893867A
10 8252
8 644175463
3 12
8 4461324
10 8266461
16 16D
15 C1
12 53662815
3 2122
4 11
3 11
7 63633
3 212122
9 233661668
12 371788
9 72
7 431423
5 34141234
3 222211222
6 341531
12 83148366
15 EBE8BA
14 CD687
15 4ACE79E5
8 446364635
13 89378658
9 6752417
11 152171
9 238558875
13 14C63B4
14 A75
12 BBA94
8 73
15 787D7A
10 436287774
7 646434
2 11111111
11 82A11933
7 16
14 DA349BD22
16 3F98D14
14 A448862
13 97A1312AB
13 BB461
14 879
3 121
3 121212112
7 23
10 526659
2 1111
5 432
3 21222
16 79D794FD
8 776
6 245121
9 1685265
7 153312451
11 369847184
10 96113
7 22235323
12 9BB3
16 89F3FC
2 11111111
6 444
9 24655
10 954119598
11 33962
13 4C259
5 3421
4 32321132
15 E3C
13 7275428
4 232111
9 346686233
16 EE54
9 125431426
8 24762
2 111111111
13 45A3CB1A4
5 323232
9 56
5 411
15 3C33
6 533235
2 1111111
3 121
5 21122
3 11111
13 896539
13 46C85B
8 32
14 595B
7 434351325
2 1111111
16 7E9
6 3233
11 61437
7 33352235
3 22111
8 761444242
5 144233442
12 14414844
7 63
16 E89BA7DE
2 1111
6 233512
16 B7F
13 831C2
15 C736
13 51739
8 7337
11 12
9 655764
12 5779B38
13 194715
10 736855175
8 66713372
10 526
8 46177253
5 42
11 8153
2 111111
15 C99E49
7 5214531
9 5864425
14 B793B5
15 DDA
10 4337
3 12122221
15 6D5
7 625423
5 3442443
12 63A21724
2 111111111
13 58C46A4C
6 4422
6 4324524
3 11
5 144
4 32321311
10 416921
9 2586571
10 45388
10 574
7 31
5 4414144
6 451135524
12 532544624
5 2143341
15 91537B5A4
3 11112212
14 CD
5 2223112
11 9652
5 3311222
9 247431
8 2735225
6 211
11 17695A9
4 2111
14 268AACC
2 11111111
12 8A
13 8BBB12915
4 323123
10 7113
7 125225223
15 7E4DEA7
9 75241764
11 477978216
10 3794631
2 11111
9 8531532
8 646255
6 11
13 7C74486
16 B2448B1
6 11432
4 322133
7 51641463
2 111111
10 3567559
2 1111111
5 222441
15 D397
13 A89732C1
12 3645
10 547825
11 29
3 112221121
5 34241
5 4233
6 225354425
2 1111
14 B412449
14 7B3
5 124241
3 1221
7 366
3 11112112
12 A2443
5 1433
3 222121112
5 21113
9 65
2 11
14 D4
7 3552423
2 11111111
10 22486
7 132524141
10 113528
11 21896A381
4 121
16 7915D8
11 8A869994
6 154321
12 55299
3 111111
8 66246
5 1442
7 21
6 14512131
11 142685418
2 1111111
14 9CBD3
14 A843
11 212
10 1385
12 A2675B
15 2695EE7A
15 74CB59
7 614111
13 2499144BA
11 51334535
7 55566
13 9648497A3
4 112
13 366
6 513
9 284564
8 244
13 CC767
11 A77948
5 1341414
4 2112113
11 45
11 431
11 4251
3 22212
12 72A4458A
6 225
6 55
13 43471838
4 32211
2 11111111
8 2524341
7 62
15 11
7 5125115
12 391A9
9 74632
16 AE951C
12 3A4168
14 77D739543
16 9829
11 1414964
6 111232455
8 6453315
15 5931C
6 4414
4 321213322
13 B441A75
15 A96328
10 9769
6 231224425
14 2774852
11 242
5 413222333
12 A6857AB91
9 22265
8 414424222
14 BAACD561
5 24
8 32467
9 4765177
5 44
6 45525
15 39855E11C
13 67954A1A
12 1957A633
15 98AB23C
5 34413
10 396
6 12431211
16 B685F
12 747B
14 1B964
10 963685
11 A3A
10 76
