783
8 51
14 B645A833
10 3258
7 2246
15 AC595B4D
9 3264
2 1111
10 426878657
13 B9
6 5321554
8 3132
13 1752A99
15 28B6AA7
2 111
4 123133
11 48562
14 A6C6143
9 43215525
15 1B3ED
9 173112
15 5D7
14 B25C
5 312
6 2325
3 111111
12 79
5 1114323
15 7E6C
2 111111
5 442341424
8 432637
11 A2415623
2 1111
8 442556144
6 12321
3 11111
7 15623
6 431
7 66446264
7 55
2 11
15 11C47A
7 354565136
3 222122
2 11111111
10 212316
8 566732536
5 14332
15 173ED9
8 311
2 111
3 221
9 3838462
8 4616
7 36
10 2496672
4 233331322
4 23122
11 812464595
4 223111
4 132
12 B2
6 545
11 384
11 925AA1A
3 122111112
6 15454132
7 4253
2 11111
12 454
11 89145
6 1454251
13 549AA746
9 256735
14 1968A395C
6 45
9 2718
10 84338893
5 422121
11 1797778
7 6266
11 32526714
16 C83F64A2B
7 15142464
12 938B
12 3927
8 13
13 252A32A
3 111211212
12 2B8163B6
2 1111111
6 333515
7 2164331
5 41
7 1645
3 212121222
11 688433
14 7359695
12 1B628B218
13 996748
3 112212
2 11111
14 5239B
12 99
16 897F3BBE
2 11
7 45
13 BB
3 22
14 3DCD85C63
10 15
13 612838699
16 E88EF
2 111
6 32223
13 C17C17A1
4 21
11 14722646
16 56F21D
4 32222331
13 4C
6 531
16 3E12A
13 A4816A9
7 134122
15 1B1A
3 222
16 9B1BAED77
6 5213223
4 32223313
12 48791323
6 1545515
14 2D
13 18AA6
4 313311
5 214
10 246837718
4 3231
8 24565
10 1175
4 2231113
2 1111111
10 5419
7 4226325
8 322211317
9 8276748
15 7869C4
7 33644
6 31244251
16 8D385B9
12 854
9 47277
5 113122
9 4728115
15 268DCE49
10 225229564
8 35621452
10 7379
11 39987A945
8 63765175
5 34
3 11122
2 11111111
3 22121221
14 DBC6D
12 153
3 12121
6 14
5 2312
4 33222
5 2313432
7 2661
11 968
15 91
16 CB5
8 622
3 11221
16 6997C5
10 32
7 35522441
7 626
5 1232231
6 1135
5 12224
6 355315241
12 568
12 B5
2 11111
8 75574443
8 5525565
2 11
10 89385
14 2C19362
15 545E
4 13113
15 D88C97
2 111
9 822887
9 11
13 1C11
14 474
11 365428
14 52A982ACD
5 224
5 444211
4 222121111
11 217
10 71
7 126536
8 26251
11 6597738
7 54316322
5 114111311
5 23322441
16 CFC2F
10 41
4 32221222
9 3736642
7 33
10 738
15 455956B
8 47
13 A2
10 313
15 88
11 87996
6 54352
8 41
14 96
2 111111
9 72
8 317121
12 2BB618
12 13722
6 32314
16 C5341B6
7 55211266
12 B64A6A
14 73A98BB36
5 33322
3 22
15 2A
6 553
3 222212
10 29
9 8723
16 C4E8
9 214
7 35
10 58812777
16 69F3B9E
5 444141212
13 C47
10 2214
15 48351E
3 21
6 424512321
5 4334
3 111212212
12 436B4A6
14 B57CB9499
6 34455
3 2212221
12 94
16 2DA49A1BD
14 64383
10 72451
7 25
2 11
15 4167
8 131276317
3 1212
14 2B57
5 23213
5 32
12 4476A51A1
8 23
4 23232332
5 33344
3 111
13 71549
15 48
13 C19
3 21
14 327
11 898455
5 24
8 772244
14 85
13 49271A319
12 43328573
3 11211
7 6543625
12 A533B9218
14 D4
14 15725
2 111111
3 12112222
7 4563464
16 4E6
15 8474
2 1111
16 11136F579
13 4442357B
14 3B3A
3 1112122
7 12434
10 5284357
15 69B7C3
16 436
14 1CA6BA
5 412223
3 22212112
15 94646B
11 8149711AA
2 11111
2 11111
6 45155
7 53123545
3 2112
7 52
11 387
14 65
8 762
16 EF6
13 8279A
6 332425
7 161
2 1111111
10 192246
4 122221
5 424134432
8 42452452
5 11131
7 644665434
13 1165627
14 D14C
9 463
14 5B51976
8 5172
11 5723A46
6 152544555
11 16
3 221111
11 245A7468
11 18
8 1666
2 111111
9 756422
4 1333
16 8B16
6 15123312
6 555421131
10 45277
15 871
9 2648318
4 213221
3 21121212
10 93
6 14545352
4 31111
2 111111111
15 E1548BAC
9 68824
16 94
8 653424711
11 A48AA242
13 1B
4 232
10 97
8 753433113
16 DBD
11 A6
16 81AB
7 166245
16 79
8 41146516
6 5431
9 887
15 1D41
12 38435B4
2 11
12 146
7 2115
4 331332312
12 56
8 77567
2 111111
11 529A8537
2 111
16 42577764
12 69BBA
16 5FEB5982
2 1111
2 111
3 21112
4 3322313
12 33887B
6 413531
10 481
10 823725
3 21211221
12 26
16 6FFD958F
10 16596276
7 66652342
5 3232
6 4235
4 122332
9 37117828
13 834
5 4423
16 373
5 31132
4 223
9 736814
16 FEB7E7
12 4B
15 94E7468
6 24
8 134
14 6B9B
11 8A5A98189
15 C48E
10 194692
15 C1D55
15 C15
14 6D6D983A5
10 62
12 113
5 3212422
10 2766912
7 6421222
11 932671
9 1311
11 81838A
9 4355844
13 2B6463B
10 6574484
7 3464
11 9126495A1
14 7D8
5 32421
13 34788
3 111121211
8 65132
10 1248
7 263464223
8 3265
9 42
4 32213213
5 2133
16 15976B71
12 741824
12 951
4 333
15 AD
16 95CED8C8
15 7347D3869
10 12118
11 8946
14 31399
9 762
7 446
6 153241334
15 88B9B
8 271
16 FCFB934F3
6 42412
9 731828524
9 731
9 56
11 956234
8 62274
10 162
3 21
11 88A9256
15 CB13C61D9
11 2A1874
4 122
14 56361B9B6
11 51821247
3 211221
9 43624843
3 211
3 212
4 3231
10 73
6 1443144
3 222221
6 1114511
15 35
15 77C46D
11 777779681
5 112241114
3 122
3 121
3 22221
8 6373776
10 32
8 32253265
16 DD56D9BE
8 21742
14 7B
2 11111111
13 AB5
14 B3318CB4
3 1112211
16 A6
3 21121
16 965
11 93248
13 1762
5 21
12 62977331
15 BCCE5
16 B958
8 726263
4 2121321
7 4246623
11 59717883
2 111111
14 5296D2
15 BEC
6 551412
7 446433534
4 23113113
3 11221
5 214131
9 75432165
15 BCC3
15 E38
13 C1
10 64412439
9 484
11 23223
15 219518C55
4 3221121
12 732438B
16 8EA
10 1928
7 2626
4 222221
3 2122121
10 5358489
15 C7B51B6
7 141453
6 5144
4 2223
7 4315
6 543244
10 3585924
12 31A44A
6 331
11 316
13 44
7 453325134
11 582
14 43
8 655
7 335643
12 4B5B8
14 DBA74D9B7
12 63581
16 75
2 11111
9 112666
4 123333232
14 416C46
6 545
8 2675572
6 231312134
11 431421
2 11
16 E745
10 288661
14 8D3895
5 333243
2 11
3 112
6 523451522
7 461222412
5 1114
12 5739
16 E6F7AB9A3
8 362637
5 23213121
13 894BA12C
15 7824E35
6 33
11 A35183A9
12 72AA59
11 86
3 221212
13 B9B2245
4 132233113
4 333122213
4 22333
15 842972B5
8 153436145
5 41132
16 533E82185
12 7B97272
9 3266
14 9673
11 514
14 C3439C1C1
3 22111211
13 71256448
15 3CE6D27
8 73
11 5A86
12 6A
10 3714493
5 14
11 196A2738
3 22
8 446
2 1111
6 31
12 824
9 68
15 8C93BE344
4 1121311
10 42173
5 132241314
14 A8
3 1211211
13 99431522
14 9A9
2 111111
4 221332312
11 7322
11 A49
13 79A8
3 221221111
3 11
8 267116213
3 2222
8 21411127
10 94265953
12 27
10 93962
15 837D5
9 11114677
7 61145
10 679867
16 F87F4B8
6 34
15 861E9243
15 8DEA1
14 B4B
5 144134
8 2475
11 615
11 825A31A6
3 22
14 B4A7A42B
2 11
11 A4A98
10 495244
15 D14C
11 9653336
15 66
7 1335444
12 364B822
5 434111113
2 11111111
4 12112221
14 5417335C4
12 BB2
7 6126532
11 A77
13 AB729
6 35225322
4 2111232
12 739B9A3B2
6 142544434
15 BE691
7 61442353
11 3165117
7 4466
7 41555633
8 2261
4 3111333
5 42421134
12 81
7 6216313
13 58981B
10 25149787
16 BFFEBC82
9 352
2 11111111
9 81124
10 547684388
12 71
10 66859875
4 3312112
6 51213
6 14
5 412442
3 112
15 2ED6AEA5
10 958723
11 6665272
16 92C
3 2121111
16 2E4F
14 95191696C
12 1636AA495
15 6E1D276E7
8 632174
10 285
3 22
11 6A6AA
16 A65D5CF
6 15522
5 134343
6 1435223
11 78159A653
3 211122
15 57D
3 112
12 3354256
15 B263
5 12441
5 331312332
15 462DD5
16 96B
5 422144
12 16A73
8 21254
14 182
11 47387A39
15 A4E1E2
7 323423565
7 1211
7 66464
4 313322211
8 756213525
8 67343747
16 EAA
12 2B91
13 252
5 112411333
16 B33CA51D
15 E2365B7
11 A524
16 E3EC6713C
10 7554799
16 8C13
9 513816
12 6BA5
8 16714
4 21212221
9 757233
14 7C97
15 35
9 62275
15 E5
9 624
3 12
15 7A6C6D9B8
12 442B41439
15 6A74DC8
11 75988
15 129A49D8
10 398
13 26A
5 233
15 E393B16EB
13 67B8152
9 856
9 2213
8 1127
2 111111
10 948
11 137
15 D64B36D23
16 F19A51A6
13 CC199
15 5D
8 64674731
