360
11 337
4 33113121
11 7A
4 3332
16 B6C9
5 431444
15 248E4
5 31
13 27
14 C2CC
6 41235
16 8BDBF7C
16 ADF5
15 3BBD91
11 A58834
6 111422111
8 121
16 D7A64
15 5B5C61
9 28
5 24432422
2 1111
16 7A29E92E2
7 616634
7 33
7 464343622
12 861A178
3 22221211
3 1211
3 22112111
7 62641651
15 9368C846
2 111
15 E761883A
11 947
8 4563151
3 21
9 5532266
7 411
4 132
6 421
9 7252811
15 15AB89A
10 47
2 11
14 1DBADADA3
6 4435
3 22122222
13 9949B2
2 111
14 AD87
13 18
14 C2813C
12 377A9827
3 1221221
12 425A482
6 234
9 647575813
3 222211222
16 6B7FB73
10 7152
6 231331
4 213112133
9 1127
14 B88828
8 72
16 483
8 653
6 2431
5 31444
12 3437132
13 9CC4C8
7 23124256
8 4653745
6 312233
3 212212211
10 687841
12 47981
12 33
11 43
5 221323
16 D1A9
4 1212
3 12
8 35322
14 73219
9 7773475
5 43
15 2C3EA7C65
13 2C5
8 1762721
11 7241
7 243344642
9 47732335
4 1332
14 C754
11 48A1
16 26E2E
3 221122121
12 781AAB72
12 726B663
11 77164
16 F4A
14 6525C5C7
8 324223
12 958A88
7 4321526
9 48
5 44324242
16 E2
3 1121
11 732828
5 4213
10 169752181
13 9B7A17
10 45281
2 11111111
13 B66A61
16 148F68AF2
5 3411
15 E7B93
3 22
5 3411122
14 B4D2A4
6 2311
11 765
11 3427A616
13 37C49C39
4 123323212
7 45143612
15 4ED731
13 753716153
4 212333333
6 2251413
7 25565513
13 A8732CC26
9 773252
12 15915851
15 1BB5AE995
3 211121211
9 5325
5 2321212
10 2854799
16 94BD62
2 1111
15 642BD15E5
10 2389655
3 2222112
3 211
6 1545513
13 A2665276A
11 A64A5929
5 4343
7 256531
7 32
6 2454524
8 71745321
8 1225224
4 123331
8 26
14 D744975
5 2333132
14 987B55C
6 454
15 7C668
11 2739A93
7 5656
2 111
14 914
6 24352
8 14
12 69B93
14 392125
11 2868746
15 23
9 164687881
7 22616
4 22331312
5 21
10 889
5 423
2 111111
16 DB22B
8 61131
8 66
8 576342
2 111111
8 34
4 322232131
11 A4
3 122211111
12 4952A2A9
14 76
10 79458444
10 7186
12 82A7A
8 11
9 211
15 9EE1A9A1
12 B55
14 214285791
6 434
2 111111111
5 1414213
15 8E987AC3
10 9719
4 323
5 11144
5 11
6 15133451
12 455B22425
8 572
3 121
13 B8B971AC
9 457753
16 FC8FA5
3 112112221
2 1111111
11 5727261
6 144
5 211
4 331
5 4332222
5 213423141
13 285
2 1111111
5 432122
6 45423
11 89664912
8 572753
5 223122211
10 3488822
12 92B22B5
14 3AB2
4 2121
6 544325133
7 34233
6 4252
8 1213246
7 345
10 41
14 C2C2AD
14 79D616BB2
15 48
2 111
15 58143292
11 393
2 111111
5 213412
14 2DD15
14 31
11 A2A9
11 51
11 276
5 443
4 221121
4 123133121
2 11
14 5556C643A
3 11
10 6547843
4 3131
16 B12483
16 ACEEF5
8 76
10 22541221
7 553213253
10 963651558
3 22
4 33231
4 1321231
4 311312111
5 11433
5 41321
13 9A891
6 5532
9 6155
15 81
7 2112
16 2184CA11E
5 3233242
7 6416
15 6B
16 B54F72D9
4 311
3 21121121
3 22121222
14 7C
2 111111111
3 212
7 155215124
11 5AA1838A
5 1431114
12 B652A59
15 1CC9D3EE3
9 77337286
13 999B8A
8 1716276
2 11
12 BAA26553B
10 239983
4 3231
2 111
8 712111
3 112
11 58
11 3422A77A
7 224
5 223131
12 214
3 122222111
12 5584
5 4312123
7 13451
7 656166
3 22111221
4 11
4 33
13 C94261B9B
5 2123
2 11
5 1312
10 24872
12 56
3 222122112
14 762
6 332
6 255513514
14 63B45B6C
2 111111
15 5236B5
5 12
4 122123131
9 11155552
7 4145
11 59A
15 28361
15 47C6
5 223322
2 11
6 55412342
11 31954
12 4B
11 2276A6
3 221121
14 2522C68
5 23
9 454443
4 12233
6 4353332
13 23C51A5
6 435432343
9 62581467
4 313211
10 5652
16 7745FEBB4
12 B4
9 8376
2 11
9 4153625
