360
5 433313423
5 331434341
13 48B869A
6 14142
2 111111
13 AA9B8
7 24566
13 94C4A77
11 4746
14 8A
10 9362
2 11111111
14 C8AD
11 1663
3 22
11 58235461
4 113
14 77DB7A
15 96
6 215551542
8 21712
15 6E1A3E
6 224533
12 22
14 34
2 1111
3 21221
5 31
16 38
7 331
14 D56
14 5C116
16 853CE575
4 311322
2 111111111
8 723541413
15 152
11 46272744
12 6435A877
10 65755621
4 32
12 AB5A
16 7D1614
9 3222135
13 C282265B5
7 51362661
15 5A83
8 551152736
4 122
4 32
13 9266
2 111
14 87
15 849714A
15 35
5 111
16 BF2A
2 11111
6 22
13 2766A96
3 1111
10 253845
10 958
10 664496
3 211112
8 3141367
6 21255
16 E18E63
11 84
10 3693266
5 3244141
15 488A6
2 111111
5 1111
7 62
14 6A5DCC
2 11111
4 113312122
15 92
2 11
16 7DB8
4 31221332
8 27474323
11 483664
4 211323
11 2741
9 413624646
11 762A8985
10 93441543
8 71665224
14 857A697B
9 767872
9 168857
13 9432A
13 765CBC3
9 176526423
13 9B599
9 77531
11 57
16 A8EEA5BBF
6 35513124
5 111341
16 CDDE
16 52B68EA3
9 4344324
12 A258634A
7 632242
4 331
14 3C
14 6916C7AA
11 95
15 582B62
9 7587646
7 46352
7 222253255
4 232
4 113223
7 142
5 3422234
9 1862
9 515626483
5 143
14 B62
16 7FED
3 21
11 17572
8 611426
9 633542871
12 32768AB17
11 41328
2 111
13 7B989
3 22222
13 1718A1
15 15D9C421
3 211
12 985
8 11461
11 383
15 157268
10 8691
11 79
3 121122
7 553
10 719663
6 421
3 122222
6 332111
6 11213352
16 47511
3 21
6 21
7 245226345
16 6383AF35D
5 2343
9 825
12 3A2
14 5AD7B
4 312
11 2A4A7
11 1869339
16 1EA4CF14
4 222
12 7558A87B
8 26574
7 35532
14 4B94
12 33156A
9 11
16 D9
8 41
8 54714557
6 531
11 11725641
13 252999226
11 8531938
7 2633245
13 6C
12 6442849B
14 7AC96B4
7 12
2 1111
3 212121
11 1628
4 3311113
7 33
13 ABAA967
13 AA78489A
2 11111
4 11333
5 233232
10 542733584
5 134234
4 21
7 65333551
15 63BDA8697
13 73
13 95637
11 842415638
8 775134215
8 1347431
10 39315537
14 BD559
14 433
16 1C7D725
2 11
8 764247426
3 211
16 5FDB6
12 16593874B
8 7322
14 4C223
13 6595A
13 B5
5 2314
16 9E3
12 A14155A86
9 1738
6 5553412
2 11111
10 466868761
2 111111111
16 FF2E
3 12
15 DDA173
8 623375
3 211
6 222451
13 B595338A
13 34C7
11 941538
9 314311
9 73841
10 285
16 83BB
14 1B7
16 3254B4C
3 11222
14 C8665B4D7
15 DD674922C
3 212222
14 811D7B6
14 27D
11 657
4 1222
2 1111111
10 27372893
16 9324D9
3 111111122
11 675131
3 112212
6 5554522
10 3961833
4 1323
5 333
16 89FD
7 533222
13 A4
10 1629839
10 7984323
14 917A169
2 1111111
7 6534
12 73B66
3 12
6 42134
3 212122211
11 54286
11 8242468
15 73AAAE8C
11 A6
3 11222221
15 8BD
15 95E5C9
10 75
2 1111
14 A4
13 5876A3AC
12 371
14 54CD7A772
6 25
2 111111111
9 1552
4 213113212
12 853B4B8
12 28A9
3 1111211
13 65AB8C
3 22121
9 226
15 52A7C
7 45621152
2 11111111
11 6635A792
7 6561213
14 95D3A27
12 24AB84
2 11111111
8 77412645
3 21221121
2 1111111
6 1141254
14 C7C
7 352361262
11 959A7724A
11 792527369
9 38
10 9932
7 54455642
13 6675A3B
2 111111
12 6A3766B9
6 54141
11 46
10 9663
11 AA6
9 4556687
8 561754
15 E178E32E
5 331
16 A59
12 49
13 C679C
11 1A7
5 124321
11 53991269
11 39449
12 248362
15 2558E
3 122
4 231
5 31341
10 21
5 2223131
11 2678A3453
11 7314A567
14 DC3A
15 1E29A
10 26822
15 BEB
9 55132478
4 11232
4 11322333
8 46367
5 21443431
14 AABA
8 3252
10 797
15 B561
11 8669362
11 649694A35
6 22225
13 CC4C983CC
9 73573612
9 821656
2 111111
13 3A
16 9AB5
13 3865
2 11111111
