322
8 47357
2 1111111
8 26
4 232322331
13 24551CA
15 423AB
6 535553
8 335226546
10 9184257
4 1331132
13 632AA6
11 537983748
7 515
11 514
14 A59184C2
13 CBB66449
4 221
13 3B8
16 53F7B1EA
8 167357475
7 565
13 ABA6CA
8 35
12 27
16 623AE
8 654
10 456846
9 134824835
11 7A8
4 211121323
5 1333144
13 B94
5 331324333
4 223
3 12222
7 633
6 44223
6 343132
8 16747
16 5FE
12 698985953
15 8A
10 3669
5 4442332
10 728
15 6559
11 47619A59
10 883634843
15 4718CB537
16 43
9 225
6 432
5 23221
9 68626
2 1111
10 9794
6 32312
11 119
14 93
9 26851761
10 478457921
10 9454992
8 34316615
2 111111111
12 5395
4 2333133
15 A9C3
7 564
15 AB1E23B4
15 B195CBAB
16 BC18C1DDE
7 3341
16 EF297A
4 313321122
4 3333113
11 233742882
6 2332
15 262A
15 123E54246
14 A7B74
9 17367
10 99533
13 C3
8 465143353
7 26326442
13 C6292
6 44532125
6 2112
15 65695
3 122112222
13 238351
15 8D8E462
12 9B4
2 11111
5 12221231
14 18
13 3C3A
3 22
3 21
5 22333241
7 414233
9 17
5 41
5 33113333
4 2213233
15 CE597
2 11111111
15 4B2CDD4
5 132434
16 C9D1E91D
9 677328
5 111243434
6 12
14 549D7
9 641
3 12122
3 112111122
6 5124351
16 271AB3AB8
5 31133
7 46
7 12654544
4 122
16 AD9
2 11111111
9 48485576
14 1A16BD82
11 14
11 88
10 91143
8 452551622
2 111
2 111
11 621A
5 413334
11 31A
9 677676175
6 155134155
13 16B
6 3353541
11 A52
11 775
15 D8D6C
2 11
9 7447543
10 8881
14 3A3C9
5 43
12 A1
7 4121414
13 C7
2 111
8 231323
2 11111
11 733219696
9 8748458
5 2212434
14 942
4 23322
6 354
9 658225384
12 66373551
15 8DE65
12 245
6 4542222
12 1291
15 CC8
4 212
8 5653326
10 98
10 187822
15 84EDDD64B
15 27B
6 1454334
6 22213
2 11111
12 992831
9 781828163
14 13A48
11 9A
14 7478B19A
2 111111111
15 4C9497
9 78633317
6 2455144
6 43
10 84
4 3121
15 7D7A5B6
5 241
14 B2B
6 32
16 95
16 9361C
7 2245122
3 22
2 1111111
5 333233413
7 153
2 111111111
5 14431422
15 AB7AE7BD
11 515372
6 354425
13 B3CC52C
13 4127BC56
12 21677
15 E371CD7CA
5 44444321
7 4626336
8 22527
8 562
13 613427A6
11 2A1
7 3522
4 31131332
12 61A6168
3 22
10 45833
13 8C5C22
4 3223
7 5465
2 111111
10 815212746
4 2331323
13 56
2 11111111
9 13
4 2222
13 28378585C
4 13323
7 6245445
4 23212112
8 7122375
5 42
9 32873
6 3412354
3 2211222
9 74234
11 48
8 14114613
9 25131
3 1112121
11 39A41
11 663
4 133233111
6 52533
5 414
3 22121212
12 14965A7
14 32187
16 9DFC25F31
14 4D566CB62
8 531463515
11 8584
13 21218
14 A51A2B7
14 37598D133
7 64216
11 46
4 13
3 22
10 7878699
9 143
13 525A5BAB
4 21
10 851278
14 6C
3 12
10 1968322
9 25
16 2B74F
2 1111
3 112122
4 1113332
12 8B4BB6B8
6 41443241
2 111111111
7 15
12 59AB3129
5 14324421
9 317731774
16 5545DD9B
16 259E4ADFA
2 1111111
3 2122121
2 11111111
3 222111221
14 327C799D5
8 6516671
14 7828599
3 1222211
8 5671322
13 C99AA9774
2 11
16 72DB4985
14 C142962
16 2473B6F
8 51
14 568D12BB8
12 41128826
5 1113
2 111
5 22324233
10 26
7 324132141
4 332
12 5B63
3 1211211
16 F8A7
13 5927265
15 EA
7 5646
15 CB
13 2638B7A
3 212212
11 38
14 87A
4 12
14 B883
15 179A5E
15 A4128A
