227
15 299ED
8 52747132
11 7572772
12 187B55677
4 322
8 17365642
2 1111
2 111111
7 454464326
6 141
11 628116A
3 222122
12 558B9
3 21
16 44197F6
15 49772
10 5327
16 3F5EE6B51
7 34123634
7 316
15 93EE
5 124
13 3A6372C
4 222232321
14 7C
15 7B3A977
14 468B532B
13 2138A8813
14 9D66
15 6EB8C999
7 65256634
9 2113
4 222111131
7 16225
4 31323
13 272542B49
16 A5B
14 4212832
12 44
2 1111
8 721515213
13 CB8B69
15 1D5B4E287
3 12121
8 77677675
10 7979699
8 55552
3 12222211
8 43166235
7 233411445
11 4515312
14 5BA34
9 38812618
16 A72DCBF
11 6A55
10 797627
13 26A
7 5222536
5 324331
9 523
14 5A6
3 21212
6 241433
6 351211533
3 2221
15 43D97
5 131421
3 12112
10 987817475
9 563
7 144164565
11 937966789
7 156135622
12 98B9B68A
7 511414251
4 3231
2 11111
13 ABC7CAA
6 345154
5 3121424
10 267
14 6CD
14 CB7CC6AC7
6 11444421
16 6EB9998
16 79B2281EA
16 52CE49146
11 88A
9 628533
3 12
12 9697BB8
7 14
6 51
12 58A4
6 255354342
6 133545
13 85A29
12 4564
2 11111
13 A73
7 41
12 17
5 3344
2 1111111
3 222222
6 544235
13 275
5 423142424
12 321995
6 24511554
3 22
7 352
16 116
12 27B
3 1221122
10 7851
14 CAC
13 31511B
6 2324
16 3E5E
12 656B23
6 12322
9 2744
2 1111111
11 74A834
2 1111111
14 95247DC
4 21
14 C854957CC
12 4B58A88
15 8A9B
9 7417743
5 124214311
12 1B3684
2 111
12 28351684
16 DEBB
7 2226
12 B8B882835
10 6355
2 11111
11 561229
13 64B83
4 1222233
3 11112122
10 876535567
2 1111111
7 65464623
2 1111111
15 3CD
6 4451511
10 46
14 78
15 E8
14 A4B
14 5AC9D6A2
12 6237A1A7
2 111111
7 1565
5 34
2 111111111
10 3827
4 31321111
7 23
6 525511114
6 52213
14 652333D3
13 BA4A64AA8
10 2897739
13 39235
16 E4F2CE3
14 644
14 2666
12 67A76A1
14 A5DC
12 915756929
9 24
2 11
2 111111111
16 B57AE64
11 41A72468
12 2718
16 FCB9
11 588171494
13 56B75C75
12 42
4 321121
2 11
13 33574A4
10 9959822
8 2647324
9 61
14 5757
3 1111
13 86
13 1345
15 BE1DBAAE6
9 331188272
12 A174
7 64
2 1111
10 73
9 43
13 2162B1
4 233333133
14 AC
8 3141565
15 A37A6C57
15 AA98232
4 312
15 8A9E74E38
6 15
16 5666FE3E
12 95A
14 88
9 574328844
12 AA8
14 B3DB53
10 2883784
7 54555216
16 C7
14 91362DA8
13 C1
9 5272831
6 342111125
13 B16113
5 24332232
