179
8 47
13 9BA
8 657457
3 22
2 11111
3 11112211
15 44262189B
14 9BAA29B68
16 F2EECB
8 17176
5 1441
2 1111111
16 34D
10 15191
7 416554
7 65363316
6 41
13 451
6 343
9 543
6 125
16 F277973F
13 24C6
10 366267
15 E779D639
5 424
14 18996
6 15
12 5861599
7 43
16 E38B2EDF8
9 7764552
3 2212
6 443352
6 143
12 221346
14 481D2
12 722149B4A
6 2521
10 6283984
7 51466453
5 1112142
6 311534241
6 5521515
8 35
14 5186AD6
11 555
13 AC174A
12 698245987
15 8B7D
7 45432
15 6DD8D34B7
7 15433636
16 F81
3 12212221
9 884
4 23
6 44442235
5 211131133
16 8B
5 1322114
11 8A46378
15 A12576
9 25388521
9 6422477
14 1B633
13 8A8276C9
4 13322321
13 73342446
9 286466
7 2561246
12 34
4 31333
13 655A52
4 232
2 11111
6 25515313
15 8586DD
7 644536155
4 3332323
14 94CC181
6 245332222
11 6148335
4 23312
6 441551224
5 231
13 1C88A
10 7632392
8 25
2 11
11 57239
12 98B56
5 123211
7 51624162
3 11221212
5 44
10 493883983
13 14BC
6 35
4 21113
3 12
15 726E
9 314828636
13 389394666
8 313236
14 83C
13 735A2B6B
3 1121112
2 11
14 BACA3CDB6
3 221222122
9 66364
9 148828
6 42243143
9 7585268
12 653B72558
15 8C2A88D2A
5 133141
13 AB4B
5 42314234
13 9392224
11 AA235619
14 37D793
2 11
8 422476712
14 A3CAA5A
13 213358838
10 732997
12 758A11
7 6535225
9 2856
2 111111
16 C9AC
10 989
13 434422947
13 987B6A
3 122
9 55124
6 521344
10 4775
16 2EB
13 2617
16 631231
13 7B18
3 211
6 24
10 598185677
5 443224442
3 22112212
6 411333
13 4B5611
14 1D77B9B3
13 111
16 95F9
11 4975
16 48CB
8 66
11 74994
4 333221222
4 1223221
5 1221
6 122244353
10 29
5 23144133
16 8F459D6A1
14 26CC438
12 352BA87
16 A91964
8 16627
8 27264
9 428724655
14 7AA3B7
4 13321123
4 3122
3 12
5 4311
9 326
11 6872995
4 21333
