40 19
142007851 36185061.49582659
722759910 182431902.55666074
714487535 444629334.7526716
538728382 166222155.07788113
638617975 418180254.7806677
76098862 65457573.122480616
846706414 39943369.906789
819143639 197666995.35977632
780593236 489966887.94933593
216878760 71450321.61145663
684850421 140563805.03750175
351989942 207026978.36417332
176157076 37960426.57504871
816591129 409763400.6055372
397908754 325834157.277216
47723627 31093190.62387211
768460607 351949095.19277143
731279265 415922412.23046356
382688037 360225081.8820135
318185943 100093052.2919315
442561749 425532976.0723102
598215756 58633065.99601746
376827592 235752987.61537525
2794829 2237905.196886348
454282485 69678068.52117746
464594065 282324862.19883466
69337660 11707593.029413063
964217652 442891646.8453994
457929677 51919945.0740808
83659690 25782621.784294557
375277126 88755225.9853427
141691585 4705931.955702645
818507969 721505693.8353865
643255837 252860915.36515838
502904998 226110048.16415215
187407922 35668832.86545218
37866006 21165622.456161283
299778436 101708199.9839865
827305106 34544210.74606122
859481671 191150544.00596586
