79 51
492823965 361093974.52594787
233479700 96256599.66803756
859545737 493909935.617774
826231517 640902120.0017953
217076085 182725073.07217675
635722997 40452263.86019232
899915537 739940013.1782345
102874107 26688401.91009736
410625272 254641878.3402521
64328243 40169035.158419326
622941030 598848081.2392044
536425618 419930735.1082465
356835878 292009825.71345824
837597945 681094097.2421304
217031938 117131543.46984455
59123822 16533980.386264183
589452919 48160010.18808183
991546666 613007797.4538839
636590880 122017205.6504324
957108255 409402686.72000057
327738169 160166828.17906824
629546079 13851161.447367724
546941070 165183581.04101717
733794889 31085126.338690784
400029075 189706153.0696218
192827452 106094821.38537723
443879489 112838903.68465063
440377907 296463015.6698528
321095636 233109673.4706825
312922327 73442515.56431827
810308995 392310175.8825824
895429649 371974481.9553671
591793533 335269976.62080735
379271766 236713217.9528702
105847907 63359427.974658266
282784121 132547951.6316293
180385619 99721111.24470124
505280894 429265448.83552474
187188655 89601932.7589774
406159203 171413227.44142985
869053580 198248813.28746638
713419678 264515798.50599903
745381243 684612428.2075543
891572765 447546345.49283755
99213738 6184147.631272267
564554642 61825293.06535024
383574211 151616232.01392928
729536258 20243932.677896935
861352545 814192007.1299354
345816725 99029556.05665372
171071839 168476113.71674725
82431325 53921414.428694144
833027724 719711997.8560113
160103039 56937448.62931822
896210262 450780749.1378877
54085422 51849746.79633434
609490286 168696937.15997815
577951535 34940975.11835749
634506719 347202230.9572875
558350003 391670413.1838717
732166777 431309444.37011355
444984306 175100237.0976552
409501656 228642296.8958203
105354054 63499639.509621695
997357464 491858591.63869923
553187841 392665171.25237316
561991886 56679856.14968497
914291132 612539945.8896378
261534758 35483700.995595016
300315695 269973372.1924116
625994922 467962299.47632945
449380981 59697727.62705827
197375973 174341723.5274618
118165372 14760571.740469603
681916419 202204513.73221916
590669014 559039174.6094538
391876661 150518877.23772898
51398934 43814693.9927216
646779062 606278860.0590535
