49 47
709017844 598226783.9880009
640880382 373857062.1062518
500831941 88719648.20007138
520560904 42445057.67021389
783107623 769268158.0283931
685109842 335944851.4700459
20159988 19455794.077143546
903602617 775697288.815536
873622723 532216644.6777671
874828820 724407017.9077383
164011996 86665225.04714687
556286376 37339787.779599704
721998483 279905827.8819543
234647070 195859749.41674653
257442719 27941620.89405604
58931583 47776345.913728
765081733 722823730.1746775
954469606 685067518.922664
309120972 102350130.07847287
174533296 13627568.289961262
725229924 3606959.7736870367
692339202 276866860.81605
903582794 44012099.2730419
948436900 527654075.55220854
309900075 245592914.63774607
870274521 196214822.85453647
269461872 97106819.7643917
345335395 171817578.63295624
886561063 84131265.58912487
92424900 13567107.080573218
433892545 91958184.27982156
123931287 81410900.85358196
2099793 2064954.0232560835
933363271 359265722.8331101
865232247 553894775.4005198
851091355 59807008.49739885
496996379 29859683.32360365
273483853 200443090.2806876
905094626 58771944.37140532
621669415 392666390.59070987
553960950 455422857.11123115
917556920 271710108.8637396
452635784 146597150.46959814
462196403 93136239.71628907
98447562 40747896.19929878
840512623 775393580.1881031
183080131 42243315.52819722
194141397 5943150.3116974225
411365619 232874049.11306372
