89 58
675554142 278123661.3916772
596159960 20871164.86890329
124164198 62163464.76632509
578682053 53463362.28656639
583869804 186848875.9226487
926637929 476392226.8145233
896599020 65453606.40096195
807224318 129609804.39451542
426364991 89125576.69611076
581731216 131521204.58804812
224096803 110869045.8868982
78296064 53528774.72365137
971996593 330818551.50908095
914794430 712458661.4027256
302397941 158311671.0941719
991012096 396822742.42628443
491257197 178177421.75567573
772111508 655962126.9355681
544326605 210591383.98898953
318346360 110634624.94414803
806097210 106240680.45568189
767527909 341701920.7674541
663314099 127840360.70337743
853047100 585256552.210975
353406283 95334889.18464562
503931818 435141130.00974965
361387799 194238977.83599788
581088529 490727671.3519888
547841762 267645347.7528747
11479750 9762890.216029033
413544193 328948938.63258487
328773953 190817765.26263863
273362735 63017873.27556303
561671721 221434952.2949911
712363432 286819439.8839678
274173297 49202341.3964229
44744647 19455930.27234819
90265663 24051294.200352862
113648561 105472279.18049218
645281293 226058645.4758799
924843007 99546757.69414888
920444182 446713000.325745
462515814 209994872.72127184
189065703 160359536.31973734
529302155 244321392.66875216
739904774 161738943.9165591
619431020 189761019.23911276
750303360 333674086.7040257
153176861 111686145.86344227
897195596 845524754.1699579
616463173 336492963.48142725
450766263 180278194.3642672
740069894 381695427.076612
817949098 429537751.58856285
463506077 158867127.75338778
636904873 282437062.99332184
892500641 470324687.0677301
264661856 234768134.22166857
387604934 315628779.67713547
805311983 67103430.50918366
681833603 653239521.4791793
416598230 217185111.02203953
735849020 254679332.9711654
626138153 46591548.82572636
846818376 585167869.7116681
778842576 159347913.6976553
876139846 454320183.3788549
341702719 269356633.39980364
234138876 214514015.88841623
613243643 491787255.4430746
227911750 219612521.48209214
924864919 199441176.88241166
296707734 211301600.79524034
875106953 462337274.8668523
686146509 659782674.072623
862810154 540924110.562659
16670424 12406293.51240579
603164130 442960651.68504876
525647097 488381355.44763255
544667930 29196188.240021475
875578457 294924026.92601305
433518197 388932412.8225247
193230209 3977591.661481424
174503382 11792460.477829417
541447473 156647764.8162716
77707481 66307129.63019085
854215580 625665193.8848363
328551788 180429000.86826602
987623190 955599182.9602975
