85 17
232622125 73160874.98987354
532966582 354305167.4733992
622962188 66278796.9644912
786174775 475844444.2429711
948457022 236372557.59621128
877433267 506828198.3148784
332973365 189062275.04341125
826216610 578226933.1247538
133453550 118193765.53480859
853269105 415522822.3584073
65912193 22054657.29712445
908797957 824793099.0316304
156305335 120310065.50647631
294118803 140392667.56285176
794611003 239142820.96625945
542338479 13296359.351470597
982610412 39134575.55287318
937922392 83321129.0201787
894940795 634591914.6838564
85212601 63367998.96962953
13072315 5979507.793011903
64183170 62867643.82689171
660004731 25972239.20421444
276728143 43645616.21366456
941676713 239356176.9044335
789164500 218433576.57640702
253456222 123301072.60783595
266396455 121793934.13261682
397376198 98704277.41756272
4713532 1953468.2949082088
469195254 9606219.858080849
898872991 525482059.8911649
986272466 70656439.40937443
32434579 23609654.642329115
751168037 524934183.46750915
682222785 628129887.2594421
135721255 103505173.38922471
535198230 297943781.21863556
668499860 182351774.23425934
828640274 701189488.6893233
146497617 104073136.54323542
407544533 149290967.2088044
871709350 135259975.6809359
669571737 147332893.25058147
713526267 220041589.06963444
80999124 6959584.384440886
889867132 471674253.77701735
964649872 507590739.26203656
567783693 522046642.4161849
412772729 319960456.48371494
622414671 141580842.98944116
294728587 262494849.24760643
949050778 930561469.4877826
376587501 41067456.294326946
457421736 428444699.19941336
889821683 578266529.4896511
195658551 164241076.967043
876572587 339737256.2967877
923833359 508054890.77630585
463383417 173174829.21516013
240916218 77815624.00691992
976654053 214950875.3139571
721869206 250829891.95244968
705195018 577687361.831228
941707376 817138951.3461927
866082468 320097125.1593237
477962302 198038244.79483095
595179907 325905967.5126214
121791409 21936806.07255773
211639072 123582885.96250999
950556780 801413262.6176525
272973869 197855026.7658802
614038386 32966315.459207322
456893422 198532511.55311146
43405709 13044862.080700997
474388815 420171405.73271126
145953671 103865947.41846728
311757446 19657738.81292887
121824912 82377501.57470173
167670740 28055294.017110478
450349351 177391844.85750747
558743029 539388870.0467325
133152151 123347212.01592222
64689739 41314614.75395451
103210009 12036763.198866127
