41 22
652438653 319761303.6369175
24679742 2600837.482444093
816174169 168782378.09657204
947003698 280963041.1049596
207625154 77369596.8868448
928685851 133766660.41004302
307811479 122942886.896064
42240681 18628599.245649833
162467004 147428907.81061715
855661024 790596414.2680299
104392181 100538618.28618966
199942112 72367069.05958971
949279707 486833558.02741796
470827962 195808241.8894303
588594081 232474171.8341406
919036116 815707735.489412
788470431 481713573.00064874
948414580 557074580.4934615
378845187 267576685.63468608
405281242 316774393.48327595
505057528 424808732.11822635
802220803 633700861.8994474
960260923 10946092.099352239
108057319 15390904.934189005
903259657 778437416.2420292
897530178 449316590.40565073
571980187 122702074.64486381
229987589 51339681.7281841
406356673 310635446.3647225
340917665 215894656.2494814
21042264 18446259.7246469
140499330 19718335.4692507
810224243 578091084.4610083
688137337 277094120.2465747
42498783 40438301.246891245
932690676 598781303.6790407
881327670 12090025.596128847
29336444 2216537.0762682795
564786199 550733837.6120175
158309251 8724407.81923785
462180359 442799787.140505
