0 1000
1 1000000 1
1 1000000 1
1 1000000 1
1 1000000 1
1 1000000 1
1 1000000 1
1 1000000 1
1 1000000 1
1 1000000 1
1 1000000 1
1 1000000 2
1 1000000 2
1 1000000 2
1 1000000 2
1 1000000 2
1 1000000 2
1 1000000 2
1 1000000 2
1 1000000 2
1 1000000 2
1 1000000 2
1 1000000 3
1 1000000 3
1 1000000 3
1 1000000 3
1 1000000 3
1 1000000 3
1 1000000 3
1 1000000 3
1 1000000 3
1 1000000 3
1 1000000 3
1 1000000 4
1 1000000 4
1 1000000 4
1 1000000 4
1 1000000 4
1 1000000 4
1 1000000 4
1 1000000 4
1 1000000 4
1 1000000 4
1 1000000 4
1 1000000 5
1 1000000 5
1 1000000 5
1 1000000 5
1 1000000 5
1 1000000 5
1 1000000 5
1 1000000 5
1 1000000 5
1 1000000 5
1 1000000 5
1 1000000 6
1 1000000 6
1 1000000 6
1 1000000 6
1 1000000 6
1 1000000 6
1 1000000 6
1 1000000 6
1 1000000 6
1 1000000 6
1 1000000 6
1 1000000 7
1 1000000 7
1 1000000 7
1 1000000 7
1 1000000 7
1 1000000 7
1 1000000 7
1 1000000 7
1 1000000 7
1 1000000 7
1 1000000 7
1 1000000 8
1 1000000 8
1 1000000 8
1 1000000 8
1 1000000 8
1 1000000 8
1 1000000 8
1 1000000 8
1 1000000 8
1 1000000 8
1 1000000 8
1 1000000 9
1 1000000 9
1 1000000 9
1 1000000 9
1 1000000 9
1 1000000 9
1 1000000 9
1 1000000 9
1 1000000 9
1 1000000 9
1 1000000 9
1 1000000 10
1 1000000 10
1 1000000 10
1 1000000 10
1 1000000 10
1 1000000 10
1 1000000 10
1 1000000 10
1 1000000 10
1 1000000 10
1 1000000 10
1 1000000 11
1 1000000 11
1 1000000 11
1 1000000 11
1 1000000 11
1 1000000 11
1 1000000 11
1 1000000 11
1 1000000 11
1 1000000 11
1 1000000 11
1 1000000 12
1 1000000 12
1 1000000 12
1 1000000 12
1 1000000 12
1 1000000 12
1 1000000 12
1 1000000 12
1 1000000 12
1 1000000 12
1 1000000 12
1 1000000 13
1 1000000 13
1 1000000 13
1 1000000 13
1 1000000 13
1 1000000 13
1 1000000 13
1 1000000 13
1 1000000 13
1 1000000 13
1 1000000 13
1 1000000 14
1 1000000 14
1 1000000 14
1 1000000 14
1 1000000 14
1 1000000 14
1 1000000 14
1 1000000 14
1 1000000 14
1 1000000 14
1 1000000 14
1 1000000 15
1 1000000 15
1 1000000 15
1 1000000 15
1 1000000 15
1 1000000 15
1 1000000 15
1 1000000 15
1 1000000 15
1 1000000 15
1 1000000 15
1 1000000 16
1 1000000 16
1 1000000 16
1 1000000 16
1 1000000 16
1 1000000 16
1 1000000 16
1 1000000 16
1 1000000 16
1 1000000 16
1 1000000 16
1 1000000 17
1 1000000 17
1 1000000 17
1 1000000 17
1 1000000 17
1 1000000 17
1 1000000 17
1 1000000 17
1 1000000 17
1 1000000 17
1 1000000 17
1 1000000 18
1 1000000 18
1 1000000 18
1 1000000 18
1 1000000 18
1 1000000 18
1 1000000 18
1 1000000 18
1 1000000 18
1 1000000 18
1 1000000 18
1 1000000 19
1 1000000 19
1 1000000 19
1 1000000 19
1 1000000 19
1 1000000 19
1 1000000 19
1 1000000 19
1 1000000 19
1 1000000 19
1 1000000 19
1 1000000 20
1 1000000 20
1 1000000 20
1 1000000 20
1 1000000 20
1 1000000 20
1 1000000 20
1 1000000 20
1 1000000 20
1 1000000 20
1 1000000 20
1 1000000 21
1 1000000 21
1 1000000 21
1 1000000 21
1 1000000 21
1 1000000 21
1 1000000 21
1 1000000 21
1 1000000 21
1 1000000 21
1 1000000 21
1 1000000 22
1 1000000 22
1 1000000 22
1 1000000 22
1 1000000 22
1 1000000 22
1 1000000 22
1 1000000 22
1 1000000 22
1 1000000 22
1 1000000 22
1 1000000 23
1 1000000 23
1 1000000 23
1 1000000 23
1 1000000 23
1 1000000 23
1 1000000 23
1 1000000 23
1 1000000 23
1 1000000 23
1 1000000 23
1 1000000 24
1 1000000 24
1 1000000 24
1 1000000 24
1 1000000 24
1 1000000 24
1 1000000 24
1 1000000 24
1 1000000 24
1 1000000 24
1 1000000 24
1 1000000 25
1 1000000 25
1 1000000 25
1 1000000 25
1 1000000 25
1 1000000 25
1 1000000 25
1 1000000 25
1 1000000 25
1 1000000 25
1 1000000 25
1 1000000 26
1 1000000 26
1 1000000 26
1 1000000 26
1 1000000 26
1 1000000 26
1 1000000 26
1 1000000 26
1 1000000 26
1 1000000 26
1 1000000 26
1 1000000 27
1 1000000 27
1 1000000 27
1 1000000 27
1 1000000 27
1 1000000 27
1 1000000 27
1 1000000 27
1 1000000 27
1 1000000 27
1 1000000 27
1 1000000 28
1 1000000 28
1 1000000 28
1 1000000 28
1 1000000 28
1 1000000 28
1 1000000 28
1 1000000 28
1 1000000 28
1 1000000 28
1 1000000 28
1 1000000 29
1 1000000 29
1 1000000 29
1 1000000 29
1 1000000 29
1 1000000 29
1 1000000 29
1 1000000 29
1 1000000 29
1 1000000 29
1 1000000 29
1 1000000 30
1 1000000 30
1 1000000 30
1 1000000 30
1 1000000 30
1 1000000 30
1 1000000 30
1 1000000 30
1 1000000 30
1 1000000 30
1 1000000 30
1 1000000 31
1 1000000 31
1 1000000 31
1 1000000 31
1 1000000 31
1 1000000 31
1 1000000 31
1 1000000 31
1 1000000 31
1 1000000 31
1 1000000 31
1 1000000 32
1 1000000 32
1 1000000 32
1 1000000 32
1 1000000 32
1 1000000 32
1 1000000 32
1 1000000 32
1 1000000 32
1 1000000 32
1 1000000 32
1 1000000 33
1 1000000 33
1 1000000 33
1 1000000 33
1 1000000 33
1 1000000 33
1 1000000 33
1 1000000 33
1 1000000 33
1 1000000 33
1 1000000 33
1 1000000 34
1 1000000 34
1 1000000 34
1 1000000 34
1 1000000 34
1 1000000 34
1 1000000 34
1 1000000 34
1 1000000 34
1 1000000 34
1 1000000 34
1 1000000 35
1 1000000 35
1 1000000 35
1 1000000 35
1 1000000 35
1 1000000 35
1 1000000 35
1 1000000 35
1 1000000 35
1 1000000 35
1 1000000 35
1 1000000 36
1 1000000 36
1 1000000 36
1 1000000 36
1 1000000 36
1 1000000 36
1 1000000 36
1 1000000 36
1 1000000 36
1 1000000 36
1 1000000 36
1 1000000 37
1 1000000 37
1 1000000 37
1 1000000 37
1 1000000 37
1 1000000 37
1 1000000 37
1 1000000 37
1 1000000 37
1 1000000 37
1 1000000 37
1 1000000 38
1 1000000 38
1 1000000 38
1 1000000 38
1 1000000 38
1 1000000 38
1 1000000 38
1 1000000 38
1 1000000 38
1 1000000 38
1 1000000 38
1 1000000 39
1 1000000 39
1 1000000 39
1 1000000 39
1 1000000 39
1 1000000 39
1 1000000 39
1 1000000 39
1 1000000 39
1 1000000 39
1 1000000 39
1 1000000 40
1 1000000 40
1 1000000 40
1 1000000 40
1 1000000 40
1 1000000 40
1 1000000 40
1 1000000 40
1 1000000 40
1 1000000 40
1 1000000 40
1 1000000 41
1 1000000 41
1 1000000 41
1 1000000 41
1 1000000 41
1 1000000 41
1 1000000 41
1 1000000 41
1 1000000 41
1 1000000 41
1 1000000 41
1 1000000 42
1 1000000 42
1 1000000 42
1 1000000 42
1 1000000 42
1 1000000 42
1 1000000 42
1 1000000 42
1 1000000 42
1 1000000 42
1 1000000 42
1 1000000 43
1 1000000 43
1 1000000 43
1 1000000 43
1 1000000 43
1 1000000 43
1 1000000 43
1 1000000 43
1 1000000 43
1 1000000 43
1 1000000 43
1 1000000 44
1 1000000 44
1 1000000 44
1 1000000 44
1 1000000 44
1 1000000 44
1 1000000 44
1 1000000 44
1 1000000 44
1 1000000 44
1 1000000 44
1 1000000 45
1 1000000 45
1 1000000 45
1 1000000 45
1 1000000 45
1 1000000 45
1 1000000 45
1 1000000 45
1 1000000 45
1 1000000 45
1 1000000 45
1 1000000 46
1 1000000 46
1 1000000 46
1 1000000 46
1 1000000 46
1 1000000 46
1 1000000 46
1 1000000 46
1 1000000 46
1 1000000 46
1 1000000 46
1 1000000 47
1 1000000 47
1 1000000 47
1 1000000 47
1 1000000 47
1 1000000 47
1 1000000 47
1 1000000 47
1 1000000 47
1 1000000 47
1 1000000 47
1 1000000 48
1 1000000 48
1 1000000 48
1 1000000 48
1 1000000 48
1 1000000 48
1 1000000 48
1 1000000 48
1 1000000 48
1 1000000 48
1 1000000 48
1 1000000 49
1 1000000 49
1 1000000 49
1 1000000 49
1 1000000 49
1 1000000 49
1 1000000 49
1 1000000 49
1 1000000 49
1 1000000 49
1 1000000 49
1 1000000 50
1 1000000 50
1 1000000 50
1 1000000 50
1 1000000 50
1 1000000 50
1 1000000 50
1 1000000 50
1 1000000 50
1 1000000 50
1 1000000 50
1 1000000 51
1 1000000 51
1 1000000 51
1 1000000 51
1 1000000 51
1 1000000 51
1 1000000 51
1 1000000 51
1 1000000 51
1 1000000 51
1 1000000 51
1 1000000 52
1 1000000 52
1 1000000 52
1 1000000 52
1 1000000 52
1 1000000 52
1 1000000 52
1 1000000 52
1 1000000 52
1 1000000 52
1 1000000 52
1 1000000 53
1 1000000 53
1 1000000 53
1 1000000 53
1 1000000 53
1 1000000 53
1 1000000 53
1 1000000 53
1 1000000 53
1 1000000 53
1 1000000 53
1 1000000 54
1 1000000 54
1 1000000 54
1 1000000 54
1 1000000 54
1 1000000 54
1 1000000 54
1 1000000 54
1 1000000 54
1 1000000 54
1 1000000 54
1 1000000 55
1 1000000 55
1 1000000 55
1 1000000 55
1 1000000 55
1 1000000 55
1 1000000 55
1 1000000 55
1 1000000 55
1 1000000 55
1 1000000 55
1 1000000 56
1 1000000 56
1 1000000 56
1 1000000 56
1 1000000 56
1 1000000 56
1 1000000 56
1 1000000 56
1 1000000 56
1 1000000 56
1 1000000 56
1 1000000 57
1 1000000 57
1 1000000 57
1 1000000 57
1 1000000 57
1 1000000 57
1 1000000 57
1 1000000 57
1 1000000 57
1 1000000 57
1 1000000 57
1 1000000 58
1 1000000 58
1 1000000 58
1 1000000 58
1 1000000 58
1 1000000 58
1 1000000 58
1 1000000 58
1 1000000 58
1 1000000 58
1 1000000 58
1 1000000 59
1 1000000 59
1 1000000 59
1 1000000 59
1 1000000 59
1 1000000 59
1 1000000 59
1 1000000 59
1 1000000 59
1 1000000 59
1 1000000 59
1 1000000 60
1 1000000 60
1 1000000 60
1 1000000 60
1 1000000 60
1 1000000 60
1 1000000 60
1 1000000 60
1 1000000 60
1 1000000 60
1 1000000 60
1 1000000 61
1 1000000 61
1 1000000 61
1 1000000 61
1 1000000 61
1 1000000 61
1 1000000 61
1 1000000 61
1 1000000 61
1 1000000 61
1 1000000 61
1 1000000 62
1 1000000 62
1 1000000 62
1 1000000 62
1 1000000 62
1 1000000 62
1 1000000 62
1 1000000 62
1 1000000 62
1 1000000 62
1 1000000 62
1 1000000 63
1 1000000 63
1 1000000 63
1 1000000 63
1 1000000 63
1 1000000 63
1 1000000 63
1 1000000 63
1 1000000 63
1 1000000 63
1 1000000 63
1 1000000 64
1 1000000 64
1 1000000 64
1 1000000 64
1 1000000 64
1 1000000 64
1 1000000 64
1 1000000 64
1 1000000 64
1 1000000 64
1 1000000 64
1 1000000 65
1 1000000 65
1 1000000 65
1 1000000 65
1 1000000 65
1 1000000 65
1 1000000 65
1 1000000 65
1 1000000 65
1 1000000 65
1 1000000 65
1 1000000 66
1 1000000 66
1 1000000 66
1 1000000 66
1 1000000 66
1 1000000 66
1 1000000 66
1 1000000 66
1 1000000 66
1 1000000 66
1 1000000 66
1 1000000 67
1 1000000 67
1 1000000 67
1 1000000 67
1 1000000 67
1 1000000 67
1 1000000 67
1 1000000 67
1 1000000 67
1 1000000 67
1 1000000 67
1 1000000 68
1 1000000 68
1 1000000 68
1 1000000 68
1 1000000 68
1 1000000 68
1 1000000 68
1 1000000 68
1 1000000 68
1 1000000 68
1 1000000 68
1 1000000 69
1 1000000 69
1 1000000 69
1 1000000 69
1 1000000 69
1 1000000 69
1 1000000 69
1 1000000 69
1 1000000 69
1 1000000 69
1 1000000 69
1 1000000 70
1 1000000 70
1 1000000 70
1 1000000 70
1 1000000 70
1 1000000 70
1 1000000 70
1 1000000 70
1 1000000 70
1 1000000 70
1 1000000 70
1 1000000 71
1 1000000 71
1 1000000 71
1 1000000 71
1 1000000 71
1 1000000 71
1 1000000 71
1 1000000 71
1 1000000 71
1 1000000 71
1 1000000 71
1 1000000 72
1 1000000 72
1 1000000 72
1 1000000 72
1 1000000 72
1 1000000 72
1 1000000 72
1 1000000 72
1 1000000 72
1 1000000 72
1 1000000 72
1 1000000 73
1 1000000 73
1 1000000 73
1 1000000 73
1 1000000 73
1 1000000 73
1 1000000 73
1 1000000 73
1 1000000 73
1 1000000 73
1 1000000 73
1 1000000 74
1 1000000 74
1 1000000 74
1 1000000 74
1 1000000 74
1 1000000 74
1 1000000 74
1 1000000 74
1 1000000 74
1 1000000 74
1 1000000 74
1 1000000 75
1 1000000 75
1 1000000 75
1 1000000 75
1 1000000 75
1 1000000 75
1 1000000 75
1 1000000 75
1 1000000 75
1 1000000 75
1 1000000 75
1 1000000 76
1 1000000 76
1 1000000 76
1 1000000 76
1 1000000 76
1 1000000 76
1 1000000 76
1 1000000 76
1 1000000 76
1 1000000 76
1 1000000 76
1 1000000 77
1 1000000 77
1 1000000 77
1 1000000 77
1 1000000 77
1 1000000 77
1 1000000 77
1 1000000 77
1 1000000 77
1 1000000 77
1 1000000 77
1 1000000 78
1 1000000 78
1 1000000 78
1 1000000 78
1 1000000 78
1 1000000 78
1 1000000 78
1 1000000 78
1 1000000 78
1 1000000 78
1 1000000 78
1 1000000 79
1 1000000 79
1 1000000 79
1 1000000 79
1 1000000 79
1 1000000 79
1 1000000 79
1 1000000 79
1 1000000 79
1 1000000 79
1 1000000 79
1 1000000 80
1 1000000 80
1 1000000 80
1 1000000 80
1 1000000 80
1 1000000 80
1 1000000 80
1 1000000 80
1 1000000 80
1 1000000 80
1 1000000 80
1 1000000 81
1 1000000 81
1 1000000 81
1 1000000 81
1 1000000 81
1 1000000 81
1 1000000 81
1 1000000 81
1 1000000 81
1 1000000 81
1 1000000 81
1 1000000 82
1 1000000 82
1 1000000 82
1 1000000 82
1 1000000 82
1 1000000 82
1 1000000 82
1 1000000 82
1 1000000 82
1 1000000 82
1 1000000 82
1 1000000 83
1 1000000 83
1 1000000 83
1 1000000 83
1 1000000 83
1 1000000 83
1 1000000 83
1 1000000 83
1 1000000 83
1 1000000 83
1 1000000 83
1 1000000 84
1 1000000 84
1 1000000 84
1 1000000 84
1 1000000 84
1 1000000 84
1 1000000 84
1 1000000 84
1 1000000 84
1 1000000 84
1 1000000 84
1 1000000 85
1 1000000 85
1 1000000 85
1 1000000 85
1 1000000 85
1 1000000 85
1 1000000 85
1 1000000 85
1 1000000 85
1 1000000 85
1 1000000 85
1 1000000 86
1 1000000 86
1 1000000 86
1 1000000 86
1 1000000 86
1 1000000 86
1 1000000 86
1 1000000 86
1 1000000 86
1 1000000 86
1 1000000 86
1 1000000 87
1 1000000 87
1 1000000 87
1 1000000 87
1 1000000 87
1 1000000 87
1 1000000 87
1 1000000 87
1 1000000 87
1 1000000 87
1 1000000 87
1 1000000 88
1 1000000 88
1 1000000 88
1 1000000 88
1 1000000 88
1 1000000 88
1 1000000 88
1 1000000 88
1 1000000 88
1 1000000 88
1 1000000 88
1 1000000 89
1 1000000 89
1 1000000 89
1 1000000 89
1 1000000 89
1 1000000 89
1 1000000 89
1 1000000 89
1 1000000 89
1 1000000 89
1 1000000 89
1 1000000 90
1 1000000 90
1 1000000 90
1 1000000 90
1 1000000 90
1 1000000 90
1 1000000 90
1 1000000 90
1 1000000 90
1 1000000 90
1 1000000 90
1 1000000 91
1 1000000 91
1 1000000 91
1 1000000 91
1 1000000 91
1 1000000 91
1 1000000 91
1 1000000 91
1 1000000 91
1 1000000 91
1 1000000 91
