712 583 2
545 387
417 21
441 910
625 119
521 793
489 885
493 942
490 780
100 201
737 428
436 349
409 806
109 786
419 424
420 95
267 757
279 388
85 867
456 414
331 999
869 683
575 907
951 809
499 677
949 629
25 598
772 176
984 226
640 401
233 909
52 69
98 54
712 338
292 259
60 218
473 432
576 394
36 513
809 252
261 982
511 677
667 531
317 580
355 610
74 623
474 528
938 838
33 679
309 306
497 331
826 671
395 575
506 618
531 109
448 964
409 625
872 513
429 190
778 306
661 746
221 705
675 946
939 471
768 253
144 181
452 247
922 356
975 970
353 319
302 655
678 575
207 741
310 648
95 76
898 514
864 113
315 893
78 925
587 553
392 212
137 145
883 738
644 356
186 199
876 254
884 931
118 997
518 677
226 988
151 268
835 964
842 798
46 213
939 863
61 798
558 867
55 507
38 348
580 177
326 581
462 455
756 557
475 339
562 959
300 76
280 5
861 874
447 235
844 175
116 368
41 277
856 586
172 976
268 116
313 339
945 672
512 655
93 763
8 888
627 354
973 483
307 266
45 897
263 516
846 343
746 297
671 414
790 228
69 250
839 192
172 630
682 222
719 382
649 982
167 128
67 860
208 933
130 583
750 549
844 522
516 858
48 128
29 268
762 701
580 806
719 410
73 138
785 749
93 920
546 178
665 831
162 39
894 235
95 879
903 269
348 379
755 124
263 79
533 461
444 177
368 974
161 286
276 363
784 160
945 500
138 426
484 59
402 720
48 177
904 852
980 263
554 959
457 527
78 919
133 16
946 296
41 52
341 961
851 682
654 189
140 637
341 633
278 977
987 568
57 187
795 542
629 620
640 113
235 922
88 785
301 285
745 843
659 746
520 64
219 103
910 364
392 714
221 404
283 545
176 762
577 977
584 658
721 589
885 202
193 246
783 862
793 812
985 562
293 210
850 700
494 532
586 21
888 996
4 413
138 377
581 339
751 626
415 526
15 296
418 260
681 810
707 27
564 324
574 681
754 652
906 35
583 837
232 296
33 743
88 400
915 298
498 252
30 711
732 311
936 602
563 439
484 487
878 733
439 827
901 878
421 83
983 880
743 396
509 530
727 618
355 843
134 51
252 50
635 313
325 240
716 119
591 492
389 26
615 312
146 159
886 449
497 1
139 598
786 759
429 97
320 281
64 250
12 317
407 187
832 605
915 431
640 371
497 7
837 219
355 235
336 671
656 507
36 357
946 701
535 893
158 761
617 971
952 291
844 722
25 120
547 792
449 740
164 956
612 501
652 326
261 468
464 951
349 316
15 0
121 150
109 259
492 207
759 610
612 170
105 959
109 52
420 55
449 650
60 771
837 854
777 293
333 130
270 860
844 508
105 556
486 410
368 507
796 175
772 385
325 764
97 43
268 303
249 302
272 653
853 462
306 673
323 38
609 84
675 594
898 808
513 319
274 134
644 716
254 84
592 520
154 785
35 395
320 810
671 757
322 308
969 176
225 389
987 210
169 819
66 737
111 765
721 759
320 115
755 775
979 303
549 763
408 87
195 425
958 609
529 561
905 638
702 499
353 14
741 983
154 221
873 719
229 888
206 463
80 113
714 2
405 752
405 345
78 907
914 600
521 110
583 181
765 419
452 112
339 885
731 635
712 136
695 397
120 578
17 882
695 60
878 777
48 677
78 415
66 833
637 382
702 70
669 920
988 458
954 648
939 762
859 454
691 171
28 939
929 522
156 17
143 773
723 131
872 472
816 696
604 986
206 60
47 418
197 20
852 544
780 575
808 91
642 992
472 449
821 778
692 135
546 859
989 325
897 449
233 505
389 199
458 798
214 845
770 374
210 439
964 692
658 451
563 741
574 940
601 339
376 216
706 369
123 788
188 948
71 110
252 527
402 907
884 326
459 311
723 850
422 940
154 465
462 229
276 270
141 969
59 249
712 85
549 816
621 267
600 172
1 386
467 382
726 674
306 107
229 893
919 821
774 299
348 266
972 261
50 835
91 817
947 373
361 587
918 627
882 724
745 243
329 791
276 152
955 173
164 88
339 47
359 689
404 485
700 551
973 681
459 320
724 167
624 64
281 165
313 644
591 364
240 543
722 564
756 82
790 713
622 531
493 533
311 872
315 771
114 295
467 879
865 968
817 359
156 921
461 719
200 74
838 222
318 63
688 365
239 433
265 826
616 48
524 666
360 847
58 438
13 966
13 71
598 805
419 991
985 517
400 774
956 440
645 45
366 611
301 873
25 272
608 232
742 236
915 499
4 238
654 160
563 416
643 849
222 427
519 912
485 196
71 652
146 752
962 608
441 361
26 908
141 470
605 848
688 120
939 863
512 554
711 268
361 260
572 559
685 925
64 26
94 288
777 811
134 323
72 690
359 173
651 192
565 813
752 622
406 560
593 471
225 741
119 386
622 684
216 98
948 326
736 129
427 352
974 982
243 190
541 164
142 547
721 863
486 484
303 943
399 565
968 326
918 316
203 375
428 674
434 238
245 208
662 242
230 571
102 602
306 869
271 397
335 950
611 952
824 816
651 496
477 180
200 960
154 976
486 234
5 664
695 733
67 705
915 790
426 107
50 558
487 428
585 290
982 445
97 452
932 90
491 235
560 111
78 654
169 745
130 735
605 210
137 183
28 140
854 933
932 347
269 681
593 584
14 409
66 260
102 608
187 907
450 890
706 495
168 879
676 362
260 188
208 761
995 199
151 760
839 973
458 165
89 774
907 543
55 827
923 288
414 788
187 253
857 215
584 280
147 228
98 801
565 452
628 122
151 516
931 43
490 235
812 253
799 411
827 133
883 950
251 867
704 859
396 761
8 808
467 82
628 497
749 703
264 207
570 328
84 113
696 54
102 907
215 406
214 616
74 979
660 468
572 311
455 641
238 374
106 81
380 114
440 225
756 519
650 243
497 720
739 281
919 378
973 375
590 311
594 92
796 536
880 156
423 593
24 326
519 194
302 48
505 925
833 878
137 377
728 303
334 63
875 125
94 743
222 70
516 968
334 277
830 129
659 535
641 3
892 471
526 73
857 810
797 823
104 46
131 364
16 677
940 123
982 823
169 536
422 344
830 2
503 918
402 771
985 513
98 715
312 376
189 80
54 646
144 501
304 757
853 758
586 956
816 547
132 189
956 691
275 195
790 600
27 862
888 374
222 980
490 692
153 829
765 736
956 228
852 373
806 382
554 584
