715 130 2
366 269
631 105
419 637
332 156
149 907
127 702
972 668
565 901
482 598
880 601
85 666
409 582
770 243
634 706
127 480
917 851
865 500
372 662
768 686
86 470
558 653
149 162
95 548
840 650
897 21
329 613
90 34
123 570
308 91
571 693
630 337
184 695
300 710
41 172
434 754
822 471
357 298
569 845
783 607
270 326
377 118
743 368
317 977
292 661
636 150
381 672
404 673
900 27
428 893
66 752
735 256
967 206
364 100
922 713
658 936
793 981
104 306
592 808
999 137
862 385
495 574
614 717
658 609
995 174
555 44
389 363
563 980
476 72
421 300
47 966
631 623
962 561
276 465
317 804
276 431
909 438
530 186
239 117
119 904
896 11
964 829
33 183
551 382
954 749
234 24
103 74
509 24
855 257
330 242
267 715
236 184
76 543
950 411
480 844
178 968
449 592
682 469
846 738
68 846
744 986
186 346
115 303
350 456
180 706
750 590
484 339
282 486
405 541
397 636
88 104
368 890
405 702
886 777
676 428
212 531
658 588
333 651
218 52
352 888
62 800
368 278
787 699
136 754
322 519
979 756
627 245
818 2
155 707
856 874
83 169
651 78
302 472
509 282
679 175
64 446
39 565
533 601
492 970
252 332
974 611
725 90
476 583
440 726
231 986
846 137
647 647
421 516
462 242
648 810
653 203
219 579
661 158
659 196
173 595
152 359
533 565
811 710
308 290
95 562
388 762
386 370
308 722
754 442
864 675
98 315
739 598
313 103
251 665
206 153
227 91
208 521
171 507
326 539
472 342
674 44
814 14
146 810
930 615
622 175
958 983
687 612
794 91
175 258
931 401
417 422
562 743
274 750
849 124
583 426
3 347
314 853
767 310
533 319
11 446
460 481
890 103
11 147
822 363
658 241
51 229
858 663
29 389
925 501
941 960
897 425
397 169
487 935
79 306
782 898
201 394
240 594
289 654
147 327
372 297
351 819
543 587
813 957
96 847
402 899
251 742
653 292
47 929
520 924
420 86
138 55
101 107
884 876
933 625
790 590
960 91
122 426
715 322
339 701
337 217
675 403
758 913
24 846
136 564
451 273
72 456
955 465
551 355
33 359
161 631
231 991
834 753
556 125
197 614
435 940
682 823
284 201
810 413
991 922
279 619
90 980
349 468
382 53
913 669
394 620
594 528
757 276
323 309
473 415
171 492
801 944
495 486
997 324
367 887
477 170
537 358
805 851
816 53
966 761
786 395
77 338
683 597
339 455
966 937
463 987
462 736
636 524
708 295
196 376
531 165
326 502
859 407
139 817
339 716
178 771
876 98
668 457
981 653
376 699
688 150
330 679
905 800
145 491
857 816
740 770
405 547
273 941
138 766
415 979
987 297
858 229
531 318
928 556
719 185
489 892
387 434
449 568
537 865
739 433
60 50
838 55
24 435
710 828
2 845
455 558
214 51
448 385
216 682
806 405
36 763
475 47
647 351
144 403
851 162
170 109
451 645
260 976
521 542
511 561
271 362
928 750
611 343
650 142
202 670
133 441
808 734
55 745
571 832
102 398
805 297
841 67
793 991
909 943
669 188
668 573
825 820
215 715
560 162
307 841
975 769
364 114
461 911
230 421
799 255
767 179
398 906
163 659
185 447
287 421
550 874
233 178
490 541
160 7
105 907
68 88
376 809
78 97
405 338
667 452
142 878
598 659
710 513
967 158
793 959
73 206
505 335
819 893
547 254
424 671
860 772
489 638
171 843
356 348
66 465
812 284
742 24
679 926
301 858
564 55
848 247
241 568
875 805
984 859
276 828
110 352
697 38
263 471
411 501
669 373
470 811
858 13
115 726
449 207
143 601
148 909
835 266
528 251
672 581
253 433
758 420
317 505
80 806
601 307
210 697
747 711
972 252
746 420
606 509
227 77
26 914
323 696
185 769
355 645
204 483
486 562
810 290
547 978
39 490
287 943
762 320
254 740
941 378
319 265
604 294
272 694
572 730
734 24
509 232
182 57
209 566
753 556
681 520
736 784
302 341
941 327
575 324
205 680
433 983
735 383
853 978
574 583
686 271
98 538
665 390
774 618
17 729
387 164
456 881
893 1000
734 954
400 844
213 1000
525 400
540 51
351 50
375 52
157 854
665 881
980 737
58 843
191 553
152 874
556 252
322 303
138 31
262 859
447 519
726 682
508 211
877 941
675 615
254 622
224 103
577 772
483 583
76 479
736 355
466 96
920 38
967 165
516 64
984 759
485 529
807 952
182 286
197 675
888 976
443 66
194 486
199 95
795 339
189 454
410 769
174 2
432 62
22 739
359 815
988 266
961 328
225 915
607 205
243 326
812 496
347 163
231 891
799 687
799 866
309 195
313 726
267 421
983 956
340 351
156 348
880 708
260 650
539 501
737 862
406 287
129 581
386 306
634 772
76 554
872 431
545 740
602 557
698 992
640 216
258 563
729 980
0 319
615 494
445 772
778 947
249 142
943 428
416 362
386 113
75 967
239 631
63 178
556 863
447 194
691 861
318 922
204 674
12 384
831 547
357 952
290 25
433 717
980 265
609 866
331 228
412 339
584 956
53 195
537 746
632 595
285 724
418 752
422 87
281 13
365 323
172 953
670 380
175 3
118 528
239 760
491 715
567 692
475 87
532 466
289 66
510 90
667 804
857 644
717 628
390 725
11 761
139 3
494 367
59 849
614 949
100 467
96 858
575 60
632 978
842 483
445 159
218 475
75 678
691 470
268 841
693 413
871 626
510 715
930 276
794 255
914 844
302 723
702 953
802 665
275 330
292 295
620 59
23 633
82 404
54 79
930 286
826 126
36 136
264 299
550 928
807 364
694 871
910 115
861 194
273 15
691 323
558 224
191 269
987 250
327 2
964 313
627 213
58 731
183 40
580 178
115 906
3 485
584 400
797 664
711 800
390 121
409 981
849 737
724 443
105 314
652 606
160 917
359 920
431 406
280 928
301 389
570 327
317 935
426 973
859 149
71 302
627 113
204 335
522 223
853 224
231 677
149 427
871 10
457 533
671 368
541 567
634 65
453 59
311 100
922 12
643 797
165 646
622 889
619 133
29 997
474 525
13 912
840 752
558 32
402 684
415 606
219 383
653 978
316 417
348 525
241 436
218 955
189 51
11 822
432 872
748 312
449 40
924 983
261 949
500 61
964 75
691 462
649 612
869 193
857 70
710 790
219 575
183 962
993 166
597 934
772 933
782 501
596 612
