132 80 2
688 631
851 405
655 35
938 971
654 267
770 223
252 866
457 481
849 584
341 56
763 486
927 955
991 667
260 793
617 601
352 302
911 903
23 317
726 266
299 824
983 153
982 513
975 222
977 350
339 157
502 657
461 227
441 178
367 222
336 463
950 950
444 61
287 967
887 763
611 67
340 212
872 293
68 467
956 844
367 81
186 25
964 994
608 276
430 852
433 424
119 165
696 514
223 392
597 905
424 882
144 762
469 347
885 905
466 248
921 769
550 531
615 906
914 252
963 766
246 427
182 430
119 981
266 424
346 334
375 757
771 593
158 454
364 860
623 23
726 319
223 333
229 16
251 232
977 401
949 102
944 509
636 803
265 859
171 571
646 407
616 710
106 445
108 799
871 426
740 199
584 418
164 977
768 904
532 461
839 903
295 556
99 714
65 225
544 477
475 822
241 662
171 204
778 278
118 18
317 469
415 70
590 747
323 727
844 253
217 468
393 790
62 616
788 684
160 388
375 729
746 293
202 815
23 241
828 500
604 105
496 485
283 861
294 388
976 951
860 412
887 227
492 145
533 548
234 236
481 36
4 35
717 975
984 925
372 374
772 368
900 777
482 546
