10000
3717
1121
4666
4741
6216
6252
7025
2011
6728
7678
2694
850
7797
5704
2514
3608
3408
4133
6008
94
5922
7688
3166
736
2274
331
3496
7903
588
6063
1661
4304
3536
6326
5400
1754
4578
4427
116
7656
4103
2805
505
253
4866
7372
213
274
3505
6224
4719
1427
5911
4237
6514
4537
4567
2010
4440
5153
4424
6099
5810
7962
778
3209
1712
1707
7636
1829
5715
3740
990
6219
345
2207
5592
559
6832
5449
6784
3551
6873
1046
7788
5389
5583
4352
3750
6373
5859
4524
823
3669
4487
5954
6879
2554
7659
2869
736
1726
2960
6076
7945
3306
284
1889
3867
3469
7338
7000
3371
2564
45
3159
4305
5629
3865
4406
4001
6075
931
4827
1745
5418
2779
4977
4324
6791
7844
5059
4870
7157
7486
4816
2462
7771
3057
2682
7590
6747
1682
2962
1311
6080
2472
1966
3709
6337
6371
4064
764
7300
5242
2509
1072
4373
3839
1747
7515
32
6805
4384
7191
6289
5551
1656
2412
609
688
6355
7355
2371
1317
5016
4805
3788
6981
513
6478
5353
928
7242
1007
6169
6104
6430
6894
1942
176
6410
1977
3332
2795
5520
5974
4698
7175
4739
5305
7864
3093
1012
6587
4410
6027
3390
4549
1362
256
7380
3066
1185
2974
426
3703
5429
6855
2599
3722
7031
5362
2049
2362
4506
7568
336
1203
3097
5075
6511
7311
4519
3873
2249
5281
6253
5639
1830
7615
2246
5560
2681
7782
4886
3107
7840
6667
6312
2437
2389
5343
7801
4439
4055
660
358
4391
1865
3455
5818
4725
7118
2337
600
1368
7617
6851
3358
5799
2820
5605
7711
1853
1740
948
1309
1579
7614
7623
4019
2003
4964
171
2793
1021
830
7501
1765
7047
2960
3935
3772
2078
2623
4373
7797
6592
7578
3155
741
2397
760
4803
4248
6853
5752
5559
431
5365
1533
803
3720
6497
5326
2864
3871
2510
2368
1988
1557
1679
2274
5330
3756
4896
6054
7905
7839
1982
3060
578
729
173
1735
1330
7025
7486
6885
7457
1204
422
256
4924
3271
1937
4140
3493
4444
6507
5481
6001
184
4103
7683
291
1001
2088
197
5192
4071
3256
2123
4801
3429
3857
6130
6806
3345
1372
6260
901
6146
2872
5824
5768
4808
6315
1259
5606
4821
3092
3607
5005
7196
7640
1648
4551
1729
1844
1740
2153
1453
3863
3305
1232
4073
1435
38
7418
7160
2651
318
1657
5523
2493
7426
6682
808
685
4288
1979
131
4245
3335
7327
3888
4984
228
1969
3181
1968
4121
4633
2187
7427
5864
6260
5214
5902
2029
726
552
6698
2385
2426
5541
6161
1109
6349
6847
1749
4681
3330
5995
15
2658
6235
5000
7239
4557
181
5561
5030
1164
7746
809
7029
2359
6022
4931
739
3102
1835
7436
1840
4262
4976
2
1723
7678
3201
3471
4355
6530
5817
4374
5539
402
5725
4778
4960
2257
2340
6338
3422
6439
7149
6802
797
1522
85
1535
4627
1920
5320
6465
2532
2298
6467
4254
1974
1669
4076
2683
4549
6245
3409
2091
6648
5485
6869
7958
7742
5560
6300
7515
3998
5447
2669
1146
3323
2754
7031
7950
1024
4353
2768
3557
6648
5587
4164
4977
3606
240
7659
155
6485
7419
2247
1484
4905
5467
5794
1000
3025
448
4868
3374
2247
7537
4520
5571
6642
3549
5521
7665
7903
4639
3223
2904
2225
3736
7880
5831
3975
3891
5986
6812
3311
4587
4649
217
6404
2446
1218
1430
7245
2437
1155
1491
1973
5674
7061
614
1226
934
281
5482
1925
7853
385
4150
3590
4618
6332
3920
4860
673
7084
173
5258
3735
4742
15
2531
2311
5797
1775
4747
6952
3267
3072
4630
6678
3687
2208
3964
319
7688
5890
4525
4426
2038
4468
1043
4724
386
2256
5396
7472
2426
7006
3206
3520
7021
2087
5830
4816
3864
6929
3770
3482
2001
398
6513
2039
6959
2478
2357
6646
368
3232
7425
6759
7699
4817
3480
84
7073
5230
3909
1498
4235
3463
1373
3254
5553
7201
4424
1417
2484
191
1250
4481
4944
7763
6522
3902
2239
5230
6899
6959
462
6324
2067
161
3143
1902
4598
2216
7131
505
69
3366
3971
1441
2973
1525
4995
7394
7293
7479
7588
4894
314
882
4657
6833
4783
3249
4063
3679
6560
877
2007
628
1037
1500
2530
5632
3717
1661
2491
3784
5026
6463
1577
4351
4341
6570
3746
3634
6050
7683
527
6363
567
1538
1547
1702
4787
1964
1738
3345
2840
96
324
227
1597
2855
2213
5313
4515
4705
5448
5893
7520
7026
2243
3859
5595
2340
7493
7998
2023
4373
2712
6943
5911
4261
643
7050
2577
2383
6746
1769
2479
7070
1996
428
1925
561
5741
2791
5266
7540
5036
4784
6566
7278
644
4161
5970
4490
513
7993
5214
3225
3287
3126
3837
3935
6527
6413
2668
5273
183
1500
4344
6530
1928
6267
7089
4020
5410
706
3560
2447
1844
2126
6076
6839
2640
4046
3329
3151
390
4894
2729
3680
20
6566
7612
6548
1331
6633
170
1512
135
4515
4396
6414
7135
3486
2434
4544
544
5994
3341
2386
120
1419
1227
7111
5465
908
2262
2208
5802
1342
5885
2175
7908
1853
5075
1239
486
5246
7104
4971
6113
7852
3388
5247
3337
5821
6143
232
166
5838
2621
4635
7252
200
3748
1072
1107
2361
3279
3262
3703
5518
5437
7964
7370
6859
1202
4208
4108
4658
5533
6571
4509
919
169
4199
3093
6312
4432
3259
502
3403
4243
7757
3603
7993
5180
1059
6708
4809
673
2412
2327
2462
2374
6048
1323
7929
6608
1783
939
4141
355
5450
1413
525
6000
4505
3189
6781
4114
3690
2185
361
7798
2140
4708
4978
7553
3415
1789
225
2179
468
2687
906
6517
362
5187
5124
2146
6126
5617
6851
7926
7029
7376
5926
3533
6916
4709
3999
2605
3246
712
2401
5386
5419
3733
1290
5187
5518
1513
3718
2338
553
4623
5206
5269
1809
2332
3766
4287
7949
2617
4213
3329
6345
2138
6861
5259
3197
7211
4219
6444
7924
6622
179
1692
6706
1470
3233
578
7336
6950
2915
4242
7926
124
1509
6087
6807
5275
2372
3105
4244
6585
6436
2589
5073
1648
4203
270
861
422
3067
5135
3395
7598
3181
2099
5419
6414
2677
1106
1716
5594
5348
5994
2070
3209
4080
877
4836
6452
3985
5431
1388
6771
20
6460
422
4224
3083
5632
998
2501
2770
4392
2098
5951
6492
7519
716
1167
626
6784
3113
2323
4777
5182
1883
856
6058
6721
3660
6394
4151
5047
5167
522
7860
1940
1097
7295
7572
2097
1796
6693
2840
246
996
1329
7764
1712
6850
4743
497
6313
3420
1626
3496
5304
2483
5907
377
2495
652
880
3893
2171
5755
104
4109
3207
7399
3681
5302
1195
6727
4493
1443
7723
5824
5561
1436
1027
6656
6285
7340
6427
7912
7188
83
6746
1447
4810
1239
2099
5692
1486
4269
7799
1587
376
3005
988
410
4659
6535
7138
1151
4329
6861
3328
1889
4649
4354
4896
7285
46
7674
7197
3586
7757
5943
5033
4569
3534
7132
6608
5020
7752
6409
6610
130
5766
3949
4892
2423
2484
382
7928
6813
3595
3254
5054
244
3961
6300
3882
359
5974
3076
3945
5731
5372
978
2299
5255
4461
5264
2277
4214
3673
5240
695
5791
1187
1940
214
25
2320
141
6838
5918
7747
242
2514
3708
6541
6395
418
4518
5824
4363
6601
7547
1692
5253
4804
6152
2512
3434
2366
2540
673
7413
332
6213
1352
4898
6238
23
1388
5075
2293
1137
1669
4806
1198
210
7553
1614
1080
1728
2330
7681
1274
4020
1283
6076
2174
3801
1511
891
2694
6533
4651
3026
4747
6006
7922
2984
6031
1314
4410
4675
6804
6077
1483
1
2640
5387
5967
3719
7115
297
7751
4740
4317
1034
2817
2843
1189
677
85
3882
7213
4739
6907
3960
7096
3181
3292
1479
846
7704
6154
4002
2134
3989
4003
4773
1375
6322
4846
4840
6618
4595
1581
7287
5633
748
2130
3173
5779
6566
7055
4991
3305
2313
5303
6752
1847
4950
230
7045
1006
6386
3048
3139
6724
7047
4263
4453
1722
1109
1292
342
5705
7225
3979
7690
4326
2462
2863
2104
1027
6271
3447
684
584
5103
7436
6783
2052
4020
5828
3057
6758
878
2545
5481
4278
6810
1933
6001
7920
3228
2694
5624
6803
6675
1668
3129
1135
883
1584
6515
7151
1385
7198
4086
6486
2985
7224
4889
7005
5053
7946
5760
2280
6843
3243
6561
5654
5178
914
1926
4756
7961
3902
7914
6636
5570
7393
4123
6451
978
2637
1954
6714
6186
2396
5201
1171
1619
2090
176
6673
6387
2289
954
5230
5531
3867
7236
7064
1133
1162
173
1093
5063
4438
4081
2634
3831
4554
5437
1161
3543
3744
7876
1729
6140
5076
7251
7758
3515
3779
2783
1901
6066
3736
3483
7952
3956
2719
3367
1438
3880
7889
6884
943
4329
7317
3577
4511
3871
5365
2024
3767
1109
1900
5494
7249
3326
1098
7008
6842
1228
1788
5097
3646
1879
578
7949
2185
3299
7667
7976
7178
7558
6862
122
238
6178
50
4747
6401
1768
6773
2167
2877
5024
4014
6476
349
5110
1834
3544
2689
7976
4992
6337
6204
1924
6286
393
5221
5953
4722
753
1860
3583
5226
2100
6112
1629
3199
4512
3396
6324
3031
6271
3347
7044
1101
48
506
2937
7944
3196
2916
4936
1532
1121
6860
4169
5868
433
6474
2589
1184
334
2522
2763
2433
633
4392
1986
1497
7787
309
4527
2412
3657
3571
7864
3706
4077
2803
3651
3625
5717
4937
5156
6841
150
5677
1059
4933
4152
3646
6119
4485
6170
5232
3272
6803
1624
5257
4653
5763
5565
1180
4527
1223
4752
4392
1280
5182
7193
1280
806
1264
2569
2317
4453
2720
4347
5514
7655
498
1161
2122
1336
3683
3708
4606
6836
1684
6216
3489
7446
3780
1021
324
1355
2125
1065
6988
7306
4611
268
4462
5876
7193
3132
6681
6265
7479
4197
5919
4329
1710
4394
5665
1744
104
2272
581
1786
487
422
5585
620
1442
2263
6329
3566
3330
5315
7222
4293
1937
3687
2170
1129
3170
5205
7393
2648
1401
1664
3327
7465
2409
991
5560
6864
7614
6142
651
4455
6562
2588
5076
4354
1203
3402
7921
4533
5072
7141
827
7008
7182
7350
136
2350
4556
3881
1348
2308
1894
4676
6127
4305
2022
3686
3168
1635
6179
172
2444
1094
2761
7519
5450
317
7273
5370
4850
699
862
2028
7705
48
5730
4193
2397
6636
74
99
5299
1968
4779
7772
2624
3153
7815
5794
4789
5992
5966
7232
7087
5079
3102
889
5397
6728
2609
6598
7426
3477
4978
3483
7876
7059
7677
6626
2048
4103
6726
7346
2423
7857
3474
5045
3009
3288
7192
4148
5633
5159
7733
4721
6590
2834
1962
337
5915
4573
3287
5342
4401
264
826
4275
3674
4853
2899
5721
955
5976
1416
7731
5833
4889
4776
5192
178
3967
1342
2164
5479
1075
6884
419
261
5199
757
6175
6121
4045
7868
2522
658
5044
6797
4333
1899
6047
6407
7207
4028
7825
6937
6213
4716
64
7758
1247
385
1100
3411
2216
6526
6646
2637
6787
197
3394
1313
6321
3787
1180
841
4450
2577
3993
5134
828
6393
3540
4386
6773
7717
3323
4986
786
7740
1095
2031
124
2196
1794
2338
720
4791
1328
3859
4988
4719
5171
7659
4863
2703
503
5665
5280
849
2797
2459
7242
2691
6844
6014
2410
6519
7351
3195
2610
446
1578
2735
6992
7720
1427
4067
4514
7106
7925
5856
181
1449
5518
5044
4153
2374
2710
5784
7574
1860
4596
6815
4553
3437
1180
6962
1959
4884
6509
4568
1683
85
3654
5028
7808
1433
1092
674
540
5371
2882
719
6818
4752
2116
7322
3477
4824
5104
3051
6686
1702
6218
7586
1493
3752
6552
7803
634
1411
722
6669
1497
728
49
5657
6513
1142
2684
7052
6511
5565
4122
1682
2317
2592
1005
5795
7417
2460
846
2455
516
3416
2041
2010
7168
4947
6165
4155
6359
6886
2823
4205
7614
2871
6215
6125
364
898
1529
3228
6463
2004
4909
5133
4596
2264
7279
365
1079
126
7172
1595
7894
1216
7957
7062
2515
2473
3215
5223
1359
2391
5783
5326
5261
3997
7803
1977
1248
5685
5204
7711
4042
6465
1197
4990
5082
477
5353
6161
4955
879
4107
4848
6445
415
3910
960
2887
7125
2537
595
1515
320
5923
3127
668
2078
5105
1918
4114
6658
5982
157
1478
3530
5146
6559
4006
6851
1071
961
7730
5178
5809
6177
5593
6068
3489
4832
1548
6024
5429
3061
2697
7703
2542
3365
1782
3998
1635
2249
2659
3967
2404
4135
7498
3903
7046
3504
2755
116
816
6838
5293
2978
5013
7237
5399
4854
4067
6944
2879
5848
6361
1926
5551
902
1643
3682
4899
3278
5931
3909
3599
336
4394
3096
591
7793
2952
3346
7908
119
6536
1550
3096
7900
5140
496
4752
5559
7442
3984
3407
2155
5910
957
3055
7552
992
4307
7183
6924
4566
2782
3611
5314
2229
4202
5107
5181
3900
5015
1653
2434
2918
4751
2336
58
1599
3441
5615
5391
7426
1020
7548
1687
6331
2603
1239
7322
3261
4776
6245
7827
3911
6210
1494
6141
2411
6599
7676
6308
3612
5681
5098
2883
2431
7431
2941
382
2874
4908
5774
6651
2282
5320
337
612
4276
5930
4286
3888
7057
6880
66
2970
5091
1559
5463
7503
160
1491
2164
125
7172
7263
3008
5953
3047
2300
6336
5920
7208
4109
921
1489
5782
1258
2100
6408
3540
2736
2296
2598
1617
2362
5567
6711
274
7382
2565
431
5223
4730
4909
4395
344
7914
6701
3390
2217
5033
5660
5776
5494
6581
7264
7627
4191
5715
6037
7732
451
4684
2329
2069
3399
4248
5131
3672
7980
7696
456
5203
777
5366
5950
1121
1634
4649
4510
3849
1683
6521
5977
3532
5104
5239
3161
5647
7306
5546
5379
7755
2232
4059
6177
1982
4657
7658
5655
4638
7354
2462
1841
4482
7827
7789
1955
1461
4439
2815
1662
2474
1336
7639
2357
2794
1231
1871
441
536
7419
2171
4644
6003
6228
7172
7985
2886
6830
1991
7524
2536
4454
5716
7016
633
5506
971
2092
6296
3787
106
5120
1477
7746
7480
4269
976
1349
4710
5864
5122
6879
2506
3124
1460
1677
7461
4346
4859
5806
222
7394
6611
5937
2763
7243
7793
3734
5689
2443
3871
5793
7565
5349
5540
7045
5970
2869
4749
2677
5083
1870
5910
3941
4993
3721
1970
806
4417
6828
6610
4639
6223
5223
6928
985
4466
3075
1070
2154
5517
1294
4301
5082
2995
6192
480
963
5411
5225
7993
2496
7097
2255
6437
442
5974
406
1248
2393
3585
7859
3384
1809
1433
2312
7146
2250
5386
4568
755
7255
5862
5056
4337
856
3246
4817
6170
661
2045
6163
3156
5493
417
5944
5934
2745
2702
7182
5134
6291
3394
4873
4452
1178
7184
3597
3429
921
4515
538
175
6730
5593
866
3938
840
2035
2107
5852
431
4623
5361
5923
1391
3304
3857
4136
6008
7390
5626
649
7137
2498
5101
4667
6032
5050
4449
3307
1567
4981
7835
296
2578
701
4233
7770
2735
2693
5624
3164
7314
2985
5438
708
2641
5648
1197
5003
1390
6820
5654
4878
1319
2755
1542
7350
4157
5993
2657
5723
7331
2491
2371
6261
7543
2954
6032
6630
1999
7
6146
1314
7344
3584
6374
1986
1230
7570
6988
2620
6391
993
3849
4058
3746
5394
3410
4255
7738
2419
6331
7070
1263
699
5330
5158
7
7713
3786
2005
7720
1931
7671
7063
1866
6042
5399
3098
5611
4385
2070
354
5378
5917
4415
5477
7664
7826
6087
7404
6593
4417
2824
4211
1467
4507
1368
1475
4220
1502
7831
291
3436
7503
3706
1655
1898
1106
1104
7511
1844
3172
7864
3577
5442
4279
5407
5108
455
3491
863
3403
7908
40
7614
5729
4548
5332
3555
5120
6837
3387
5411
6626
7239
5468
280
1139
6575
1383
5001
4771
908
1217
4697
2702
1845
2105
7811
2304
1949
5026
2060
6211
5067
6025
3938
5966
3359
7491
3084
6546
7231
4846
5175
2825
2316
1808
3963
5242
7544
5315
6364
4804
6531
3062
7508
379
1520
3671
7034
7821
697
1094
6029
2114
3472
6322
80
6829
2167
7516
5379
5749
4362
6903
575
6675
5063
889
269
4606
6205
6632
1410
1088
6046
917
5818
7567
940
4851
3739
1635
2296
1768
102
5769
4440
179
950
2960
7694
2679
711
408
1585
5637
3436
3000
6526
3706
3958
1084
6691
5368
2171
1091
2635
7989
656
3576
1191
746
1563
3489
6868
1664
5609
3310
6194
6559
2621
2244
5590
3333
7003
7173
971
2441
6526
3851
2499
2482
4933
5543
4203
7106
6633
3192
3446
3642
3121
4636
4387
4683
4477
3257
2700
2085
2919
5247
4996
5541
7491
2586
873
6494
6111
6196
5287
4636
6402
7784
7119
3336
5328
3320
6791
312
6514
6590
3955
1633
3227
343
2667
7703
3599
1719
6141
6517
6964
7488
411
6456
2072
1286
1302
4536
3836
6588
1172
6588
2725
4642
6275
4405
4316
5069
4717
7180
10
671
5166
3236
5366
4187
7291
965
5907
5430
3833
4873
1272
4242
7681
3345
1881
983
4232
2066
3924
5403
5007
3001
6395
3285
7404
7062
4703
4122
6243
4714
1145
3408
4302
6511
7595
3592
3824
5503
5373
4013
6727
6644
4609
6407
6340
2842
3743
2572
1264
4018
4328
6272
7018
2723
1554
6422
1785
6260
6896
4381
2973
4392
7790
7274
2901
3739
7218
3081
5593
4593
3446
673
7590
55
3432
5932
7248
7174
504
512
7543
4831
6783
6562
3907
339
1336
2044
2949
230
6427
2276
974
2571
5902
229
2663
5119
3310
4608
6063
3106
5280
5651
3161
712
3584
2409
4237
439
7270
3782
1621
6056
2342
5530
2745
30
3928
2046
260
6706
4322
5587
5630
2223
5814
293
3694
1124
1252
1757
4230
6532
7406
3742
3595
7344
2502
7833
7782
1775
3614
1404
4180
2307
3287
3276
2338
7214
5326
6946
5921
6000
4533
3549
4577
2350
194
270
7823
1446
2026
407
4330
1436
499
7925
779
3002
7759
4914
1127
7723
6319
1660
6383
1604
1292
5072
818
2970
373
3090
969
1260
2992
5544
3609
7537
5816
7786
982
4194
192
5313
1981
5044
1586
7111
45
5700
4024
5525
1776
2342
7185
160
3948
4828
1582
1118
7796
1957
559
767
3218
3551
2664
3179
3086
4830
7316
423
1026
3860
2084
3006
903
3676
2118
947
1370
6143
2824
3150
4836
6360
7661
5135
3186
1245
6253
2984
7553
3164
102
2772
3067
2765
2300
2505
7597
1617
2928
4974
5476
1366
7979
6379
5040
6449
3679
2765
943
6502
2268
5780
4861
1928
2914
48
7524
5520
7383
3430
681
7485
6199
3749
2251
4854
6254
6199
6472
5534
3172
301
6897
3151
6680
292
5951
2358
3058
6893
5212
5325
4672
2072
3605
7585
6473
7480
5106
5854
2910
5788
5341
5462
5889
3943
6668
4142
2142
5138
6027
5311
5439
4927
4814
467
5219
2764
7180
276
1658
4392
1955
2682
2816
1912
2268
1288
5744
3724
3497
5006
5866
5190
6818
3755
1133
5485
4249
7626
2624
2277
1290
4414
3556
2456
4883
772
5219
4063
5400
3229
454
3709
5911
7622
1972
4531
909
7716
257
757
1072
2474
5947
7891
6227
3431
5377
6828
7407
8000
5456
696
765
1013
3151
2001
6136
4722
6062
7893
4302
2868
3602
2214
2490
1925
3096
7751
5991
7705
4860
7063
2179
7158
6954
4757
2585
683
3585
6346
5034
5394
3395
5799
6403
2898
7799
897
7620
2212
787
3923
1434
742
2490
275
2666
5586
25
5009
5290
1236
4074
3821
392
7380
576
7331
62
514
5678
5095
5908
1071
7245
667
3969
7044
1564
7938
5609
6703
215
7042
3797
7055
7316
2816
4642
3691
7823
6284
4926
250
6456
5319
7628
7031
4649
4042
7548
6679
5488
1807
4101
4734
2476
4421
129
391
4362
5737
3447
927
4778
7244
7984
446
2056
977
4138
6235
3612
1065
6485
2066
2735
2465
1099
7384
2859
4999
2415
347
6806
6517
1431
5635
2937
1559
6025
3651
7297
5823
931
428
5066
913
873
3476
1889
5011
6062
5499
2425
898
7567
5162
3363
5017
898
2572
2013
3311
7270
821
6179
702
6455
5470
2262
831
1120
5910
6655
2047
2689
70
7314
3562
3547
1204
4924
1610
3056
7351
2507
6974
864
2221
3991
6113
1147
6005
5776
417
3177
3955
1118
1632
1422
7731
6816
6897
1993
5471
5297
4682
5542
4611
4595
5440
2168
1515
3400
1576
5221
2260
548
2436
4482
4539
549
1981
2544
6325
2396
5721
6633
7867
3705
4408
3947
2522
7658
5943
4342
4955
6976
6236
5918
3569
30
4439
1440
3428
6012
3014
5692
6560
5447
6525
3101
2348
506
1995
5027
7253
4068
13
7120
4122
4420
3069
2998
4079
5364
7341
5384
4339
1929
7655
4261
1958
4093
5701
1740
6459
5066
7432
5019
6865
2309
4472
5569
7166
2818
2596
6420
3238
6960
5539
7363
7733
4960
2361
3812
2325
6053
5549
6663
7980
5202
7275
1940
5647
1326
3681
4107
6392
7463
5478
5259
6125
6302
7177
5289
5471
6128
3709
708
5087
1248
71
4822
6208
2432
4985
4884
485
2534
3546
4818
4089
7174
3109
6088
499
3142
6545
6892
2606
375
500
5082
3028
7680
2371
501
5808
6080
5562
7247
3678
5633
4069
6239
4417
1055
3123
1253
7940
3022
2424
379
2194
5533
2818
7046
676
1366
5937
7633
6093
2790
4714
1122
6820
7084
5972
980
1514
3534
229
1543
1168
4298
4135
1938
1703
7258
7543
5995
6630
1967
2725
5177
7502
5545
4223
176
3262
6512
4161
5707
5651
874
6828
4474
4309
4799
5454
2176
335
5683
3720
5854
6332
7854
4143
4389
3466
3688
6736
6446
2006
1461
7977
1508
3358
551
6036
2971
7062
2197
677
4714
7421
3855
5541
81
656
2996
2256
5343
5033
5975
7548
7717
2185
3693
458
2002
7380
7192
449
5739
5006
4780
7247
4714
5331
1634
4037
747
183
4713
5462
7605
4921
7352
4038
1929
2353
6294
7271
3737
621
6819
7805
7157
2512
263
1161
6243
7455
5962
3983
813
2741
7581
5525
73
1217
5914
819
1398
6980
2633
5356
3899
1989
1392
5829
694
4039
5097
781
4661
269
587
3820
7131
846
4980
1726
4655
7294
5709
1816
2036
1642
3698
6461
7210
1612
3631
4959
591
2618
2315
842
4607
60
6671
1651
4097
121
6784
5112
389
7369
931
3874
4570
2263
5601
5579
5909
7660
7398
7944
1303
3096
2755
509
4708
6387
5472
1648
1004
4138
2495
1961
551
1166
7965
1003
5639
6748
6113
2382
2470
3397
6254
3394
2010
3855
970
7920
3516
4719
4215
1170
7816
3320
6033
874
6059
7857
2524
7064
349
1370
5375
899
2536
1694
6254
4528
4794
718
6907
3616
467
1515
7010
2478
5369
4332
6749
5236
1053
7315
2757
868
6989
789
6094
5048
647
619
462
995
1990
2191
6247
879
3883
852
1758
5031
1569
667
647
2039
2183
4008
868
3904
339
3970
1139
5743
7636
249
6611
6626
1040
1058
3674
6038
1677
4137
7031
21
6328
1631
5252
6566
2483
7010
3595
4050
4029
594
2442
2562
4598
3312
6465
1292
3633
3958
7034
3271
4208
1998
1897
5247
3056
5571
3284
1085
6060
6669
1106
741
4650
2709
3657
7135
1718
7252
7538
2098
7844
6334
4660
798
1645
3127
2089
5278
3437
1123
546
7645
3121
6796
1244
6177
717
880
7262
3130
3901
4719
3871
554
7428
7528
4041
5498
3131
7931
3949
7329
6264
608
4478
4260
88
6564
5888
3524
4040
2789
7523
3512
1585
5116
1688
2303
2351
5303
5429
6252
6374
5654
3159
2153
1534
3549
4005
1015
7832
7952
344
6097
563
4822
2355
650
7737
4595
529
3778
7385
50
3642
968
1519
1683
7623
3870
6986
1408
6474
1711
3413
5984
3866
4947
1534
4220
5964
1366
4173
2661
3815
4735
3833
2521
1737
7925
7117
2266
54
6502
6668
3697
3822
4539
5378
7796
410
716
1204
3234
2426
4615
1219
2643
5916
7104
6864
232
4821
3039
2892
635
4126
3077
7509
2216
3001
6627
4481
3054
1480
7502
3102
1653
394
479
1447
802
1197
7005
388
7975
7974
1607
6969
5889
5062
5836
6119
1883
5226
5361
6871
1351
440
6381
7917
7792
1359
4399
7199
7191
253
2301
845
647
2782
6645
5799
329
5651
2540
306
5623
497
7276
3512
5562
1463
5983
3796
6687
7698
2668
4391
4488
5400
4309
4281
3110
5060
3477
2301
1664
2130
7497
6663
4911
6142
814
1595
3793
3353
1899
5768
3854
5527
1279
1414
6989
3614
1563
2029
3310
4231
2770
7798
5983
3431
431
1091
4842
3910
7746
6505
2393
7242
1520
3655
1735
2336
5251
5527
2043
3501
3294
5896
1028
925
3664
4369
891
5228
2749
4201
5810
1872
4002
145
5302
4431
1238
2144
4694
5335
5002
3439
927
6524
7095
2663
5212
4342
191
7253
7845
7838
1501
5225
5115
5166
1594
6005
2393
695
2206
4554
2564
2557
4700
7867
3344
2286
6364
4390
7622
3366
7827
547
6242
6921
3212
7805
3264
7756
7059
7463
3945
559
4688
1059
2078
6280
7062
821
3326
5621
5376
5890
4532
2075
2112
7875
715
474
616
338
193
445
5240
2786
3716
4803
2588
3334
4558
6001
2798
4852
2913
7483
5913
4991
2117
1327
5811
5443
6948
7541
7686
3480
5968
1798
7706
6683
6624
323
3374
3169
5119
612
5954
836
1767
4897
523
2679
2897
3320
7533
2162
2806
5445
7149
1274
3125
1315
6717
2071
857
2753
1902
3177
4552
5961
1859
7526
6284
1583
2694
7752
6548
5001
4942
315
1898
5464
2995
1147
782
2525
3308
7943
4324
6811
1216
7448
125
4284
5871
5333
7038
4126
511
7941
2087
6722
7468
4722
307
2161
4474
6855
7163
5767
7170
5412
3233
2165
6558
368
1044
1864
312
5368
5027
5880
1167
5153
2162
3390
6840
1200
7516
7350
5493
1599
6073
4959
6323
2732
7122
7149
1587
2636
1268
758
47
854
7275
2954
1223
319
1172
5887
2034
6200
117
7555
7705
2279
2945
6545
7832
2461
2249
5324
413
322
6635
3087
3054
2109
6588
990
4743
7857
1750
1142
709
5376
448
6283
2046
1620
4169
434
7819
638
7991
7525
2915
7288
2422
7102
6100
4671
777
6512
1344
7413
1600
4395
1522
4539
1740
2618
4391
7842
110
1456
5216
560
7740
7263
2179
261
4048
6351
900
391
2226
168
7677
4647
3623
5772
1318
751
641
2661
166
6592
3410
6039
3129
5150
5005
3877
4990
1471
5332
6560
2029
5070
2174
561
1684
6222
3263
2583
6613
5488
7103
6290
6486
2726
419
7804
7830
1058
6819
7996
4003
2227
2385
7133
3729
3746
3009
5070
5214
340
3630
3597
1762
5804
508
3448
377
3771
2382
6990
5611
5838
1628
4098
4914
6399
254
4746
3811
7073
1093
7812
1301
7830
6944
1382
3574
6306
6452
5142
2999
2083
738
4760
4238
1245
4560
4616
1368
3295
7956
6977
1131
5940
7427
6047
4340
7682
7144
150
3105
235
7963
4407
65
3261
2140
7992
1567
590
5132
4565
7027
2223
5678
7618
7819
6591
4232
5540
1885
542
868
7366
6481
295
1765
2819
4329
909
7320
7436
1143
3638
193
5559
6899
2333
1903
4817
7275
7036
5733
6303
5609
3409
5920
5429
6352
6503
2968
235
7044
3836
7602
1877
484
5720
1048
4812
6627
371
4246
4122
4007
4439
6034
7256
3123
7937
4071
2401
3324
6158
5055
932
5919
2974
2713
4270
5829
2033
859
1226
5869
4813
3102
2705
2533
4150
7517
1160
872
114
5283
4878
909
7668
487
4031
7604
915
2785
2928
7072
7839
213
4990
7165
2926
1260
4993
1311
6472
6218
3530
3282
5672
6234
5815
6173
2104
6976
7045
2220
609
275
7480
277
763
3513
4234
1677
2650
3513
750
2489
3725
2091
1651
3003
7702
2998
4312
6174
5565
7843
1460
7589
6079
7274
5763
181
2598
4806
6753
7562
5082
6232
4192
5844
6096
424
7523
5097
3939
4622
7586
4016
6715
5592
7020
6419
4940
7683
946
2505
7529
2406
2097
1961
6033
4210
6491
4986
1017
1597
4549
2449
4183
5092
293
6631
5516
4167
3727
5808
5141
3316
6176
208
5257
1547
6629
2199
1233
3926
1057
5114
6333
7503
3427
717
3715
6272
5701
1083
7871
2250
3532
4052
7342
176
2682
1210
697
6411
3369
5840
6079
1545
6049
7686
7443
1028
1885
5029
4955
7295
2144
7638
6800
1921
354
6863
194
6057
7949
64
305
7832
4116
3999
7
3151
1560
704
5914
1280
2897
344
7177
945
32
6621
6324
6267
3649
3278
5563
2144
2917
715
4066
3269
3933
4258
1328
233
4323
5985
4414
4790
6336
4425
4290
4248
1482
2205
5528
730
6899
4703
6024
6930
7675
4348
1552
3326
3980
3467
1821
6896
531
5885
6519
4464
2145
4200
1050
2818
6536
5466
3959
1224
6241
250
5472
4075
6808
3000
4804
5707
4057
2827
4637
3732
7178
6185
3409
7509
1657
5230
6405
2189
7468
1277
3007
5964
1829
4056
782
366
5874
4741
1590
4115
4992
7061
189
3800
6412
4992
5859
6820
4172
2497
6905
7701
5038
2313
7208
3046
3897
1965
1587
7716
3243
944
5679
5071
5003
2811
1786
7227
7553
3378
3342
898
6791
7883
1050
5203
1224
6907
375
5398
5754
7277
5098
7144
5945
660
2188
1841
2626
129
5909
2220
1074
3586
7292
2426
6398
5433
1656
2305
810
1349
3202
3951
1232
604
5506
2457
3864
5879
4208
1619
5156
5656
5113
3102
6317
7303
1295
942
3785
7203
3162
4858
7143
6802
7286
1893
4237
5293
4199
1398
6641
3753
5350
7874
4357
2855
6683
220
5086
2890
6190
2245
545
3306
1698
6862
6961
2995
4156
2746
6549
7316
3957
5691
2474
3242
7584
3060
4886
135
4459
3528
3888
6162
3401
4596
5369
2082
1169
2455
1325
3710
1052
1872
7016
2749
734
2328
5745
1242
1424
645
4910
5383
6335
7383
4977
2273
6796
1863
2408
7608
5390
2647
5765
5143
7244
7489
7226
411
1942
549
4121
2995
6773
7488
5745
3859
6168
7841
5098
7596
485
2008
4978
3173
5744
1955
1797
4538
3816
4206
4147
1206
6851
6268
6349
2446
5755
1925
7212
7699
6827
7687
7045
5599
7176
1141
5810
5345
980
2909
1293
5818
4917
6272
5341
7012
227
7140
3549
395
7698
4049
5952
6548
2317
653
5350
72
6930
4561
4121
5756
4250
3167
7708
7776
4307
5517
1473
1639
425
2767
3810
1691
1036
1149
5057
5616
291
607
2363
7989
1006
315
2890
3321
966
4593
3396
4250
1155
3870
2006
1756
7036
6065
1533
7695
3581
7357
1334
357
2123
1494
6401
7514
2646
7808
5131
7289
4767
7493
7277
5775
4160
6520
1099
1478
3113
844
5729
618
4714
4084
2374
101
2150
258
7795
2081
7617
5483
2437
1741
6978
5190
1254
5976
4999
2736
5264
1766
2228
896
7540
2740
7415
4989
4220
6881
2187
1947
7501
6901
6033
6225
3354
182
6485
3151
6614
6101
4985
5404
4193
313
2593
5447
6289
3943
4535
3553
2059
6763
803
5952
5856
219
2940
2075
3451
1480
373
2950
380
6406
1177
86
2938
4015
7587
5904
2116
4572
3308
6310
1237
5901
107
7525
6195
4644
7432
255
7759
234
6206
5614
4804
5497
4041
255
6977
4413
7558
3708
7172
5088
3794
6463
1104
7733
4367
7572
657
7675
5880
1894
1925
2338
5770
120
6984
5200
4726
3094
1787
2931
708
2942
4782
1101
7549
107
5515
7107
3817
1039
4196
3964
3852
1652
3697
218
1223
4352
4244
3455
2598
6169
5795
367
2643
1132
1919
7370
4226
3707
6652
1286
3001
3434
2386
2548
3544
4251
1656
3714
1643
2204
7677
5495
206
7725
2064
1426
429
6310
4884
3027
831
7032
7746
3475
163
1666
7196
740
1724
5850
2023
4723
5636
761
7274
1179
5014
5278
1242
3005
3836
5272
502
4042
4995
6918
5470
1777
5228
6705
1154
2410
5736
900
2235
2249
2565
1432
2990
643
3634
1365
5366
1268
2127
992
6799
3493
6271
4395
6500
6460
1666
3354
2501
6662
2270
4324
4791
3850
7381
5945
6261
1469
6844
499
3718
5761
6283
3061
6403
6270
4427
3770
3891
6554
1113
7042
2045
7384
3435
4899
2197
5104
252
4697
118
2523
1020
4906
6373
4754
2850
986
6223
6046
5836
1941
3807
4119
5003
2210
6741
5782
2332
2630
4333
3446
1673
2733
7182
5108
7631
1377
2212
7882
6077
2328
6757
3447
7236
1483
202
6438
2470
6424
4484
305
4718
292
778
6072
6855
7517
3853
1187
2148
4539
4633
3821
7270
167
929
3252
1544
7491
3136
3973
1821
6245
3774
5409
7728
325
198
2197
3102
4683
2502
7820
1329
3278
2242
184
7148
2448
5723
1296
6987
6706
5117
2610
6873
2398
5864
4768
1890
5351
5094
61
3597
865
1821
3324
1192
2020
1872
4293
3053
726
465
736
357
2709
919
7506
5154
2993
802
493
1699
2272
3102
4923
1019
5319
1692
7261
2669
6785
7323
6266
4002
5496
5943
5194
3866
4167
5841
6923
4893
6307
7660
1603
5367
4927
1109
6874
7923
6263
7365
5973
4886
6821
2896
5907
4139
939
5167
6808
7722
841
1427
77
6338
3721
5271
2206
7887
7464
5481
1133
5771
1492
2733
7487
6422
3844
6361
2696
6459
2081
5021
3341
901
4268
1251
1392
5206
2769
4554
1278
3611
5979
1356
1948
6053
6624
4153
5939
2442
1634
7071
4564
7479
1805
4051
5900
2000
6766
4947
4810
847
6319
155
6100
2586
5756
3844
7792
526
397
1068
4137
2729
2426
2436
780
5404
6590
6719
7845
4576
2142
759
4054
301
4810
6307
6653
7928
7606
3463
5126
5926
7970
7578
513
2079
3422
4656
6955
170
5727
3091
2900
4503
5526
3680
1907
468
6752
6103
1398
5243
6862
1804
1897
24
4462
551
7952
4068
366
5079
6346
4687
4655
3209
6765
4429
7866
5721
4600
5592
5163
3851
2095
7043
3883
353
3865
2634
2807
1614
4228
6022
3416
6128
2398
4231
3027
2349
4651
3395
3780
2997
4434
4787
6203
3199
1216
6070
5270
2168
14
2434
6018
6460
5828
1899
3165
1693
885
2325
3305
5116
345
3075
7596
2743
7303
2626
1443
3955
2373
1574
3304
6806
6362
5859
6355
3929
3932
7978
6095
297
2412
4112
3108
4591
2364
6273
2637
3250
597
5940
4716
5296
5367
4312
38
1025
3289
5834
1332
2012
7409
4635
5169
2121
2495
3526
6050
2778
3502
4144
7427
2265
4611
2535
3210
6975
809
5846
2223
5758
138
6939
3053
5507
7602
7443
2883
7241
5277
4213
1255
1037
847
2776
3158
7692
2653
1208
6823
2508
1704
6250
4773
6314
784
4335
5290
5944
2180
3863
3702
2318
7156
3108
4176
3109
2551
7055
2353
4179
3271
7957
5215
470
2736
4727
4516
5387
5935
3338
7897
3989
5940
1022
2305
6723
5354
3947
1018
7534
4162
1072
1852
3319
4179
2380
6429
3081
1435
5134
7261
4708
5093
829
1527
7830
5556
6044
1569
7841
5733
1463
3833
3673
6839
2490
6747
4192
2788
7765
3728
6948
5187
1932
2267
1368
663
5049
4449
2099
2182
60
3158
3628
5242
4687
7810
2796
7082
1378
6989
4814
7195
7173
488
6036
6016
7235
2227
802
3352
2309
7752
540
592
2020
1907
1253
3421
2707
7703
1957
7119
2862
5585
4362
3900
5395
3510
2980
3125
6853
7795
2321
6028
282
4708
394
3869
3288
1198
7222
1950
950
7761
6893
7320
6021
146
2742
5080
4201
1050
4198
7061
6634
559
2960
380
421
2294
3506
7275
2088
2180
1654
6724
3240
2048
2594
6529
3245
1815
478
546
5928
7369
4219
299
3866
3311
5379
67
4363
1577
3481
2998
6489
2794
7730
3262
5086
3234
2535
3527
1767
541
2250
5005
2589
1196
3535
2184
7361
364
7083
5289
4086
3300
5587
7952
6614
7317
4371
7326
894
7851
6677
3732
6997
6407
6996
434
5994
5882
3960
7760
6424
2563
1117
5364
3758
999
7548
3118
5719
2980
4759
1803
6283
6698
1755
1248
6015
2477
575
3261
6681
7251
3344
5676
2009
2340
6110
3
4576
6423
4114
2999
984
1582
361
4743
2584
4261
4214
4655
7242
5322
6458
1876
4022
4564
7475
6387
7040
49
1646
5719
3653
4994
3396
2013
3685
5859
2016
260
634
2480
7610
1618
4061
4321
2713
2999
582
3275
7653
4179
601
2461
2405
4622
7024
1878
7360
6066
6283
1010
3786
1936
2354
3535
301
2392
5745
2317
7003
6378
1148
6614
4347
1563
7291
7060
912
4226
2336
564
404
7291
3026
2809
265
6403
1043
7626
4467
7325
4987
253
5612
7342
137
5914
1733
5883
4582
5088
611
5730
3704
4961
7292
2994
372
205
7218
7062
5122
3976
6352
4499
3138
6615
2901
4181
6243
3720
3506
3229
323
1118
6923
462
3384
5008
2696
7965
2093
3311
5693
2151
4623
1337
1494
4993
5895
713
4056
7368
1042
6759
3866
530
5375
3118
4710
7971
3190
4567
7553
3514
2039
2822
3976
5421
7834
3026
5386
6281
6335
7429
431
7309
769
1928
4301
6663
6994
4712
6029
4387
3471
6247
4918
5199
5717
1629
1522
907
2548
5426
771
938
251
4747
6359
4437
7773
96
2719
2460
7527
7501
1770
293
1429
2424
3306
4775
7136
5689
1161
6959
288
6077
4158
2356
4059
2031
7614
2957
7456
387
3897
4060
1484
2256
497
5609
6703
7566
4424
6231
7066
6194
2877
4848
4970
2537
1623
4108
227
7136
7419
4864
1565
3576
7224
5625
1959
3190
4934
1413
3576
832
5473
1414
7438
2321
7024
6142
1887
3447
4373
5304
5992
3600
2155
7313
6138
3776
3422
6365
2910
2838
7583
829
2767
3157
6452
1077
6346
7740
6843
6275
570
666
7687
9
2988
3063
2503
1226
2861
3226
6531
5204
6828
685
4520
4965
814
4293
7679
74
3484
7264
906
2601
2420
3709
3678
768
3448
2521
7042
4018
3186
3082
380
2525
2497
2882
3750
1710
6109
2282
6916
4936
7321
3434
6251
134
4079
5933
211
7562
5196
1116
2161
7614
4825
2192
4735
274
4713
130
643
4251
7563
1023
6777
2059
254
2527
3770
2716
1163
2684
4003
483
2471
2255
616
2900
187
5177
2460
1732
6293
975
1349
7470
3169
2437
4095
4232
2566
4738
484
2128
2111
7261
538
6720
6138
4306
1437
7301
3342
5440
4135
2166
4046
1103
5066
584
6281
3877
2318
925
4854
18
395
21
6806
4488
4255
1372
5578
1090
7850
7689
350
389
6409
2842
4697
7845
6496
4393
1637
2631
6557
2035
3734
7976
2619
6367
3855
1286
7290
708
5659
4038
5082
4465
526
5688
5836
6103
6779
2038
2145
3481
2429
553
6323
3478
4752
4817
7870
2737
3799
2780
4774
3886
2755
3744
2252
2961
1384
5894
3670
7042
1931
5101
3506
6809
7145
5694
1263
5923
4085
3407
5755
6514
313
4076
1990
5063
5246
6213
4155
5397
992
929
1281
101
1023
7886
3062
2407
2132
3084
5800
413
186
5658
7222
7328
3349
486
1606
7436
244
7359
2299
555
7790
643
1971
5036
6856
6124
6784
7846
3405
68
4300
4429
4304
7361
3188
6437
2444
987
6850
6983
6644
2426
6314
6346
7262
4270
2133
3858
3629
4433
4411
7772
5075
2735
1159
283
861
7943
4483
617
4362
781
1399
667
143
4586
3455
2587
1922
6657
1570
568
1081
4234
3265
4696
4856
5398
554
487
6183
1317
4609
7610
4054
5768
7894
1265
5709
4375
1884
2070
5157
7634
7089
1651
4217
2544
589
2495
1200
6510
7412
6632
7095
2679
7681
3953
4429
233
4437
6963
1551
5399
6574
1958
3167
6467
3223
875
7193
1459
7300
702
1091
6388
2353
1661
5284
7295
4156
2833
5806
3568
5820
4902
2599
5500
852
7027
5732
1644
5991
3636
7045
917
5593
2211
3734
818
7439
2929
6627
3089
7983
7719
5830
6688
5735
3112
5981
1890
2300
3787
1813
118
5041
763
5618
2246
4142
7703
3891
2133
3342
7285
7400
936
5849
3136
6105
5286
2417
4732
4730
6750
803
2558
5437
6538
5672
3418
4780
7971
3554
2944
4441
4950
3708
6412
7196
7851
6116
3085
6335
5808
6725
5737
6743
4573
5225
1199
6211
3992
5930
2940
2744
3086
5499
181
1623
3171
7951
2755
7492
7859
5695
284
4809
1405
6695
4004
1254
1161
3442
7591
6970
2166
1679
5715
6739
6902
3266
4949
7250
1197
7893
1993
633
1745
6525
2257
1268
6475
5011
761
2687
7059
5398
7495
465
4095
7849
6070
5258
3292
5661
582
1808
3691
6293
4898
6948
5911
6198
6196
3461
2445
189
4094
4186
6712
6350
5455
1539
7710
2568
4225
6773
7966
70
3588
411
4272
1658
2020
7565
3672
2602
5724
7362
5250
2622
6310
3163
5176
4506
6624
7619
1048
2717
3808
4112
5421
5616
5650
1485
184
6226
256
4501
2651
196
1262
6925
1854
3284
2841
5527
5886
566
1240
3135
7540
7550
2648
1068
410
1272
687
1457
339
847
5567
2113
6462
7569
3596
2998
2150
206
3849
4801
402
5111
3725
2258
395
2919
4135
2633
7836
5376
2118
7375
1279
4767
443
1688
2390
5481
7495
7080
6327
5062
1194
1141
985
4792
491
3134
1347
4339
7935
1752
1452
12
361
6200
2929
4494
830
2766
6222
2950
6492
7500
4068
3287
1187
6459
769
682
1892
3448
2096
3086
941
7433
4230
1431
2566
5579
5770
6854
7331
3574
3217
4043
1774
6148
536
2605
5263
6760
1906
108
2611
5976
3396
152
786
516
5187
2677
316
7283
2115
1257
3069
6346
2687
5637
276
4811
843
3958
386
4060
1
2158
6559
4891
1116
3822
2
3022
3932
2612
5351
3679
2766
6136
547
7951
5165
862
3587
3634
6469
6655
6331
5508
643
6609
2320
1483
2568
2705
5545
2569
1213
4103
3811
2329
4278
3812
5353
4560
6426
2700
239
5543
5191
5137
5493
2355
2350
5430
2340
819
4086
671
2680
1080
7278
4998
2565
6199
4053
4460
5119
5269
564
929
3951
4841
4739
1303
1401
3164
356
5991
705
5548
7480
2551
4254
1828
7981
6595
7000
420
7265
6031
1501
6542
3029
4061
1094
3434
526
6213
5055
5441
7139
1006
6632
3881
2306
4385
3397
7017
6727
454
4566
6204
3006
5172
4386
7342
3766
7738
7762
3031
5768
5613
5928
5147
6030
7022
582
2906
5236
5636
346
727
6641
6977
4607
5300
7715
5
670
6439
4811
5235
4646
4170
2406
5385
3511
2524
5121
7624
1908
2888
1589
7836
36
7619
3211
4969
2525
4797
6955
7224
5525
1948
6202
6485
7250
5917
2841
7919
709
7652
1507
1708
3822
265
7093
3683
2790
4213
3306
4698
3453
4896
886
7841
864
446
1163
3391
1598
119
2614
3475
2066
5167
1959
5668
7434
1151
1939
144
802
3445
1852
976
61
5295
4659
7203
5860
4317
3899
5667
5565
1137
5509
6432
5936
6670
1822
3885
6789
786
7359
5207
2303
5668
2875
1739
6820
4812
6234
7621
257
4437
4950
4671
1733
1609
3873
7594
5928
4124
5260
3493
1611
7119
1923
7547
2142
96
7783
5281
5234
7141
2487
7537
1163
5363
5628
7982
2174
3863
3958
6784
303
907
3453
2034
2517
3678
5978
4796
7801
3240
287
1411
6711
6563
5309
853
3012
5094
6132
246
586
4974
4138
1749
2335
1768
6084
862
5631
2040
3998
2286
7299
7451
4321
1816
7481
6652
2962
7282
6243
3249
5045
4954
6166
2355
2158
1177
3800
4643
5775
4386
1616
1912
2488
303
31
571
1164
5663
6963
5164
7948
6263
967
620
4431
447
7271
7393
4078
5513
6994
1125
6819
5160
7830
975
2689
3631
5618
4814
4368
3586
3077
6856
3889
3109
3778
1408
5122
2739
6570
1421
1004
3889
2042
5434
686
5665
4825
4767
7531
173
5890
6348
5332
5720
3676
4371
5703
5647
1187
2071
1231
4264
5277
1474
3724
5407
2881
848
148
5802
2270
5502
1690
663
7288
2378
2680
466
7144
2209
637
1385
4909
2321
3458
4937
6693
1161
2583
7879
7582
167
494
1210
1642
571
6620
4521
1417
3119
2324
38
4970
4014
5054
4260
2743
7732
4726
6239
6293
1715
7623
7555
4035
7434
844
2727
592
3428
6958
4528
7946
3803
5738
1589
4374
711
2462
2143
3830
4786
6534
801
5153
3587
1415
4248
7670
2492
2487
2316
4207
6462
6223
242
2247
7067
7321
2839
6846
6275
3720
6792
2081
1459
4732
2807
2170
7193
4947
2349
332
3482
3152
1834
3419
917
6083
7444
3410
4922
1759
7618
7734
4334
7858
1982
3396
3532
1171
6596
1809
4891
1741
242
2702
6474
7400
4872
2020
4349
3574
6704
4183
3077
539
3955
3996
2974
3400
7407
7894
1509
7023
3981
2196
3234
5963
1947
6765
7134
542
4922
376
2284
1518
3081
5109
917
4304
3481
1618
7877
2184
2151
2953
7075
6108
3301
2047
5859
2705
6293
3721
6078
2276
5916
1315
4589
7862
4431
76
403
5708
454
7039
7227
3533
501
4496
4189
3981
6111
417
2516
4615
3370
1590
2724
3023
7988
4934
5728
6284
654
3811
4910
6568
1477
1500
2781
2261
1573
7537
7968
6381
6576
3548
6265
3428
4395
2454
3761
6860
2870
6277
3475
2592
4219
2549
5615
4208
7481
7695
6842
137
3506
106
3057
1335
1606
5838
3594
7533
5375
7916
2265
300
3464
529
3730
7856
7338
3841
3070
2209
2117
6545
1152
6336
1096
6765
6894
580
2813
5738
5065
2670
5843
4477
4005
3800
6666
3950
7684
392
3867
1946
694
3683
6831
775
7891
6169
4616
2962
4729
3085
1505
5881
1420
6952
1000
4665
3886
3814
2403
953
6483
4599
1781
6841
4750
445
2794
4435
837
6660
2735
5882
6694
5917
6655
6586
4086
7624
1548
813
2708
7406
3046
477
6360
4045
5145
6598
4212
3899
7549
7048
4849
5683
5888
1600
6129
683
6033
6965
3695
5119
4849
6741
3038
7856
5325
3475
3831
3225
641
2892
6984
3687
3371
1695
4084
4867
292
4647
5117
4195
3692
1966
1876
1584
3565
4
6618
5951
3322
6664
7421
169
5403
2459
4378
7081
2286
208
6658
2926
3101
5641
6611
2824
7338
2693
4042
3983
7342
1156
175
7386
7476
6405
5322
7393
6408
292
1695
1729
3307
1118
6252
710
7927
6982
4143
2211
3544
2800
5138
6645
4794
101
5821
484
2796
6214
4466
6489
7372
995
2228
3200
7398
7550
2595
5807
7841
4290
3888
3146
1758
6491
207
1686
1824
701
250
5367
3501
1741
364
4649
1839
2534
5132
988
749
1599
3826
4472
2593
6055
7674
6343
5603
6619
4149
1795
7259
4387
1293
1020
7231
1501
7058
1054
2201
3659
2773
2056
5400
3135
6704
7240
5671
187
228
6419
6137
4056
2892
5079
6462
6917
3423
4064
5535
3923
2213
4796
4660
3507
2167
3893
1359
1223
1298
7913
4884
4070
6320
2283
3558
1374
5875
5580
1561
6102
350
7699
6510
7593
4780
4971
6509
4555
5388
396
477
7601
5192
5140
7458
7357
1033
817
4933
6683
728
6168
7105
3400
451
2661
4772
2677
4591
6335
779
4941
2384
3641
4534
3515
611
7395
70
5997
7790
546
1950
1333
5686
1409
5043
3070
2225
6328
1753
7304
4496
856
2704
1299
7870
3830
3976
4461
2163
4754
5754
902
393
6641
4417
5356
6035
4487
3352
2178
5032
1656
7862
7071
3063
4905
2140
1640
3232
245
5299
4080
5453
4355
5377
1672
184
1353
2485
6702
2459
242
7602
7205
3233
371
4562
1269
4857
4268
7798
6242
5924
7659
1664
5341
916
157
6980
500
4753
4280
4580
2206
4986
1958
231
5171
7662
2718
223
2120
7310
7826
1324
2543
4548
5885
165
1405
6505
7961
3997
4428
3974
5661
1770
1242
2169
5104
6092
6922
5735
2672
1126
2720
980
5709
4242
4994
4779
4467
7114
4089
644
440
2983
5192
2677
3147
2948
5534
7461
3299
1963
7787
5312
85
1025
7481
1540
7120
6401
7275
6142
3879
6345
3478
1589
2590
473
6368
3407
7589
6808
4053
4380
1790
5597
3409
1289
544
943
751
3843
7258
538
5506
3695
5916
4985
5234
1389
7739
4506
7533
3620
2855
3011
1559
1795
7836
4279
5201
7424
3087
5606
155
1228
3203
7913
2519
99
5209
7622
294
4467
159
5801
162
2426
2784
5396
3812
2524
6254
7700
2496
5461
7062
4055
7257
6897
4686
810
2673
7771
6420
7179
5353
1623
7094
7872
6075
4306
7493
6369
5125
4004
4170
5287
2782
6954
7033
6596
5831
1639
2646
326
7101
1710
732
2708
606
5419
3518
7630
1546
6291
6810
6899
4266
5904
3121
2339
6561
6965
708
39
7322
4878
5325
2102
185
710
700
6015
2349
7700
2694
1450
1410
3428
4158
6368
5201
4028
5998
3098
2320
4808
6347
6584
7064
1469
924
1979
4786
1633
2018
4110
6510
3693
6213
6693
4402
3266
1061
3100
2965
3755
905
726
3532
1413
7093
5084
5442
5091
183
4114
6250
2882
2698
1667
703
7974
3645
5490
1605
2013
1599
4465
5707
7809
7511
6464
7429
572
5920
2395
678
6825
3120
565
238
6567
5650
5680
10
2185
1794
6260
1417
843
4278
2119
816
7925
7608
6774
6291
5558
3241
350
1722
7105
6814
1151
4028
4732
7896
4708
7908
7368
1624
146
5935
3625
2178
5943
5809
325
556
7227
1168
4832
5698
6334
1110
5307
5111
7399
2864
4703
7751
4585
3806
2916
2086
7836
4000
1984
894
3910
1351
6870
4055
3640
2494
6235
5935
4655
2911
6490
3880
433
7674
5930
6770
784
3236
232
185
2453
4935
4286
3390
5092
7204
5479
1280
7556
3815
6526
3464
5166
5394
7520
5156
7889
2105
3093
4543
5019
5934
4775
5450
5606
2703
572
6393
2290
803
2930
4743
2089
3569
4486
3534
7124
1964
4813
6679
5776
7690
2143
7296
1437
1663
806
1325
123
3897
2217
5140
1830
3343
6943
3791
6047
7514
2185
4690
4668
1466
5786
6756
5034
2271
6641
510
4235
7805
7188
6364
7495
1332
2010
930
7348
2815
6606
7469
6712
826
961
4895
4170
4256
5037
6572
121
3575
3263
4789
5040
5401
7896
6426
7669
2890
6935
258
2695
6124
6621
2190
3808
632
7474
7506
7798
6082
3329
6511
3262
643
7757
3786
4898
1148
2356
1370
4723
1971
2510
1761
7372
6758
4539
3396
1648
3475
3653
4342
5949
2274
2883
6109
7257
2356
5616
7055
4792
943
1918
4406
5939
6027
190
2837
7173
6899
559
3898
5221
3069
2011
946
1827
6550
4341
3473
6377
7992
4166
4326
6618
7050
6786
2227
5760
4402
1281
6904
1700
7551
3310
7636
5578
7852
6825
1106
6751
3735
1354
325
6804
3366
1271
630
6268
5610
454
4642
1956
4622
5322
574
23
4106
2799
5783
509
433
4686
6560
4334
4347
2551
1911
4198
5728
7369
2947
1463
724
7626
267
4089
895
5249
6709
2856
2055
3350
4813
3029
673
1740
3052
4781
891
832
1642
5674
1871
4555
2009
6218
7106
272
2418
4832
7640
1718
2649
363
1344
7268
803
6592
4516
3864
1450
2922
7215
2615
5951
4239
704
1003
1021
5946
6189
7014
3623
60
3569
1984
2631
7027
2255
1398
213
1895
3115
2862
6611
813
2128
3767
3755
2998
7632
1556
5921
3198
523
3873
7438
1229
1227
4810
3529
7415
3825
7151
3827
3745
1135
6456
2773
7742
7856
2985
1636
7323
2198
4599
4489
679
4719
4597
3676
701
6153
5949
3900
6677
6174
7691
4256
3753
4502
7786
3168
326
3286
6994
424
774
1803
3196
515
6007
2530
6502
5334
1081
7456
6174
1759
524
2770
1783
1228
5277
4085
1480
3953
6612
1170
4562
2364
5669
699
5531
2349
338
875
2772
5465
7029
2319
5979
5040
1202
835
6726
2281
4642
1253
4038
5168
4024
2177
6393
1301
6262
7874
1605
4874
5392
2518
7237
7418
7567
1119
1765
7904
6347
888
5369
5374
7558
7701
2415
760
4887
5492
3039
1529
6743
3432
6696
2768
1958
1439
420
222
5666
6376
1446
3062
5245
5037
2479
4813
2507
595
1070
853
1482
6439
6228
1042
2493
4992
6153
7379
2487
5545
907
1230
5328
7603
349
7287
5397
5120
3861
3064
7847
1660
6124
5093
6697
601
6257
1203
1198
7327
6407
7032
2119
4636
4426
4609
5980
2578
3988
4820
122
1248
2401
5449
5204
2748
1087
2601
4221
4948
5664
4069
6607
140
5513
1656
741
120
2858
6291
3800
1265
1674
2270
2252
6100
6879
4585
5029
7219
1404
1502
4819
3806
6949
2025
2908
4388
977
7128
5685
6638
7548
4293
6777
1412
5948
3872
5884
5158
6513
6036
2775
188
304
1378
2638
3535
2316
7666
7108
3720
1167
3928
3877
4469
2305
6785
855
3281
2264
6543
1919
6165
7188
5050
3928
1487
920
6164
2999
3784
4201
2124
3972
4504
3502
6610
40
5818
2627
3500
5890
3795
7427
1766
264
1732
4902
5469
5011
3519
363
3283
6035
7551
4684
1963
1041
1955
4477
390
5739
679
2515
6065
1532
2370
4673
5927
4537
3655
1425
2428
7449
854
546
4065
6937
1799
1536
302
5318
6250
3581
3352
5802
4620
1666
3195
6575
6145
3585
4316
3174
2453
2380
4709
4822
3407
2637
1360
7061
415
139
2863
1270
685
6924
4558
6837
4814
4860
4154
3066
4795
3857
5221
1413
1875
4768
7988
4371
4706
655
7546
7156
7387
606
3979
7146
7596
5338
2558
10
1829
5420
5632
6866
699
2189
5701
1864
7049
6207
1280
3845
6416
6501
1611
291
7622
5951
1012
4326
6607
4910
3484
2345
5517
7459
1491
1463
1153
4048
1474
2982
5819
3456
6200
2870
5647
3899
4733
1048
2107
6014
1244
523
867
2853
5166
4840
803
6179
1165
3761
3089
4650
6106
4957
465
3949
6421
1615
4349
4247
950
2167
4055
3502
1388
6054
7402
6121
7100
5862
486
344
2737
5704
7549
4255
2543
4703
2431
3708
4818
1874
4710
7276
3185
5174
3225
5957
3143
3925
6554
445
2443
2610
3944
3831
664
7698
1952
7764
5560
6790
4459
296
845
356
4551
3388
1415
3335
3448
6230
1561
156
5507
4746
1680
5083
2703
4824
1007
5610
5269
3448
221
5566
7281
886
5264
5585
5000
2824
725
5811
7472
1570
2522
373
1309
3935
61
4756
2166
5976
1265
4026
2723
2947
1106
1778
4122
2115
7390
5743
1915
3962
3307
1196
4848
4921
3133
6201
4097
3858
364
7921
5426
2885
4646
6736
3172
4708
7843
1691
2683
1107
5716
1759
405
3175
7888
878
1642
3630
6620
3556
7591
6280
1105
791
3202
4237
6992
7299
94
3707
7221
1873
2942
3867
607
6115
4926
450
4158
3962
5909
1872
2072
2663
1400
1959
3543
7392
5588
6516
2950
5179
4795
406
2323
4350
4643
1314
1
1086
1372
7221
2957
4313
7439
3567
6781
717
368
2934
4678
2629
1162
6747
1644
2559
5060
5186
1952
2648
56
1256
4179
1203
1659
6501
5552
2655
4167
5550
3742
1890
1125
6701
6205
4913
6620
4985
5629
3341
4275
6659
5967
5434
5408
3964
4349
6819
5505
2656
5817
5560
262
6349
6762
1923
4850
4312
927
5367
6216
4671
7258
7340
7723
1814
4255
2697
3151
6237
6037
7424
4896
354
1213
6656
4322
5562
5475
1826
4570
3291
7385
4832
1640
2497
3106
2840
3160
4036
4561
1378
5060
3818
5068
4784
5631
1322
7480
5134
3912
5519
4558
807
2227
2122
7463
6550
7682
1289
4725
604
932
4111
5436
2572
2960
541
1763
6123
929
6324
7500
5990
6494
4568
7126
475
2242
6608
5609
6153
478
6519
3313
7058
639
2775
5607
4674
414
2333
5278
1346
2795
7065
271
5756
3957
2034
231
4887
4711
7730
7229
3204
648
6355
3680
7243
1312
5641
1748
6142
4160
5059
5200
4799
4187
2806
1475
4602
1490
6752
5949
638
2168
2571
2744
6125
4606
2976
3013
5667
7056
2239
871
7706
4949
904
3300
6261
6546
5047
4404
7058
2106
1603
3859
2644
760
5333
7245
6603
437
1543
7239
2604
4116
6338
5083
5074
1313
95
7092
370
6689
4317
4427
7990
5221
7726
6251
117
1124
7007
7176
7584
607
7388
2227
5721
1072
5826
677
1507
3723
4268
464
4192
2606
1898
5616
3919
1990
4709
640
5034
1024
1419
5023
2595
5497
7626
2715
6621
6633
6244
6205
3594
5629
4786
5668
6700
2611
6344
4562
2683
2611
1377
6876
1569
3275
4493
5487
1618
1202
2478
3004
6577
249
4382
1174
5747
4009
241
4368
6992
6484
6925
6939
466
61
4605
7168
7022
7301
81
1710
6264
1457
586
7832
1082
1430
1671
2702
6983
500
2060
5561
752
6440
6736
6498
6801
6974
7216
2145
1812
6142
1082
2276
2554
2041
1444
1579
5693
5875
3289
3955
3685
225
138
4766
1656
1810
3819
4993
6663
5880
2554
7414
672
1288
5910
3825
4615
1479
5969
6427
7620
3405
704
6525
1795
6498
104
7489
726
7745
7795
4410
7972
4285
5529
5980
2446
1349
2972
1109
3578
1876
521
602
3163
2785
4427
4133
4264
2397
6911
236
2152
7613
6763
3947
2465
3220
7789
3191
2963
7584
3951
2935
221
1479
5268
2666
7180
4591
3776
2761
6467
651
7715
5984
3435
4142
2115
4052
2891
1027
4287
5043
4992
7402
991
3807
2621
779
6998
5587
4714
7302
4872
4935
782
6492
3952
7964
3084
4082
7075
1550
4732
6792
7533
4519
2934
1649
571
5825
7028
1211
7217
4018
612
210
7827
7585
5340
3174
1523
6406
2478
6396
7692
7612
4890
3644
7575
7972
7726
3001
1522
809
1793
5408
5328
1077
7057
2250
3255
2435
3460
2473
2806
425
7031
2632
9
4372
2160
5886
7131
988
4283
6821
601
5524
6818
175
1847
2894
3176
7722
3703
1321
5131
1031
2399
540
7630
2005
2974
3091
4477
5783
7868
3511
4766
4230
4235
3277
2115
3365
4268
2749
2187
4867
4625
1004
1394
6472
246
922
6195
3951
2240
7678
1333
990
4569
966
2996
7543
410
3824
1678
4628
7334
2796
859
7921
6074
7326
3284
2343
2075
1824
3563
6698
7178
4956
1523
7428
5875
4069
3378
4470
3746
4711
1813
4667
2031
1158
4209
2439
4984
2241
7068
669
1388
4280
590
7463
3606
227
6159
2031
2050
1721
5081
1229
3027
6604
656
904
7025
387
1725
7122
1452
3538
3786
3481
1049
4350
2273
6033
6589
5694
3054
7979
1973
7995
3794
1932
221
1951
315
2270
24
5396
7849
3052
352
4858
308
7376
5247
2032
2849
3049
1922
6638
6530
7325
2986
5157
1708
5927
2850
4762
2258
1175
4755
6051
3108
1329
4356
3421
7951
4379
5171
7801
7430
5524
1011
4089
1252
2611
2474
452
5661
748
7089
544
71
6429
5699
1780
4357
550
6541
6614
1725
7650
1017
1185
978
5373
4607
5280
6103
6131
5080
1884
6
2445
5974
1257
5057
447
1709
2717
1194
5151
3260
1265
3579
5311
3045
4287
5859
5938
7252
3937
1940
270
5121
7268
1995
6080
4549
98
560
5980
1982
566
426
4306
6173
5483
4752
4236
4549
2297
1386
4161
3562
1316
1471
2961
5599
3683
5250
4853
7618
3543
5123
1092
2811
3468
3523
7358
3566
4084
5338
1900
4650
2117
6206
2826
7601
7311
7060
502
1609
4795
4663
1523
6113
6137
835
3714
1817
2438
566
5789
5980
2041
3232
789
1862
3107
4501
5426
7190
1841
3678
194
311
1884
7369
7911
5546
6431
4766
7153
7578
