200
466
307
181
219
124
28
372
233
329
3
20
271
369
208
215
340
150
297
224
118
246
345
450
422
55
379
489
264
226
340
350
194
1
34
265
125
413
488
356
243
491
228
364
359
437
433
51
437
227
274
405
475
122
358
396
29
238
236
293
318
426
144
12
429
30
277
405
444
263
113
39
107
339
404
319
129
189
370
418
418
497
323
244
471
182
490
499
273
226
145
90
6
137
455
287
170
83
41
462
196
5
356
304
347
109
123
328
300
343
247
69
341
423
311
311
106
302
162
231
379
305
320
237
445
126
22
465
207
416
281
259
425
137
61
124
99
36
453
399
379
51
469
71
473
131
382
430
434
394
161
163
199
481
399
495
459
273
313
168
190
96
426
467
84
340
91
185
375
42
436
108
445
256
180
419
387
412
348
173
158
10
336
211
343
86
206
302
214
371
321
253
320
100
221
403
440
310
440
168
206
