500
949
290
1367
1989
293
1796
741
1145
830
391
1682
1338
1542
568
1827
231
262
41
361
1115
24
762
81
309
1190
1426
997
367
677
234
688
1627
524
58
1615
1168
205
357
312
1386
1099
346
725
995
917
552
1579
1529
946
291
646
969
1052
1081
1632
593
858
626
1313
1885
1215
356
1510
90
413
1480
1610
970
189
271
355
1640
621
1433
988
1888
339
567
1771
1283
857
418
607
258
1849
238
1205
1058
1217
516
944
782
873
458
873
1637
289
484
607
479
757
1315
472
1729
1100
1459
1618
1437
25
1387
1074
1233
157
1681
1494
358
271
700
1418
1840
1570
363
623
794
1171
1846
432
1462
682
1391
293
1789
1058
1114
1520
157
574
1492
1945
950
1230
1018
538
1740
1055
30
99
1326
1082
1515
1516
1003
230
139
1794
1404
337
581
1218
1020
1970
1862
812
1379
976
683
1535
1903
177
1483
1207
1757
855
1743
1498
1912
127
1950
1237
1560
1818
1105
564
47
1245
712
1804
1935
1292
1376
955
1615
1589
1768
994
919
805
882
821
983
717
31
1093
1575
125
592
1487
253
543
1074
1813
714
179
377
763
1776
1086
919
1710
732
294
1018
346
235
1138
1690
1151
1944
574
328
926
1292
710
18
1217
835
964
1056
1090
1859
131
904
570
660
1633
1684
790
1074
605
852
1806
1249
1869
504
1486
1007
196
638
950
1120
967
225
763
1675
596
1982
866
1560
1037
1955
1770
1519
1212
342
532
1197
380
1322
270
983
171
428
235
40
1284
73
1398
1829
1064
345
949
31
573
1714
57
1520
48
924
1083
1435
1231
1203
953
444
1896
1486
1641
279
1159
263
1263
1684
1040
1848
1722
324
272
1122
155
1335
1821
1457
1366
746
1172
1775
269
1219
701
1702
652
1934
907
1958
727
807
1798
720
1085
1305
1334
698
991
376
896
716
1052
1172
190
1558
506
8
1015
222
1107
539
1
1379
109
1053
1081
1113
1339
1990
1424
68
1148
1224
787
232
532
122
1282
1874
851
179
590
253
1349
1132
1814
1857
1493
1180
82
604
1718
433
1983
182
1488
1415
1296
824
1405
723
893
552
297
30
1135
1182
505
415
1057
1708
596
1999
1963
298
1484
1776
152
978
1310
587
1933
1382
1020
266
1564
856
1682
1212
1685
1086
285
931
1991
584
1315
1475
117
1817
1893
1525
1529
837
1525
1488
1136
1361
1619
1643
338
928
582
621
309
1955
888
226
815
570
1437
854
7
1721
1784
351
656
1098
1828
1127
1269
71
652
1149
910
525
639
399
1885
611
393
577
1889
977
1200
553
929
87
777
100
657
565
952
1015
642
735
1367
1298
184
1195
776
1804
1265
1428
955
527
