1000
3485
2132
4561
4919
1932
4054
528
3428
495
4820
2544
2582
1124
3769
187
2640
4644
2439
1988
2395
1321
4681
4099
4485
3019
3753
1464
4098
4696
4010
1505
3179
1143
1066
3099
4425
1473
4978
2854
1967
4798
1749
4545
2271
517
1087
4912
160
4878
1901
2554
1197
2933
3003
2036
951
3108
3498
49
4154
3862
2906
2334
4
325
1785
4429
1798
1764
3634
116
1560
382
1015
186
898
2101
98
2408
3330
3349
1314
879
2635
4317
2915
3586
3776
2766
4987
2931
1627
2893
1617
1630
4570
4752
2409
1367
1516
2396
2834
4428
2777
3848
4614
27
2299
1063
3786
629
764
101
1508
3398
4417
776
1982
4545
3541
3321
3827
1518
2566
1795
4500
2135
1547
1909
4854
3063
4303
2687
3843
3433
1534
4808
4811
3834
870
3597
816
2985
3697
2325
1383
4465
4452
4716
361
4344
3038
4188
862
603
982
361
4089
3880
3620
3941
3293
2925
1629
2136
2709
3163
1943
3871
1997
4164
2466
2812
3501
2514
1488
1235
3332
2291
951
3694
1633
340
2881
2495
2294
212
2854
1383
445
1476
324
3738
751
1952
874
4812
1466
4169
3682
4814
4684
2499
3978
4536
15
464
770
3347
4108
3072
3391
741
3411
2624
4587
2057
2837
3793
3440
3282
1620
115
3372
2372
3418
596
3535
4883
4764
3567
4697
800
1068
3675
336
2434
491
2458
2132
950
530
522
1691
293
3148
2630
2350
2336
1423
2139
1969
3044
2255
339
1767
2026
935
1654
3260
2053
221
2958
4205
1287
2984
4541
3721
4827
1997
2206
2127
3878
2729
170
4171
2228
2799
1521
4564
4222
3661
2884
3617
2267
3224
382
4293
511
2035
2554
2564
3609
1863
1768
4896
1199
2661
4969
2376
1009
2174
4504
4886
1255
4674
4057
3482
3824
1930
4397
3045
1943
2281
3012
4208
1856
4748
4855
2366
3135
3760
1282
1743
1974
4402
1638
3172
3413
2959
1900
4422
1485
2756
661
4090
3781
1071
3924
2604
3001
3321
2001
4943
1953
13
505
3808
4759
359
2525
2895
4118
159
4637
1090
4560
2627
614
2974
1938
3866
3749
3422
1621
4410
3864
401
1832
2786
3005
4834
2458
1357
1128
4411
1368
1632
4570
1128
3342
3447
375
2459
3606
11
4900
3164
3989
1868
2491
927
733
1239
700
3706
2001
4563
458
3832
2349
3462
18
4808
1169
2498
570
2539
4128
140
19
2471
3586
392
1280
3543
1755
2533
1708
744
4401
551
3022
1486
1788
3721
191
141
4634
648
326
1984
461
1695
3143
1630
4192
64
521
3320
1553
538
2143
1493
931
3423
33
2686
2308
3095
4781
1708
3645
2803
4545
1785
1523
1088
1925
1158
1736
3602
4492
3547
297
3987
1530
841
4050
2051
512
1957
2590
2655
3449
4873
2429
3483
2558
1089
1577
2338
2798
219
140
3694
2006
3015
4782
282
524
2869
236
15
1418
1884
354
4300
2725
755
1350
3237
2711
293
2243
1159
165
1023
4641
2721
2112
2570
1411
1261
2791
2903
4956
1148
917
1090
2782
1440
3957
3018
2807
376
4901
4512
4674
3979
266
2378
3566
2977
2670
2162
4135
2834
4537
127
1907
2999
2698
3317
4260
1839
2570
568
2987
3487
3009
768
1278
1967
136
436
3694
38
4947
4720
368
213
2097
3935
4540
1118
1096
3675
3950
632
3803
2209
3631
2852
526
4243
4691
4448
1162
2677
2935
4170
4795
564
1136
4932
2352
1181
1321
2298
901
1689
3862
2997
1975
3401
4114
3070
3428
4417
53
3583
1626
3683
1434
3503
4278
1124
2950
1791
152
2236
961
4947
2800
3448
1230
1501
4628
2548
3800
528
590
4014
4877
2564
3766
3991
1985
2195
4760
2037
776
1385
2072
2209
1239
2701
4684
540
4491
4835
2775
450
4781
1927
251
2362
3429
4878
1265
3580
1759
1854
3945
1635
768
2711
1977
4106
1258
1737
1143
2035
4473
4566
596
711
2265
1633
1250
3108
1468
377
3559
2602
2301
161
4964
2083
37
1228
2015
1796
4434
959
3431
1555
3669
408
660
4928
3496
1802
3314
2968
2719
261
29
1336
1893
2632
4443
4712
3008
4354
2314
1663
4514
3625
96
4552
4857
2111
2700
642
3070
2482
2196
3091
2889
2855
4370
2737
1009
2683
704
3727
4295
734
1415
1188
3365
858
2252
2724
211
4565
738
4723
3194
835
627
4402
2944
3326
1395
2367
807
3590
457
48
2795
4827
2785
3804
3860
4841
3883
3156
574
1648
696
290
2506
2946
4365
4068
3864
105
3790
3409
2290
769
4162
235
4094
555
2602
1252
4143
4411
2652
3292
587
436
3448
4449
276
3682
3957
2201
330
4652
3842
2835
3950
4561
1902
4165
4665
2044
2573
1956
2811
1734
3543
3257
3641
2497
860
4137
3259
3511
2429
3847
297
876
3294
1925
4556
2251
4126
4886
3252
4319
4072
3556
3881
2325
2720
4897
4368
1645
3204
3530
4730
1747
1786
3371
595
2645
3858
3853
2509
1287
2699
2805
3512
2345
4729
4422
948
208
659
4201
879
4730
4107
4758
2054
3180
1008
2773
1176
4211
1303
905
2308
4441
626
2903
2086
4486
3107
946
2124
804
3752
638
4502
4834
1411
449
1393
2070
1000
2272
3151
109
3382
1557
3288
4387
4327
4463
4952
1984
1718
2260
1424
2346
1515
4862
3182
973
806
1658
3130
912
2295
2631
745
58
3079
2138
2127
4079
761
1629
4187
4142
3185
3826
4882
3865
4640
4834
849
1359
3445
3624
56
1311
3486
4590
2284
644
1247
413
1556
4894
3042
2301
4951
1121
789
3429
1551
1549
57
738
2043
3242
914
1925
3458
555
3109
657
3265
1555
4281
3320
4216
4119
4261
1499
4764
507
3263
1319
400
1306
4971
1702
3777
2112
130
329
13
187
2418
2056
4780
4684
3979
4589
237
2089
248
4854
4996
881
4525
4212
5000
3785
711
1115
