8000
1998
3985
2961
6484
5836
1988
4127
306
3551
2791
3792
1375
7920
1221
7255
210
2007
7392
5340
6508
101
1500
990
5833
1175
2792
2856
3953
1163
2806
1655
3162
3143
4617
1645
5332
2956
2123
5637
6507
1266
1428
4234
1184
7000
3490
5747
5357
2882
3086
3866
2983
4584
1205
5167
2111
3998
24
2416
1516
7181
4071
4676
6676
5040
2673
4006
7994
4796
1643
2854
2413
7422
7087
7950
2773
6928
5695
131
1808
781
348
1144
1717
1555
6311
178
1906
2685
2593
3420
1865
3017
4449
4893
4408
7121
899
755
269
6893
3608
2682
2666
7046
2631
5438
5974
325
1921
7782
5457
6620
5277
7174
174
7939
3703
6432
2624
2649
6203
842
2017
2651
5734
6426
1774
6632
7180
2043
1876
7139
4724
4541
6183
3707
6333
509
4032
4604
4643
5842
3222
1919
5015
7749
1857
5070
2533
4481
7719
734
1674
6089
3388
7408
866
5160
2392
45
3553
4267
3534
277
5162
1718
336
7846
2227
4367
4450
3219
2208
4024
5140
3575
3773
6996
4997
2660
7829
1068
3395
5854
7157
6782
5262
22
293
4005
4418
3848
4624
7953
478
1786
6023
811
1631
4602
5180
2432
7822
3739
6458
4961
3667
6584
309
663
1243
4489
1730
4638
2344
887
7771
3957
5260
64
4312
1678
3911
936
1631
4389
7072
4005
5201
5056
606
6733
7488
427
6824
5944
1740
2490
880
2049
3153
6475
2888
4883
3112
1585
2120
7234
5540
7381
7298
1853
5410
7562
7140
3392
3950
6213
7396
5503
3268
1
4235
2755
4781
7411
5051
6521
1902
2282
4920
5054
756
7810
6289
217
1394
4761
7453
3286
491
6748
1490
2253
2663
629
5646
6613
6841
5042
467
2108
1396
1053
1213
6176
464
2615
1048
2366
4898
2318
3772
5652
2129
6411
5872
7874
3172
5323
7511
17
425
1000
2271
3087
5980
7916
6052
4821
1310
6518
3281
7057
3924
845
1584
4386
3461
2631
6754
359
4950
6877
6011
3432
5288
233
7657
4811
1909
3519
4826
2334
870
3446
1773
6851
7717
7823
24
1025
2693
7656
82
6615
500
1665
7356
313
648
2461
5024
1951
1336
7387
1733
2976
7620
1390
7786
1528
4909
965
214
2132
765
1985
981
480
6160
1005
1506
5204
5012
5939
3821
5512
3955
7525
2178
4603
1988
7202
6553
3323
6588
286
6299
6207
6028
2436
4087
7288
7752
4299
1419
516
2637
6753
997
796
4109
6855
6002
1121
4793
6174
2984
5100
5701
5162
1703
4040
4362
4607
7363
2950
1245
2013
5509
3624
4447
1594
7263
4200
5895
5034
1068
531
3786
2064
5680
7893
5267
33
1014
6415
2556
3998
3514
4610
5512
1567
649
1873
6174
10
1176
3771
6375
6684
3746
2822
4629
3008
3373
6876
41
4440
7407
178
2854
1438
72
124
1470
5437
6538
378
5785
6405
4988
3297
7972
5636
1522
2498
1998
2698
6268
372
5732
6365
7545
2363
5724
7270
5590
5764
3709
4996
5943
2916
2784
2365
7392
603
7802
2283
984
5587
686
5971
5237
659
7958
6758
3156
1955
5808
5776
6678
7894
4138
6221
2256
6216
5492
4196
3981
5552
1191
6274
4819
328
640
4212
935
4793
2846
1918
2381
3532
4240
3969
4191
4197
2728
3698
2505
537
1473
5532
430
1965
108
7037
180
5599
3233
509
7503
777
3138
674
1106
3776
1236
6392
4922
4081
309
3653
7613
4549
7622
155
747
2350
205
7603
7237
6029
5136
4019
7994
5243
7407
4526
7194
6990
1389
3048
7768
4527
3721
5225
4655
4957
3616
5928
5390
276
1580
1356
4825
1203
1512
1923
3552
1717
5877
7141
7746
3012
3159
4092
4606
6917
4968
3801
5906
2708
3200
2025
3587
6920
7250
4594
228
7217
2521
1971
3845
4101
3327
668
5304
1190
6943
5206
7258
1171
698
3355
4182
209
7446
5139
7125
766
941
5031
7827
4139
7057
3412
7412
2658
4
3993
6227
6879
5962
2071
2979
5641
7091
4635
6829
6033
1840
6086
7203
2539
1441
7736
7098
5239
4876
6222
2357
2168
3253
2183
2660
6661
1947
2071
5671
1952
2415
3896
829
4730
5966
161
2370
5057
4795
1200
7441
2987
3637
2995
1878
5079
2730
975
6670
3957
7198
1025
6124
6802
3208
783
5463
1506
7207
3133
7810
5971
3381
4991
2702
1345
5153
5072
2755
1948
2623
2195
4935
6260
5189
6812
3339
4269
4138
6359
227
3335
7385
2704
2138
6943
3485
3952
449
7044
3436
258
5017
6816
5250
7718
162
6755
1140
2915
5054
3763
1462
1989
2023
6650
5152
1714
2918
1291
73
7497
976
3809
2201
3113
2752
2039
3418
7552
1082
6852
4162
2453
5668
1412
2171
2180
4518
7665
1447
1571
3428
2909
7910
1803
5910
5063
7868
5179
2704
7940
4677
33
99
3229
7501
2850
5268
2916
6753
2702
6122
2915
5154
141
679
3677
2322
5195
3342
122
6767
3120
7382
6677
4924
1644
91
4791
6824
7147
1083
7853
7180
1182
3082
6681
384
4702
1598
7138
7403
4072
2054
910
4213
2733
4588
2888
7927
7928
7361
6694
3049
6743
1722
4323
387
1813
1115
3561
960
6548
3415
140
7730
2848
3172
114
7549
1121
7252
3305
5193
5656
4215
1405
389
801
4293
4669
5082
3653
7715
4482
6747
1436
806
3486
7600
6272
7047
560
4820
2460
5051
4549
1661
222
1015
1209
1343
4618
4513
2887
2274
5079
4292
7016
5880
4936
37
7313
4940
7750
3794
38
5539
4600
3524
5139
7223
2571
2051
4042
1382
3453
4940
3043
27
2308
4251
5720
6926
5116
607
1199
2195
4898
4567
4426
6185
4604
3739
7476
4354
7531
7514
6243
484
3038
7734
7706
5607
6135
98
6991
1589
1392
2033
1614
3700
2636
3687
2624
4104
4293
176
6297
5542
4743
7074
3726
5697
2813
3201
6403
2345
2714
4646
7180
2104
731
3234
7711
6867
3334
3053
455
4727
1438
6421
4778
426
2107
7402
4528
2749
3929
7178
290
5024
6253
369
2720
1064
3570
1124
7762
2636
2121
6941
1092
2852
2176
5155
1719
1863
209
6524
2940
5999
1298
7719
6425
7756
3472
2953
2507
7401
2131
7150
4424
383
7518
3496
5799
7440
971
5560
6427
3092
853
7519
2294
7382
4674
364
1245
1234
6890
4187
7233
4539
255
2009
4294
3729
1313
3152
7481
3443
2302
256
177
1820
3750
2327
5611
4722
7887
4037
4164
738
3553
2811
119
4579
3176
5716
2166
6417
6255
1398
2955
6510
7758
3600
6591
1070
6752
6071
865
1053
6324
5393
7223
6428
7719
4834
7500
7607
5221
18
4697
5129
2827
1169
1708
2355
6885
3872
770
1491
1622
75
1
1378
29
6592
6801
6780
1014
7664
4184
3692
1409
7759
2118
1127
943
1621
5087
6165
5989
1783
3292
817
7302
5000
3171
2539
5225
294
4029
3198
4723
4029
4576
4750
6972
7729
7882
4338
3744
4065
29
5153
175
6499
6282
1117
4472
3368
7281
2459
1502
2575
3278
5157
3927
2801
7695
5503
7445
3724
701
520
7753
1629
5270
3077
1357
1503
7413
5102
5567
3795
2256
2093
2292
4889
3210
6766
4608
2492
5576
2461
1417
855
7617
5344
6
7312
2846
3805
3035
7899
4324
7139
1528
1593
6566
2885
7447
2331
4339
5013
6126
2946
3459
4771
7833
6669
7889
793
1160
5466
3253
2577
2673
7222
4270
7030
6533
3469
2835
5918
3367
7159
1407
4894
5104
7974
4131
4551
2306
469
5917
4783
3415
1375
1555
7600
44
1442
393
5553
3261
7997
4481
5933
7219
5106
4963
2104
574
7798
22
293
3308
1430
1537
409
5757
5668
1313
62
6137
7230
4846
5903
4957
2753
1854
4999
548
2246
6906
3808
6594
3387
6092
2166
492
3054
4269
5417
7202
642
5710
2510
6424
7248
7272
4180
1267
4937
594
3755
4166
5440
1656
5474
4545
3510
6825
5093
2106
5728
5251
5053
5469
3343
7220
5961
6395
3488
7730
1950
4129
1792
811
6905
5391
4436
3085
6656
1372
3679
2412
1889
5472
420
7362
2017
281
6186
3461
2389
267
712
7443
5735
4054
3015
47
6801
6501
7776
751
6981
5919
1563
5886
3309
2350
969
6318
3721
1001
729
1961
6472
5499
1322
4840
5780
3859
300
4522
4125
1010
318
1859
5063
3331
1905
3864
6185
6032
966
5166
3950
6881
7404
7259
1230
4723
5576
4949
5725
2656
3262
548
4508
4583
5387
2289
4793
5686
3163
917
6696
7831
7127
111
7514
1031
3971
5698
7062
1293
7216
3012
171
6619
6621
1402
7696
550
2703
5420
3206
5964
5968
4065
6898
3354
2705
3690
5392
5867
4606
439
2049
3732
549
1564
1112
875
3614
4526
2168
2828
3891
2339
5800
2512
93
1847
7414
2795
7266
6971
5110
1583
3035
4007
4939
5737
7696
6681
7957
652
7120
2006
735
7669
3568
6201
4896
3534
2727
3414
2715
2969
5753
4865
5481
2198
6712
1247
4992
5976
216
2101
7562
3252
2459
852
5340
6506
3884
5299
3510
3004
7303
4242
7025
7224
6797
3919
2758
5876
7335
1824
844
1440
6689
2677
3638
5399
3923
4981
7729
490
3434
3642
3742
5892
4493
5436
4398
377
2734
7906
7731
6389
504
6756
5612
7299
7028
4723
1527
2714
6546
2371
4152
5234
5046
4142
6986
5321
1122
6713
5811
4556
2354
5905
6797
6847
3340
3195
3573
6073
7454
3306
4459
7957
6413
6426
3609
5441
7500
5136
154
6045
3858
659
7629
904
4800
6617
6224
2274
5329
386
3181
7685
6290
1979
2882
1629
1527
2810
4053
980
2467
4863
5290
879
3291
5250
2673
2790
6738
7179
5186
2595
7837
4817
7849
989
3433
2424
7613
762
2809
7146
4798
1099
1125
4033
7080
7004
6842
3133
7985
1308
7998
1626
6541
7640
6873
5564
6781
5613
4745
3965
4559
932
782
4408
6271
566
6832
5887
5679
5994
5033
2477
7091
2510
6509
6172
5864
1702
5656
2200
3009
2005
3827
5902
1644
7054
3468
424
1018
4564
741
5577
5496
1523
1984
121
6441
5168
6007
4119
3161
7390
2948
6604
6250
5809
1129
4117
7509
6783
6315
6872
789
6494
4774
6783
5548
4592
3559
6567
1157
4300
4142
3005
2174
2478
3125
614
3998
5483
4734
7158
1226
4034
5764
7478
1842
3242
7943
1351
2026
2614
222
7166
1109
1347
2301
3009
2292
5862
1575
3448
2162
2069
2804
4335
900
5928
4951
4898
3411
6035
408
987
2068
2523
465
262
5766
4763
1613
4145
7376
6185
7663
4835
3884
1965
7844
6175
7826
5770
5975
1987
4190
778
2675
5090
6704
3977
6338
6468
6364
6746
7456
4785
5620
4273
5045
3386
5387
6658
3881
1114
1196
3544
5950
5078
5508
2145
3255
1687
4267
5580
25
457
6357
2698
5546
1414
3027
236
4232
1390
6979
40
6175
953
664
3219
4339
6050
6230
4572
7164
3777
116
1464
855
1977
7961
462
3663
4226
6042
39
4682
751
7090
6580
2164
2116
6814
6396
7858
2148
6436
6032
3099
7100
5603
3790
1501
184
362
5015
313
4827
2831
1168
3156
2793
5980
3171
7019
374
3209
54
1123
2299
2985
3286
4414
1800
6034
624
299
823
3006
7750
4274
610
7890
5774
5145
4605
7142
5458
1433
1973
2977
941
4765
5307
4111
136
5681
7321
4541
6805
1619
7522
6444
2383
5676
829
3007
5974
1652
6014
2076
2277
2976
1967
4403
4473
2921
3543
6283
707
5516
5611
1648
6633
2920
5759
3120
4953
5079
7658
109
3050
7184
2905
5433
4860
3733
4794
7184
1738
7157
5612
4014
6486
3930
415
2959
6851
3959
5592
7558
5827
3202
1205
4459
2474
6965
7577
7427
397
3588
7536
3447
2772
6792
5233
3983
2525
2026
7520
4262
5536
5131
4627
4022
5413
5042
3332
4263
5354
923
3820
3180
478
1380
3989
2952
344
7919
6730
738
3505
2617
538
2630
1408
5769
6613
283
4146
2483
898
1683
3966
5525
2055
1378
6919
1739
5641
4271
2662
5815
3802
7489
7193
4144
6794
3890
4062
5523
980
7567
4490
1518
2198
5898
3640
5161
2533
7787
7645
3431
5821
7962
955
4228
1339
7873
5965
3333
497
4979
1146
651
820
341
4795
7615
581
5208
1489
1562
4776
5979
7432
3325
228
3072
4836
2762
7210
4482
2543
1381
4441
3498
5607
2134
7723
7926
5466
219
4903
6612
5221
2075
3305
2015
1689
237
7223
7531
1798
350
5507
1230
26
2090
4302
4861
1204
7863
5695
3747
1244
6490
3597
6851
623
3319
6776
2438
7889
31
5405
1460
2106
5061
7828
149
5298
3402
7679
7097
3751
1540
4679
127
7981
5332
4990
1183
5194
7036
1283
6435
5526
1230
5287
2501
4549
416
4942
789
4797
6698
2249
3257
3758
2076
7757
1056
1828
7435
4504
5577
5326
1181
2057
5307
6513
3399
2842
3706
2435
4124
2140
4312
5354
3779
3163
6254
548
4458
3394
1697
3155
1995
1306
6914
422
1063
4321
2251
4850
825
4181
2175
2006
6239
7481
519
1637
2323
576
422
2797
2718
4735
4504
2850
7900
7108
7748
4357
2503
1447
7512
4497
2753
2778
1269
3816
7098
3520
664
7922
7701
7191
6280
5939
6671
6798
3927
5345
3725
4350
143
2794
1085
998
5644
5337
107
5393
1692
2609
3191
5558
3457
5944
335
4725
6111
7432
4598
3127
3706
4298
2317
1985
6588
5339
5133
6864
2685
858
7568
7180
3652
652
177
5647
2340
4634
3039
385
3595
6229
5941
3403
524
2628
4480
6634
2059
1077
6111
2116
1727
429
4100
4665
2119
5585
3531
4805
6442
3097
335
6446
100
4864
4091
6792
5851
3482
7177
1445
6062
5119
4848
6585
7747
1328
1572
6158
2404
4035
4626
483
815
5078
5148
2935
2660
5030
4090
5457
4480
4426
3903
4581
5641
4346
3373
3490
4180
6902
4936
2242
4020
6134
5179
119
3813
6749
6276
2570
7137
7253
3051
7951
4329
199
2885
6992
1580
6975
800
6058
7752
4702
6990
1744
5400
2364
5235
1579
1265
6521
171
1635
1008
5350
1755
4821
452
4382
7389
7588
3634
2441
7537
4314
6991
2423
3306
571
5749
4106
2981
1852
5158
1971
3597
6907
687
5182
4839
6303
55
5011
7940
1064
2360
6046
5885
7164
6780
5273
6751
6765
4067
6288
3080
7409
5060
2737
7979
7161
3194
7310
1015
4704
1282
963
3614
1968
6144
4805
270
6201
1816
4562
3617
527
2608
1500
7691
5739
3126
2793
4503
3544
5432
3934
2952
2494
6670
7283
6008
6216
6594
3374
2919
4228
4335
2886
6195
6833
7691
6467
1384
5857
7380
5001
2738
1985
2853
2428
4077
2329
5221
580
5872
2652
865
5178
1498
7535
813
3858
2103
3758
7229
5019
7984
7919
4259
6180
3103
301
998
4487
6159
379
1488
896
6716
692
7675
2794
3022
1247
7724
5248
251
589
6776
6100
4476
7588
1958
6578
3346
5538
7951
3332
1810
4209
5864
4912
4510
6863
1398
7020
7241
7237
4267
2309
7927
294
5102
7303
1540
1177
4550
1791
1765
3326
4243
6242
7267
2552
4819
2613
90
4769
2295
6252
5330
159
3164
6191
7021
914
5211
2611
151
1478
1274
4432
1771
2727
3734
7662
3904
4635
5804
5671
4311
2046
264
3576
4597
1434
2542
1040
2554
1188
7292
7883
1347
2455
6074
4719
3369
7637
3685
7871
5466
4957
4302
3587
7681
4386
3250
3588
5373
1053
5608
6037
7451
2225
5965
4046
9
508
1437
2564
6048
729
6799
7395
7536
1225
4115
2902
861
7798
7126
6326
1108
7780
1913
791
518
1515
731
5891
2567
2692
3927
6369
4915
1891
2415
1278
6750
3853
3841
4799
933
2639
545
469
214
1010
7723
1075
809
6850
3754
6268
6629
5667
7059
3496
3534
4139
1386
6100
6832
1666
822
100
7910
3237
1378
6660
3442
1568
7809
727
561
353
1196
775
1365
920
1848
6525
4121
5603
4793
7101
7622
203
2598
3154
4343
337
5607
7526
2003
2780
3977
1911
6014
5355
4923
5810
6925
1085
6537
7485
5790
4084
4610
7156
1355
6461
2033
5474
414
3176
927
4387
7732
3525
3894
4074
3862
5852
7952
2216
631
3929
4128
2999
1283
5403
5160
4560
6487
48
395
4278
4130
5006
7785
5486
7819
6169
7312
232
1345
239
973
1076
3763
4865
1502
3976
7070
1453
6191
7699
5382
6670
7048
3018
424
4209
3929
6911
4255
4325
7539
387
5683
7324
2224
5501
1844
5887
2085
3187
6125
3057
616
6239
4274
6467
2214
3343
7921
4757
7394
1654
7778
6444
1024
202
2653
4952
3464
3261
5628
3003
7999
3310
6678
2222
808
520
108
2895
60
2585
2303
675
823
6577
7143
7389
6272
3416
497
5667
1422
4626
463
2445
4827
3114
7396
290
2725
1376
7643
2724
4684
6321
1297
1847
3192
5757
1093
3253
342
3394
279
5516
6323
3773
1256
4595
7189
1752
6613
4962
6378
7075
7406
7556
6542
3153
4198
5620
4527
3841
345
5565
6514
1642
7410
1705
7399
502
1310
4092
3896
1588
1608
6572
5362
2863
3167
902
967
6131
5863
3696
1558
5267
3251
4451
4772
3800
2070
1300
3993
6764
6864
2506
407
6274
563
4158
3127
1873
250
7022
7813
1857
5596
5173
1069
5114
6073
2037
7596
3937
5732
5505
5555
5335
1955
2327
1134
377
7978
5125
7140
3193
3983
7549
5818
898
3706
945
7121
308
4321
6933
2164
6268
4107
3233
3381
6533
1623
7328
2469
3703
4832
4376
1040
3139
6701
6525
3515
3031
3651
7009
6224
3986
6556
4042
4883
6614
4986
4004
6921
1306
2936
5436
3925
3395
5022
3657
1927
6645
2985
746
2350
4168
5122
7742
7307
173
6266
7174
3206
6268
6180
1430
6606
1090
1823
3487
4057
3160
3843
7329
818
3129
4767
4740
6525
6140
399
4801
4785
3382
5548
3485
7551
7021
7579
3209
7196
5845
2382
6754
465
4915
183
7071
6005
6357
6911
2061
1517
7105
1390
2334
2235
2506
7074
758
648
7473
1914
5431
7207
7463
5269
3109
2837
4847
6318
2033
7044
5051
5138
3861
1966
1673
7283
7970
29
2546
6382
1545
1651
7769
3877
3886
2279
7305
997
7278
6775
2911
1060
2336
6726
6331
5444
1562
7530
113
7946
2925
5164
5083
3139
3479
3107
2423
3449
3136
4968
6183
4678
2970
2305
4910
6854
4581
4214
4204
211
7341
7114
1273
1677
2191
7604
7121
104
3485
7233
4400
2763
747
1484
5901
4228
4590
323
4028
4077
1642
2211
757
4612
4515
2018
7819
5450
6231
4022
5662
5572
7487
6935
7249
1677
2890
2719
1780
6375
1953
6180
1136
2701
4017
7037
6925
4958
3712
2957
5387
1705
1519
6143
2669
6033
4512
2486
3483
2742
6508
5497
4663
2346
4432
3913
4024
7320
6632
2156
2046
4937
4689
7535
7637
5056
2923
2917
6367
6635
2224
3753
4692
3744
1895
7360
1777
6405
1847
1612
5498
4706
7108
2163
7051
7892
2427
7427
7212
5412
5934
5611
2349
2623
5145
6338
4031
67
1255
2398
3054
7831
6150
7745
3573
4396
7104
1702
7153
5303
7666
4650
2008
6774
3165
5412
3017
5592
4838
6581
7356
7124
4189
1704
6099
1335
4394
2130
5754
2000
4527
5160
1828
2676
4905
1756
3423
361
3458
2574
5663
7474
3577
7670
2601
6741
1433
5617
685
2623
4197
39
1745
387
6094
7844
6074
6840
1973
179
839
2850
5338
2668
1877
2242
776
5300
6955
585
7874
4616
58
3450
637
2658
6543
2071
276
3579
1044
824
7970
2791
1211
6064
6985
3636
1256
5311
3815
2094
161
5505
1113
2039
4100
1889
7337
3054
2473
3564
7671
6884
3365
4661
1540
1905
3083
6168
1836
4128
6992
1806
3270
4555
4222
2255
190
5476
3917
355
7570
4078
5860
5036
2468
1958
6923
6156
5012
5749
1720
1035
4632
1436
2047
6173
7695
5128
693
1532
5607
7685
3337
876
4239
3909
7482
4428
1385
3400
1135
5308
3829
6995
2343
6295
953
5618
805
2318
3366
6875
7704
4349
312
1750
6874
6
6878
7567
1536
4486
3603
1226
1713
7843
5136
1197
623
2873
949
1758
4532
1129
751
6874
7423
6055
843
4579
4726
559
3456
4429
4910
3768
6178
135
3774
5055
7701
1663
5892
3304
2887
3958
7498
4375
5155
120
7248
2455
6228
3778
3583
3331
7005
7357
5739
4200
3938
2466
4760
3747
6894
6020
7514
5072
6154
7638
6479
2207
5653
4371
1862
540
329
1359
1267
1835
5829
4864
641
409
643
4223
3742
4000
7931
1482
4551
224
3946
1309
3969
2840
3683
3483
4264
6188
7473
2743
396
5125
3466
6609
2017
146
7968
3283
6332
2149
146
6972
2559
5143
7545
2652
5495
7479
4132
2044
7703
4431
7707
3670
3623
7741
3506
7887
5931
7331
2631
2678
4455
6094
1287
2824
2592
5606
6106
924
4108
2605
7895
6666
7747
3792
5669
5241
3270
1802
3637
7324
2584
3343
2995
6209
3084
2854
6096
5367
2184
5078
45
2992
7525
5683
5815
2116
7641
272
3040
3748
2875
7285
6766
2622
3078
4435
4215
2700
2587
7852
2024
5173
7546
1371
7733
2632
4225
5828
4350
2761
2906
4393
5752
6782
2076
7917
899
6068
189
289
1817
3064
7576
582
2037
7004
1367
6251
1704
3955
2454
3727
5478
6353
5095
5211
5336
5673
3039
1685
4783
2296
6079
2533
5429
4506
6805
6326
2575
6993
6617
743
6408
2544
5674
445
5899
7043
3047
7603
2998
5501
7681
4828
3853
1129
2039
1187
6801
1429
7223
3586
3723
5299
2474
5503
6160
5629
3831
5087
4623
6799
5829
3030
5693
3503
7826
3593
6899
2872
7547
1893
4722
7227
6724
4929
354
5113
2468
3507
6542
1690
3446
6617
6993
2271
4119
1502
7899
4302
6589
4521
3099
771
3903
5145
627
3729
736
7525
2952
283
5773
7676
3860
847
4605
4216
5959
7071
4074
4502
763
7520
7470
4107
1790
3588
5610
6042
7890
552
2563
7341
5674
2818
4487
6299
2898
5223
2175
5851
1857
7948
5528
5718
5147
2132
6285
3106
1204
6712
3960
6318
6231
3428
2424
4373
3369
4385
2413
3260
1288
1327
2601
6961
497
3439
1612
3396
5014
3788
1246
6871
86
6773
940
5234
5257
3576
4692
2811
2286
652
1129
4869
432
3552
1241
3801
4288
7
3411
5576
5687
2365
888
6184
5803
2500
1579
2816
2639
2824
6038
7077
5949
6978
4310
3204
2554
5354
6016
4841
2357
3495
1710
2788
3399
7304
2941
7685
3661
2703
5260
1347
5068
2500
7531
2871
5000
1109
2038
7638
285
76
6713
6232
7052
7374
5789
5958
1081
156
7149
3436
3651
5211
2576
7048
865
1867
3086
4528
4572
4699
5874
1639
7198
5406
861
549
2866
2899
4539
3149
2974
7603
5732
6378
6978
3522
687
59
29
7836
7847
31
1397
2422
3431
2264
4288
6517
6790
5213
3215
4664
6852
6765
6422
4063
7314
1288
6961
3852
789
6287
3455
6522
1015
6785
6396
1701
3196
2777
5889
3043
2807
7286
1817
6238
1550
2457
4753
339
7670
4320
1356
2874
7436
4130
6937
6747
1769
2250
6952
2557
4889
2406
5430
2257
5543
179
309
739
2955
6199
133
5761
5482
6301
3997
3386
757
5103
77
4779
5774
5784
7652
5206
1913
2942
3957
3681
5192
7257
2590
6431
6018
20
687
3560
197
997
649
7503
7196
5134
5265
1032
3434
5614
769
542
2717
5197
1675
489
2980
5678
2051
1245
621
2359
4925
2164
1619
3866
595
7636
3886
5634
7546
434
6631
197
7939
2178
1682
1555
7562
1467
7168
4682
6363
6236
1878
37
3077
4857
5716
5127
6100
6334
3838
7378
499
5456
3243
5446
1443
3480
3080
990
266
6063
5538
4557
240
7218
6109
4154
686
1628
835
7047
4217
2712
3436
7295
3919
1152
773
6373
3838
4611
5750
4337
6419
5343
6134
7861
5176
1214
850
5442
7276
2739
1998
3868
1958
4460
21
6995
6089
854
2394
2305
7918
5830
5951
3838
3334
3076
2210
7172
4040
4311
7863
2458
6006
5996
6669
3180
3562
3872
4974
7190
6610
3323
7410
567
7782
7430
3914
5871
4637
6308
4528
905
490
6832
4743
3823
1908
3304
7348
5945
3965
7210
4756
1971
1558
3425
1504
1472
3648
6478
662
2258
6151
4422
7177
5934
3852
3090
155
4840
5749
4682
2097
2590
7866
3192
2764
1774
6496
2111
4072
6813
5672
5180
5136
7230
4955
6639
701
605
1468
5714
2862
7620
2136
2038
1904
2340
1479
2060
3531
3579
3095
5628
6167
2960
820
932
1085
3667
7394
5156
2479
5066
6688
7615
4294
3644
2605
1347
600
4073
3413
7813
45
5548
1851
1950
4239
7681
361
7769
3260
3455
1749
1426
6415
2565
6710
7499
6233
6104
1006
5065
3167
7694
4679
3814
7688
7283
5161
288
7709
573
100
4105
2473
6303
2405
6711
2335
2767
2832
5594
6219
4580
3373
986
7148
2082
485
1732
185
5844
6798
3353
5538
7827
3519
1577
3463
680
6218
7523
5604
2670
3626
4424
972
2385
7491
3305
5151
2322
5251
3370
3252
624
4357
6754
2705
1194
4839
7242
7038
7987
6945
926
7814
2465
2504
7629
7496
722
7151
1450
7742
7129
5879
713
1513
1721
371
3015
394
1973
6384
3648
2597
7095
2401
1653
289
7238
5247
3678
7226
4192
4605
3391
6656
3460
3020
2503
534
6522
3953
275
2002
6183
5339
7867
7904
2063
7232
296
4036
1970
3944
2985
1062
2696
990
5704
6286
6236
5733
1862
2428
2338
5254
5435
2150
4624
7937
2683
7498
3891
7309
5851
2074
4649
2069
1977
6712
1302
6625
7100
3272
2569
2085
4335
1616
7426
6391
7901
5660
4122
1764
89
2813
3370
5523
4962
4345
1812
3996
3843
5702
3304
6047
4127
4306
116
6103
7369
1415
1080
2821
4688
3647
4905
5375
1614
682
117
1516
6342
4240
7631
2783
3404
3000
4656
4717
7346
6467
711
7541
4171
368
5587
4649
1025
5701
7103
393
3471
182
3211
4509
3830
4469
1883
5444
5151
6352
3312
7844
6942
2943
2627
2345
2294
7284
7062
1640
5753
4125
5533
6275
4491
3118
2924
5516
5173
2027
2261
643
2209
1825
5152
2389
2645
3387
4185
7796
1738
3847
3991
681
6790
6619
7379
5436
2254
6441
3428
8
2565
959
2633
3409
430
5556
924
5602
3935
7536
6244
2495
1361
7747
4882
4005
3135
5420
152
4873
1268
4144
1906
4410
7115
1284
1845
1369
4076
5272
5725
6641
2583
361
2049
3013
2270
7324
614
2557
6860
3210
5051
4572
2957
6286
577
6091
3707
5081
7315
1325
5577
1220
5732
4691
6857
3930
6059
2933
5555
139
5925
137
499
7974
3150
7121
3650
3762
1677
2509
6972
6728
7081
6280
1365
4009
4370
1424
1090
3685
2748
6666
1257
4836
7708
4464
765
2118
7397
6321
2255
5321
6458
2754
1645
5959
1876
5295
6074
3552
4156
1396
6630
3236
7676
7995
3595
4046
1419
1036
4081
519
4054
1690
5354
3761
6154
2473
5878
1902
793
134
7222
3603
7241
5220
5913
5467
2515
3986
5371
6669
5383
4002
6256
1410
349
1850
5456
6120
7241
5890
6639
3294
7579
345
7055
2085
2816
4932
3986
7961
1418
7559
7915
657
4778
5828
2476
3645
6165
7848
6667
7898
3849
4923
1309
549
3126
3117
6668
2366
1006
1658
5660
4936
6354
1066
3372
1170
2349
7357
5483
3767
3269
1749
777
4399
3928
3253
45
2093
3099
6711
6343
3299
7984
7652
201
7463
7120
3219
6179
4474
4878
191
1412
3230
1256
4784
752
3604
493
2587
3724
3761
4334
4500
161
263
4104
4557
6707
7204
7619
5049
6855
3955
1052
7054
7770
171
2274
5950
4647
3504
2492
2411
6733
3747
3546
3838
3703
4037
2776
7427
4150
7111
276
662
3725
4382
1571
2430
7937
1190
7479
6791
5144
531
5846
4915
5053
4471
7215
1700
7975
1707
461
3060
1806
4007
6898
5510
4394
1673
1288
4896
5132
5918
5559
859
2299
7129
3288
6584
4670
7120
5376
6166
4001
7574
7429
1053
4045
6647
7105
370
4706
7566
3431
6510
3572
6680
372
4319
4703
1660
1216
1839
7576
6774
2697
6226
2254
2338
4812
3275
1457
6540
1440
1809
2467
871
2863
2862
3870
6320
3234
574
5884
6664
7085
5809
1695
7457
2127
6398
5467
3342
236
1395
6467
7284
7622
5069
1622
786
346
7430
3679
6138
1238
6144
7009
452
5358
2878
6772
591
3452
4657
3606
6890
6817
5301
6346
942
3698
3814
636
285
1561
3455
7569
1182
4879
5543
6320
5224
4972
1998
3361
6208
4494
6721
6663
6204
1599
1786
3148
1403
6442
6755
291
5258
407
2989
2553
457
3153
7541
5095
4715
2995
4662
5897
7872
2206
568
1449
3530
6917
1161
1738
3411
4234
4754
1613
5830
6539
4762
3585
1333
7869
3877
2942
4627
6865
1846
1436
2018
1386
6530
6733
733
7545
981
4954
6103
5897
6404
1633
4816
3918
7724
228
151
829
6191
2334
3719
7308
2270
1402
3526
6147
4344
4506
1363
6189
5942
7730
3928
822
2817
4659
4719
149
1615
2821
6049
4373
806
2864
4640
4881
7444
1144
2061
1990
7828
5779
1296
2099
7181
1177
4597
7878
5683
5959
2419
3622
2042
6346
798
1212
7357
1867
1359
5325
1041
3761
6048
1846
6625
2690
3078
2421
3833
5138
4409
13
2917
2058
2108
6450
3234
6707
2679
916
4664
5097
891
3059
7795
6040
4271
3502
7908
1984
827
947
5743
6875
7146
4368
5916
2222
3140
6100
7361
3900
6111
6629
5959
222
1430
5544
6928
4107
6460
7944
5556
3702
7356
1702
1741
3627
1556
6001
5610
2383
6947
3353
5609
6093
4072
7877
4668
3563
5977
380
7463
438
7008
5423
5013
4789
2966
292
5246
5777
237
7155
5831
3945
857
3924
7571
2413
1924
1531
1147
869
1237
3108
3315
1660
2985
7981
5225
5313
4714
4689
2104
3721
6463
7116
4861
5780
7410
6459
7908
3998
5614
5739
7942
2822
1662
3864
1586
3584
5397
7085
806
2985
2191
474
4644
1528
4808
6222
6840
1521
2910
5295
1593
5724
4412
2805
3503
3820
1263
3411
4171
6878
5501
4111
1698
7162
7975
7637
7098
1723
6721
4257
1061
912
4730
5706
6792
5890
3926
1983
7410
3187
7277
5355
5263
3690
159
765
3862
1423
525
31
4652
6028
4144
6349
1542
471
2338
639
6547
1057
4894
7606
6321
5977
1664
5113
3865
1940
7094
7626
1481
6372
1332
6743
6414
1492
3859
2275
7266
738
2307
3917
6765
2802
6618
4659
3271
956
1648
6170
2013
6544
5774
334
872
3791
1797
1089
2084
892
715
3564
3617
6400
6658
2030
7891
2517
4303
7155
3253
6610
3072
6371
1411
1689
7381
1033
6995
1029
7203
1008
7573
1331
5693
4796
1474
3842
5884
3557
4736
2950
3473
4704
1349
2131
6732
5591
999
7388
4745
603
5998
4169
3325
3760
2210
2706
1146
1204
3734
350
6565
7660
6033
611
4455
7506
4453
6690
7413
5540
5991
2887
2244
3692
1370
5328
1282
6720
4713
2378
7322
2711
6548
2649
2824
5110
1707
3969
6313
5443
670
1231
1455
6702
1841
2261
2559
2645
951
6326
186
3294
1213
6781
6985
6934
4106
267
5653
822
6999
1328
7886
1898
328
7061
7007
2035
3028
1672
3830
51
2903
5284
3104
1095
7544
5663
3740
4845
3988
3925
139
1552
2703
7123
4839
3164
3742
6842
3986
2740
4522
222
4638
4848
7282
3645
3235
6662
1668
3417
6713
4571
700
1817
5667
4596
3831
5758
5793
4170
1683
5931
2076
738
1407
3266
255
1500
2108
4240
4240
2981
4462
5228
4183
96
5225
7418
6757
6895
2833
1823
7818
7886
7991
1835
832
173
7594
2977
4344
5628
908
2770
2718
6666
6036
2972
166
4495
3563
757
7476
4375
2338
3658
4471
7563
7427
7581
2808
6614
1403
2626
2851
1393
814
36
1565
4759
3013
2260
2385
273
5030
1453
3291
7416
4426
7806
264
7989
565
4091
717
7254
4100
5185
3168
3527
4767
5976
6492
2521
4953
5693
265
2118
5730
1829
6876
5094
441
5613
5366
1822
7067
5008
1239
3494
4815
5854
7833
1731
1945
550
985
6043
2088
4151
5924
3207
2126
768
5728
3431
6462
5991
5549
544
4173
4424
5635
4613
2037
7355
6434
5456
4362
4024
5301
1176
1879
5134
2908
175
2035
244
6220
476
4395
495
3682
2873
1262
5761
2656
7723
3753
204
4615
4275
979
2255
5242
7367
5961
3676
4822
2322
4055
2121
7851
2286
3606
2758
2461
5643
3001
5032
2470
3748
5526
6150
6620
3138
3912
5628
7213
4014
5831
3831
292
3160
2436
5534
2528
397
5562
7349
2717
5968
1471
2567
4604
5077
1677
7065
7072
1031
447
1541
4778
5973
4042
7750
5463
7954
5377
4675
321
7559
506
4964
2720
2942
6850
5247
7690
761
4595
2407
3083
2417
1327
7687
7494
3004
6752
2917
4034
7199
4456
5163
1523
500
4913
3338
4805
6640
13
1478
6200
4870
2793
918
4163
1643
6165
3851
6756
7111
2611
1839
1528
3937
1525
5373
6940
4629
290
7325
3827
1098
4487
1702
5949
5751
1391
7106
4391
1403
583
2591
2626
3375
7860
6788
1370
6025
2639
126
1487
5250
6317
3013
5538
7842
4738
829
4469
5028
153
4648
2476
991
2702
426
6742
4092
7531
7484
5496
4465
6427
120
4192
6287
3261
5559
662
2252
2038
2148
3852
354
1514
1390
195
6253
2218
1016
7631
6721
5663
2108
4063
4717
6885
2805
809
6415
6641
2655
2878
5067
7129
7070
3353
2389
981
4015
992
3020
2516
4844
7725
4030
6231
4272
6634
4802
5286
6265
7874
7301
4723
3938
4017
3609
3095
1178
6375
1735
3833
1254
3154
2961
4674
6505
1702
2009
6873
2692
1380
1388
7535
1104
5416
2120
5374
402
3273
7014
3016
3147
2666
7741
3435
3037
7701
6529
4214
6076
4617
46
3681
7770
7360
4707
6275
1061
6714
1499
3752
93
2885
7639
5550
4653
1759
7276
5055
1383
2641
71
4529
5307
4165
7964
344
3865
2846
909
6292
7462
5307
6323
3583
4667
3031
6210
2079
6097
7708
2184
2542
2593
1824
92
3598
7934
7367
654
5668
2007
725
2197
3667
1241
6512
362
5105
5711
1270
7744
1524
2929
6072
5107
7595
5455
7668
6026
7902
7375
210
2444
6320
6385
2535
1918
2671
6255
6924
339
4614
7648
6887
280
5241
1752
4993
6698
7460
6262
6445
5337
1191
868
2443
5138
6324
6461
7516
6227
5837
7724
5023
508
2461
3911
2426
1484
2165
1348
1822
3129
5349
5060
3407
2588
6811
401
1286
2624
3013
4082
7961
556
4953
6754
2045
7628
5217
1559
2205
7405
5636
7229
7912
4449
3139
6689
5932
1653
4390
7753
4783
1738
4813
4543
677
7975
1295
6315
2599
4309
6750
6910
1217
3702
5664
7613
3329
7234
1173
5535
6638
3161
1115
2901
7610
4251
1590
5542
5907
5979
1647
2689
4068
2811
7232
1099
2786
528
7413
1736
1188
6162
647
6756
6213
2664
6368
5896
6249
3893
7782
4886
7053
896
4139
3014
5148
5728
555
7406
3707
2201
2095
4127
1363
5679
5224
4149
2557
990
5885
97
3504
2881
6853
1718
1899
1572
7613
147
5464
3746
1384
869
4641
5523
3882
1788
7602
788
5545
7661
7340
7639
3788
702
1669
1013
1202
578
6354
7086
675
1856
6321
3879
7927
4571
5451
3891
4717
7267
7637
2453
4485
4277
7974
368
2417
7576
5507
7961
7236
4845
3952
7376
1899
5619
4740
3101
6198
3093
6538
3223
1301
4858
7102
1228
1428
904
5118
2497
170
4754
4949
4656
5383
1276
1374
7799
851
6880
4111
4439
78
61
3815
1975
2033
554
5074
4583
7998
3614
4158
1297
4823
3258
2525
2602
513
3996
5099
5034
5100
6399
6042
2482
7673
3768
6631
525
2648
2744
1315
7076
7157
5130
5404
5542
2035
6831
2124
2033
2445
6281
3331
3619
5890
2209
6221
6402
6204
7671
7790
3304
6070
5830
2137
5743
1598
771
2620
597
7865
3935
4024
7023
5416
1429
4564
7450
260
3040
5834
7055
5671
5518
7026
3563
7726
5247
6316
2280
1269
2460
5584
3690
288
4074
1432
6239
4845
403
6835
4709
4337
2861
84
6106
641
1000
5556
900
391
7743
4306
6062
5260
3331
5976
1337
4930
646
7969
6198
3104
5553
1888
3394
5978
7671
1631
2821
75
4821
3884
765
4033
319
6870
4673
1318
777
1923
1708
521
6230
4121
2132
1561
2097
7821
6490
2742
7789
1041
5846
1693
7280
5591
7671
3304
3576
6842
7730
395
2727
494
780
3046
7364
5452
715
4493
7374
6775
1365
5603
2895
3497
3517
4992
7668
6359
4085
7456
3751
6283
5502
7382
3872
5172
2685
3802
4015
2415
549
3094
7258
1327
6139
2975
6780
3205
7468
2507
1979
832
4462
4874
679
7977
6218
347
2687
2303
4157
6438
585
1658
2172
811
3179
4854
4611
7195
3621
5160
6639
2881
6488
1130
2208
1620
4335
1674
478
6313
6859
4937
7538
7537
1268
5755
4237
3954
4410
4746
6746
4994
6403
5269
2156
1583
2124
6766
5129
2097
279
3768
1331
3118
4897
3538
4737
5584
1565
5214
3897
423
6505
7786
4310
7771
5542
4901
79
1951
1646
3175
3296
4400
445
1804
5981
6921
4921
7463
1018
5199
7583
6699
317
832
2236
1406
6416
151
6620
6664
4927
1475
6450
1238
1247
343
2491
1327
6644
4137
856
6291
536
1300
95
2870
4572
5017
6684
1940
2216
6266
640
6884
7096
7229
290
1864
7381
3262
527
4308
4737
3327
1898
2336
3670
740
13
2314
4875
869
605
1764
6521
5052
985
3092
2068
7668
5033
636
2285
5671
7520
5733
4900
4161
7597
632
7423
4475
4940
511
7803
3189
2846
7824
3928
2859
6490
5156
3728
7095
3271
2248
4146
4255
1691
2566
274
6724
3201
6909
747
7072
4642
5646
3234
589
2631
2656
5065
7570
7518
1219
7110
2364
1040
3037
5222
3882
4544
5303
2977
7814
3902
3474
420
5593
2392
692
667
5592
7602
1415
4662
596
3413
4248
1185
6043
3255
2600
1964
2774
3819
1072
5137
1212
461
6711
5095
5005
365
4423
4818
618
4250
5238
6212
6641
2282
3231
583
1884
4645
1598
2478
56
5846
14
6099
1101
2616
61
226
2786
5485
1714
350
5947
424
1797
2951
5141
6220
7768
5761
6821
1357
324
5461
3639
3553
6043
1874
199
7640
704
4607
1837
718
7057
2938
7685
3471
3163
2469
957
4875
7172
6902
1653
967
6205
6793
3539
5972
907
2359
3681
1230
4170
7318
1135
6565
5541
1332
6207
6246
2290
4396
3316
1349
7334
3001
4819
6848
1822
5774
75
994
1027
1727
1961
7233
4875
5499
1557
2132
4210
5237
3362
380
907
4496
3299
6449
2178
5857
1048
824
2251
4363
2170
1585
7363
3342
4785
1185
5469
4860
2179
6494
2939
492
5730
4165
2343
3638
6298
2905
874
6011
7638
6132
6859
2934
933
5391
792
1980
6214
3042
6342
384
980
5705
75
5761
3241
5545
6973
1771
4041
6267
2262
6124
2432
957
1761
730
3861
6985
3092
3497
5117
1950
6432
6049
7340
7224
28
5553
6619
2721
2289
7598
425
2366
1713
16
7912
687
1786
306
6953
401
6429
5736
1357
4540
6465
5218
3525
1557
5067
4994
7859
3498
7393
7198
7076
7421
1103
5693
6494
3391
5290
3270
2109
7003
3287
2021
4041
5074
2326
7346
1828
5107
5081
3185
1646
7899
4754
5173
5803
1821
6518
5664
5321
5911
1215
4395
1684
2317
2089
177
2059
3731
3447
4168
7085
6733
2539
3125
159
1216
6820
1986
6322
255
1522
4322
4505
6275
1494
2312
96
10
4328
1767
2273
5541
2515
3958
4210
955
4134
6268
1036
7580
6788
121
2664
1327
7598
2823
6895
2771
4809
1570
3026
2682
5891
7528
957
7384
6193
5405
3745
2521
3524
6018
62
2391
6329
624
7695
2462
6892
734
6394
2030
854
1058
3356
4803
3880
6601
7573
5040
171
6951
7722
6062
6480
5030
1797
4673
2434
5542
3543
2310
7914
3605
4699
6242
578
4396
5054
7471
1481
3448
1501
2334
4504
1209
3489
4737
7813
3062
1776
7983
2011
5849
2398
4844
2879
4194
5868
1664
6087
1412
3971
2353
1368
5023
4946
1950
5771
2000
5772
7252
5446
7274
5938
1953
4836
5779
6689
1000
839
4816
5335
7202
2665
7733
396
1895
3926
6266
7910
6366
7677
235
718
5397
5257
5664
7346
7380
7662
5119
2985
1463
745
922
7767
1932
6699
2806
2932
3892
7623
267
7447
6639
4351
7845
4883
4628
2462
4794
2992
6490
5027
63
3885
6637
5726
3232
6018
1740
4702
1001
3202
5446
6276
2969
7377
1327
5776
6660
1569
1749
3278
1014
4737
7628
5212
1624
608
7673
6418
7952
6162
7796
14
2047
6433
2088
1630
804
3830
6332
1804
3386
3776
4432
2706
7504
5759
4834
6164
7327
6584
5794
4694
7675
5422
1907
1298
2381
5931
4068
2330
4093
3863
6696
2492
2298
788
4122
3101
970
2453
1257
708
2581
2041
3413
6438
4151
247
4602
7828
3181
2395
4524
2857
4168
2784
507
2900
714
4574
5231
4807
437
3928
7299
7086
1067
7772
6538
6390
2225
7795
7097
1157
1835
2510
7594
2337
7109
546
2166
6642
7293
6691
5850
7812
1474
6356
2713
2188
7281
7944
3346
4070
224
6995
3155
5643
6768
1692
4033
5344
5839
3128
6499
4025
1991
2445
6361
5451
2991
524
4091
6636
3567
6293
6450
5041
1001
1162
3580
282
5457
3276
4351
2030
2271
3857
7672
1040
5548
58
6383
3387
3187
1235
7411
1529
3680
2123
6979
3022
2649
3070
1660
6215
5713
4459
7609
6716
5622
3188
6997
3078
2816
7698
1461
5090
3554
1134
2480
5455
5544
5216
841
730
6450
4602
2258
6481
6727
5588
5855
5727
657
3866
3943
6372
325
3551
1437
5947
3090
435
5376
5906
4485
3188
7348
39
674
1828
1846
6216
7043
7039
3298
1844
7996
5555
4676
6721
7493
2531
801
4501
6395
4743
2873
3074
4645
663
5371
4085
1096
7100
6344
1933
2287
5690
6324
2960
3871
169
1175
2913
7207
4473
1107
7203
6379
5784
2277
5872
314
3076
2374
3061
4171
1597
6134
5167
2261
7857
5603
7709
6957
299
5993
1244
2342
4317
555
6212
837
1729
5477
45
2555
6583
3598
5286
4367
2227
3157
1033
1655
1882
446
2177
7832
2932
3695
6444
2790
1298
6151
1747
1598
497
7341
3937
4812
7895
6502
5649
5978
3979
2046
533
6914
1996
5816
3280
575
5326
667
2229
7207
1113
758
3391
4044
4451
1833
6835
5750
4336
4932
3699
4833
4273
7637
5998
4169
2490
3646
2147
6470
2044
7031
5384
391
4847
5017
966
2173
2035
3194
5732
3147
3948
1122
7192
4754
7307
2379
2503
3644
7311
6203
476
3584
2192
6474
7751
1035
6473
6250
7504
4868
5278
1236
5259
6478
2606
6223
5004
4642
5770
2735
4142
6071
208
3333
2826
7515
5709
5329
7508
5022
7884
7986
4957
6427
2811
1060
7461
1284
7310
3314
6149
941
906
7762
7420
3511
5985
4423
4506
3754
3508
647
1826
3716
332
4650
7584
2395
6332
7092
7415
2567
3431
724
992
6241
1783
453
3877
1091
118
6379
2032
1025
6138
1452
889
477
2226
5392
4230
5733
2392
2407
1451
2722
3410
5385
5116
1741
828
884
659
4260
1607
1652
6853
7740
6457
7081
832
6575
1812
7217
3953
7950
5019
4840
425
7245
6586
1008
4977
977
7767
2780
51
3176
4517
1519
1269
5346
2402
1927
5958
360
3579
4810
99
6387
243
5284
4963
2054
852
5266
6357
2222
2107
6783
1466
691
4143
2797
6020
3910
1927
6069
7084
6445
7588
353
143
6341
6632
6099
3051
2211
7262
7503
595
7503
4786
1911
1558
1989
7177
7914
4213
5635
3049
2030
2677
7191
1179
697
7452
7459
6765
2889
5902
2705
3240
6044
5396
1873
496
447
434
7756
7951
5383
7262
1087
3646
5171
7429
7174
1436
3641
1161
4485
2025
3838
27
7555
4534
7479
7013
7652
2367
1267
2357
1959
3663
4105
183
4159
4553
4969
267
855
6703
7529
1942
2347
1050
1371
5874
2486
1365
7034
6971
7742
2872
3350
7296
3758
2827
2661
3409
1545
3926
2117
7855
7590
6222
4391
100
7126
1359
367
7978
62
4247
1922
6762
5296
7645
988
7784
1009
21
3106
5103
7244
6454
751
3000
5634
3410
6410
7178
7336
526
3387
3278
3098
7777
3376
2223
1135
95
2199
5549
4341
476
4309
1638
121
5297
1419
5481
1670
877
2585
913
7333
3333
3913
4965
3096
6675
495
2433
3552
3882
2063
6648
3659
1790
5225
1145
1886
7427
6692
6226
4256
7355
7862
4376
1003
5635
6210
7024
6513
5146
7936
2197
4832
201
3513
7928
3228
4009
6712
6778
4244
774
1780
7902
2564
7007
5398
4450
2787
4091
7027
7042
7796
6889
7770
5152
876
5977
4175
3740
3124
462
5936
7955
5016
5802
4234
243
1811
2944
7022
6055
3718
801
2308
2635
7808
7706
3435
6945
149
2462
5987
4296
5702
5757
1448
6578
87
5623
6670
3210
2436
958
7516
7453
6757
3748
7695
567
3045
6716
2974
3115
3870
5283
5749
29
1340
1182
6975
1487
7997
1313
5785
5700
3422
3584
630
3508
5558
7300
6717
7995
4609
2584
7447
3367
2683
3493
287
5726
6561
3260
843
2430
4896
6590
6809
6233
4127
5784
4075
4124
3449
6210
6175
6870
1793
6804
2377
7352
6104
5442
3698
7064
28
7495
2430
7063
2987
2716
4791
1547
2328
5633
328
3576
575
7139
6162
1053
1274
2237
1528
4723
447
7703
3592
6592
6507
2320
5943
962
7764
5991
24
4145
5487
6805
3206
475
5873
7996
6374
202
1981
3054
129
6908
6544
6290
7960
4169
527
1488
892
5324
5542
836
269
4048
7507
6211
1361
7272
554
5737
7767
6041
4542
2975
2867
2414
7323
5593
6967
1303
645
7095
211
3543
5384
4521
7712
2265
2361
4955
3941
7902
2143
4208
3949
1650
6771
1661
5273
7326
7397
5040
1718
3937
4366
4585
2704
3689
2177
1669
1344
7175
5115
5906
2717
6855
2428
2428
5471
4788
7383
5763
1042
1524
1972
4990
7525
5094
3003
4799
772
2399
6191
2489
2688
2555
3423
1744
2597
5601
7765
3941
1127
4882
1846
3843
87
625
6271
5558
1765
2004
3320
2806
7881
1642
4144
7407
3087
7148
4205
3860
5899
6747
2701
4940
1303
2477
6683
3900
78
2799
4192
5556
4032
6037
1399
4119
3014
4020
1676
4778
6024
4995
7583
5906
2990
81
1664
6079
7230
2221
1937
1481
967
990
6420
2270
3467
1453
2521
7896
603
6712
5451
4636
1100
3201
753
4114
7221
2430
890
1597
3775
4825
7503
3117
4905
5518
1196
486
7740
7485
6316
707
475
1088
2975
293
6893
1849
187
7498
560
1989
4132
1658
5191
1238
5773
764
3667
3015
2360
3794
4190
6215
6910
5448
3732
4460
5933
3473
3945
603
4179
771
1691
3506
1062
584
1706
5604
82
2266
7593
566
277
1136
1803
6049
1899
1822
5416
610
1968
1607
3178
880
3405
6911
5338
5687
6734
5635
6290
7264
6407
7983
7122
7471
567
827
5073
5000
3093
1018
5564
3369
6506
7366
5770
4756
5540
7538
5367
7508
5496
544
386
900
3806
2078
6590
2540
7713
4882
1803
2472
4863
926
1939
1782
1753
3366
6781
1196
4385
4344
917
2891
63
6687
7647
1955
6224
1365
1462
3719
1908
6200
971
5713
278
7559
4606
4342
4440
6409
6813
5656
3686
5107
7436
1789
474
2569
2985
1210
6912
3903
4101
3328
6941
98
5282
1515
1462
6742
1586
7721
1293
2556
1789
5921
2114
