366 7031
88 18 356
362 243 89
82 36 860
344 187 623
236 15 118
76 242 442
303 287 346
220 149 446
248 40 347
271 107 276
158 148 888
282 41 790
121 171 641
98 18 901
61 327 57
30 184 -7
238 269 687
151 140 127
260 264 181
84 354 678
129 210 605
117 227 575
87 288 805
255 41 295
33 239 434
143 41 644
56 95 470
337 78 489
314 190 444
213 36 629
292 39 534
168 317 726
324 129 351
111 214 637
46 313 903
91 192 963
359 250 910
182 23 900
199 175 203
52 137 467
27 168 30
171 102 478
102 147 926
7 52 700
352 245 707
19 51 46
301 326 416
350 63 799
91 77 793
184 251 378
224 32 770
231 222 446
42 158 517
232 320 125
251 56 89
311 266 576
107 190 956
295 208 632
66 151 703
189 157 339
35 20 124
107 49 621
16 12 958
238 349 715
5 280 326
61 22 424
337 56 605
342 240 495
245 213 503
33 287 699
49 138 499
171 339 718
121 282 532
343 338 372
177 230 448
116 237 161
193 26 128
237 328 667
84 284 755
294 103 887
109 312 47
107 308 407
351 208 697
189 52 56
259 188 160
244 140 887
284 102 133
98 175 446
155 291 720
292 346 647
333 200 559
65 225 944
56 360 540
85 350 273
216 337 839
318 185 283
186 135 168
121 264 764
314 50 197
290 69 538
239 67 894
198 86 963
264 354 343
75 136 438
300 362 767
84 228 67
242 39 170
270 321 946
265 285 2
55 322 882
247 183 947
333 34 296
184 161 767
279 331 783
72 201 246
303 118 107
241 281 175
41 122 985
224 348 14
340 144 805
343 300 110
1 245 424
15 291 753
273 87 396
17 317 585
278 280 580
329 229 383
229 201 728
296 80 393
172 240 230
234 209 484
288 313 730
199 265 108
149 247 76
359 313 62
349 144 582
283 301 412
164 83 401
78 306 769
314 85 832
365 16 949
233 70 443
41 341 689
298 219 541
132 44 227
273 117 498
304 324 385
102 261 726
103 150 596
212 55 388
92 108 557
333 96 503
257 33 210
128 287 66
247 321 711
115 134 578
266 330 317
126 322 426
73 176 309
117 329 462
61 31 816
302 7 41
56 74 404
270 10 822
184 145 573
48 216 127
12 171 335
156 75 721
163 344 937
95 305 109
10 3 271
184 210 365
114 218 85
70 182 131
75 68 628
132 167 89
337 261 156
313 227 554
343 236 253
252 259 976
335 102 465
59 348 172
239 167 802
178 355 527
270 54 860
45 75 575
181 253 767
80 203 604
52 223 390
289 247 386
348 280 352
329 6 670
301 348 60
118 360 916
156 200 55
148 217 442
261 200 596
246 128 240
43 120 820
156 240 931
258 249 538
304 339 64
20 3 704
276 342 100
53 109 229
232 220 777
11 134 406
116 315 464
9 54 8
303 62 649
120 247 828
53 302 535
252 345 89
123 102 653
53 132 201
218 123 150
141 234 118
240 180 0
299 188 461
333 269 844
348 57 836
261 32 694
307 249 697
78 116 562
116 339 85
26 142 609
88 68 993
16 223 58
48 270 233
89 16 258
308 110 546
312 106 765
276 5 170
316 64 334
168 321 810
51 215 90
329 203 453
330 4 1000
98 171 727
105 315 242
340 258 269
359 191 970
313 126 941
87 93 26
350 222 477
237 90 258
190 138 678
94 240 144
234 208 312
32 216 469
45 41 970
304 31 167
23 63 782
331 111 491
207 337 782
196 113 296
218 84 192
200 71 863
323 85 517
25 330 528
183 71 977
100 347 277
275 213 61
26 191 376
201 94 909
361 61 848
303 351 18
167 73 702
48 303 271
14 264 124
13 117 332
54 209 434
56 304 451
125 2 403
27 306 728
313 253 932
340 104 765
302 124 63
221 95 829
283 229 -10
46 180 810
285 54 305
275 209 590
334 195 735
73 100 283
164 27 974
235 85 295
110 171 276
126 44 199
133 147 860
72 259 900
48 172 202
240 124 954
271 106 714
14 305 532
246 249 146
256 242 697
191 354 283
233 246 890
67 36 190
182 174 440
3 1 465
271 125 53
302 104 441
347 233 943
103 253 468
94 341 613
285 20 515
102 151 634
171 347 169
210 121 754
139 318 810
25 43 695
7 139 19
135 98 761
229 46 737
13 104 372
140 251 27
160 280 373
104 184 451
38 112 425
26 71 775
230 315 169
98 279 176
95 17 421
255 82 551
104 263 588
28 352 888
5 284 222
101 339 -10
216 72 629
95 169 595
169 292 507
305 169 944
7 148 413
27 249 932
144 19 553
9 92 618
272 70 38
231 248 34
165 94 679
196 302 558
339 325 575
222 123 349
364 331 609
113 351 205
164 42 99
92 164 996
291 237 371
106 75 262
138 127 532
49 300 721
191 257 899
60 345 598
250 154 106
339 333 672
192 181 796
54 52 453
5 219 987
281 208 328
237 25 187
66 209 221
16 28 761
38 184 791
217 352 26
137 343 733
114 50 729
69 264 71
133 255 271
61 353 286
241 199 210
248 353 691
82 73 607
61 354 197
1 264 2
251 163 298
233 95 189
69 128 463
301 156 280
226 257 122
349 338 831
276 279 788
10 189 456
360 188 238
190 178 739
49 57 923
305 56 237
71 354 82
287 365 955
65 243 610
81 292 313
268 340 284
208 327 40
138 245 368
118 84 471
200 359 12
157 207 711
19 24 848
102 320 247
73 24 522
308 72 377
163 164 200
4 50 391
284 301 601
166 151 749
22 332 922
66 235 167
252 213 467
112 47 15
281 154 604
123 114 760
45 164 944
181 204 221
234 44 734
279 289 20
366 152 910
218 323 938
297 261 77
316 362 203
359 299 923
353 173 100
105 364 154
203 26 871
185 274 42
303 356 38
106 228 896
266 111 526
20 167 789
4 86 749
105 54 449
265 333 883
31 275 200
299 195 803
125 34 186
151 58 3
311 330 187
243 270 685
230 40 617
248 131 149
273 274 850
322 330 351
242 260 178
242 245 461
314 187 700
41 99 483
132 83 284
38 45 338
322 331 321
118 325 661
17 330 527
237 76 677
228 301 670
363 231 420
251 180 337
214 14 539
195 246 113
223 248 55
84 351 870
282 151 904
136 138 193
6 158 761
314 320 504
68 6 762
239 224 767
270 362 681
54 364 11
297 208 480
39 243 99
361 91 55
252 157 760
130 108 931
301 201 900
52 127 769
206 294 340
12 205 610
333 131 111
310 302 917
218 230 114
270 165 554
350 196 93
199 13 790
294 199 508
296 29 935
328 149 394
81 52 742
34 236 347
169 321 941
247 45 294
25 1 832
199 25 606
43 258 810
107 215 0
110 346 777
77 365 906
286 37 39
36 174 638
78 212 364
95 62 758
147 144 731
57 321 944
209 343 283
250 222 738
113 283 723
67 265 82
226 258 24
224 81 280
216 266 485
128 16 552
37 300 215
116 164 207
91 133 364
356 331 597
362 219 799
278 348 910
208 181 327
40 161 136
291 328 939
211 233 390
1 277 813
123 62 310
246 56 305
53 195 323
121 198 -2
240 212 724
299 150 438
340 86 313
14 249 816
353 189 936
332 57 619
204 56 732
4 19 587
312 180 760
145 64 797
277 97 480
306 100 298
182 146 441
213 313 408
307 311 116
101 92 365
347 68 690
304 66 179
291 70 102
236 139 841
305 45 776
364 292 416
37 142 720
313 296 345
66 248 548
211 321 962
110 14 737
11 359 16
314 141 74
38 106 76
137 258 382
170 130 658
352 278 984
214 238 332
206 105 757
332 178 195
276 254 531
230 327 666
103 33 776
176 332 176
272 216 3
31 26 176
360 181 13
94 154 406
175 237 391
161 314 32
320 254 585
325 251 298
284 167 64
312 78 464
232 219 88
180 119 533
287 122 438
283 266 168
56 198 554
363 69 257
31 119 900
120 353 197
308 212 864
96 263 755
295 281 464
77 349 439
123 183 582
301 233 469
244 335 667
118 308 84
19 266 -2
148 355 981
106 224 164
53 350 425
169 108 453
268 280 873
41 268 832
42 105 533
329 208 835
73 361 850
88 140 783
114 86 764
327 238 8
278 75 489
3 35 319
263 343 78
184 323 264
301 4 283
157 77 602
38 58 149
65 38 173
276 1 244
38 93 561
169 156 51
100 234 -6
96 104 212
277 4 639
254 312 526
167 107 209
284 22 855
199 257 175
111 299 976
250 243 255
62 296 334
313 187 580
6 246 795
2 123 -6
41 342 814
54 54 -1
203 248 814
338 10 482
134 42 100
161 211 735
334 4 330
297 144 745
155 1 -5
164 193 301
295 153 469
277 148 638
206 356 393
310 168 270
362 180 779
240 195 198
128 168 771
12 343 3
270 280 862
5 273 694
270 273 126
95 126 322
32 304 717
151 82 464
216 313 601
347 304 78
270 179 -2
352 224 439
336 318 191
172 69 464
190 167 848
350 209 415
346 102 428
324 219 195
332 113 778
343 31 543
30 270 430
125 203 18
81 305 434
249 122 45
50 209 854
219 263 773
100 136 365
252 28 238
253 251 863
354 138 85
311 291 618
351 161 162
205 216 808
67 109 232
9 53 563
193 113 918
318 146 419
49 38 142
181 333 280
325 275 954
212 279 819
269 362 707
294 59 25
138 161 729
168 181 962
24 140 595
71 240 366
264 91 307
277 93 477
317 331 544
3 122 526
266 140 938
49 27 515
139 276 436
322 365 268
233 25 896
320 239 86
8 348 23
62 310 422
188 23 616
334 50 608
105 51 -4
330 172 25
209 298 802
188 72 339
57 138 248
149 106 444
79 344 49
121 35 659
1 228 844
272 327 265
153 84 478
334 40 457
53 323 106
289 183 794
160 17 618
294 165 992
111 348 225
362 347 250
199 257 247
329 75 356
210 223 763
330 233 760
296 168 456
30 101 309
156 96 222
91 151 438
218 173 207
158 213 182
84 273 534
305 29 438
331 202 136
125 28 528
346 13 570
332 156 305
286 103 716
82 314 856
15 162 235
278 243 827
184 303 646
132 158 246
88 330 382
156 110 625
263 13 631
311 137 828
123 35 255
198 264 313
337 349 410
92 193 969
98 67 474
64 237 907
278 277 124
133 193 589
195 5 963
261 228 426
130 225 356
115 213 726
28 268 801
161 1 27
323 319 828
13 54 526
49 105 171
7 138 21
10 322 183
303 177 908
201 141 901
6 156 593
7 248 526
150 17 366
106 300 226
178 360 387
158 70 402
111 133 533
139 29 823
345 91 903
58 38 914
27 184 565
161 155 585
209 260 347
186 58 305
11 285 225
113 67 197
331 326 775
49 294 232
64 223 250
299 290 26
172 65 37
128 171 549
87 262 114
325 120 399
114 254 683
202 224 386
256 122 664
56 272 813
280 295 280
152 340 115
243 79 517
70 356 474
323 306 559
89 365 372
290 184 615
145 281 296
267 88 437
229 45 903
276 20 940
154 140 396
337 292 962
112 303 272
340 80 706
131 80 696
32 139 682
307 160 80
185 129 754
323 262 581
138 303 243
238 210 869
366 31 953
198 71 382
313 64 38
76 315 744
354 2 404
209 322 154
301 91 982
126 352 29
209 58 339
23 246 147
174 52 800
54 234 904
60 224 51
85 6 866
2 200 181
159 47 954
185 210 653
126 14 406
247 328 623
311 275 261
91 53 497
337 120 814
170 36 464
41 349 873
3 349 545
172 260 972
149 189 991
271 44 739
116 137 716
82 42 539
161 40 128
14 68 849
234 130 982
142 318 169
355 202 388
309 362 774
108 21 563
249 356 134
342 35 167
269 192 784
18 215 584
201 349 431
107 37 619
20 307 787
186 292 681
88 351 191
224 355 890
327 76 198
76 219 144
41 301 282
344 91 283
163 160 595
183 344 815
166 265 710
223 279 763
187 26 100
124 23 869
26 237 624
106 174 286
277 44 16
17 111 116
245 123 75
224 268 981
130 217 544
206 130 280
105 207 683
103 83 300
17 299 128
232 331 700
282 84 186
299 43 199
281 43 433
276 194 903
63 60 231
343 101 654
251 25 86
121 97 616
281 353 310
318 270 240
284 14 422
10 21 892
151 299 86
172 348 995
134 352 451
213 183 226
92 166 129
145 299 245
84 125 700
272 270 281
91 248 41
293 105 345
299 278 113
345 141 534
17 26 98
17 362 615
132 62 834
132 20 892
217 94 408
271 99 222
62 35 525
143 206 429
268 174 297
352 231 361
286 41 728
255 287 435
107 208 707
271 99 265
283 202 778
249 149 742
353 90 779
323 23 655
88 211 941
37 91 981
172 148 255
363 62 647
191 162 725
324 126 530
5 115 236
110 291 441
69 77 75
75 60 74
147 156 -7
319 103 609
229 192 7
249 30 533
42 181 187
163 139 685
42 279 492
69 158 893
13 268 225
285 257 480
78 177 524
187 115 346
149 294 512
336 346 504
117 261 911
66 24 927
219 64 647
283 121 202
75 52 690
273 341 471
135 199 6
198 148 177
195 280 48
295 292 100
100 206 649
246 267 733
88 10 384
206 229 622
172 201 512
54 196 478
176 313 240
361 31 304
231 225 755
292 77 355
216 302 18
244 55 21
344 15 283
57 64 393
106 258 243
331 343 733
252 231 512
151 332 214
278 347 814
189 358 875
208 153 49
63 147 845
306 72 691
229 99 943
230 105 965
32 82 988
102 82 367
354 358 172
284 37 484
65 331 699
40 260 628
363 117 631
229 129 298
71 185 48
239 25 746
282 311 323
34 199 934
5 352 857
61 169 530
40 42 998
93 341 999
75 345 192
244 69 237
23 321 826
189 88 377
355 222 100
166 39 836
261 56 814
206 331 250
3 345 893
327 259 805
335 29 954
92 137 598
284 137 523
307 186 776
110 110 341
55 341 737
303 353 574
55 297 10
257 104 537
312 220 682
144 277 608
302 298 725
323 247 553
313 57 68
307 365 620
131 271 474
81 353 20
262 53 693
30 296 146
229 134 95
46 295 147
107 37 517
276 278 942
223 143 664
11 337 460
163 48 16
313 229 213
11 257 608
312 254 961
138 154 300
97 158 865
315 107 441
106 331 63
165 115 860
173 129 18
54 222 767
97 324 629
141 138 747
90 339 50
141 124 69
250 336 818
156 209 243
295 54 695
191 277 290
19 205 512
197 104 551
358 247 180
353 312 907
162 84 645
61 180 943
311 352 493
345 195 727
103 203 861
236 349 332
37 41 990
224 44 643
75 177 986
287 284 452
186 171 103
257 2 7
172 231 124
85 39 14
170 4 663
63 269 363
178 32 348
154 214 201
214 114 368
55 213 594
6 318 338
310 167 536
131 359 686
26 289 988
265 20 100
97 94 680
41 5 379
114 320 533
106 184 24
267 350 724
151 296 993
273 31 868
232 290 331
37 48 450
78 177 542
27 54 662
148 165 329
31 245 345
296 40 406
237 64 331
327 157 225
337 253 528
144 48 640
40 148 104
355 313 246
288 302 121
354 199 909
32 190 557
213 82 216
122 214 963
203 306 215
363 17 381
242 36 657
51 8 503
9 193 932
154 326 359
114 340 423
171 175 719
217 296 147
313 102 217
110 203 103
241 360 944
150 157 990
284 358 787
145 183 959
98 148 855
359 244 706
190 122 657
160 86 417
62 210 131
290 189 629
158 222 782
154 178 386
65 209 475
248 204 69
324 123 592
304 202 544
136 170 288
34 196 591
234 173 845
108 9 109
298 67 409
33 76 473
58 35 592
105 334 239
302 215 70
39 283 420
108 132 667
331 307 -9
230 263 855
247 83 761
358 362 46
294 263 542
5 150 135
66 53 804
170 244 624
7 11 549
312 297 349
155 130 727
338 52 343
292 191 358
307 134 539
304 94 365
226 47 127
325 158 868
149 138 955
326 159 17
183 359 475
254 29 424
128 176 281
230 247 561
215 188 800
305 74 30
74 345 206
141 270 645
334 341 972
33 285 218
140 9 251
8 179 537
120 158 158
356 175 532
54 306 126
202 97 478
155 348 183
218 217 580
42 134 429
108 135 936
22 143 870
243 79 639
142 228 164
315 120 871
361 148 574
227 257 544
191 157 553
26 113 513
24 24 241
155 38 289
226 169 632
178 66 697
336 108 8
118 69 371
292 297 538
111 138 799
338 99 879
364 236 411
208 77 561
105 300 680
276 91 240
279 223 626
138 58 230
20 302 527
296 304 471
366 67 455
318 124 498
293 334 461
87 71 249
147 273 677
341 322 260
208 50 784
157 249 290
1 204 34
48 47 449
23 249 787
268 289 487
55 1 543
296 269 170
142 76 946
122 360 677
116 181 483
124 191 23
91 323 438
43 323 227
93 92 478
193 272 845
244 262 130
129 71 155
59 231 183
1 211 461
85 316 231
293 262 46
11 323 703
92 65 254
213 180 842
207 366 974
308 17 475
17 57 525
236 329 20
111 230 424
360 305 959
310 160 338
138 52 891
52 297 927
198 181 35
76 18 255
218 99 637
284 321 265
215 77 900
295 267 879
242 344 594
233 285 549
188 157 262
174 160 761
80 186 316
304 285 81
224 364 92
144 119 832
356 305 921
191 186 393
119 213 424
280 47 665
109 173 14
358 240 907
150 295 307
186 203 506
157 189 178
135 144 535
114 342 292
39 95 279
314 239 738
49 179 877
294 168 85
23 32 969
91 139 388
113 244 829
61 230 587
4 221 190
138 248 902
345 88 189
29 4 249
143 9 221
64 206 223
179 84 420
258 327 320
359 325 531
346 147 648
178 180 356
293 175 470
47 64 258
116 272 133
197 115 68
204 258 656
106 365 395
279 151 354
284 120 176
25 280 256
310 192 277
55 20 791
134 98 116
330 5 862
143 162 833
173 6 884
116 234 937
241 345 939
219 200 429
73 234 121
269 192 211
167 340 185
5 362 214
70 195 255
64 226 841
13 179 667
63 115 750
176 242 784
2 239 602
174 103 137
34 239 122
118 23 766
220 65 441
70 323 704
309 190 722
77 102 612
188 125 128
358 55 279
248 209 251
92 342 61
250 127 5
13 156 399
228 323 696
191 127 918
37 245 609
331 311 265
34 197 97
154 313 974
103 206 942
169 198 84
56 328 224
282 201 146
280 121 195
140 189 23
185 109 316
305 358 690
9 319 777
181 338 728
185 15 15
238 169 507
275 26 554
167 275 659
143 39 32
41 84 190
77 336 647
4 60 567
209 68 269
266 236 971
193 2 972
116 172 396
74 274 597
47 109 8
157 275 477
231 309 661
85 17 87
347 363 83
151 226 500
336 259 655
50 104 244
194 121 828
131 206 514
48 274 749
239 336 705
242 354 214
291 349 813
271 239 980
303 22 509
202 353 460
112 296 143
88 300 930
144 43 47
40 275 211
192 260 764
231 84 298
272 192 368
26 365 667
253 112 478
1 5 278
173 193 455
62 24 488
41 168 901
67 124 109
107 312 294
265 249 754
128 27 49
1 4 267
127 178 923
254 283 321
346 184 867
366 37 531
198 117 90
56 147 139
143 114 791
193 170 839
292 281 354
91 73 746
59 130 510
116 11 815
20 219 528
245 237 858
180 38 688
54 163 208
165 51 25
167 266 449
260 272 213
65 311 833
20 237 314
361 322 415
315 218 555
14 267 893
308 261 481
181 129 836
218 138 277
154 185 978
143 176 712
261 121 664
320 307 755
282 319 166
270 110 392
177 31 853
286 256 990
219 252 715
144 215 635
343 268 632
337 215 346
266 280 964
18 23 850
134 100 820
239 309 317
96 67 529
293 246 397
271 143 292
127 258 955
56 59 780
22 336 349
123 250 160
235 197 948
81 13 985
124 102 456
253 317 224
269 167 449
193 131 193
186 247 665
35 362 587
54 13 667
124 76 240
194 6 729
356 96 299
37 66 590
135 51 341
231 211 328
232 49 761
203 324 422
267 133 988
50 273 919
276 310 125
315 299 898
125 203 676
43 304 821
115 301 894
87 238 836
100 176 245
218 176 486
240 78 110
29 231 437
237 154 168
99 195 715
44 282 124
61 270 748
222 297 542
169 234 49
2 34 871
322 29 287
75 189 679
80 236 313
55 116 480
110 289 319
30 163 216
173 219 526
300 310 76
180 178 87
67 322 695
208 349 605
195 307 384
264 345 288
269 108 613
335 265 501
158 104 79
240 312 7
212 104 620
342 106 545
180 184 759
325 341 541
63 60 611
364 281 708
286 218 837
10 139 953
153 78 113
93 207 736
144 228 830
173 188 8
239 206 991
219 218 752
68 179 592
19 112 501
293 99 478
241 84 120
236 310 449
98 101 7
138 97 269
271 137 952
58 310 873
343 10 907
175 1 639
118 361 899
88 93 213
93 67 229
34 132 237
102 59 452
29 191 744
248 366 753
271 163 239
25 181 472
337 3 651
356 228 848
266 142 702
328 164 508
362 296 928
178 274 80
133 263 727
207 81 634
14 262 192
178 230 727
364 315 622
23 6 834
15 75 983
31 7 267
240 301 427
281 114 358
99 26 864
344 343 811
289 321 200
166 147 152
264 266 126
208 198 213
114 272 73
114 363 636
107 104 479
47 235 886
112 124 865
330 105 222
218 237 828
226 9 942
61 228 758
130 347 711
150 149 294
319 304 542
143 335 761
209 153 505
69 226 298
366 112 899
40 44 921
357 234 997
319 127 279
26 13 914
192 361 85
336 277 252
201 174 768
285 13 331
13 53 13
314 236 89
221 147 397
198 120 370
340 31 216
114 267 806
23 192 134
240 108 755
210 13 690
11 350 141
265 240 364
90 294 151
309 157 621
188 332 123
210 174 495
350 352 880
251 238 211
39 160 79
135 230 714
121 16 965
150 333 133
177 345 738
284 130 534
137 108 807
28 126 463
20 345 900
217 168 871
352 95 875
42 261 299
274 258 872
295 206 453
199 336 947
241 272 536
271 196 196
3 274 368
5 107 520
97 210 153
176 325 808
325 243 822
219 78 91
81 189 68
250 4 82
110 287 784
361 130 794
349 145 273
155 163 256
6 52 717
269 41 357
39 345 527
64 204 466
52 225 537
39 104 758
274 142 242
224 346 523
338 335 523
277 284 887
79 261 932
262 286 176
258 67 497
129 257 437
153 319 593
219 308 90
244 62 259
4 100 45
33 59 859
73 217 536
76 366 517
342 159 -10
216 285 951
101 200 636
298 274 711
58 328 805
104 107 480
28 298 97
117 34 911
23 86 963
88 40 620
142 13 401
222 254 719
341 178 16
292 193 847
302 311 274
160 52 254
213 236 391
208 138 345
287 163 988
111 177 363
156 337 435
5 139 148
300 220 632
52 61 717
61 307 822
20 145 539
172 229 764
59 10 967
50 324 916
304 256 898
233 90 558
196 216 11
38 219 683
229 4 745
3 320 803
351 321 411
62 210 23
217 159 26
302 124 384
343 85 450
86 36 932
151 154 0
184 2 86
331 48 110
336 12 623
205 22 999
178 157 297
32 251 259
308 33 69
332 202 686
315 163 589
188 98 802
261 126 208
361 169 37
255 4 137
156 20 236
126 276 80
320 121 903
288 166 752
88 297 197
263 122 539
237 356 253
357 213 739
318 113 564
67 225 350
225 75 358
77 196 213
201 41 142
126 111 996
364 307 930
307 90 303
33 3 349
98 111 625
137 280 567
351 165 242
154 77 299
43 129 6
192 242 675
151 309 936
362 265 302
28 225 557
245 283 831
357 134 437
75 311 444
116 240 676
117 303 462
35 252 245
86 11 737
142 291 321
233 112 6
263 279 416
240 165 154
307 148 797
131 273 416
341 239 845
2 209 538
8 165 60
201 195 256
341 127 227
260 231 75
134 179 886
254 325 453
148 262 673
106 353 812
329 22 914
219 290 156
318 227 879
4 62 194
319 365 543
114 62 992
111 344 821
332 314 242
131 267 669
196 147 67
131 18 100
298 309 251
328 220 100
340 219 219
141 248 187
330 263 841
304 100 565
261 307 471
43 10 992
18 30 620
242 252 619
130 297 603
334 228 714
34 66 416
319 343 794
71 288 940
149 4 101
224 197 711
158 205 436
152 28 993
228 156 661
129 338 267
86 304 751
237 70 919
273 238 534
346 203 37
251 221 216
117 257 644
9 137 542
275 6 68
62 40 311
362 250 810
146 322 950
88 41 283
25 357 761
354 342 688
82 241 168
116 113 687
2 250 128
71 299 635
288 171 310
66 51 51
199 60 251
228 261 966
244 141 708
73 319 710
171 87 140
178 290 256
248 162 645
126 81 365
9 179 761
277 289 305
350 221 987
175 48 346
82 143 866
125 180 252
319 83 558
225 23 476
278 85 716
20 82 241
357 290 464
86 261 370
280 76 474
262 73 827
263 8 655
364 117 751
316 306 517
96 318 86
27 106 938
165 95 203
364 353 368
150 88 345
58 58 919
302 144 866
185 308 906
43 294 430
190 272 331
357 299 217
18 43 170
7 142 484
216 324 71
18 264 681
151 299 919
155 82 803
319 47 701
260 247 412
196 148 79
196 61 334
185 354 570
334 332 863
60 76 22
53 77 461
19 82 691
151 269 328
141 272 632
52 113 394
327 110 131
194 141 554
37 51 869
21 309 663
271 242 168
129 18 656
147 89 823
68 357 90
317 245 784
215 325 152
246 167 57
18 32 747
288 314 572
278 297 85
248 197 109
127 235 356
326 88 391
324 84 811
127 295 39
60 83 881
313 15 502
74 281 674
54 364 236
100 167 726
188 65 727
10 252 407
141 138 562
24 248 548
364 235 670
272 347 944
162 154 499
2 59 560
29 269 572
58 266 781
203 53 133
272 213 459
303 31 86
306 91 100
328 341 677
74 75 450
161 320 253
285 148 308
206 71 439
184 243 186
96 95 161
310 89 530
316 189 873
313 141 924
333 302 577
283 16 542
166 298 873
151 265 767
47 363 547
50 92 336
351 188 5
165 118 821
349 101 772
218 64 291
116 119 43
133 140 765
276 47 223
52 326 725
359 124 556
233 54 33
113 337 302
136 313 624
206 138 650
177 84 515
67 143 485
346 62 686
320 225 253
280 98 998
208 61 231
55 209 942
79 227 223
19 45 142
266 99 688
144 9 301
195 305 117
124 337 157
151 211 247
297 85 102
244 335 905
290 221 274
196 228 6
269 348 883
61 347 126
3 219 671
305 131 166
33 75 518
1 257 402
137 189 952
213 69 627
192 271 165
285 111 946
264 81 710
164 335 43
142 4 23
307 278 650
264 65 128
7 215 172
39 285 356
68 56 371
293 157 198
204 221 388
161 156 416
258 87 691
77 363 720
337 4 378
103 222 689
316 248 498
118 18 328
50 45 337
195 36 767
258 167 949
156 190 724
319 356 442
365 27 863
42 223 323
237 366 546
245 29 764
308 223 518
329 348 90
95 144 703
196 269 350
285 331 308
205 228 508
194 138 966
71 287 340
207 226 773
92 292 455
84 94 751
147 34 344
364 23 999
236 273 1
273 334 906
242 205 467
268 134 740
269 164 810
132 332 270
93 325 371
258 299 373
3 63 302
288 172 660
31 314 66
263 160 531
363 252 448
348 306 917
277 224 733
137 185 340
215 334 874
58 50 509
234 195 936
32 253 99
125 258 818
342 240 246
185 349 598
364 204 441
50 142 552
50 136 864
170 208 896
141 19 104
324 205 850
254 84 766
213 32 454
119 28 873
216 54 569
339 178 748
120 39 519
191 75 454
71 2 936
185 345 950
158 151 306
144 45 718
133 38 711
283 53 49
64 219 718
327 213 749
149 154 816
123 68 883
86 194 867
323 91 510
71 349 361
10 362 765
119 3 945
239 34 428
338 240 636
169 54 844
59 31 754
140 243 241
51 199 379
94 200 932
124 157 352
28 362 411
83 245 866
54 192 483
344 215 998
222 81 839
352 21 918
143 122 532
332 217 215
43 212 680
288 79 955
301 16 75
63 117 641
356 350 725
171 270 908
67 198 298
336 78 890
329 205 481
14 245 130
198 311 464
136 352 125
238 53 949
273 69 87
258 31 958
192 65 97
11 43 192
230 297 93
247 134 825
335 76 355
326 141 479
52 248 992
212 115 660
142 320 392
357 117 524
243 274 573
284 336 133
243 245 757
71 126 782
125 267 462
92 197 150
59 13 529
143 197 154
115 75 76
42 146 683
243 356 164
212 221 813
110 158 824
101 226 805
184 352 946
341 249 385
250 232 931
342 128 382
277 310 301
150 166 410
177 255 143
209 129 241
276 77 862
248 251 528
193 310 930
13 327 155
206 153 222
168 229 723
90 103 161
156 36 188
61 174 446
225 241 414
37 343 155
351 227 928
93 218 333
168 204 14
198 89 9
201 196 384
243 134 568
253 317 131
315 40 943
135 304 381
104 46 241
37 107 66
275 60 335
184 126 289
306 245 175
68 34 282
152 110 724
63 54 812
81 51 502
240 364 512
169 102 969
341 82 617
253 198 16
337 60 862
120 216 288
277 70 866
46 131 824
147 50 325
173 140 728
139 62 843
319 72 894
97 215 557
182 360 982
47 76 590
64 191 118
340 87 18
333 241 23
266 196 63
67 221 371
22 142 281
37 143 478
278 108 20
316 285 20
112 163 86
366 140 989
40 228 499
320 68 350
339 316 826
4 214 30
49 31 824
237 218 116
6 234 549
172 116 149
71 119 697
243 277 83
343 30 783
48 61 51
124 47 -7
6 273 699
113 133 229
288 29 119
172 364 921
354 12 229
139 24 113
243 200 149
187 12 547
51 300 483
204 306 5
121 348 456
182 155 568
341 117 620
125 155 377
121 257 522
308 78 786
203 209 249
316 223 901
349 244 277
299 216 709
95 75 115
277 8 375
304 293 143
14 77 623
257 198 823
147 247 898
275 207 784
328 14 296
314 91 86
355 72 285
76 170 417
271 20 449
238 243 391
331 167 234
205 220 -10
293 266 820
310 250 69
6 189 269
220 239 392
155 350 81
275 70 281
352 85 669
163 78 136
183 98 857
365 50 220
141 224 536
84 153 952
211 170 368
102 274 222
12 98 329
40 212 361
121 213 70
298 254 547
166 12 433
163 85 76
104 169 658
163 103 231
47 314 772
111 293 486
267 303 885
292 341 906
341 24 394
332 153 376
295 227 914
97 100 55
121 76 129
295 54 149
249 333 637
31 253 49
170 213 377
345 207 696
364 298 11
191 203 355
345 143 -4
2 144 545
189 43 895
87 28 942
141 84 188
326 90 398
96 333 718
300 78 198
287 120 776
333 290 279
266 3 569
226 161 525
347 291 540
339 249 743
276 69 856
286 27 332
109 307 491
289 275 878
229 286 234
200 246 597
42 330 585
91 280 415
321 212 651
226 171 821
353 257 227
48 309 522
89 145 880
52 337 643
73 287 152
201 320 563
13 84 943
320 350 286
262 291 553
252 117 991
364 77 51
344 193 605
213 82 694
276 318 178
152 357 734
223 2 348
315 211 527
323 309 615
286 254 446
197 135 370
318 362 289
115 159 567
107 348 459
34 346 297
160 19 212
330 242 359
25 286 639
218 140 170
48 133 608
19 19 58
309 293 718
318 263 877
188 233 111
287 181 938
297 253 992
120 140 308
75 312 647
55 103 825
134 299 162
94 37 73
79 342 775
349 172 297
237 315 902
181 172 240
54 319 428
330 187 171
177 70 910
164 212 503
318 130 99
208 318 914
156 217 289
357 169 445
94 323 544
68 43 301
160 24 32
58 71 392
54 362 338
262 261 792
204 139 930
342 269 884
33 216 80
337 189 465
222 146 791
146 108 164
228 97 949
329 263 211
81 154 739
239 74 937
181 26 999
178 293 699
108 333 873
4 162 270
127 124 824
210 75 46
140 336 -4
27 216 120
99 273 21
200 217 568
250 33 672
88 206 768
293 79 81
342 19 474
32 194 222
16 360 234
299 92 978
288 133 187
154 318 895
121 221 464
31 260 976
347 318 136
298 57 231
197 64 256
99 159 258
110 207 821
246 56 92
190 113 629
105 127 568
344 148 812
200 199 201
220 273 693
322 227 479
232 152 200
76 335 629
226 298 435
307 348 406
320 161 22
225 94 735
325 127 629
119 140 29
160 364 217
330 132 744
351 151 582
52 293 165
254 238 545
162 87 208
98 159 358
40 357 683
82 332 415
76 203 859
157 90 113
157 254 157
90 129 674
337 61 66
102 68 306
291 229 641
234 169 318
225 132 737
55 366 823
53 118 969
224 138 310
45 152 104
323 262 47
236 208 698
318 297 824
120 308 55
269 240 811
344 364 398
77 151 183
13 178 83
41 126 432
347 161 365
362 219 20
47 86 -6
333 2 185
77 159 750
114 105 606
275 277 609
45 188 299
180 26 568
211 87 716
120 282 203
218 127 912
265 255 343
199 276 801
312 85 781
265 213 542
195 125 333
122 31 758
254 234 160
146 15 945
316 87 815
262 125 200
299 5 85
78 91 589
295 364 433
212 205 981
278 196 303
96 35 370
108 324 185
117 362 454
230 26 473
226 291 362
176 9 637
293 57 475
74 119 757
169 78 81
325 241 165
238 93 718
49 36 406
3 73 232
65 366 319
310 145 528
172 222 393
352 232 456
164 188 187
322 63 703
120 41 660
25 154 696
198 182 904
186 284 25
93 176 962
40 309 451
116 319 296
220 335 643
232 334 823
182 241 849
90 284 262
68 296 803
17 82 911
94 178 848
363 68 956
203 314 951
217 62 -1
248 360 31
54 29 899
119 30 209
18 205 345
213 81 793
269 243 355
154 189 743
3 289 214
100 238 708
98 289 418
331 41 93
228 143 973
170 285 517
136 135 449
49 279 61
248 334 975
282 288 328
40 229 469
198 138 519
246 228 163
59 328 671
129 31 409
123 210 505
336 261 232
31 65 390
88 162 564
210 5 410
362 306 232
34 101 340
351 321 416
105 79 561
238 179 172
192 230 567
322 38 3
248 219 756
8 96 214
180 213 25
230 235 77
187 206 531
348 104 213
277 224 799
55 353 970
14 323 94
74 327 27
151 103 836
122 226 971
286 122 748
161 171 867
228 159 807
132 19 427
324 294 265
55 362 165
289 312 -7
181 305 131
342 99 519
216 44 199
85 286 580
30 54 518
29 306 248
343 16 237
101 273 465
230 357 279
293 321 232
123 234 135
301 257 102
176 122 842
203 94 583
12 273 401
132 86 245
113 333 154
82 112 633
354 84 576
366 76 771
329 284 263
144 295 253
335 57 845
90 81 232
96 152 312
45 284 426
113 249 544
172 253 78
14 2 858
324 152 29
57 250 348
53 76 242
121 148 484
288 107 877
272 284 696
308 362 112
114 19 488
185 95 195
267 86 359
99 134 386
290 21 860
97 96 448
178 354 987
9 364 681
176 284 789
174 181 199
181 141 873
226 144 38
192 361 904
18 58 61
258 253 174
8 297 506
129 149 818
333 10 485
70 347 334
12 231 880
130 295 828
13 94 722
7 158 990
134 41 36
135 355 234
73 27 815
21 174 128
282 125 560
55 245 818
175 318 869
84 34 418
271 332 696
75 137 922
295 112 363
204 81 66
109 339 850
4 18 839
12 352 611
338 137 889
335 134 124
107 257 -3
69 293 27
311 295 649
124 67 73
27 250 38
154 45 528
27 193 406
287 181 711
205 68 870
30 197 807
59 322 417
290 92 815
358 148 241
301 311 462
79 331 548
95 363 974
323 145 777
144 280 274
95 210 449
123 145 703
323 124 661
297 191 503
229 167 40
169 67 192
222 313 0
212 30 319
45 218 905
323 178 919
5 266 449
343 103 950
64 259 848
306 224 983
87 159 539
293 42 -8
336 140 245
223 178 302
260 225 211
110 321 859
203 134 253
347 217 687
293 48 229
268 218 380
20 2 127
24 39 602
240 303 529
333 306 538
350 155 390
84 224 875
147 42 448
303 44 204
37 132 311
315 224 988
9 88 840
294 194 325
85 221 526
229 85 948
213 93 101
70 14 731
52 291 146
254 294 355
169 331 745
275 168 465
219 197 231
244 245 977
331 313 707
156 240 475
161 269 953
53 297 702
305 104 515
200 270 639
90 299 745
304 62 773
59 195 37
318 17 179
337 42 714
330 86 277
308 360 964
187 35 819
30 36 773
10 156 499
226 363 636
53 337 681
125 354 186
14 55 404
93 37 172
366 135 860
88 364 330
89 99 524
119 129 306
335 87 436
33 239 665
141 211 513
94 250 311
316 343 933
209 226 288
168 52 44
96 208 446
227 191 840
159 126 663
296 345 1000
121 8 837
207 345 14
230 150 217
25 210 194
363 89 779
209 7 770
166 339 735
58 69 887
172 42 962
208 301 48
51 82 768
258 220 289
230 166 226
284 253 391
358 253 168
27 251 73
129 103 983
45 29 159
50 291 493
143 93 429
23 90 730
238 75 958
319 94 446
117 138 811
271 343 267
91 268 997
356 161 831
157 352 926
105 247 681
239 211 995
276 113 258
215 283 934
199 216 127
9 68 987
340 301 856
101 167 329
117 115 852
247 124 135
100 319 481
365 29 140
314 176 600
6 176 645
222 266 947
145 206 475
276 18 255
220 201 8
339 308 838
348 235 688
72 141 444
17 335 70
118 19 993
216 159 95
125 141 137
21 141 625
324 315 863
9 137 350
193 289 735
195 50 666
340 20 568
212 355 789
286 73 564
174 351 525
246 212 754
339 222 794
127 143 95
27 297 848
146 180 325
157 63 96
197 304 205
225 342 306
173 240 467
11 2 833
103 348 125
349 70 612
280 2 381
70 64 694
336 109 740
170 334 207
359 55 938
55 205 407
278 329 65
260 189 747
76 10 943
313 20 60
166 156 106
82 12 935
234 119 591
47 108 85
256 239 423
300 101 586
231 231 99
86 64 235
129 264 335
86 67 747
11 334 59
200 163 331
122 210 826
96 365 470
303 64 232
89 294 214
73 244 737
327 173 737
79 322 830
98 102 227
200 345 404
30 138 342
122 260 814
19 64 37
218 135 436
133 247 980
13 327 897
17 45 269
162 46 855
363 309 677
330 90 918
97 137 893
336 354 90
216 286 145
148 113 23
42 365 619
323 279 694
167 204 123
24 251 579
81 283 666
273 334 260
188 65 422
175 239 785
358 135 354
162 251 397
317 328 890
353 226 984
71 321 800
321 324 420
33 334 522
283 135 643
288 201 760
228 337 202
32 166 804
235 316 509
325 133 881
273 4 21
285 85 103
40 257 125
289 222 514
231 103 170
296 152 872
364 321 418
107 186 58
94 266 75
109 92 430
167 110 908
184 358 905
31 34 240
160 92 709
339 5 80
15 155 430
14 20 586
29 280 852
33 5 702
38 275 269
121 246 727
79 294 476
100 152 489
302 104 157
256 261 336
226 141 351
304 360 341
288 28 90
243 61 288
277 311 941
312 221 327
29 24 860
156 203 168
209 272 115
51 335 878
47 303 935
98 131 152
227 229 33
291 75 89
172 109 204
255 234 180
237 303 150
284 289 623
228 116 737
218 63 492
331 304 975
115 6 125
166 10 580
101 115 529
363 316 602
80 112 851
98 89 560
207 109 534
283 40 819
68 121 284
126 107 626
329 80 676
136 197 318
97 50 545
265 293 983
336 356 393
118 133 952
179 78 734
264 160 231
269 299 981
193 81 283
291 251 347
337 59 209
147 23 759
127 281 996
149 128 394
335 44 352
23 120 275
269 99 703
286 189 225
4 137 400
188 281 244
259 358 260
309 148 642
158 334 200
150 241 244
310 30 213
65 184 249
129 57 630
303 299 778
347 136 859
116 40 543
152 69 755
101 7 774
208 91 682
211 184 273
274 328 196
227 139 189
100 236 519
342 72 600
258 176 607
293 321 296
16 4 149
141 162 588
251 306 547
61 326 221
220 97 58
362 164 373
6 344 688
237 244 398
8 329 19
182 73 591
349 23 236
57 198 657
135 253 961
63 183 385
60 289 691
157 6 307
356 266 410
153 191 991
242 42 973
271 68 450
356 66 68
185 306 100
321 360 187
255 296 333
236 293 957
273 27 350
103 183 721
101 152 467
90 155 307
94 236 60
109 198 609
121 109 122
298 80 680
100 257 457
122 27 249
115 103 870
101 288 367
42 41 508
223 237 611
261 239 211
337 121 314
149 187 165
149 198 206
168 192 374
283 2 209
125 331 489
340 8 727
103 246 293
156 282 638
12 124 -4
312 277 12
104 275 302
350 177 178
70 55 532
154 165 118
123 215 191
358 306 212
114 216 831
86 33 415
120 169 503
360 132 192
195 80 956
88 340 738
63 163 535
176 130 635
333 347 90
197 293 126
115 161 547
165 337 827
289 14 496
126 307 875
14 260 895
182 42 120
63 270 344
7 103 204
27 328 883
164 207 367
304 199 971
181 226 631
229 16 53
154 26 256
187 101 239
190 88 312
40 226 529
127 214 147
140 136 458
248 95 577
325 9 180
175 176 912
79 287 56
138 188 865
142 134 516
30 164 298
122 271 413
85 165 169
240 232 574
356 108 989
141 160 362
258 29 745
109 282 469
206 147 774
9 51 897
171 74 962
33 183 152
310 96 57
95 89 769
177 6 908
359 40 685
188 68 723
8 17 575
285 222 129
99 311 832
198 341 925
271 275 946
155 52 278
283 365 135
290 83 415
324 224 980
301 351 855
303 171 664
18 114 955
264 74 575
324 17 621
45 27 385
138 112 787
92 205 465
286 237 565
320 145 456
116 277 269
249 129 623
345 6 350
74 246 819
73 239 31
158 310 549
16 256 67
36 23 56
266 65 428
146 40 84
366 364 898
8 277 286
52 360 418
166 96 918
274 24 85
238 17 835
222 329 482
152 132 726
78 257 51
205 58 657
116 231 10
332 87 485
124 66 509
83 344 843
338 342 731
51 333 756
160 247 668
138 346 588
365 54 976
7 126 989
308 93 695
362 331 193
157 113 167
164 95 121
48 267 847
23 343 4
31 204 761
326 116 809
250 339 221
171 186 330
144 311 260
138 11 396
120 74 249
224 200 307
166 40 739
356 209 415
363 204 406
168 236 219
288 41 653
313 228 412
208 209 667
123 233 390
314 39 321
179 322 834
128 363 743
258 5 618
137 82 569
137 27 11
79 229 300
102 132 726
229 94 530
285 237 819
118 219 832
29 318 398
226 280 949
213 258 968
92 311 906
149 112 214
122 65 91
286 129 782
144 28 38
334 195 327
52 311 867
314 99 292
204 336 750
92 162 575
289 118 970
152 153 601
211 69 342
34 25 514
124 91 24
147 185 564
8 142 198
75 195 566
320 325 964
188 308 96
359 86 41
75 104 955
66 59 720
176 26 81
132 40 368
48 340 715
55 92 613
276 29 361
136 268 297
346 286 73
263 29 379
183 168 284
97 359 999
309 299 565
319 362 379
128 198 2
274 48 311
94 345 984
251 185 493
338 126 982
349 181 299
257 283 140
263 168 958
184 188 314
9 24 439
88 190 52
261 345 887
286 120 370
304 357 915
333 33 439
328 319 161
19 246 59
314 250 673
243 277 457
20 135 220
189 67 38
50 231 467
15 268 779
213 332 95
248 190 436
217 5 912
37 96 610
11 209 831
338 85 560
161 43 281
359 165 798
239 273 77
7 349 299
327 342 220
39 83 363
98 16 997
51 25 544
255 82 80
342 344 147
144 186 843
349 167 581
168 117 248
126 81 453
205 84 787
48 184 738
26 103 973
190 306 739
10 212 572
282 297 378
352 81 30
14 88 416
111 52 907
102 307 194
225 250 778
208 171 467
283 171 111
118 120 718
1 242 486
133 76 880
181 221 981
249 157 306
29 269 923
247 228 732
352 84 144
159 307 1000
80 255 387
88 43 951
38 269 572
267 265 704
207 40 571
236 150 807
320 115 961
300 75 255
253 341 635
162 42 554
225 291 635
300 138 620
165 346 840
285 150 747
161 25 168
127 354 106
238 20 426
231 52 188
159 341 435
194 337 605
44 96 930
58 276 126
123 68 806
364 233 225
359 248 391
56 199 606
78 358 948
61 264 385
287 319 937
190 50 675
196 47 355
300 117 125
220 291 991
312 194 332
348 79 297
352 356 774
284 340 983
303 211 481
64 106 294
294 324 121
137 251 769
222 19 771
254 239 643
37 8 534
9 358 753
181 181 675
234 126 851
355 235 518
83 3 806
168 204 90
235 332 927
140 67 376
362 257 942
193 135 533
248 264 1000
362 295 332
296 233 355
38 235 192
181 303 775
338 213 181
316 229 956
177 321 433
54 107 19
290 347 559
159 349 81
46 23 5
286 262 512
107 157 689
245 224 537
321 163 468
172 71 423
231 43 434
98 106 907
49 251 785
70 3 794
187 335 879
226 274 201
340 73 569
104 339 939
343 202 779
29 229 917
142 211 244
146 98 188
44 196 986
99 20 61
328 116 797
210 199 238
293 159 957
95 134 159
325 338 829
26 183 78
359 194 298
253 229 670
60 136 466
356 159 6
319 296 145
9 90 137
303 339 327
269 102 100
36 345 855
230 105 961
254 341 50
88 226 782
295 336 399
109 5 323
348 5 435
9 84 944
279 12 866
124 4 867
180 258 558
190 357 725
118 141 930
285 270 426
124 327 410
311 45 809
25 186 401
330 166 562
90 3 456
221 294 589
102 11 329
179 40 118
332 86 400
2 124 252
245 146 332
104 269 251
38 346 743
243 268 553
301 52 571
61 100 868
360 366 391
114 20 174
317 91 478
351 290 513
141 297 123
187 138 24
172 93 89
138 339 390
218 85 231
114 323 711
255 317 196
286 116 106
18 258 109
108 86 283
39 181 981
58 358 71
233 248 26
258 96 880
274 209 471
290 328 667
340 329 749
342 334 820
239 96 611
320 131 383
298 84 37
133 319 931
3 322 353
91 156 935
171 158 816
146 331 356
32 10 876
22 35 398
205 11 350
46 121 637
77 360 70
359 217 836
193 155 765
223 181 459
258 6 820
184 19 913
327 155 949
37 293 816
256 210 870
166 109 40
87 303 113
225 183 648
321 158 62
143 129 421
347 122 349
203 183 270
159 232 357
49 70 133
181 299 410
124 46 -10
142 34 613
246 3 521
313 351 894
88 243 216
364 81 542
258 252 350
59 312 309
149 24 786
12 298 8
266 267 487
351 12 23
57 324 856
166 175 395
222 176 975
224 193 663
315 328 876
80 335 333
149 180 88
274 15 980
81 220 958
335 355 131
215 314 921
251 148 551
2 102 687
55 261 686
177 326 401
288 113 292
48 17 688
5 272 720
315 151 818
323 250 46
93 204 603
325 343 19
298 51 812
273 189 611
185 354 830
33 50 284
241 53 439
120 329 398
18 94 649
181 257 705
215 37 727
66 186 973
206 156 680
196 264 798
186 350 431
90 90 982
160 3 427
182 34 888
344 283 331
124 288 589
293 258 72
217 347 803
107 323 940
137 300 360
7 259 630
257 45 399
338 215 366
295 285 0
201 66 68
103 254 364
350 320 234
100 288 149
345 191 691
283 352 54
277 249 948
183 276 -4
250 242 670
202 135 290
137 165 209
112 146 401
301 169 358
183 352 801
247 15 426
30 295 611
99 156 538
341 218 3
135 159 43
222 11 254
88 280 172
349 194 639
273 359 384
75 75 569
223 243 326
144 42 992
184 183 896
113 70 320
73 314 698
218 206 773
350 77 74
204 24 108
132 239 803
310 259 310
176 189 329
160 349 652
69 208 130
88 303 392
172 287 41
224 304 855
94 86 870
95 316 996
136 322 349
201 4 911
107 25 319
205 26 510
161 138 222
289 70 690
8 312 338
31 128 792
45 28 465
31 214 788
319 75 17
91 134 541
142 284 74
181 343 791
198 334 219
103 238 747
191 234 378
350 104 758
249 246 765
319 338 827
165 30 532
71 306 467
303 21 728
267 209 28
315 226 357
87 336 203
242 58 675
95 314 52
207 152 696
50 256 615
353 141 298
257 33 710
357 33 876
56 18 895
324 364 307
10 294 341
29 124 797
340 140 738
260 116 888
278 211 237
11 190 913
324 121 809
313 359 799
34 213 737
233 269 717
156 23 651
215 121 978
336 63 220
161 48 754
256 22 784
335 189 149
35 353 501
280 235 958
83 185 356
99 331 246
293 99 502
49 229 916
100 122 579
9 117 242
326 312 453
276 357 427
170 243 766
27 169 266
8 303 439
240 231 28
22 321 795
356 136 481
146 210 794
221 301 983
126 296 439
350 287 220
205 343 356
24 131 897
105 249 834
4 212 882
152 284 748
332 62 89
59 155 881
156 79 216
165 140 391
320 348 23
321 129 347
351 62 800
117 260 498
318 242 397
60 86 109
152 321 256
136 33 902
117 76 123
260 257 76
240 63 399
3 72 172
206 273 127
9 317 829
67 189 809
269 308 296
126 66 940
344 259 203
256 365 851
272 14 420
159 22 670
106 128 485
309 351 914
93 299 557
121 42 498
363 130 135
294 193 472
222 322 448
269 221 606
280 344 491
314 41 967
39 325 919
300 96 292
213 350 637
95 324 31
299 180 759
154 53 97
204 169 900
21 224 386
322 74 643
149 312 906
186 222 150
271 142 717
275 135 136
300 146 633
142 160 540
262 183 39
105 293 827
62 252 552
89 207 536
234 296 449
330 306 504
170 294 872
359 311 948
340 113 638
167 339 146
365 312 418
346 171 204
205 17 500
223 7 785
6 278 621
99 99 347
220 219 171
108 231 991
57 169 962
82 32 493
76 295 166
298 176 675
62 44 811
339 285 57
143 17 838
166 251 134
95 251 163
318 7 829
60 185 526
128 264 611
123 160 921
237 114 777
214 248 550
231 155 896
158 63 205
76 225 172
163 64 545
200 203 169
88 254 401
251 33 855
28 111 59
119 326 158
159 308 369
1 17 224
262 360 159
282 96 980
81 39 784
108 257 993
186 300 679
168 27 937
109 287 845
257 263 483
46 73 247
33 220 103
338 361 476
324 277 649
3 28 102
12 163 619
173 61 927
247 134 436
273 288 968
34 199 462
356 239 828
316 187 546
268 144 7
279 62 858
259 263 859
319 284 6
347 290 162
142 129 759
90 67 467
18 270 609
106 210 759
282 186 314
201 14 974
104 17 130
19 258 305
170 75 744
359 73 97
115 286 413
147 37 920
100 325 895
268 82 784
83 132 714
62 76 649
41 202 250
301 86 724
190 356 201
104 284 27
237 200 220
356 15 176
18 103 552
168 114 456
252 7 136
310 3 285
120 358 28
230 283 490
310 97 23
246 194 923
136 270 754
115 303 227
331 211 971
251 70 202
119 51 694
128 87 374
125 362 115
40 70 66
23 270 946
220 15 245
218 5 493
199 22 482
206 230 916
185 40 92
6 163 232
353 197 241
343 113 374
297 150 423
350 290 448
27 53 116
194 276 784
237 179 588
78 364 505
218 278 568
225 53 646
236 223 683
51 148 530
284 115 809
353 340 269
205 53 961
158 76 500
348 139 419
91 287 767
38 124 390
144 211 860
363 133 276
291 337 285
238 116 739
83 176 498
258 305 891
173 133 282
84 249 270
196 148 872
78 234 420
297 290 352
277 121 24
59 233 477
35 24 436
130 310 229
254 3 578
315 93 394
129 138 769
313 215 496
357 295 173
54 333 100
312 267 484
109 347 983
28 307 431
52 218 42
76 172 288
342 1 624
66 306 107
275 318 512
78 89 369
32 341 693
220 107 22
349 310 292
134 175 501
112 76 813
45 287 852
113 85 786
140 82 466
44 113 558
13 223 748
344 234 802
128 143 168
231 229 313
280 66 255
337 127 527
256 145 437
317 201 269
356 328 962
16 87 634
286 298 68
259 341 535
193 316 28
172 328 711
52 288 606
164 12 599
17 190 743
196 115 112
11 212 478
145 18 795
105 207 922
68 23 578
271 208 738
173 324 999
73 149 710
345 87 345
146 264 669
76 41 831
13 117 55
289 30 643
7 34 236
124 262 335
50 338 213
284 139 923
281 153 237
76 58 502
275 346 331
121 73 357
8 222 240
100 73 74
53 72 162
308 143 870
324 82 66
228 17 625
99 146 590
301 295 501
113 55 534
352 319 184
299 168 872
365 246 331
212 44 137
354 79 938
296 335 451
79 309 902
197 7 894
202 203 409
227 145 232
104 192 906
1 141 146
121 362 879
230 242 708
207 157 747
303 189 267
28 281 374
199 303 361
344 241 426
303 238 861
141 272 851
331 290 80
352 183 164
118 339 868
136 311 430
189 290 171
196 207 659
80 252 939
32 305 368
194 163 250
222 201 373
147 38 790
70 59 501
148 307 150
103 345 857
226 63 676
189 141 133
281 21 818
179 333 55
54 91 603
51 352 373
271 193 589
13 142 789
190 23 804
146 161 835
47 261 49
91 127 508
227 236 332
120 168 771
109 224 501
216 225 383
333 270 243
189 106 612
84 356 714
112 242 497
359 155 140
121 294 26
313 167 580
179 185 779
262 280 108
38 125 108
257 121 791
61 192 22
88 133 746
171 38 238
338 203 521
219 157 998
243 289 30
10 4 48
26 362 552
154 224 69
276 17 544
224 186 134
186 64 427
216 220 612
228 32 701
186 55 745
203 55 958
51 100 956
272 235 504
187 350 285
268 148 998
57 212 583
129 74 806
67 309 -1
205 99 814
278 141 832
213 256 414
327 40 476
322 319 57
28 288 36
231 67 477
230 309 180
337 313 10
344 320 480
106 231 212
151 307 498
190 142 64
43 245 614
241 229 655
315 79 141
185 130 999
261 338 401
216 241 13
72 342 484
91 335 168
228 6 71
45 96 61
244 272 149
192 101 240
363 33 399
179 338 645
217 45 861
90 25 369
16 284 447
129 211 196
198 78 549
177 106 468
71 213 158
180 36 536
333 341 848
271 203 192
108 97 754
300 189 970
61 259 816
132 227 548
271 182 874
102 177 825
83 257 436
79 104 222
313 204 793
59 108 687
272 202 40
237 357 822
210 175 -6
244 96 739
166 313 96
355 273 585
105 188 644
313 182 515
26 309 631
291 227 106
92 125 549
363 157 605
251 6 617
131 104 443
314 184 681
266 333 394
298 121 102
116 142 367
301 350 87
323 317 435
285 264 208
253 178 886
68 112 839
311 151 392
11 30 574
108 270 28
78 356 719
108 297 755
152 117 512
314 123 756
64 364 789
191 75 910
352 214 922
328 188 228
24 244 240
117 118 204
56 211 985
79 294 81
252 206 478
39 181 142
6 247 95
291 93 838
167 267 892
58 314 841
85 3 617
63 97 906
359 7 424
317 39 704
21 173 361
281 269 715
190 45 774
363 132 513
364 46 34
224 37 420
203 30 980
236 136 211
296 166 756
77 171 671
8 315 734
288 135 465
292 67 258
164 29 175
210 128 540
295 312 883
89 357 385
275 55 406
249 21 785
28 238 155
21 325 945
139 106 911
254 339 79
278 29 684
68 181 293
265 257 976
304 36 446
217 7 771
134 274 45
100 241 154
217 106 993
146 185 466
240 69 646
147 66 155
286 281 572
327 194 886
236 17 611
322 124 893
304 52 556
302 247 914
20 255 268
150 220 759
43 69 104
67 253 628
168 105 176
6 278 239
138 1 718
59 38 833
205 169 1000
135 357 582
197 142 94
255 216 709
62 5 73
266 126 253
45 41 906
18 146 573
190 188 217
80 254 875
256 253 880
344 143 936
30 197 264
287 161 965
174 24 105
183 340 652
206 176 838
184 114 119
101 107 418
295 222 529
341 187 533
295 341 602
282 358 522
226 259 112
172 133 364
52 19 907
349 309 399
45 276 393
342 210 469
264 121 568
216 160 605
281 254 776
349 57 479
159 300 487
18 122 113
134 284 427
314 329 787
139 67 293
238 258 975
194 26 800
312 275 619
70 314 372
304 37 799
225 108 127
246 195 732
17 120 354
12 320 839
340 108 657
150 105 896
338 18 132
253 142 916
171 154 30
117 169 491
110 352 48
9 258 -1
40 339 681
161 84 688
15 245 788
292 269 401
212 45 58
306 164 30
209 31 930
7 212 491
185 366 127
120 271 420
346 332 610
78 21 153
27 301 672
68 177 418
131 267 543
172 358 898
349 257 51
58 101 259
65 253 438
139 73 182
59 155 123
50 149 -7
287 253 469
74 249 369
331 117 864
41 32 661
38 354 -7
89 48 616
355 181 266
133 285 571
151 136 9
266 22 943
317 55 285
221 366 414
68 364 719
191 259 542
258 212 645
92 193 80
113 51 354
260 338 655
84 149 128
259 154 709
27 233 545
253 11 618
87 32 278
191 12 818
344 354 963
202 325 520
108 87 986
13 159 623
346 272 539
176 160 79
229 280 352
332 321 282
180 261 220
242 172 893
96 268 532
273 194 529
221 32 99
143 291 319
289 348 855
170 329 459
321 176 623
281 220 414
4 227 692
263 25 151
32 261 817
158 44 825
331 5 142
266 97 539
121 154 19
148 158 577
88 66 507
123 47 649
277 176 17
298 321 171
228 309 594
286 115 416
67 114 30
80 83 894
71 101 675
78 313 469
66 44 978
89 5 233
364 223 772
283 139 586
358 100 227
236 265 480
67 131 547
304 335 532
46 182 466
147 55 -4
53 63 746
286 61 297
7 298 306
162 361 104
69 145 563
31 209 449
253 63 87
31 81 341
192 314 771
43 100 224
175 247 119
199 204 459
284 22 516
235 228 84
275 330 690
323 194 973
115 46 721
342 185 527
193 34 272
145 113 685
313 365 28
78 153 38
145 275 954
296 317 375
276 67 179
195 278 258
251 47 292
93 24 837
293 62 263
285 215 221
100 120 967
139 304 782
218 339 527
136 10 446
329 206 473
38 239 800
81 176 954
148 240 197
109 138 396
248 333 979
203 266 186
140 143 21
308 78 541
326 231 126
280 245 235
93 65 917
315 252 159
350 352 521
25 117 185
228 145 578
51 221 321
148 52 140
24 28 314
16 12 365
28 55 254
55 51 815
209 241 390
187 187 772
318 130 5
203 176 -9
207 93 751
177 39 617
213 319 865
287 116 312
272 119 162
183 148 821
238 88 875
361 284 465
159 32 629
165 357 29
323 107 392
211 59 267
267 85 731
136 295 155
103 141 720
229 85 226
303 281 654
293 209 456
29 52 625
279 302 627
120 329 797
259 328 260
112 252 676
207 296 387
339 312 60
65 115 481
219 307 154
42 42 861
336 148 382
150 18 750
8 186 519
266 50 163
121 263 664
85 359 512
85 135 957
278 190 183
359 161 115
323 290 861
140 313 56
67 205 375
142 343 393
90 208 72
350 222 402
277 363 903
228 201 696
281 309 113
306 354 82
265 350 709
191 187 625
218 11 221
228 138 13
261 269 617
23 179 35
346 80 323
345 230 309
207 358 624
277 267 478
301 360 767
119 184 258
322 17 255
199 17 464
22 21 818
130 241 602
98 364 867
294 228 547
102 243 688
83 39 235
120 278 615
185 53 329
146 335 95
142 40 672
239 77 191
180 322 764
136 36 753
139 81 927
327 166 688
3 173 -9
118 107 697
112 350 57
42 320 29
229 62 380
223 71 442
191 274 293
323 156 339
101 297 886
180 96 357
92 360 222
357 133 771
37 30 758
297 71 640
134 8 704
126 317 367
5 128 75
302 77 183
197 82 106
250 168 455
140 307 325
350 345 261
109 93 574
146 26 416
125 26 335
60 141 714
130 237 370
62 348 388
192 178 356
332 49 127
112 273 354
15 349 715
62 294 334
13 274 450
48 288 974
302 28 741
337 56 503
167 45 596
265 363 765
249 258 777
274 265 513
41 169 31
145 308 571
237 154 84
279 100 120
157 202 16
208 9 750
325 235 949
137 279 889
326 167 344
351 244 404
173 29 758
190 200 40
300 138 323
291 193 290
226 224 863
250 133 394
119 343 171
216 243 966
230 281 148
364 155 78
317 340 103
109 44 589
170 88 501
337 315 26
227 296 525
308 180 937
125 154 463
16 65 939
87 280 506
156 14 966
111 313 752
362 163 170
270 307 285
318 295 223
324 150 981
338 325 46
251 231 230
298 256 209
50 90 751
146 274 815
218 352 205
146 127 246
7 310 302
155 324 272
235 3 363
220 277 288
104 291 9
298 325 264
161 81 338
361 299 253
356 78 408
349 239 575
65 93 759
356 263 615
292 148 38
362 70 304
213 121 905
353 106 244
2 87 899
221 356 468
1 11 314
3 308 359
350 161 983
101 307 241
217 311 924
103 94 729
107 225 703
347 128 239
58 164 467
338 316 594
42 285 285
111 6 869
80 30 941
240 194 46
103 31 550
305 37 997
195 20 103
9 173 12
237 8 275
333 249 660
300 261 186
292 277 192
326 131 781
137 48 128
179 262 901
56 227 75
203 63 773
133 111 341
71 80 297
12 7 87
29 78 427
251 149 713
150 352 837
209 52 812
181 204 762
182 245 195
66 92 162
130 270 522
338 51 147
226 182 734
311 166 474
242 310 44
162 330 334
20 92 928
184 44 921
134 130 416
34 173 214
10 264 188
327 294 700
3 87 592
147 11 843
252 155 914
27 7 552
344 318 434
268 256 105
297 205 775
55 49 399
266 210 974
126 193 208
311 26 482
192 362 275
252 331 97
222 20 143
112 144 19
279 359 803
283 139 656
348 146 883
34 48 906
44 113 992
303 246 157
205 262 661
228 23 330
26 184 865
189 90 30
234 221 396
324 116 415
258 77 697
23 80 93
303 3 331
283 199 188
94 92 536
277 138 490
208 339 934
313 230 220
30 184 945
257 280 555
295 326 917
320 350 845
109 319 889
353 151 82
192 333 689
173 54 38
266 203 174
261 216 314
265 246 600
15 194 141
8 178 295
50 349 650
144 2 483
167 47 685
116 118 229
264 194 738
329 336 827
246 127 365
246 106 797
313 363 582
286 72 494
297 305 253
359 295 822
248 342 650
9 337 978
314 355 302
360 27 266
232 141 33
249 242 35
86 329 781
46 363 977
181 126 906
196 27 581
11 183 574
343 3 145
151 63 623
287 294 262
218 237 209
206 251 861
271 289 594
317 259 700
257 165 732
220 112 339
356 17 356
318 60 275
203 139 685
68 41 607
72 354 245
213 96 138
125 5 749
295 146 57
254 102 773
358 29 624
96 62 700
32 332 736
244 96 230
217 14 919
102 345 492
1 61 263
212 15 358
88 152 686
287 144 97
336 216 604
4 316 852
110 299 631
181 1 271
172 209 820
217 259 145
84 290 367
199 132 651
164 257 540
104 229 125
48 274 827
231 211 903
271 274 170
231 8 480
329 5 33
205 244 764
160 126 543
267 39 235
269 324 27
130 57 698
55 72 651
246 19 600
96 103 694
77 63 866
205 49 912
332 51 828
70 283 775
137 243 663
150 337 657
178 340 867
46 6 842
134 70 975
165 45 460
51 33 971
362 141 322
59 337 264
225 285 64
7 67 682
333 173 941
162 208 87
139 237 566
176 38 396
59 176 496
103 178 922
313 264 696
349 355 675
169 327 445
303 169 991
123 302 828
43 201 662
122 33 612
309 171 460
107 77 659
246 1 142
246 209 629
321 229 77
306 295 646
44 167 329
317 74 909
59 127 272
86 280 887
6 325 89
247 159 187
53 143 727
289 215 145
5 247 240
350 251 76
338 65 792
145 128 428
77 358 946
274 362 453
328 304 343
354 64 928
174 273 92
352 237 646
311 13 942
323 326 490
204 252 310
184 113 70
192 334 687
165 121 924
322 66 504
226 234 29
99 4 29
264 223 255
31 27 530
228 123 911
39 201 518
3 206 300
148 32 311
347 363 69
228 282 311
355 270 990
255 354 671
197 301 9
234 312 474
254 215 945
116 127 -5
19 155 452
267 296 416
125 324 801
139 254 670
221 235 213
22 51 807
322 59 68
36 224 36
131 327 649
273 269 516
82 204 602
5 60 25
300 207 483
197 270 558
28 324 327
154 119 898
244 73 218
318 314 -3
120 266 86
207 120 563
333 299 502
254 50 341
322 199 608
293 129 783
78 350 834
316 79 233
17 60 679
34 112 490
88 309 107
247 279 197
71 301 710
297 257 566
276 47 161
29 296 533
84 354 465
355 333 150
244 217 23
68 103 665
59 309 432
234 41 541
47 298 791
309 138 919
53 33 968
190 4 873
46 185 734
36 111 728
258 122 64
179 17 636
98 26 988
140 214 762
216 271 980
25 28 80
291 3 917
352 70 124
165 16 517
288 251 701
100 144 109
98 38 997
8 98 207
320 79 932
77 328 593
5 344 990
68 95 600
151 178 947
28 171 0
210 286 72
52 345 421
328 109 172
300 218 734
351 161 755
200 204 404
362 258 594
169 124 294
18 79 908
241 243 697
95 97 404
225 317 59
189 289 9
89 271 585
260 364 990
215 191 628
49 305 131
7 207 295
144 267 10
243 226 463
19 145 256
36 71 810
328 14 395
298 126 818
208 345 473
32 242 280
252 79 883
280 59 727
33 191 66
262 345 669
299 28 115
102 314 172
15 313 47
62 229 344
58 13 104
177 26 564
164 213 791
114 205 465
224 242 696
271 176 316
180 210 185
197 191 840
304 92 584
42 292 379
233 160 196
79 62 989
120 139 725
291 128 437
254 274 815
110 197 993
186 243 560
245 323 232
59 285 791
30 94 533
267 206 410
171 92 992
104 64 757
145 290 16
209 342 187
277 139 520
308 335 866
270 101 881
56 263 849
168 335 227
95 62 947
68 282 320
148 137 415
147 92 532
149 53 194
167 271 361
54 263 990
286 157 648
208 37 782
122 46 375
74 67 549
286 279 770
157 53 516
64 218 818
159 341 786
3 36 808
258 68 201
217 262 989
86 118 674
11 247 81
54 214 620
223 103 567
63 120 830
115 69 818
72 21 142
341 274 539
200 357 925
73 351 662
23 141 9
113 301 150
232 20 885
305 326 815
81 69 970
37 325 344
15 144 412
117 237 733
124 241 414
67 44 735
199 150 305
229 38 894
19 309 781
134 344 963
209 68 970
248 153 671
124 268 155
199 360 190
309 292 762
198 90 58
287 347 196
358 100 831
15 186 90
342 134 709
156 247 792
337 153 302
150 132 948
39 67 390
16 133 392
12 304 121
242 199 198
330 332 100
295 142 319
51 275 219
194 291 297
2 209 539
85 167 818
196 18 350
146 201 871
106 357 275
36 3 969
28 99 191
34 171 557
351 110 70
314 28 434
113 331 783
125 354 602
322 16 25
151 315 797
6 331 341
220 272 982
117 55 40
270 358 425
146 23 282
247 139 210
278 180 961
346 209 677
7 65 1000
101 152 739
334 253 172
103 111 16
241 104 499
197 188 202
53 2 902
328 117 234
215 215 138
325 282 828
21 29 268
343 306 750
287 142 58
160 147 147
201 105 445
202 363 555
188 289 30
87 314 102
130 198 886
234 27 598
363 3 135
354 127 318
308 318 421
258 363 981
336 137 349
161 218 547
13 318 349
25 282 644
27 138 390
24 299 948
238 208 573
280 75 283
252 203 564
12 24 224
57 37 229
365 113 536
260 53 737
319 33 586
306 352 430
36 125 468
222 165 434
56 1 821
184 181 379
345 104 878
45 360 56
194 357 469
189 106 768
115 312 265
277 76 264
270 244 664
288 115 875
120 20 647
314 186 571
127 166 268
196 349 685
320 143 498
235 306 654
34 281 272
263 235 250
9 202 -5
43 300 150
251 277 272
260 2 853
268 347 956
229 322 750
211 68 348
289 342 817
351 349 414
355 65 556
339 209 314
208 238 27
74 62 943
58 222 809
191 72 375
243 183 54
224 215 598
122 339 154
95 103 845
332 198 238
116 61 5
341 99 441
209 150 43
234 157 764
38 292 535
22 26 472
81 331 969
257 221 92
202 204 263
88 262 664
89 136 450
268 288 753
124 169 178
357 199 937
77 290 11
99 102 252
330 313 962
96 328 419
326 351 110
63 99 55
241 134 782
283 255 458
1 115 265
292 163 774
209 322 95
77 158 841
15 335 146
265 78 431
301 47 688
16 4 633
54 328 111
79 302 776
209 360 155
5 130 359
157 89 288
345 194 466
329 345 951
56 203 495
195 54 921
26 91 528
209 343 805
111 337 619
276 312 263
80 280 512
302 339 803
255 227 720
125 325 171
66 19 838
330 162 720
336 211 468
237 90 539
149 67 920
51 61 910
352 92 867
34 152 162
46 95 758
132 30 410
330 43 287
174 172 121
5 239 388
131 281 836
191 252 571
271 153 800
284 243 96
356 347 330
283 256 180
134 47 29
2 250 712
49 236 635
222 330 445
252 238 890
283 246 211
314 280 924
161 22 226
19 364 362
108 171 258
158 108 732
145 179 71
86 255 855
352 49 394
50 328 94
303 244 364
224 236 211
179 128 426
83 361 617
205 216 269
30 156 99
246 39 512
292 245 175
357 262 324
96 171 106
265 256 568
65 190 572
212 340 120
159 110 513
180 315 503
354 16 789
124 272 249
49 164 438
325 66 337
114 168 233
167 191 727
364 113 625
317 202 837
216 265 469
267 31 352
149 120 906
117 290 628
291 67 782
270 303 300
346 190 315
347 123 84
110 128 936
268 32 888
215 208 405
225 306 414
29 292 888
339 284 105
293 272 777
123 122 756
233 237 138
236 99 652
211 14 179
94 23 655
167 178 569
265 299 116
304 320 647
286 150 746
168 209 2
335 215 261
225 307 845
109 305 860
270 50 9
110 208 92
351 267 427
296 92 312
361 245 68
227 39 802
45 231 661
47 291 402
139 343 263
316 145 168
230 33 746
1 157 560
61 155 541
293 12 826
87 292 870
355 195 540
262 321 995
229 248 398
94 28 661
248 251 342
28 25 419
57 239 599
221 304 874
26 118 659
213 155 469
158 330 77
180 301 902
58 128 800
341 55 55
296 262 58
61 323 680
364 34 969
75 20 670
115 114 452
176 120 496
293 34 628
64 39 336
103 361 851
136 271 418
84 13 620
154 23 628
265 304 394
273 182 44
122 150 -8
34 363 43
315 41 110
248 83 312
209 133 206
264 291 821
363 361 -8
7 39 856
172 76 213
161 183 438
269 315 77
108 147 152
217 48 327
1 68 446
277 199 158
171 319 656
264 265 133
290 248 481
19 27 518
292 44 33
310 62 700
80 343 838
333 354 846
333 335 306
345 261 285
236 119 613
186 159 682
351 189 111
125 295 303
194 271 251
359 275 660
152 234 608
206 167 42
32 318 634
248 165 112
106 8 458
184 101 515
365 127 825
320 3 482
78 152 306
220 165 143
55 84 856
352 23 468
175 355 836
125 13 339
13 347 345
229 226 421
272 119 15
344 331 474
150 341 356
74 245 46
287 236 151
50 195 873
148 45 636
206 212 842
108 366 45
234 269 319
326 137 225
39 213 749
211 7 699
264 76 144
261 313 355
236 8 138
40 263 362
277 333 914
363 77 962
51 39 738
171 92 529
125 340 446
245 110 939
181 170 173
222 254 199
226 270 69
33 111 586
274 18 63
55 229 491
336 10 162
140 103 823
321 13 743
11 334 410
8 10 912
167 113 533
132 90 46
84 19 760
207 129 359
140 221 57
137 332 637
68 283 878
317 122 14
273 70 657
203 223 432
38 339 490
211 244 483
176 329 226
82 119 969
259 169 603
324 211 123
193 44 493
114 263 346
343 288 446
14 302 246
218 204 824
81 360 565
348 231 514
83 354 285
237 272 171
120 294 135
57 273 209
37 29 840
353 144 300
364 41 839
361 350 482
266 98 426
316 13 738
307 166 126
111 320 347
336 148 748
199 346 289
309 81 300
342 186 496
292 157 480
233 133 327
34 281 725
141 78 229
122 101 339
276 97 56
230 87 285
112 225 366
157 100 493
96 115 271
346 73 949
203 363 416
364 352 523
5 100 195
73 39 349
356 11 644
350 231 409
157 255 37
297 278 695
47 312 764
42 169 343
323 130 430
45 356 162
222 360 943
251 278 846
72 311 470
261 197 763
120 209 95
355 242 829
221 17 2
136 200 130
275 111 268
97 212 951
253 227 21
83 320 649
164 361 920
145 335 20
142 223 707
297 105 569
60 334 218
303 102 631
147 11 121
202 361 558
61 42 12
152 301 772
146 200 681
123 212 817
205 184 435
125 9 576
363 100 371
4 175 757
170 202 547
332 87 757
27 169 156
189 204 17
226 13 500
315 297 381
262 305 702
260 123 767
235 298 508
321 320 915
323 213 714
183 277 51
331 228 159
304 150 764
196 304 359
63 91 561
54 232 637
108 254 410
154 301 42
27 211 228
296 331 128
364 133 806
323 145 466
136 136 -10
198 223 241
326 263 826
199 125 62
3 256 504
163 277 838
266 153 845
59 107 547
346 145 263
56 227 376
1 221 823
197 50 909
81 20 506
197 235 312
28 248 371
312 215 966
270 318 365
33 183 762
363 111 699
109 12 949
82 264 41
30 66 933
236 364 246
73 27 771
164 99 859
346 65 95
7 16 571
194 72 201
193 212 386
120 112 393
72 306 861
13 250 709
256 257 654
202 52 39
216 11 33
363 43 44
122 226 311
40 174 -5
62 337 200
253 197 836
328 218 390
92 126 7
241 322 673
199 19 273
318 195 205
260 338 230
137 117 267
82 364 254
165 30 67
257 364 413
305 313 246
13 102 383
33 342 88
270 188 397
98 93 706
203 261 222
70 273 459
313 90 987
58 331 557
115 282 408
83 71 879
68 116 333
65 297 560
122 183 49
9 149 977
125 90 981
293 363 600
24 38 932
220 264 259
125 208 713
77 78 75
80 173 939
342 188 492
271 40 374
177 325 640
38 24 883
326 30 460
193 241 775
95 58 790
291 365 532
84 196 241
143 162 170
121 132 867
213 340 665
32 134 750
12 333 893
193 8 760
252 14 964
114 177 48
302 42 836
318 315 485
182 73 519
162 64 670
66 55 978
89 52 654
9 181 509
16 332 283
216 47 129
331 79 872
165 180 726
232 46 755
33 92 747
325 303 235
10 204 683
81 334 451
320 290 528
151 184 647
37 127 76
277 141 989
86 264 905
261 241 603
4 226 133
12 285 937
21 81 422
24 159 996
280 88 225
86 33 621
155 61 372
239 108 862
251 91 550
366 349 416
265 175 107
80 242 672
172 346 784
203 281 669
75 78 566
84 267 397
29 203 891
171 165 112
320 309 328
240 82 248
197 225 351
39 347 344
149 219 733
29 273 566
39 221 972
94 207 167
28 344 745
226 295 487
348 99 361
36 349 483
283 20 13
267 94 44
331 111 643
119 329 401
129 75 988
204 261 776
54 22 674
365 199 164
282 146 744
119 139 302
194 251 824
146 271 391
114 280 443
16 67 679
93 6 421
45 187 441
143 306 838
99 29 388
335 324 406
150 264 0
336 67 358
181 83 237
147 249 305
36 296 83
211 61 992
244 302 -1
59 62 443
196 112 626
216 89 778
64 96 567
188 32 695
102 259 -6
224 267 465
18 257 520
121 29 341
8 308 476
306 65 727
301 101 294
39 249 651
172 260 15
297 111 519
40 263 868
163 114 13
141 272 679
115 342 859
295 354 753
142 178 541
353 121 6
6 113 926
321 299 764
79 365 225
23 190 786
194 157 83
111 237 301
28 108 546
30 286 694
117 41 245
230 213 390
136 341 936
95 164 912
198 339 947
342 37 160
26 111 16
345 186 29
254 78 402
366 82 386
268 13 737
188 327 797
228 253 621
173 304 945
331 113 323
127 289 650
47 47 398
137 264 336
327 250 511
295 185 216
200 64 693
350 164 782
277 111 311
280 47 769
47 220 758
133 258 308
264 360 107
81 275 671
71 58 447
241 343 791
326 42 782
325 150 248
136 323 643
285 123 553
156 221 999
194 2 177
145 11 367
221 97 816
304 55 386
197 335 287
112 67 950
359 304 857
205 35 370
350 155 784
267 94 117
315 24 386
252 3 515
285 89 438
303 285 881
309 24 689
359 133 305
14 75 650
113 349 919
248 217 883
328 82 983
94 17 188
71 17 794
345 147 837
27 195 281
276 63 227
202 131 228
286 296 5
245 31 44
9 155 117
325 70 98
39 147 537
355 218 335
296 345 648
171 295 371
157 231 129
85 179 706
271 306 199
190 76 992
2 96 788
180 25 579
99 362 751
39 161 845
263 103 173
277 219 965
356 33 127
56 46 28
128 366 257
285 253 288
88 144 710
359 6 214
29 201 637
42 56 109
280 235 754
134 173 51
72 243 582
213 172 550
168 179 385
158 318 103
267 36 143
83 162 324
339 170 927
152 177 290
22 12 955
97 3 214
24 92 270
104 97 17
120 96 930
311 358 928
331 96 179
247 32 713
173 88 404
201 10 183
69 116 798
127 70 681
319 37 901
113 352 276
106 125 218
330 191 251
83 175 556
194 277 691
246 72 377
143 22 90
242 66 36
210 146 853
183 220 588
62 302 993
308 289 459
201 45 953
247 59 307
213 320 119
94 290 770
176 104 598
59 314 962
287 96 247
128 249 16
206 96 569
3 299 729
151 176 902
226 58 586
145 203 729
84 362 934
112 86 388
47 314 841
32 266 456
165 300 127
95 294 173
201 202 454
275 123 834
275 281 896
225 194 758
151 54 407
233 329 697
25 121 199
316 253 907
165 85 410
226 313 229
114 2 476
165 364 738
115 8 209
250 130 835
91 262 298
134 38 684
242 330 454
352 108 184
229 173 231
49 127 845
340 220 257
129 312 392
142 126 490
225 309 40
321 249 622
118 245 124
204 349 495
105 212 738
52 81 593
41 236 865
257 41 243
32 362 998
246 167 713
257 303 594
258 232 241
111 21 156
52 218 71
7 162 981
18 291 139
243 51 327
67 127 807
74 72 682
282 146 517
356 15 996
52 273 837
257 108 182
4 269 410
151 359 42
362 228 233
311 9 940
18 170 951
87 197 1
317 118 926
41 308 559
101 297 575
306 49 786
235 26 686
42 34 636
56 104 552
35 226 850
217 299 669
206 102 834
266 207 433
135 117 972
142 131 469
147 242 396
346 104 954
72 126 260
287 260 675
88 324 618
110 309 231
25 180 299
188 170 719
277 229 257
92 55 727
236 188 627
14 68 586
356 343 356
266 318 999
134 156 94
318 83 45
85 200 69
286 301 391
152 82 81
130 115 871
240 336 526
164 85 727
116 260 160
323 167 970
307 59 262
87 138 546
242 291 126
235 75 477
112 230 103
34 94 187
308 9 150
357 210 624
154 194 999
206 344 79
34 181 940
216 10 470
182 162 834
355 223 311
324 125 409
230 125 463
310 229 151
244 114 784
346 250 914
129 296 758
115 68 125
242 299 375
144 75 364
222 192 511
216 29 424
270 147 45
235 83 694
192 186 470
207 323 585
163 216 718
230 249 404
109 101 488
92 2 428
334 334 558
250 117 195
202 289 103
266 240 224
72 57 711
320 352 443
106 69 724
261 139 39
312 234 168
265 175 807
138 274 835
352 133 249
142 222 794
213 29 38
363 168 665
165 341 21
90 233 736
13 122 721
255 188 310
333 365 337
18 184 929
318 52 955
43 159 841
186 341 200
214 128 90
122 136 807
197 85 202
197 200 898
63 157 569
208 313 119
32 152 666
51 358 96
159 12 552
341 293 287
134 317 378
290 135 928
189 15 974
5 258 578
263 272 994
314 256 567
12 77 836
223 48 875
148 11 648
335 93 294
63 321 185
206 354 54
307 83 909
203 226 112
36 72 655
322 102 904
139 44 763
49 132 834
1 270 209
2 118 501
253 30 666
354 123 664
111 233 370
303 15 238
298 207 218
121 170 111
38 243 916
295 139 351
79 250 133
254 220 226
356 259 768
365 299 642
135 272 270
50 340 532
235 37 504
143 196 471
109 82 579
163 4 -8
58 105 941
96 215 886
226 347 129
290 202 485
36 304 558
125 30 931
172 31 966
80 8 550
122 60 30
229 262 -5
136 47 219
63 1 573
230 155 853
248 273 540
350 270 988
48 101 4
196 35 160
162 74 367
343 121 793
268 280 956
19 214 442
292 274 10
322 58 810
88 12 828
39 196 356
274 94 945
336 58 592
97 90 334
274 272 172
275 48 118
343 218 507
208 307 677
359 148 244
352 53 628
26 13 371
248 211 318
315 281 886
183 302 763
122 241 940
319 303 701
228 297 367
174 65 769
169 240 275
294 216 955
363 308 162
14 129 993
100 205 835
324 82 556
178 261 984
160 55 88
83 128 835
341 133 417
350 185 490
84 151 53
321 328 390
238 230 162
93 138 906
241 350 303
358 275 204
309 36 419
321 187 158
196 111 906
240 9 278
354 50 671
225 341 182
249 187 943
106 295 349
92 171 628
35 226 449
34 321 889
133 209 273
260 143 40
131 192 759
112 127 61
62 362 402
342 217 269
242 165 396
218 121 166
100 225 913
83 152 845
64 29 907
210 144 412
107 10 683
141 55 310
344 191 305
32 271 119
9 44 329
289 145 359
307 334 455
268 189 27
237 331 305
136 317 91
181 332 1
222 169 802
34 13 -2
33 44 678
312 177 553
126 101 755
196 101 336
63 253 695
347 247 250
139 180 285
282 243 98
36 168 423
48 291 895
13 253 521
344 159 473
279 302 466
227 127 84
257 89 940
264 247 173
347 320 824
55 263 271
152 141 603
275 193 281
50 7 465
242 110 777
165 18 77
107 37 955
309 356 386
208 219 786
33 95 223
20 308 404
175 148 778
238 23 662
84 51 761
118 137 788
255 163 971
212 143 257
7 328 867
306 255 353
248 216 628
228 212 432
115 366 592
186 143 989
80 256 15
332 54 984
49 189 825
319 78 78
152 126 665
301 43 241
25 200 970
117 354 535
200 345 352
59 167 24
314 24 632
309 266 398
202 166 753
317 292 681
68 93 322
103 227 810
259 258 -4
206 30 652
80 335 696
61 357 162
344 251 231
74 173 96
342 280 776
97 27 594
172 4 173
232 300 201
92 35 137
209 61 80
104 235 101
277 37 160
346 291 322
347 99 54
290 366 717
261 130 298
348 208 291
329 119 526
167 320 539
305 220 107
41 315 865
257 327 653
95 239 -2
67 94 933
318 57 923
188 242 560
112 64 501
54 173 790
186 138 742
197 61 923
167 60 784
212 361 607
272 227 656
295 27 480
159 353 713
167 43 768
352 294 425
235 198 278
65 257 827
114 77 908
180 230 596
251 138 259
84 136 854
350 254 759
122 7 731
155 21 753
121 14 362
102 246 24
154 69 277
267 294 771
12 128 505
11 304 273
213 209 413
278 78 325
362 328 489
114 297 382
7 188 639
41 100 235
321 246 772
304 166 342
354 18 7
258 296 371
187 83 -9
248 293 214
356 56 1000
214 158 943
356 88 -10
112 51 493
259 194 795
224 241 810
185 162 379
217 322 553
137 196 673
338 286 215
92 104 372
268 276 54
181 36 426
137 72 929
82 321 1000
248 140 866
363 207 760
342 20 257
131 11 893
345 92 456
9 165 382
85 195 423
328 155 249
323 364 820
263 303 544
16 26 93
327 290 913
214 240 588
264 249 134
336 72 655
95 78 822
218 144 15
291 72 47
197 277 705
45 320 933
152 120 198
356 330 716
316 66 123
121 260 858
24 258 963
193 62 765
1 238 504
29 179 480
185 249 73
100 110 283
130 353 287
41 268 315
109 186 705
165 10 756
360 293 815
152 66 905
247 274 126
147 344 82
54 212 219
246 81 709
67 216 881
314 39 420
236 96 387
218 274 787
74 40 357
333 5 451
165 23 728
251 100 995
153 186 122
19 332 427
210 285 520
307 366 559
258 53 360
350 7 591
51 323 652
1 366 264
131 193 235
247 205 351
135 1 -10
146 194 615
349 181 508
8 176 101
211 37 836
151 45 8
159 272 75
224 149 867
328 356 654
124 124 775
274 220 264
39 166 423
204 344 173
173 204 457
283 30 468
133 343 35
194 296 534
78 57 574
39 153 203
188 230 947
241 232 880
329 28 56
213 260 230
246 298 937
99 127 911
216 268 519
247 144 721
96 359 334
67 126 542
94 358 231
26 266 25
21 33 748
212 101 445
260 62 600
304 147 74
362 342 281
14 50 209
348 205 320
320 283 768
216 86 836
202 125 6
136 348 355
196 264 601
107 315 605
279 44 276
330 313 849
176 280 70
309 119 143
36 274 494
347 79 716
45 84 766
111 24 113
231 360 460
347 177 510
192 55 949
168 146 40
187 307 857
333 160 354
164 307 885
67 113 572
199 228 958
159 337 681
111 185 412
300 217 936
293 112 512
302 347 33
233 248 179
93 198 157
334 226 751
86 146 287
204 46 254
265 352 352
154 14 879
319 294 635
272 91 597
112 206 932
129 165 313
309 47 691
238 255 435
146 255 780
327 81 119
145 230 832
194 230 537
75 220 538
198 204 768
188 112 74
258 251 874
284 194 84
336 51 387
119 342 13
323 89 777
109 207 575
22 210 695
22 17 952
37 323 386
314 9 995
15 347 943
72 33 547
243 274 92
40 197 862
69 6 894
341 30 710
75 95 695
172 362 587
198 143 546
302 308 967
167 80 757
49 303 117
252 152 719
256 117 943
118 138 199
96 188 4
229 134 376
215 144 107
193 124 355
71 235 404
259 320 452
63 83 601
318 275 181
258 131 528
279 23 715
7 83 252
62 133 754
332 247 807
206 127 347
112 198 894
31 310 197
228 116 721
173 191 0
337 91 212
156 277 418
263 59 201
339 116 437
279 268 9
152 178 834
142 44 190
248 291 64
56 131 765
232 196 770
88 20 94
45 30 51
54 242 400
42 343 496
222 23 877
57 14 973
364 102 381
303 286 842
273 323 242
323 166 107
170 207 921
294 360 467
169 350 150
71 69 292
271 247 92
190 364 673
150 264 226
184 134 665
276 49 761
244 139 79
56 154 134
248 339 73
92 52 599
365 14 645
308 296 328
209 140 574
185 308 338
119 323 299
312 294 250
184 79 811
343 171 163
257 361 879
299 169 895
139 328 666
42 88 744
95 323 870
157 278 124
238 152 938
133 75 714
341 60 914
189 221 212
29 294 527
171 122 898
92 119 909
185 147 869
98 42 706
178 250 39
184 18 495
249 75 939
176 124 970
17 37 618
145 259 379
116 155 937
317 18 843
263 54 383
124 324 651
87 328 717
317 92 980
276 242 880
344 150 220
286 222 534
102 13 309
278 335 574
271 316 807
336 307 555
300 83 480
345 334 973
189 283 83
266 314 808
80 53 298
152 161 492
231 100 805
194 190 558
134 317 908
71 268 -1
62 274 454
51 319 409
242 197 723
103 155 433
21 198 802
52 344 734
212 29 892
98 134 512
214 163 373
349 138 183
120 228 993
265 329 414
69 133 727
244 153 528
349 245 611
218 227 73
192 317 762
26 258 941
213 334 167
48 167 127
363 114 958
278 287 177
146 138 608
290 249 844
151 76 180
303 277 34
350 82 482
245 72 99
220 119 130
234 294 988
189 14 94
98 60 76
84 99 639
2 179 399
335 98 40
53 179 461
330 172 911
136 178 143
264 136 703
321 201 87
364 121 820
270 24 978
330 222 796
366 260 272
299 320 719
157 139 184
171 173 466
168 102 138
90 297 922
125 193 382
265 290 397
148 291 757
95 241 408
86 16 416
14 196 921
186 91 65
231 324 550
212 184 656
70 88 214
123 281 888
42 287 154
265 102 411
176 321 240
168 13 389
91 193 566
177 115 787
296 338 453
92 54 617
171 317 867
360 196 98
83 296 396
350 103 242
277 283 238
127 32 665
280 48 880
181 314 96
26 238 872
224 152 213
358 273 44
349 167 448
67 329 409
283 186 978
289 8 205
325 38 138
139 192 940
320 119 390
37 155 700
302 312 561
225 57 285
312 263 -5
273 230 439
28 217 81
109 34 842
293 356 820
177 25 523
117 230 135
154 351 564
118 34 490
137 252 965
143 36 645
362 60 199
185 109 297
258 37 251
350 326 208
319 287 27
123 232 874
265 248 359
314 184 613
20 158 723
333 247 723
33 62 444
290 250 519
191 229 53
250 291 995
71 311 735
106 187 97
207 221 45
67 174 837
69 230 397
122 224 248
358 267 383
187 144 339
1 153 538
137 284 958
64 67 123
313 84 611
201 144 525
149 364 490
80 359 945
27 236 936
208 64 958
365 149 322
230 310 491
196 259 15
70 252 527
1 220 648
307 146 19
231 154 429
154 341 55
214 291 466
55 127 552
139 250 138
304 248 764
297 267 689
266 284 722
196 76 79
232 165 336
301 96 130
131 1 931
293 115 556
169 101 370
164 6 515
227 175 135
286 365 357
262 359 555
64 107 404
15 178 102
40 317 74
217 28 301
314 283 927
270 346 564
151 42 673
18 75 146
7 67 347
77 92 588
199 37 292
344 274 573
117 111 316
271 329 312
296 332 961
70 209 978
150 203 489
169 332 997
210 290 344
64 358 481
345 73 885
265 270 508
303 346 619
279 261 441
254 41 188
194 116 882
38 223 763
239 133 60
327 365 32
233 28 324
278 146 794
80 185 283
234 267 158
208 305 324
363 25 23
328 260 282
252 190 348
363 94 582
355 289 124
278 168 779
197 285 -3
271 365 47
258 219 826
238 297 69
337 349 300
353 47 832
182 232 263
154 65 374
228 222 405
336 265 650
249 143 661
322 131 157
233 243 562
283 75 201
25 53 555
366 284 332
177 217 99
64 175 550
245 54 505
136 366 430
293 265 644
147 277 130
151 13 642
228 243 765
101 144 675
24 140 876
1 252 615
55 333 453
335 346 332
90 316 213
258 82 356
238 12 344
108 154 715
237 166 440
280 277 733
363 102 35
74 23 272
68 143 791
325 156 524
63 209 823
151 311 840
284 350 370
350 342 593
252 299 613
186 44 178
176 140 329
175 110 227
129 74 64
120 173 84
240 225 302
157 363 689
138 7 14
107 239 220
5 139 269
71 72 432
7 3 965
339 54 171
16 280 216
64 73 659
95 261 109
56 117 588
89 313 -6
19 291 696
169 82 570
323 109 10
242 204 709
162 133 701
269 158 692
100 64 518
189 322 222
70 4 57
298 316 633
72 71 225
30 216 498
357 299 240
159 42 795
10 317 48
331 248 870
108 323 125
230 95 631
113 274 138
193 14 45
5 351 117
7 136 688
123 252 919
287 151 593
74 105 635
322 164 426
13 292 537
173 332 950
166 328 19
32 163 207
210 209 489
200 183 991
50 200 569
170 157 497
135 315 557
36 364 254
139 135 772
68 167 723
159 185 870
210 272 721
35 222 499
72 315 322
38 91 318
331 366 771
185 186 761
261 283 664
211 41 4
135 141 661
317 79 108
44 213 163
45 249 963
10 91 59
8 60 750
65 191 337
289 182 801
51 100 635
174 108 65
143 251 142
340 189 831
330 64 785
270 338 904
35 105 980
10 155 813
208 124 688
241 198 795
61 154 408
221 107 428
317 262 698
343 74 749
12 47 711
170 323 421
41 92 182
252 256 586
322 232 900
21 329 741
206 168 601
1 348 47
268 48 869
165 142 293
245 136 315
186 220 878
61 105 761
336 270 605
56 32 237
113 320 932
184 160 598
47 117 572
258 234 808
231 90 885
37 119 619
37 336 304
323 156 345
167 89 784
62 282 797
60 96 814
210 272 359
250 132 881
30 214 630
142 301 99
22 46 1
191 364 21
207 153 16
133 80 660
164 142 721
305 352 665
121 135 435
93 360 6
13 166 53
68 42 364
211 153 947
129 81 594
130 226 525
96 271 242
85 284 279
344 355 505
155 179 171
17 100 694
280 117 892
216 189 402
17 338 372
348 185 111
177 70 111
3 276 32
50 133 289
161 129 902
273 133 51
324 77 168
350 222 608
177 124 302
198 55 2
297 296 283
263 265 932
298 246 631
252 294 945
306 6 962
329 199 437
61 215 262
32 345 327
34 297 317
77 164 155
78 274 962
278 23 794
173 200 592
233 194 160
351 313 233
222 288 218
17 295 771
329 154 161
244 335 924
150 221 247
338 293 133
79 305 918
128 80 691
328 67 648
240 302 751
325 300 694
280 236 929
98 94 539
201 35 847
363 147 833
244 107 60
179 102 -2
224 299 431
260 114 170
31 60 827
37 260 357
326 27 749
335 342 15
165 262 155
72 274 317
128 185 549
292 274 501
223 57 980
285 149 45
248 319 90
16 201 663
301 73 236
329 224 150
320 152 361
101 174 194
19 253 302
35 155 924
303 59 536
136 103 251
223 290 95
286 262 730
360 129 978
335 304 547
120 64 317
259 343 24
175 112 694
3 14 94
259 79 770
157 346 782
317 253 442
271 27 986
11 44 869
275 117 725
287 24 665
19 320 599
97 335 157
26 39 710
250 335 238
162 280 506
186 222 594
275 270 586
43 166 887
13 298 215
103 334 627
238 276 101
168 159 996
146 283 957
50 328 290
129 287 309
95 245 513
245 229 551
131 123 667
172 288 624
277 137 125
191 294 286
51 185 95
19 232 501
54 261 74
304 235 785
129 339 153
66 135 18
125 115 399
284 272 135
43 159 735
290 339 506
299 142 27
217 191 577
325 14 942
95 355 556
137 46 460
167 69 940
274 188 434
222 96 981
218 151 218
294 28 761
70 186 92
230 314 747
181 261 601
45 324 467
338 211 19
121 85 177
355 282 597
324 98 917
135 89 430
364 109 480
295 135 576
15 113 920
345 206 966
229 354 188
41 159 486
297 177 489
131 160 380
250 19 482
190 25 30
300 328 801
54 329 549
16 347 364
116 102 667
152 317 777
113 285 887
277 328 273
134 93 833
196 242 277
138 199 541
83 136 143
354 16 583
64 22 672
83 183 89
363 89 144
62 157 568
32 329 559
248 353 180
231 4 710
221 233 169
59 121 724
71 308 11
117 27 66
101 342 435
179 65 957
257 44 888
356 170 602
273 187 185
155 45 668
184 99 477
207 230 400
189 80 741
2 284 784
144 1 619
77 348 733
308 13 931
176 67 538
136 329 244
255 211 904
12 204 625
108 275 565
151 120 457
226 232 280
74 149 832
175 5 163
55 332 683
4 238 725
91 310 143
90 43 478
34 100 333
177 349 187
95 365 452
270 184 870
270 290 450
254 339 141
6 211 17
270 100 521
143 303 847
118 210 295
229 202 209
243 84 26
173 344 317
102 213 505
65 337 969
159 365 453
315 162 393
323 213 748
272 47 185
9 40 613
83 269 314
155 57 506
125 77 881
39 146 55
263 83 428
72 293 517
154 43 741
123 89 846
29 16 777
220 248 912
88 249 807
343 120 895
114 127 515
296 336 423
157 282 839
224 126 200
91 307 671
302 228 235
131 16 464
243 332 78
310 166 86
324 145 418
