889 91 11
66 30 674
50 67 437
96 56 922
54 75 575
7 52 39
90 77 141
64 20 609
1 47 815
82 76 692
88 31 264
9 31 347
87 7 64
32 24 77
22 63 115
37 30 752
26 50 415
70 76 45
15 52 552
78 14 531
66 52 908
34 74 280
25 25 995
59 80 819
59 6 671
2 42 371
25 62 817
79 57 386
13 59 595
13 31 123
82 87 245
92 42 522
1 45 31
37 11 517
18 10 526
8 79 520
29 67 399
62 99 498
55 72 837
19 51 572
39 91 409
37 34 977
100 37 723
24 82 287
93 16 935
30 28 792
51 5 20
16 74 407
77 59 783
58 94 769
90 62 228
54 71 373
28 78 671
12 91 581
92 40 769
50 22 81
36 89 384
99 64 106
1 6 949
29 42 783
85 75 316
1 90 860
6 5 637
81 31 393
99 25 192
65 4 260
96 43 163
4 4 523
71 41 118
50 5 8
44 18 742
51 89 403
29 45 396
11 14 757
1 76 253
62 99 347
79 81 538
12 26 283
34 32 949
48 84 121
8 5 375
11 69 854
22 64 166
22 91 533
73 34 695
90 22 855
68 8 90
10 50 471
75 64 9
81 50 493
12 59 11
13 70 966
96 15 979
21 82 282
84 98 868
73 29 949
8 52 26
66 31 910
43 57 234
77 21 770
62 23 817
40 22 385
64 94 358
36 65 111
17 29 715
52 31 846
50 98 577
71 19 498
21 95 445
72 88 846
13 86 913
90 83 22
59 2 968
64 25 450
92 94 272
80 80 983
68 4 312
6 33 828
62 49 993
9 52 152
55 1 781
5 98 183
77 65 883
57 37 502
89 64 699
4 42 832
28 87 358
27 79 726
1 62 768
23 58 674
31 13 721
67 58 226
23 30 2
81 85 827
69 68 231
13 45 729
36 59 315
99 16 677
45 83 602
1 53 936
71 25 181
23 25 280
85 42 416
58 99 734
44 87 869
75 39 801
96 23 416
78 2 47
83 95 154
57 91 50
49 51 386
86 43 102
37 100 909
40 1 764
46 59 426
45 33 522
80 34 343
95 27 841
86 40 840
21 46 928
66 26 796
26 97 75
89 61 144
42 93 259
91 16 717
11 45 982
99 76 26
38 38 494
63 9 316
38 76 808
58 54 224
49 60 373
12 33 530
10 23 528
93 46 140
93 20 862
5 72 891
52 33 262
57 58 546
11 91 1000
98 35 160
73 38 430
73 51 88
15 73 42
24 17 866
78 32 600
40 53 993
30 89 470
34 15 519
91 4 210
19 98 203
7 76 547
76 35 834
48 79 188
76 14 394
16 19 540
49 49 570
10 35 960
40 51 230
78 82 969
21 37 631
82 49 643
4 14 393
21 66 398
3 11 74
48 61 920
15 99 858
50 5 238
98 90 750
35 67 894
40 50 985
88 85 5
29 59 658
67 20 813
65 66 749
34 13 406
81 68 865
85 48 895
32 95 835
46 55 499
50 35 765
55 83 708
51 47 637
71 73 456
78 42 171
80 27 51
19 27 70
98 88 814
63 64 328
76 55 672
47 62 712
95 69 260
17 81 218
56 19 369
47 50 231
53 18 265
68 20 554
67 51 528
100 52 420
26 93 857
66 54 902
21 39 424
61 2 352
68 61 103
38 5 859
28 72 686
58 86 334
20 83 446
16 73 899
58 41 990
23 69 573
52 17 848
16 92 596
29 86 593
49 98 924
34 60 156
34 47 399
58 5 1
88 20 564
1 26 683
62 38 753
62 68 128
51 35 47
21 39 725
68 74 458
100 64 585
44 35 558
5 71 350
23 45 195
54 22 516
48 28 566
24 64 731
75 25 644
81 21 875
64 67 903
42 27 280
46 82 555
46 58 948
22 30 502
54 34 511
58 47 71
59 24 39
65 3 398
29 82 388
75 65 886
21 44 704
8 2 43
45 27 792
62 62 154
38 55 973
33 22 411
90 52 933
87 54 458
5 73 89
6 72 892
100 5 549
17 90 649
80 27 113
19 98 628
41 43 770
43 18 469
19 63 249
32 13 657
90 75 953
53 77 405
11 24 948
12 66 473
42 28 972
79 89 948
27 49 646
99 66 311
9 49 419
40 99 341
60 52 98
40 90 847
44 49 221
24 96 570
76 79 281
86 1 431
3 36 509
21 35 104
34 82 330
1 71 271
71 21 245
67 56 384
9 21 642
70 45 507
87 47 786
87 37 30
55 86 312
78 65 205
30 42 767
87 76 747
52 57 28
9 38 597
46 17 428
74 72 599
49 7 987
39 77 917
56 83 395
81 20 398
68 98 599
1 29 569
20 76 497
79 94 435
14 99 986
84 69 421
98 83 534
84 42 306
66 44 82
86 68 201
14 27 699
27 47 564
56 93 139
7 43 365
62 5 101
90 80 781
52 91 31
96 54 481
42 62 62
90 6 868
79 38 691
48 19 467
100 39 425
24 65 504
55 11 302
35 65 203
33 18 814
32 49 918
52 13 415
38 40 998
6 74 726
13 83 475
100 96 452
18 51 123
53 27 560
87 23 934
89 91 830
31 20 681
60 55 709
38 27 607
71 62 824
89 77 499
35 3 721
34 25 23
10 82 643
38 38 113
64 56 779
64 11 16
59 47 263
91 43 593
23 63 930
99 51 627
89 52 178
82 58 349
81 34 893
13 79 8
2 29 914
96 1 746
41 40 822
32 58 763
77 11 613
39 80 330
76 30 838
35 62 343
46 35 917
44 57 539
10 20 727
41 64 881
48 17 618
80 18 210
4 46 555
73 40 253
2 4 435
6 91 496
16 88 856
44 29 714
94 4 944
64 38 927
26 81 212
94 9 204
68 57 295
89 91 290
6 38 412
45 43 328
59 74 510
21 17 926
49 9 150
12 88 453
45 4 220
27 60 446
28 85 179
99 56 983
18 96 170
35 71 778
56 61 353
59 71 549
56 83 910
96 74 887
55 44 388
90 66 601
99 43 351
21 11 880
68 14 873
29 64 497
91 53 801
49 47 738
5 58 111
34 47 876
100 84 684
88 18 953
6 95 865
61 53 153
11 94 995
3 92 82
82 7 724
57 5 166
41 80 224
72 39 190
87 43 90
73 100 109
4 87 190
42 63 178
97 62 946
54 53 426
76 87 787
11 43 613
45 66 954
27 95 427
21 20 733
58 66 83
35 62 240
81 96 304
2 91 771
82 30 952
22 41 97
11 36 45
65 31 401
5 22 613
42 56 198
54 18 792
47 13 541
92 71 722
44 52 972
60 71 9
31 10 921
17 52 350
17 93 277
59 98 765
92 88 8
23 44 194
98 67 445
63 34 974
20 59 514
31 59 925
27 37 519
80 57 814
84 43 126
91 25 921
32 97 675
97 23 529
30 50 994
99 65 480
57 46 868
40 71 984
25 37 808
72 2 566
85 1 395
65 100 770
74 49 49
60 50 444
6 84 4
75 33 117
42 25 425
31 39 574
77 80 194
93 50 943
29 34 367
30 83 207
61 7 91
53 57 452
83 72 698
57 69 500
8 100 992
87 22 56
9 6 440
70 85 402
44 51 378
46 100 27
56 36 563
36 90 787
61 71 673
79 12 106
43 77 900
38 26 49
12 75 230
66 54 103
75 45 328
15 91 73
59 22 195
82 80 824
50 32 421
59 7 446
25 96 539
14 44 620
2 53 39
88 9 386
59 90 720
72 51 875
56 40 817
37 45 178
16 41 373
22 16 860
21 65 535
62 67 618
91 50 228
39 63 197
42 82 43
23 86 708
88 89 337
52 5 834
58 84 108
9 37 877
40 8 218
87 53 638
51 36 958
11 39 296
80 47 208
15 50 1000
16 67 527
29 77 290
82 13 255
19 62 111
2 55 16
80 95 173
33 51 264
57 18 327
50 63 676
34 5 647
66 47 538
69 39 884
39 85 324
7 13 563
5 7 267
42 51 430
46 63 936
64 71 936
62 33 677
97 77 442
67 62 816
27 72 172
36 61 477
73 16 471
73 18 129
68 62 160
12 91 837
49 32 679
84 46 263
62 3 31
92 99 192
53 42 776
26 28 931
48 21 184
51 22 130
88 23 694
75 30 712
30 10 499
61 87 504
39 72 885
54 49 305
80 64 551
34 72 179
29 4 922
63 39 770
62 32 34
25 99 241
84 59 689
77 23 339
65 9 896
93 13 921
97 34 600
11 41 466
58 33 917
9 68 173
30 40 313
76 72 296
8 6 989
73 22 904
68 69 713
80 7 195
88 68 27
88 94 606
61 24 751
100 91 750
75 76 32
24 79 977
64 7 480
72 53 345
90 3 341
38 41 829
6 45 489
84 18 71
79 15 925
75 56 820
87 61 752
75 75 513
63 72 889
55 13 603
63 33 603
92 3 370
97 7 585
85 55 931
47 36 7
1 64 52
76 84 876
93 69 848
43 5 869
78 96 395
53 53 383
57 22 218
70 76 285
51 43 502
82 36 751
77 35 127
63 85 193
88 56 90
1 28 519
22 75 52
48 34 637
60 74 716
73 74 911
23 9 474
91 24 668
100 4 506
14 29 298
15 1 785
36 12 100
69 19 818
96 68 734
58 17 36
54 44 198
58 78 371
77 68 310
32 10 542
62 93 349
21 99 750
24 19 171
30 22 243
11 40 506
65 45 669
100 87 563
71 49 90
17 45 568
27 91 873
61 66 631
75 93 274
82 43 591
77 16 580
95 17 826
67 22 349
2 31 537
93 64 613
34 32 192
82 30 702
99 75 698
17 16 973
37 7 111
15 43 196
89 47 808
39 33 768
41 5 785
78 54 383
31 40 439
65 59 889
40 80 808
93 98 52
61 78 822
62 99 501
39 84 123
43 24 162
49 28 723
72 2 51
82 58 659
48 1 819
56 23 596
6 73 661
75 86 599
43 29 951
42 55 3
81 76 620
40 9 422
25 88 430
56 84 465
78 56 758
6 44 83
23 24 794
49 58 898
58 84 950
45 83 112
29 58 81
53 56 973
21 62 498
79 62 792
71 44 941
12 63 253
99 95 950
75 89 522
4 87 304
26 15 919
69 16 345
3 90 76
91 50 839
9 63 982
91 84 265
57 36 291
59 62 808
50 34 923
90 64 599
64 57 33
83 19 947
73 60 68
62 59 26
44 97 877
85 22 25
8 52 589
70 76 362
54 49 73
84 89 290
75 34 215
10 43 153
42 80 156
65 2 383
79 75 864
68 22 905
45 42 11
81 90 523
81 13 804
40 41 392
7 2 69
65 83 321
82 97 568
65 92 702
14 80 14
52 2 57
27 32 945
88 49 755
84 71 446
67 93 863
87 84 115
77 43 434
19 6 413
14 49 22
5 91 822
38 8 993
92 51 990
31 32 393
75 21 838
59 1 373
25 32 210
62 87 654
7 57 883
22 89 302
74 90 223
41 50 305
90 21 767
87 1 850
96 85 384
66 42 799
18 71 853
8 68 291
14 46 282
39 37 193
12 97 942
43 96 631
76 6 20
23 74 252
18 25 953
67 86 248
29 17 715
89 73 239
42 21 991
65 62 691
57 63 509
17 2 522
86 30 7
42 20 478
81 97 310
66 83 610
20 91 354
29 29 93
36 51 615
93 62 519
75 58 942
86 55 941
88 12 320
8 25 163
12 94 96
83 22 664
91 99 411
98 69 251
37 75 841
64 94 112
62 12 684
93 63 149
97 68 833
14 57 506
94 54 145
56 70 178
22 27 925
98 15 189
13 13 658
78 36 930
31 82 825
25 10 432
76 68 3
42 15 391
30 98 935
89 36 557
75 46 268
92 80 881
40 90 97
42 63 11
45 32 502
32 88 28
49 18 416
67 45 786
27 32 780
24 96 95
48 71 245
71 70 971
29 64 874
61 21 516
2 46 83
82 65 783
72 69 543
35 69 893
11 56 153
37 8 330
23 71 63
90 84 321
56 24 180
33 90 56
28 41 869
67 89 560
29 41 891
89 60 160
90 81 209
90 51 724
21 98 485
83 16 520
