169 43 96
23 72 279
44 41 441
30 61 303
95 99 386
34 18 297
17 2 159
25 80 175
1 28 370
47 84 668
2 54 461
63 63 93
68 99 868
70 3 391
19 33 149
78 19 52
67 20 410
84 64 251
60 75 24
31 80 919
26 25 32
6 78 326
8 3 135
40 39 900
81 44 376
38 20 646
92 49 350
99 95 556
10 20 931
65 40 171
18 17 361
94 62 813
57 57 992
79 32 155
80 53 460
95 61 600
46 80 116
73 94 365
31 60 930
25 56 457
16 62 501
24 26 240
39 91 509
60 88 918
24 47 291
58 59 65
20 3 5
17 32 464
21 23 647
38 59 212
19 65 859
44 33 82
80 37 540
36 15 734
54 76 25
41 86 69
19 1 296
25 71 810
62 97 867
82 11 150
77 36 945
75 79 390
94 22 325
37 42 156
82 45 220
17 80 13
3 35 725
85 20 117
72 25 587
17 58 241
35 16 387
6 76 549
94 54 482
4 41 85
61 11 781
36 90 493
26 23 952
13 8 490
11 86 432
72 78 488
61 90 982
6 9 959
30 58 254
67 59 935
33 75 960
43 96 809
42 78 914
57 12 60
84 10 495
2 100 210
70 46 792
82 61 989
83 26 602
75 30 278
19 66 692
27 99 956
52 25 413
91 33 453
13 34 696
62 92 902
18 86 657
80 47 435
99 96 357
38 100 656
32 31 523
5 76 168
44 96 367
4 16 817
70 34 880
20 77 79
43 75 945
65 18 282
40 30 390
43 18 342
65 82 178
16 83 145
6 29 373
31 61 110
72 44 314
10 39 16
56 32 626
27 76 829
3 23 811
76 45 969
84 48 850
18 63 67
48 98 968
28 90 548
41 69 337
31 62 380
18 17 818
68 65 142
92 17 593
78 67 415
48 75 985
40 63 1
66 90 156
45 86 563
48 49 911
24 8 652
28 65 839
55 77 875
31 87 123
59 19 547
72 37 903
69 47 431
49 37 299
85 20 708
17 47 262
2 25 535
85 52 943
54 81 696
28 81 835
60 29 97
27 29 161
85 99 474
30 73 88
56 30 837
83 63 29
26 38 117
82 3 208
66 76 110
61 74 381
65 84 900
77 53 509
34 88 876
67 33 842
93 31 541
33 76 356
52 91 904
