916 47 32
26 41 136
97 39 10
22 10 462
9 52 980
40 50 165
14 14 562
67 13 19
12 28 94
41 38 791
20 96 58
27 29 891
88 49 947
77 49 644
38 86 898
42 73 58
37 8 793
66 17 233
92 29 142
38 31 731
17 14 658
40 58 867
28 26 710
20 51 707
17 29 590
91 80 477
80 85 417
78 56 17
92 81 984
99 64 913
94 98 847
48 31 767
50 21 698
45 80 609
79 13 493
37 35 845
32 39 78
25 5 389
33 48 964
20 19 765
13 57 151
31 42 644
53 28 123
44 62 500
2 41 504
99 100 157
100 10 754
34 48 413
97 21 909
31 96 746
97 70 719
53 82 571
33 20 676
79 4 650
26 39 746
83 78 624
24 69 920
65 6 761
99 2 847
65 54 610
10 17 318
15 31 639
49 99 758
78 43 484
78 19 601
73 68 703
30 84 552
11 70 106
59 9 686
77 13 925
80 37 977
4 57 485
55 44 859
73 77 110
16 12 343
68 48 667
85 80 344
88 26 860
26 6 819
25 65 289
70 28 965
97 81 405
98 41 608
28 69 701
28 48 114
100 53 177
9 54 77
2 40 599
64 57 618
72 3 476
84 28 374
51 73 482
83 46 622
100 78 865
12 66 939
62 93 192
70 57 381
9 61 251
8 36 277
66 13 671
55 85 329
50 30 120
53 87 66
70 56 287
60 25 997
59 66 393
39 62 974
87 90 973
33 50 478
40 72 436
100 75 48
31 98 922
63 54 989
76 45 527
46 61 760
44 9 367
44 14 208
88 13 885
81 1 198
58 20 788
50 62 941
50 25 425
69 88 192
11 7 998
29 29 219
50 23 207
78 82 194
50 62 916
4 36 870
92 1 36
9 2 274
46 55 743
42 62 255
94 100 180
85 93 44
65 65 563
33 59 366
71 57 856
66 64 212
64 76 853
90 35 324
45 81 299
35 67 435
14 68 176
96 89 412
81 53 717
19 54 771
77 62 421
85 32 43
74 15 754
53 26 62
84 74 232
100 31 65
76 29 967
73 52 604
3 96 394
48 42 367
60 81 618
57 82 611
16 58 450
1 45 465
54 19 94
15 88 535
92 46 520
15 4 507
11 16 716
33 43 374
97 58 636
43 16 483
58 28 322
62 77 404
22 82 232
75 1 486
22 26 898
55 10 461
77 22 785
55 74 134
65 86 195
47 97 120
95 9 433
64 79 363
87 88 477
16 91 582
2 3 514
41 82 500
59 64 24
78 5 226
67 63 366
44 66 48
39 6 639
39 81 246
15 18 157
12 64 435
44 42 663
36 66 188
14 40 877
65 2 200
54 2 16
98 26 879
7 18 63
58 30 707
74 11 121
34 24 324
27 26 584
60 90 931
36 34 11
100 21 750
10 31 121
86 32 271
23 90 519
48 66 267
96 47 336
60 19 335
59 45 282
9 88 255
9 75 771
86 51 555
18 20 21
67 14 973
86 22 915
8 45 154
50 96 58
11 59 301
10 77 414
54 81 379
55 94 398
22 68 825
14 20 874
72 66 441
70 88 650
42 20 345
75 59 715
45 80 168
46 77 798
46 4 263
26 48 81
37 63 950
94 77 413
48 97 720
59 97 650
31 42 354
9 52 990
82 10 553
57 18 143
64 50 767
71 87 879
27 73 751
74 86 622
9 71 251
84 24 143
79 72 919
86 4 62
33 71 773
72 15 797
53 45 560
89 79 280
90 56 691
94 30 674
45 12 911
9 49 950
13 3 717
39 71 867
44 3 881
74 75 471
14 65 284
74 32 950
48 41 412
79 88 463
34 31 959
87 47 427
53 85 266
45 89 245
77 24 206
45 94 437
55 50 606
97 79 282
15 89 284
64 92 93
83 76 275
31 73 383
55 74 422
25 58 103
29 27 56
79 43 540
58 99 350
97 100 649
48 46 978
81 48 68
50 71 79
16 40 786
53 85 512
1 82 118
61 42 758
74 67 6
73 38 639
76 85 539
84 95 768
26 17 985
72 8 761
31 79 612
5 6 65
71 87 652
14 51 520
24 67 337
4 74 415
33 55 896
12 81 413
62 32 365
9 92 422
74 58 9
77 26 966
51 60 34
33 9 670
41 11 283
84 90 391
65 79 708
58 74 110
64 58 980
74 51 582
69 44 710
65 62 835
77 73 965
31 68 564
41 59 432
38 37 445
32 43 84
11 70 138
100 100 559
9 77 14
19 64 10
84 20 102
69 96 825
16 69 948
85 55 75
15 94 19
67 83 608
52 33 676
64 39 233
91 43 760
65 21 525
22 58 462
48 32 298
21 36 372
25 63 657
28 30 538
61 6 309
43 33 32
22 13 619
17 50 587
65 6 961
80 58 386
36 22 716
55 33 821
6 33 700
68 93 37
33 62 584
45 97 490
49 59 299
8 37 104
53 67 74
33 86 248
69 87 772
42 60 370
48 97 922
96 97 619
16 93 822
20 90 819
59 53 696
35 36 660
70 74 381
48 75 811
11 48 375
44 40 778
100 35 433
18 35 481
19 14 582
92 43 403
53 11 844
74 66 64
27 83 388
51 100 660
45 24 370
44 44 995
68 52 131
89 21 515
63 77 78
27 52 927
38 69 257
83 88 984
31 50 654
16 17 313
43 37 592
62 86 496
15 32 540
25 64 935
40 44 281
45 69 828
77 63 676
8 27 264
85 93 622
69 100 449
79 72 847
79 70 775
32 63 343
100 33 325
12 99 757
62 59 702
79 33 613
50 7 106
22 39 657
2 51 328
70 40 534
79 6 419
52 4 275
43 1 817
27 83 350
51 49 150
97 62 756
21 18 32
79 83 882
33 82 470
44 67 683
100 100 463
77 30 962
47 12 231
5 43 187
68 64 696
7 59 416
100 34 425
34 3 512
57 56 257
51 44 268
17 48 636
89 93 520
27 94 629
6 6 375
22 82 264
32 33 489
27 13 168
56 61 31
38 74 623
46 93 771
55 12 381
23 78 81
13 86 222
16 6 886
6 45 286
72 7 961
70 1 133
14 70 278
68 35 642
49 83 73
88 6 278
73 13 107
14 11 480
41 97 254
21 25 97
98 20 619
87 43 207
86 29 219
72 61 185
43 22 926
89 24 19
35 95 980
8 60 808
22 39 737
3 74 586
65 89 6
90 53 271
54 45 562
88 27 186
2 96 414
14 91 819
45 91 291
78 5 59
88 36 586
30 96 504
75 76 826
11 57 575
79 47 838
10 85 746
8 43 583
43 61 529
85 33 509
47 45 532
16 20 733
2 81 299
25 21 705
85 17 916
78 100 62
21 1 292
36 17 736
38 37 216
87 59 113
22 85 721
16 84 715
5 58 831
61 21 272
86 35 87
99 97 540
81 75 866
100 41 457
29 54 864
89 32 549
21 4 522
13 2 748
40 95 354
97 41 203
89 47 474
27 72 690
46 60 176
52 19 882
67 58 912
46 40 220
92 57 348
48 26 660
2 17 532
56 81 514
17 14 189
23 72 624
69 11 303
20 45 654
2 98 938
61 6 837
75 9 224
8 10 678
24 66 302
8 19 367
50 65 645
9 66 334
97 56 877
22 79 199
83 36 979
18 67 189
67 75 21
29 90 384
59 98 773
83 4 25
27 26 745
10 11 888
48 73 141
97 74 6
92 94 458
63 14 417
64 46 902
22 100 941
66 60 679
100 34 651
8 41 983
36 58 700
7 46 639
89 75 291
54 93 735
10 64 32
62 11 125
59 11 234
80 87 862
23 45 733
41 50 868
32 39 466
60 88 863
67 93 676
42 60 756
79 89 84
67 25 309
22 81 401
78 45 456
72 46 403
64 29 764
83 82 571
56 2 828
80 91 212
18 73 5
5 60 250
85 99 289
30 44 865
1 4 95
48 25 440
33 34 235
73 23 349
28 18 886
92 77 745
85 24 232
32 3 415
19 2 498
11 67 20
34 79 871
47 81 408
52 78 887
7 37 140
68 40 155
83 84 21
40 63 110
61 37 33
88 71 186
11 15 467
93 61 755
7 47 266
94 86 413
8 12 372
2 18 93
59 5 443
50 72 33
51 48 244
62 47 812
22 26 63
29 28 661
14 95 487
10 73 905
20 27 570
2 68 632
85 49 950
75 53 12
80 63 723
65 89 793
19 4 448
33 20 748
53 9 85
46 8 354
16 25 291
39 1 502
35 69 119
4 14 572
91 84 865
65 16 552
68 80 99
70 88 97
86 44 111
16 99 64
6 45 132
11 99 419
56 72 125
9 86 885
69 22 812
67 56 955
55 19 476
39 10 719
72 31 63
1 68 654
3 40 969
78 46 812
34 74 56
99 39 874
93 50 812
29 46 328
54 4 320
87 82 827
45 50 871
53 8 993
87 5 550
27 23 627
15 65 314
40 89 41
55 28 609
86 45 316
75 55 689
76 59 152
18 73 917
4 35 879
44 81 302
84 62 762
100 95 546
36 11 220
77 71 358
77 62 901
30 95 659
27 27 407
41 17 201
24 16 782
17 74 429
43 45 876
46 82 959
63 95 401
1 17 44
65 74 339
59 65 83
8 18 334
39 25 770
96 53 930
21 76 481
29 49 499
8 48 320
70 78 312
50 76 148
89 37 778
19 93 641
4 96 10
93 43 638
88 42 477
50 81 732
9 15 167
48 3 982
49 5 272
38 92 206
9 79 133
82 28 106
12 15 37
23 54 207
17 53 679
32 14 596
71 17 946
95 75 822
92 21 904
33 24 571
2 76 407
30 86 809
91 52 301
63 37 578
21 64 757
64 56 98
62 81 394
97 26 19
44 23 422
72 19 343
17 21 733
70 75 243
23 33 773
91 26 13
61 41 669
7 6 453
25 77 189
32 15 466
74 29 829
25 57 263
59 45 506
85 23 17
19 75 601
81 41 505
46 81 199
85 58 942
6 73 379
71 70 106
89 98 427
18 7 28
28 62 272
99 93 146
92 69 789
1 65 707
78 92 219
88 93 950
55 20 365
94 46 538
45 2 406
40 5 223
35 28 942
8 49 725
39 18 326
54 97 804
11 81 983
91 92 526
74 15 309
9 14 973
26 26 722
78 66 843
31 83 536
88 33 917
45 54 946
22 82 608
85 3 459
87 82 840
19 18 948
16 10 561
24 96 326
3 56 554
71 84 871
65 2 15
73 88 129
22 60 959
56 36 412
35 59 573
4 30 565
76 83 552
62 43 449
56 48 614
71 29 297
53 35 859
27 21 134
17 79 478
63 24 118
22 75 751
39 24 494
39 55 659
23 37 470
65 39 282
57 5 351
84 32 822
65 78 910
13 100 589
68 79 447
41 96 91
74 51 66
81 39 928
79 20 724
91 97 400
46 30 1
28 58 586
57 31 356
49 38 784
3 21 107
2 23 102
83 93 284
55 10 375
85 68 905
6 1 243
18 55 997
79 31 537
6 4 20
52 86 579
23 32 145
13 13 110
78 37 913
97 92 590
14 55 532
40 69 548
41 96 919
6 81 654
66 40 837
26 20 945
3 36 283
36 74 647
89 29 883
26 3 722
84 93 927
91 70 421
92 78 549
20 31 976
37 26 107
12 12 547
25 37 104
41 10 305
43 11 124
20 4 266
18 93 927
88 2 281
58 71 393
23 24 645
99 14 685
71 45 447
84 7 39
4 78 75
64 76 444
33 100 951
24 64 263
4 45 281
44 27 787
35 5 375
14 8 224
70 51 647
56 65 234
8 3 33
71 98 680
6 75 250
26 18 721
26 35 89
62 25 632
82 63 910
75 92 535
64 21 707
30 38 705
65 4 455
14 65 672
2 88 434
42 74 827
60 11 815
8 89 440
44 24 330
50 3 295
66 90 172
57 42 460
28 82 30
98 100 463
55 100 636
95 49 354
16 72 192
34 7 561
94 13 73
22 8 205
65 11 839
42 47 541
32 76 74
93 31 966
35 16 769
55 80 598
55 22 805
42 6 465
42 58 197
35 89 857
74 72 757
55 50 849
6 46 286
67 67 139
3 74 806
100 34 766
12 78 190
56 19 167
58 12 110
73 44 906
28 61 276
29 32 978
16 56 370
23 5 273
58 70 434
4 83 257
95 24 460
91 25 228
54 78 189
34 99 613
65 46 874
62 79 692
49 38 137
29 25 456
50 95 480
70 69 423
68 77 714
65 24 151
6 38 95
34 64 878
