102 61 47
67 68 310
42 9 727
27 55 980
36 35 92
81 72 525
31 60 872
33 25 310
22 65 446
15 7 956
1 4 458
22 42 397
53 16 50
72 19 894
93 4 605
23 46 114
35 39 223
82 55 444
14 79 366
67 52 421
20 43 983
86 11 442
42 50 207
1 26 409
11 1 971
90 82 184
30 41 551
70 73 485
97 94 46
69 33 944
32 20 537
47 10 150
16 42 715
53 65 414
42 15 586
64 36 867
65 79 645
83 67 355
26 71 637
50 75 870
21 75 432
1 72 525
91 91 764
1 66 856
97 1 223
77 6 156
83 12 962
86 71 409
73 95 301
28 11 898
12 69 475
92 12 829
16 77 479
50 43 281
70 96 426
64 90 218
12 70 619
91 37 549
89 76 706
3 73 912
61 35 285
96 37 167
20 71 35
5 65 598
66 59 719
11 46 640
89 34 259
13 59 564
38 69 813
24 56 298
89 95 53
36 100 595
30 32 749
96 14 972
89 81 259
28 51 881
29 31 576
48 25 982
8 54 19
3 77 793
72 23 94
12 52 108
64 77 721
76 69 839
58 1 365
45 100 309
46 68 915
93 40 847
69 61 756
98 100 124
5 93 603
46 6 870
20 64 828
66 20 926
67 97 561
56 12 913
76 37 105
16 41 154
76 71 690
83 37 779
16 66 428
3 65 474
76 41 191
