306 69 61
66 21 38
87 49 218
42 88 515
15 92 79
3 24 125
63 92 299
97 40 186
33 25 844
70 58 836
3 43 942
93 68 546
42 36 866
36 47 101
92 55 644
17 16 789
53 60 71
36 48 726
36 31 955
27 17 81
28 2 868
74 39 651
69 85 638
45 59 133
14 32 120
4 47 523
59 58 348
27 12 974
50 31 265
55 41 588
14 35 316
8 23 655
82 19 605
72 27 669
86 21 164
62 34 434
10 57 997
89 15 554
19 52 226
17 59 766
24 92 505
43 72 928
21 82 484
88 76 776
73 52 748
54 65 806
24 67 837
34 8 423
37 94 590
79 50 46
94 47 956
88 72 406
17 6 845
2 57 26
46 61 866
75 42 865
49 49 293
13 83 914
92 45 473
61 3 877
87 15 702
71 54 446
43 56 431
29 43 291
93 90 994
73 39 257
32 38 850
35 9 244
28 51 369
58 48 428
21 43 257
80 75 414
56 66 824
93 77 351
89 30 842
19 4 107
19 6 237
6 79 256
87 67 41
54 15 137
12 47 370
100 29 166
91 51 920
15 28 871
20 65 105
77 33 930
63 70 686
11 61 521
46 14 671
16 17 871
78 46 627
70 95 455
32 63 32
83 34 277
16 45 983
99 9 986
1 80 431
66 26 725
71 75 201
63 96 477
58 43 258
14 23 228
14 65 749
79 60 76
83 7 590
54 48 658
56 26 472
89 74 816
70 34 529
18 29 352
35 59 849
60 34 98
90 72 512
46 73 432
13 94 15
76 43 649
89 85 362
69 83 267
67 45 63
22 7 786
49 91 257
31 26 863
76 91 718
38 35 666
17 30 295
95 74 307
55 67 193
37 23 973
50 91 442
43 63 912
11 48 392
66 15 672
72 43 280
88 72 449
75 87 319
65 52 208
16 69 170
31 29 341
88 65 128
21 59 547
15 90 871
86 65 76
46 92 844
8 34 539
44 37 849
53 13 10
13 69 157
23 9 245
40 65 950
85 96 39
79 56 19
97 83 2
29 60 175
92 53 406
93 42 143
56 62 456
65 9 236
97 1 749
23 36 60
99 64 220
10 11 687
77 48 432
18 4 969
22 54 280
71 95 41
100 12 781
61 96 280
69 60 447
57 51 331
83 85 10
57 28 86
26 40 629
63 73 464
34 61 759
90 15 731
43 17 178
22 98 635
68 71 700
90 48 220
53 40 794
90 27 915
27 46 15
40 26 817
93 56 564
15 22 444
87 65 965
75 97 344
97 50 645
96 100 429
81 11 792
100 34 151
14 88 880
68 16 832
70 47 649
70 36 237
82 79 132
36 5 712
23 32 390
38 31 8
73 71 986
49 83 608
90 25 505
3 48 61
100 57 278
39 27 77
65 85 611
59 49 708
82 38 205
75 37 926
90 55 834
25 54 310
89 75 50
84 37 810
33 93 383
38 2 926
4 96 537
42 40 729
25 40 253
46 7 563
57 32 674
44 5 814
30 50 335
32 54 783
2 4 850
98 96 5
77 22 559
50 12 171
8 61 758
86 49 955
50 69 13
19 9 34
84 1 34
94 34 797
74 34 231
62 88 253
59 3 443
12 91 562
36 73 987
26 62 435
92 31 209
87 76 926
94 92 871
27 32 914
10 12 543
32 61 383
14 41 893
69 36 410
6 94 869
12 66 93
69 45 895
45 93 17
33 97 812
20 53 219
8 98 35
55 45 167
38 19 181
55 94 154
62 60 111
23 4 846
19 93 490
80 84 80
15 55 326
34 43 703
4 69 623
56 15 608
81 90 71
75 73 701
26 49 97
60 12 561
20 40 481
91 2 333
6 5 353
38 40 952
69 7 980
80 47 957
2 29 356
85 37 389
51 32 750
69 32 114
41 90 859
3 34 86
51 91 474
61 99 8
4 35 237
4 88 603
8 34 206
69 91 178
18 55 213
88 4 502
33 58 628
26 64 53
78 40 938
13 65 952
27 73 538
68 47 401
19 36 812
25 48 228
53 90 214
69 11 453
45 85 152
50 9 645
32 63 293
80 56 977
99 27 519
94 1 241
89 91 219
36 59 566
