991 36 25
85 38 933
34 38 746
5 54 239
92 70 485
96 48 732
45 47 229
68 93 423
72 28 174
31 55 363
24 85 841
72 46 478
10 92 723
60 14 132
37 95 59
33 93 640
96 23 802
4 72 982
13 25 820
92 13 982
21 83 929
82 97 595
96 50 213
21 3 353
11 70 405
68 65 430
9 90 324
14 74 578
96 10 848
76 88 774
27 85 211
39 45 257
72 61 732
51 10 992
2 70 378
39 34 780
90 34 833
49 58 610
16 83 97
83 33 957
26 64 56
51 2 421
2 57 950
58 68 568
92 26 998
44 11 607
76 37 805
79 37 385
67 80 591
11 38 921
97 4 131
43 43 743
19 72 205
55 19 826
41 26 728
4 3 762
6 18 254
86 59 946
69 23 920
92 30 4
7 87 846
3 78 662
15 82 18
68 65 203
93 85 975
71 57 653
50 64 487
37 42 111
73 63 921
84 6 945
80 9 562
11 11 346
14 22 927
35 48 427
34 27 6
84 73 306
39 18 449
100 70 557
88 63 876
75 40 814
94 41 77
91 2 974
97 88 850
99 25 947
58 79 358
98 88 534
50 34 555
10 9 737
8 1 329
95 90 621
63 27 750
70 90 90
23 35 256
6 49 397
68 59 100
84 81 467
46 24 785
84 96 779
1 12 874
51 11 607
67 81 804
92 85 731
92 77 797
76 88 352
35 11 454
78 20 528
97 30 276
100 67 215
92 21 39
75 58 936
5 26 167
72 93 195
24 25 982
2 47 697
60 14 35
98 32 566
96 24 391
27 81 155
35 91 716
48 79 935
28 53 939
39 96 703
22 37 199
47 36 622
73 47 227
46 15 770
82 34 179
59 39 402
87 42 303
34 68 392
98 83 336
52 27 74
8 71 952
63 75 909
34 75 93
22 11 329
51 100 380
83 63 885
32 75 456
67 52 180
39 100 427
51 66 547
50 96 600
2 22 846
35 67 484
70 93 802
84 6 265
33 32 358
4 100 918
25 100 877
88 54 951
43 33 209
18 96 495
87 11 624
27 74 581
8 76 308
96 54 67
43 60 194
86 96 624
72 77 551
47 20 188
3 74 548
69 85 716
38 91 892
9 72 277
97 71 804
65 3 342
64 32 654
27 11 237
39 13 863
26 42 250
78 34 231
92 84 87
99 76 57
97 72 524
36 30 554
59 9 309
77 79 837
87 24 380
87 83 299
11 14 142
40 63 122
96 63 883
52 27 366
44 51 964
52 76 564
46 40 803
87 91 763
84 36 574
62 56 138
7 5 781
13 59 797
22 77 674
1 93 741
41 15 831
68 60 604
37 71 626
74 100 251
62 58 518
14 24 43
14 91 521
90 66 971
29 48 273
28 22 954
3 99 332
82 5 652
82 70 268
47 50 744
13 26 144
50 48 206
55 71 526
99 56 290
5 95 479
47 25 895
100 7 475
18 21 807
91 62 481
82 79 464
49 79 615
58 74 980
96 18 132
52 26 830
66 17 586
85 32 625
34 44 195
90 26 43
34 19 404
10 69 392
74 13 562
94 56 131
78 55 167
44 14 225
84 71 282
74 44 165
30 46 315
33 1 458
51 30 715
85 27 645
84 9 724
83 40 882
99 4 318
42 44 89
30 92 309
71 39 363
97 24 651
36 8 601
59 87 968
93 11 597
15 70 665
55 11 709
68 44 443
24 22 929
39 73 949
59 87 279
78 97 503
64 68 869
37 65 478
35 19 492
69 32 435
73 63 492
56 93 908
8 57 782
28 52 322
56 79 599
42 18 576
86 23 551
4 86 756
18 98 638
8 71 566
64 12 377
23 57 283
93 52 535
69 53 605
50 29 529
70 62 227
14 24 904
87 96 280
3 24 340
100 91 833
77 68 320
92 88 559
38 61 336
86 87 421
34 53 436
100 59 473
71 15 839
14 52 738
40 50 656
33 35 653
29 76 853
19 42 477
53 96 294
32 5 436
51 74 69
49 69 306
2 64 508
86 68 733
31 94 851
75 74 678
87 40 731
100 84 215
74 9 604
81 88 521
73 41 950
77 91 596
74 67 817
15 66 344
82 17 988
23 66 943
66 98 224
33 40 232
73 95 541
32 4 670
8 36 331
29 78 302
60 56 770
65 97 359
82 90 247
81 31 603
19 72 249
51 33 981
81 39 374
36 44 324
28 83 783
36 49 617
37 83 415
97 22 774
4 64 554
51 27 559
53 30 630
27 5 987
23 87 208
84 67 47
61 96 199
43 5 473
31 15 801
87 46 209
8 42 269
20 8 600
73 73 802
6 54 123
42 84 689
95 17 954
28 13 552
10 49 170
73 55 860
69 20 384
31 49 269
45 32 108
39 44 804
60 12 96
71 73 846
32 30 684
23 18 245
69 75 706
77 90 69
81 81 192
89 87 276
90 25 397
37 5 175
52 85 692
32 64 561
10 67 472
49 58 507
54 81 123
43 68 785
18 93 90
82 12 346
40 17 296
65 91 792
78 70 593
73 85 665
73 36 232
32 65 853
29 85 766
13 53 386
39 11 638
9 67 672
57 31 958
86 72 829
42 62 979
5 94 312
95 96 217
8 3 136
7 60 481
16 48 428
84 65 227
36 34 659
66 80 133
13 82 504
78 41 349
35 58 132
29 80 166
20 47 558
88 27 300
41 33 669
97 67 333
45 80 432
72 35 155
33 41 339
27 25 745
99 94 563
4 19 874
79 14 702
63 100 250
53 6 205
87 15 384
30 8 39
10 71 262
95 29 835
3 55 180
6 38 927
27 42 124
36 92 704
74 53 639
68 22 232
48 87 351
22 91 81
6 42 136
57 27 978
38 72 201
19 88 188
74 9 971
91 58 545
15 10 633
55 64 394
40 44 877
85 3 785
96 38 968
27 23 282
93 95 694
27 14 970
47 17 664
28 67 56
67 60 532
5 58 385
97 43 658
53 49 735
7 100 478
97 78 643
88 49 30
89 70 184
28 31 637
74 73 976
83 41 489
82 61 918
2 67 903
61 17 106
2 53 622
3 73 562
81 15 56
26 77 212
34 96 278
72 59 406
87 93 948
44 64 308
39 7 869
42 15 412
65 37 841
28 33 58
59 71 846
78 58 658
15 93 311
52 18 552
77 45 194
66 30 554
19 30 172
99 84 565
96 91 381
35 88 800
89 75 121
12 68 77
71 18 861
34 56 141
12 65 521
62 38 553
53 67 908
74 49 917
96 70 836
41 45 133
7 79 453
28 45 1000
68 5 583
8 87 527
40 84 810
28 17 370
94 42 295
7 56 518
20 67 212
91 23 488
15 46 183
32 68 49
100 84 877
59 84 55
25 2 745
23 61 92
35 87 115
67 14 141
89 31 680
11 80 523
98 40 209
3 13 577
79 33 624
27 65 532
63 12 672
45 4 577
64 39 88
1 67 300
71 57 868
19 37 953
40 98 875
57 37 684
6 19 140
11 84 235
28 19 479
64 81 662
62 96 185
67 89 798
62 75 442
7 24 818
8 63 121
65 63 927
32 20 754
26 90 152
55 67 541
68 16 142
78 67 880
7 97 976
48 63 351
95 69 312
17 18 843
31 45 569
87 84 621
98 75 4
23 22 752
23 29 733
18 86 455
72 94 324
12 81 785
67 68 540
96 79 597
99 27 380
24 59 974
62 26 650
56 65 336
54 14 544
35 16 279
50 8 814
46 51 219
86 83 43
18 49 186
89 58 401
93 64 587
89 75 412
29 50 450
23 11 597
76 10 718
9 53 83
38 22 648
89 67 632
63 42 562
65 15 926
22 93 968
67 19 740
29 89 128
6 98 235
28 83 970
64 30 796
60 11 264
31 90 908
59 5 489
23 92 561
64 68 670
64 95 626
24 45 43
97 100 81
45 64 253
9 24 713
1 55 146
76 14 942
31 56 21
98 15 794
92 80 264
85 16 752
32 86 727
37 94 198
52 46 897
64 21 173
82 71 193
28 80 49
61 12 994
99 74 736
87 78 59
18 74 564
98 46 872
40 100 39
49 32 514
24 46 593
32 67 653
35 57 60
10 20 521
89 5 676
64 64 114
87 26 750
71 63 144
82 47 651
31 94 238
24 39 342
34 90 481
73 66 799
88 91 287
68 22 136
56 69 164
75 88 945
96 21 621
59 94 641
87 45 582
5 93 518
49 38 328
93 55 436
83 38 77
97 17 364
31 8 681
24 88 380
2 39 17
95 68 509
23 30 411
93 91 416
89 100 594
16 2 924
97 88 515
97 79 411
6 90 979
75 3 199
50 37 646
19 42 929
27 16 761
44 66 351
67 99 681
69 33 111
50 97 169
56 96 701
93 36 737
19 91 48
65 43 92
88 85 446
29 11 73
11 78 227
15 59 317
55 19 291
88 44 787
14 65 881
41 12 287
62 53 937
75 92 472
31 36 621
14 93 719
92 88 445
37 8 768
90 34 735
69 27 332
62 51 908
18 66 834
42 15 609
26 78 784
8 48 790
66 16 70
42 91 506
69 21 122
46 83 280
51 39 917
25 80 120
26 59 548
36 98 477
53 4 264
39 67 692
8 22 592
61 47 882
99 81 565
9 84 635
8 6 52
64 32 340
81 24 386
24 54 332
5 99 263
54 48 488
43 20 220
12 99 963
50 90 430
55 73 911
28 99 415
82 93 15
88 70 127
94 66 565
92 50 264
9 64 121
18 35 618
7 44 342
31 9 982
42 94 164
4 67 447
30 96 372
84 88 727
52 16 222
70 29 355
59 50 925
23 42 194
63 81 567
61 65 967
31 100 65
62 38 1
46 29 816
91 32 353
23 55 462
64 42 707
76 51 747
19 43 903
62 52 52
61 44 779
35 51 124
95 2 267
37 24 754
73 94 209
43 87 238
42 80 316
75 31 853
73 61 883
86 98 932
6 75 994
87 70 796
69 67 894
77 75 891
71 100 182
21 64 704
17 13 14
89 80 424
34 97 83
60 12 796
53 12 373
40 54 207
18 18 865
47 51 251
81 1 204
53 11 854
56 92 623
14 17 526
92 31 156
44 20 315
13 45 197
96 39 962
98 49 105
75 97 787
63 19 36
11 59 302
65 77 940
10 22 827
84 44 864
50 45 208
2 21 621
50 96 990
22 69 889
60 10 441
43 2 49
31 5 36
27 55 53
26 56 679
7 45 355
29 52 290
47 89 28
43 72 441
18 95 395
96 13 432
44 12 177
95 99 434
40 57 111
35 35 836
72 20 358
13 74 937
1 2 853
63 45 694
69 95 219
6 54 742
95 94 675
61 90 904
7 90 123
85 80 589
24 59 648
53 92 608
13 10 469
89 56 159
64 14 54
62 70 69
43 14 198
27 72 348
75 6 442
60 54 68
19 17 536
80 46 971
24 50 974
13 70 819
25 65 180
46 77 766
51 41 846
42 4 923
11 96 503
72 27 747
5 29 898
8 38 293
92 29 499
44 23 796
67 23 550
95 64 330
22 4 135
12 54 28
100 29 349
18 30 317
46 26 876
18 59 865
66 43 40
39 71 998
81 61 615
81 13 446
35 65 6
78 94 808
67 100 509
79 83 1
12 37 942
65 76 707
21 93 389
94 25 996
54 47 775
97 67 473
12 55 786
2 99 790
29 69 430
15 55 167
55 28 232
51 75 395
78 4 718
34 46 785
2 89 716
1 59 225
64 92 776
5 5 689
22 11 536
74 62 227
77 10 967
80 43 161
13 60 521
88 6 675
29 1 468
17 22 851
53 66 887
39 27 288
39 78 150
61 49 453
61 87 507
97 38 979
88 17 336
15 8 905
17 88 182
46 28 670
27 55 965
87 93 204
53 16 497
83 45 289
60 96 927
69 36 240
68 59 891
66 20 245
40 5 614
3 38 534
69 2 901
50 24 279
81 47 970
91 40 245
72 76 604
91 58 47
43 19 568
52 23 704
92 23 480
67 97 381
3 88 90
79 95 135
11 27 794
55 15 438
9 53 795
70 47 589
48 93 547
93 10 817
92 63 954
26 93 770
54 73 733
47 72 36
15 50 493
83 70 113
28 23 972
47 45 501
99 96 170
59 71 272
88 71 397
98 4 738
79 6 819
84 77 403
94 5 104
14 48 284
68 34 542
38 35 997
21 16 547
41 88 268
77 14 890
99 14 410
37 40 972
5 78 555
68 40 517
96 18 643
21 53 694
73 63 872
70 33 457
30 57 205
77 64 635
1 8 925
38 67 820
2 62 277
15 68 666
47 44 975
92 94 86
28 28 546
62 70 680
13 81 900
87 39 129
35 22 690
1 1 171
57 95 165
22 9 636
63 19 657
91 5 619
1 68 932
84 58 218
25 47 587
13 36 778
40 9 262
87 28 356
35 66 127
15 26 492
2 44 652
91 68 335
87 75 317
14 11 204
57 5 14
79 53 961
15 82 988
73 38 993
66 5 532
36 86 927
69 15 711
62 34 177
49 25 543
78 25 17
20 76 181
28 6 255
98 83 767
65 70 623
9 73 300
34 66 780
86 28 914
18 77 452
83 37 839
86 67 578
80 29 763
16 78 54
98 72 290
93 65 796
95 3 401
93 29 801
82 23 444
24 39 377
33 16 786
45 20 932
9 12 740
63 18 778
1 54 22
93 47 149
86 21 271
91 4 903
7 68 56
96 9 746
78 53 726
94 66 993
14 74 287
53 72 75
42 26 890
