100 29 74
31 30 416
85 29 871
8 37 787
15 35 328
92 20 649
78 100 704
20 10 423
37 53 41
10 18 483
77 61 876
45 44 148
1 55 286
33 69 138
9 26 281
67 22 293
83 3 972
21 44 715
96 93 667
34 39 395
37 50 20
66 95 587
24 98 393
73 16 165
39 44 188
36 92 45
42 80 498
27 88 770
16 9 118
68 50 297
42 2 239
4 64 583
93 88 259
87 16 546
24 47 541
60 45 933
90 31 128
94 74 542
68 90 119
27 30 136
15 45 930
50 26 750
73 77 415
21 100 200
72 22 632
68 89 942
2 95 248
20 10 164
46 28 794
63 32 318
91 2 67
85 2 681
31 17 326
85 90 740
65 86 54
34 28 862
35 99 319
45 95 245
86 33 677
98 16 562
38 95 484
23 96 504
44 71 314
4 56 828
51 24 678
19 55 81
96 57 596
97 43 91
41 82 464
23 19 579
68 18 272
66 97 819
8 8 53
49 38 253
63 14 362
34 6 526
64 77 129
36 64 771
7 35 446
69 92 49
22 33 22
71 15 674
51 90 230
83 10 523
41 53 866
52 44 311
30 49 710
40 21 449
12 21 814
53 51 527
86 97 743
46 34 852
41 62 561
29 24 306
3 99 326
7 35 418
24 9 515
62 48 493
19 20 651
28 56 682
43 39 116
