4548
9129 8955
7308 7155
7852 7626
2281 9939
6915 8594
8217 4164
2306 3526
3454 7497
6616 9582
1365 9597
6715 5081
8946 4229
6781 3643
9764 6717
5833 605
3750 8865
9204 1278
1110 2019
9401 2507
8950 2381
8683 9867
3499 1202
4953 2948
2261 6173
2325 2128
928 9471
4043 679
6973 2017
3946 2436
7908 4533
5018 6946
885 4556
2092 4215
5115 6715
2424 1249
7721 2533
1188 673
2780 8926
4144 7071
4654 2204
8842 9315
5061 3401
9755 3410
9522 6539
4282 5839
6719 1920
2357 6289
7926 58
1682 4883
8746 8283
2355 4319
9890 9922
8002 5467
2225 902
7888 3056
3496 6994
9758 7109
3299 3584
2828 4429
1322 986
4632 2970
4717 3531
4253 5945
2862 98
8501 5519
3289 9852
441 4655
2038 4557
8696 5138
7192 3842
7533 7203
3696 4602
5159 7951
8065 4793
354 1236
3887 8390
570 6022
6889 4863
5762 2855
4757 9365
7271 5450
1873 8449
3358 3049
7131 6163
2083 3383
7213 4966
5432 4706
5765 5474
9497 8954
5995 2468
1423 7951
2109 4353
4059 3111
5760 406
6624 720
3962 8238
422 2353
7796 1452
4616 4377
4543 3769
3899 8304
3857 8096
4148 4712
1863 4728
4453 7507
6844 6270
7855 2584
4651 9758
6404 8353
6419 1726
8510 4157
6672 9506
5678 9694
7892 3006
7820 6247
3900 2425
3391 415
6353 6490
1024 8316
49 4783
3918 2189
4826 6447
6058 2175
185 129
622 7511
76 2390
6248 5795
1963 8689
1499 9273
2138 2298
5587 9074
5581 228
5886 1279
7677 6323
9291 7591
7670 4361
4279 8440
6757 2950
4552 7180
1101 7870
4511 3669
1808 837
2487 6188
2167 4111
4436 3000
9341 14
8721 6871
7293 9900
7594 1047
2484 9886
7997 5026
4286 5754
5014 4976
5473 3832
5207 9459
8044 8618
637 4867
9256 3428
4648 6120
8392 4033
4990 8580
7572 9414
9222 3332
6280 894
5184 3233
1148 3286
239 2971
7505 6250
9531 4007
6046 9120
854 2443
6376 5825
2194 5371
66 9699
5686 5931
6473 5641
407 9017
4562 3641
4235 4944
8329 7359
4503 8592
2104 995
4066 588
3393 9203
2580 9605
4058 2793
9388 9118
8283 7348
6016 8861
5730 216
610 4748
9829 141
1959 9627
5347 3747
2035 643
4523 12
8805 3911
5727 7601
3206 1262
8892 6659
8126 2113
6168 769
5483 2847
8948 7322
5542 9057
806 7117
5953 8468
8076 1255
1841 3755
582 7447
2297 3451
9443 7492
2605 7301
1257 5091
5118 8560
1205 6590
9670 5707
4408 5337
724 4507
7167 238
1674 4515
665 4453
6806 3563
5854 34
3517 5767
3964 9521
7606 5871
4126 5606
3361 859
4575 2545
3809 9073
7803 412
2615 3100
6688 1750
7759 9096
1329 3372
9068 5882
3127 706
6458 2049
9048 2334
5455 542
2761 501
8857 1321
1856 4697
6856 5231
2461 5854
3757 9850
9625 2918
8965 4759
6309 5025
2385 1341
9798 2532
2390 5300
6989 5114
3329 4489
6340 7592
3638 5053
337 7539
5440 8730
1131 9229
9737 2867
1408 4426
6064 6966
1724 3465
2424 3256
7930 6260
1075 2670
9357 1645
7934 4426
3896 4088
2118 5085
6492 606
774 7973
7277 1423
4995 8088
2088 1552
6102 2615
9740 5782
5966 5303
9190 1221
5634 7659
3859 6646
8687 5515
3988 6227
3240 2585
4690 1330
9807 3163
7731 3989
1921 684
2329 1998
1017 5965
8800 5902
7603 8719
845 4044
5225 2955
2319 1017
1196 8309
4826 7866
3300 8960
4425 4447
5221 3795
5090 3864
9591 3076
7360 164
6470 8495
1638 289
1437 1911
3271 9649
988 3167
5635 161
5476 7902
7646 9599
8652 2773
7112 2993
1612 9077
1630 8966
4670 9024
2 61
5429 4521
671 7359
6931 496
845 8606
3265 5395
4353 7711
6098 5404
908 5913
6067 7304
5532 6999
188 5830
9274 4156
8889 9431
6069 5014
2201 3783
7957 5396
6364 4186
2535 8699
4474 9724
6245 3603
4132 2364
172 6521
3762 3775
1173 4563
2055 2313
1608 5491
4895 6024
1205 359
4645 1250
2779 708
4402 9874
4131 8976
1187 192
4405 7536
3581 8900
6929 7935
8457 8797
8464 7980
5066 4840
1777 5720
545 6382
73 3877
2167 6914
217 8498
9671 2022
7060 575
29 4239
8345 2416
9454 9187
130 9352
2699 5222
982 5421
4597 8381
3042 2687
4155 795
6931 868
3344 3203
2849 5176
1697 7220
2129 4770
360 539
2207 3613
1801 5937
904 9827
2548 1048
7658 4229
7015 5180
9528 8889
2581 746
2088 75
4174 789
9938 1084
2741 7192
6121 6665
1809 797
1090 5472
7160 6898
9466 6941
5353 4924
5741 651
2691 7865
351 2368
197 7415
46 8924
6905 6598
8898 433
8623 7855
184 259
5463 1033
1466 9869
4056 3879
6553 8497
6302 2468
4672 5658
9155 3957
9406 8425
9411 8134
5120 4463
4115 1662
7541 928
9543 4410
5527 8115
3632 9943
6989 2431
1246 2644
4650 5788
1600 9497
6220 8994
1265 3189
4570 3848
3503 8863
4630 866
4667 3711
1728 2708
1371 867
535 7869
2891 2087
9020 452
9941 5091
2523 4808
4856 3403
3576 5957
9955 3413
5745 2266
9217 8202
1406 5839
6396 3474
3165 9226
5206 1975
7 9099
3574 3055
1182 4628
4626 9354
6295 1037
1399 630
1624 2399
827 6426
7704 3175
8463 6332
8622 8502
1351 5409
8225 9795
1407 5745
1059 9167
8936 3652
6598 3309
7330 379
1571 3044
614 712
4299 1442
3059 1666
6712 7113
5775 1140
4181 7446
2452 6539
6089 1984
5372 1548
5360 9478
6114 7599
2011 7875
1642 9409
1636 4388
7948 1337
4649 4481
3477 1770
7954 8199
5653 3649
9779 172
6979 665
5329 8105
4987 249
8760 9679
5065 235
9365 2364
5746 1816
5636 1859
4417 5489
5440 8491
2867 3530
2289 3037
9649 7605
125 7059
2870 9625
7131 4362
1405 6966
5159 9340
1560 7531
5647 3376
2792 2633
167 99
9 233
7245 8943
4681 801
9135 8909
6283 8053
9500 8027
7338 1252
8084 9415
721 1163
1154 1186
2753 2134
2689 2413
4122 8245
4199 9744
9386 2844
3755 3338
6229 698
7307 6563
5180 7292
3620 1880
73 8110
3930 6723
3743 5490
2239 6486
5908 7435
3313 1047
7302 1821
533 6447
5313 2816
8198 5646
5580 7980
6612 6213
4198 1516
9743 5924
5262 3439
9368 5026
746 9751
3589 7074
6072 9306
5706 1148
9603 3180
7348 2873
7479 8072
7158 7732
5649 1236
1394 2364
4590 9660
4418 1830
1627 8339
7482 4618
9417 9302
8510 6400
5641 682
3504 4561
481 2893
9938 7868
1098 3124
6834 6341
2875 684
5460 4231
1596 1509
2365 1787
9671 3963
7055 2006
8420 1180
3232 9367
5819 5575
9138 6686
6152 4107
2139 7779
6841 7304
9252 3676
6879 2063
8815 5853
8998 8539
8105 4696
847 8692
9526 2796
4148 9180
9338 9956
7128 5549
8392 8562
4691 6280
4569 5520
461 4394
5988 1564
8781 5040
9538 4854
1386 383
4861 8607
9558 1759
5330 6974
363 7641
236 185
6984 932
9874 3382
257 9582
1850 4821
221 5209
2437 7436
8373 7448
5369 8788
5915 3142
9005 4290
5154 5072
7820 5258
3383 868
2425 3780
6229 7596
9207 8691
4171 9770
8603 8814
3476 6390
1104 4486
2687 6447
7444 7507
2549 2098
808 7688
7340 4456
9828 8933
3318 9942
4816 1557
9687 830
1909 7010
8950 2777
943 8214
972 5784
391 1943
4479 3467
1661 2120
2005 2508
7959 1884
6095 8364
3310 6899
6423 1751
9481 6291
1967 931
3538 8640
6288 6363
1066 9959
6217 4632
6174 192
4706 4692
6748 9876
2017 6427
4262 638
6966 4960
2132 2099
4837 2851
3350 1736
7230 634
168 4814
2410 2170
8451 1641
1357 5886
8483 7271
5688 3463
63 1009
847 5986
45 1716
6939 4369
6746 5348
8113 5414
7982 3891
5196 6334
7881 3193
8110 3441
8169 9829
7217 2828
3513 8235
1956 1318
6824 8086
7033 3784
1321 2955
7159 2060
7281 5926
2136 4462
2109 8777
589 5557
2429 7972
6409 2414
1593 5524
8058 7227
4905 9374
1131 9453
5217 1753
2513 5694
3281 8725
5994 1665
5031 9268
8308 5877
2100 9671
2352 9081
4731 6199
7872 5980
793 7152
3227 6550
3820 8926
3332 6634
9900 860
7387 4067
3291 282
4706 1760
4306 5967
1917 3773
6108 9299
6647 5683
4205 2324
798 2766
8478 4177
9174 8514
3306 1804
3415 2037
2156 9754
3477 4403
2472 1595
5829 5543
6722 2000
9010 4324
731 3813
3680 3263
8168 5781
299 723
5233 2788
5034 4286
8815 2701
5606 1775
3001 6809
3223 5758
6428 9717
1181 4775
3186 5428
7099 6860
5853 6039
9374 6098
197 2681
8839 9086
6571 67
8344 7487
9321 2196
5090 3413
3177 6221
7973 8525
5504 5507
5349 6423
5851 4904
8762 417
9733 1158
4542 6925
4341 5422
8015 5369
3256 9047
1368 3266
5204 693
2185 8857
7034 6174
2272 887
5916 9009
2007 2987
9775 696
267 7932
9700 5452
6255 8625
9203 6444
3335 8911
4519 5873
4692 656
492 5121
7617 7624
6217 8571
3993 25
7775 8354
7783 3606
3791 3444
9175 9951
3913 9308
7177 885
520 6536
6088 1080
7095 8071
4408 1359
6705 6476
1449 3245
7517 3965
9022 3836
9335 9440
7994 2676
7132 19
2253 5093
2866 657
3912 4824
3947 5449
9779 3181
6516 8742
3800 4271
2002 4714
5744 8677
932 2470
3026 7922
5855 938
1222 9562
9901 8472
7151 3173
7059 2049
5113 4526
1248 2938
5795 8676
2490 9387
1816 5001
7888 273
5126 1053
8365 9065
558 8077
3755 2442
5555 7367
2419 354
1211 7445
7657 7232
1766 4710
7255 1777
6374 4606
5972 2445
3142 2090
337 5274
4354 3340
6362 849
2550 7011
8100 8079
4308 6602
5310 5686
5080 4422
7063 421
272 4096
1762 6709
4636 5678
6228 8645
2686 3920
5080 3801
623 7482
8255 3213
1976 3905
8471 7992
3367 4312
4342 6854
3057 9304
5013 3249
1340 2869
6849 3874
3033 2365
5268 2673
5963 2679
8166 1272
8679 8892
4315 7178
9576 8383
8889 4017
5688 3159
8677 8220
2237 6230
2251 5861
898 1011
629 5851
9056 9201
9809 4218
3128 84
8686 8797
7817 5559
6428 996
5736 499
3086 8062
2430 5679
5393 8596
1441 4028
6398 7840
8801 1573
9314 9494
7866 9516
936 4703
631 9566
6006 6944
4705 4946
989 7194
48 6611
5148 1135
7631 3334
8530 2000
8428 6765
1652 738
4840 1448
6062 1735
3193 5167
8810 1931
7460 6345
5160 2759
8347 2125
561 6631
9540 4325
6822 2208
3644 1065
4182 3118
2561 9260
302 8123
7287 40
8813 4614
3920 4009
9298 3864
9273 5170
7321 373
2358 2336
9006 2301
5186 5600
9359 5665
1681 9864
6481 9732
5889 8300
2267 8483
3057 6157
3768 5727
7085 7868
8890 5091
9497 1760
9737 5943
6948 8250
9703 9341
3573 8683
4182 8643
5004 9382
135 1481
3941 7724
4013 7303
6604 7464
9426 9463
4318 1144
5272 4275
6119 4999
1849 5850
1767 8933
1748 1325
4861 3089
1749 4442
5795 9520
1267 4655
3517 7065
7854 7676
5534 9760
1702 9763
6811 5634
2781 8629
6648 9782
9750 8106
1570 7336
2868 3858
1280 7585
7663 8655
7941 5882
7745 1252
3756 3439
8412 1097
9836 7417
3034 6407
7384 7965
8773 2222
5553 3288
3009 47
6402 4492
2576 4047
2210 8318
9666 5866
6234 6280
5842 6848
783 3606
3704 4231
3826 5184
6325 6267
8901 1852
1969 5933
6204 1225
5080 526
522 2947
4376 9445
6865 6468
5592 1678
5584 5375
8225 5136
9041 4872
6274 4277
944 9107
2241 1625
8220 2374
9018 2386
8097 6270
8641 9042
1323 6789
3497 3023
5401 6052
7278 9151
6525 9986
9873 5311
2046 4082
2077 9881
9563 1860
151 1686
659 3705
9313 3598
780 797
7061 7036
2449 6243
5340 7043
9931 2126
8448 8298
8907 4964
8014 4882
6975 8202
9968 6070
8235 8248
545 3633
1566 4027
8180 9416
2039 8006
1646 6064
7717 2494
9479 3834
4860 8232
9413 6484
7284 382
9391 4998
1456 9074
8419 5410
4211 8878
5250 8858
1194 9464
196 8069
7453 2931
5213 3745
8153 1071
155 4114
132 9512
9698 4314
7061 9991
5586 662
8730 4564
6123 6609
5554 9630
5029 1443
4885 2413
7134 4227
7731 3827
323 1869
688 1576
6584 7565
9564 8800
9576 6688
6954 5944
401 441
9597 3536
831 5015
715 4776
8491 271
8933 8240
1423 5822
268 8971
6874 569
6275 5280
1597 199
9410 5436
4160 323
3825 6219
6699 8337
4998 4596
396 1887
3574 7292
6676 308
2229 7059
8631 7414
1761 5423
5719 2166
6156 3083
4058 8788
5396 1427
4309 275
4618 425
3773 4575
6047 4994
130 1303
2832 3580
2405 5809
3605 3608
7974 820
3499 3134
2214 7738
399 5412
9235 6892
1758 7336
4807 2549
8948 8045
8238 1390
8944 9492
4775 5723
7841 3657
6701 2673
9969 4367
4801 5754
5569 812
2598 9232
4639 9899
4664 5890
8625 9458
9732 5685
8783 5698
27 1256
1808 9672
1694 4052
7693 9927
3090 4833
5088 6936
152 9757
4443 5753
7147 7505
4756 6773
4098 6032
8100 2607
2841 7592
3456 5524
618 1411
9556 7761
7335 3807
4587 246
3471 9371
7701 5460
5733 2699
5122 2280
1899 2061
8364 7
6781 2430
1116 3374
967 1328
4131 8185
2492 3302
5262 9994
9992 4909
4041 5544
227 5278
1993 7636
2420 2879
7008 1130
7055 9217
7168 659
9749 855
285 8851
3000 8170
6950 5718
4441 5801
6225 1322
6491 1531
6225 6139
9589 4118
7512 7437
9186 1331
7767 4119
5836 237
461 3636
9018 9264
5028 3742
1666 8348
3525 5403
8211 2967
1557 6314
6075 6438
3108 4644
7297 100
8517 6664
1474 3366
5756 4899
8327 8933
335 1760
9289 2454
9242 2463
2790 1365
2325 1158
2509 8702
6505 5003
3178 1736
4314 2501
8960 8660
9309 5105
3384 4813
8640 7654
2195 5755
4832 4590
8458 6641
7956 7567
9206 4596
6775 6485
4660 1385
9299 7349
2662 3825
6444 6801
7320 3534
6094 9464
8603 4732
6338 6965
7688 6380
2601 9894
2233 1622
1338 8652
3389 9779
2856 2011
6604 6782
6876 2364
2013 6226
8365 4911
2199 2630
7146 1988
4748 1078
8063 220
6996 4516
6097 4681
8461 9687
2761 531
9325 8778
4678 1605
3618 3698
4693 8457
7011 8182
8293 7616
9628 1636
6381 999
6014 1159
9392 8763
5504 5450
1308 4118
3132 5297
4371 3385
4179 2581
3122 6412
210 8604
4151 8283
2746 5017
730 227
9821 576
7606 2385
6874 2750
9441 3207
7232 4722
9460 5547
1154 8332
5746 2441
9685 3854
92 2940
5889 5405
419 9359
3713 7344
5914 6239
6909 2576
1820 3783
8209 8715
3667 7177
883 5658
8681 3001
3990 1400
9325 1494
8516 7015
1824 8371
701 187
9214 5109
6764 3250
8870 2190
4778 3850
5364 5900
8122 303
4262 4678
7905 6463
8707 3187
3794 7358
9278 9398
7228 3569
7799 149
4230 506
1895 2198
9128 2945
2460 8013
8920 4167
5381 1546
5544 7063
3437 4410
139 1751
2930 3792
1790 4311
4428 2243
4416 8504
3428 2419
7575 6531
7101 246
8796 2128
7280 9121
459 6537
9810 5098
7485 3361
6854 5774
3197 1749
3201 6442
774 426
2371 1890
6319 7660
9978 494
5383 525
5600 3255
2528 2472
4370 4164
4998 9116
2685 2600
4238 3758
1750 1421
8959 1891
135 6522
1155 6111
9499 7240
3059 2724
2265 5372
8515 6616
1267 525
4991 7471
1683 5037
2547 9116
4873 8276
4263 2834
3465 3786
2164 650
9197 5351
1258 4971
5393 2526
2520 6549
8133 3907
7007 5780
5547 6892
831 1801
9196 6066
5675 3126
8207 7479
1273 1890
5361 912
5505 3099
6117 152
6093 4856
1293 8675
6726 8207
3556 3305
1709 4089
1714 336
5423 6111
7443 8229
2434 9489
4628 6388
9940 641
1711 727
1828 1976
4289 8918
9302 7718
7956 8628
6720 4750
4287 2534
675 1148
2854 601
4593 6948
2800 7412
490 3957
7069 5861
3367 2143
934 4895
1309 8684
2369 4117
4447 231
4246 1399
6118 9466
2554 3686
4227 4893
9348 9284
1004 2167
3643 7041
4683 6591
1739 399
8697 6066
6849 1069
8955 4650
6645 2622
5258 7082
3166 923
6690 3282
3786 3846
6515 2254
3452 2448
4658 7598
1788 2847
2649 3212
8627 6416
965 5401
5575 9879
9943 8340
3499 3331
6329 2485
5387 1740
3110 8785
1513 9804
2683 2023
8617 4627
5256 1761
5079 9265
6104 5363
5548 4593
207 4799
3369 7804
569 2438
2309 1876
6212 2355
2928 9193
7067 2282
8652 1660
7153 6147
8002 5285
790 4589
6848 1073
4557 3959
4748 4861
7068 551
9586 558
4918 5333
94 6505
8928 2254
8530 1533
3775 3887
8831 9059
338 8056
7427 7002
4074 2176
4862 8855
7013 3449
4417 4159
4714 4291
342 1617
7254 8197
3109 5041
1492 9522
9103 7338
7261 2660
1636 6893
3049 8810
9068 6903
7313 1569
5043 6711
4168 9491
180 5356
2121 183
3634 1886
7259 5081
32 4301
723 7220
8782 2419
1984 2051
3109 8173
3250 7166
3050 450
5532 7893
4165 2180
7867 2430
7162 4273
4049 2921
6521 9857
173 4266
7381 912
1154 4104
5704 7764
6138 7362
1600 4610
5556 7362
8245 8979
5478 807
8911 9206
4830 309
3703 1968
8855 9510
2755 9062
6300 775
8601 492
2980 5997
8120 5490
7527 2601
470 7575
4363 1404
4005 4277
9811 7267
733 7372
2042 2763
840 3152
3555 8073
5186 9620
6006 3754
9064 3799
5878 8372
7922 8957
6815 4616
3309 9574
3149 6408
1281 4385
542 6572
1569 5029
7060 9609
5411 9197
4611 8808
1148 6821
7518 9263
4551 3581
7268 9119
7487 4061
6457 2474
621 671
2491 2411
5493 8850
9928 5153
2889 8252
6457 8910
2143 4807
1604 3782
4632 4565
9714 224
2285 6631
7701 2720
6471 4286
5358 2456
5141 329
94 7110
3892 6339
3449 5574
7974 9169
735 5872
1083 3908
928 8528
6669 2412
3752 9705
4427 741
9674 7556
1455 9473
2921 8367
629 3880
8506 6609
2991 6112
574 6933
6336 7003
2221 3460
8640 9161
4225 9412
3339 7342
2688 9715
7660 2885
8324 9921
4946 3338
1401 2283
7152 9857
4253 2055
2133 2248
8039 1884
6907 7569
5770 4087
3934 3235
5983 8148
4189 2743
291 9452
6450 5359
8636 1277
4504 5669
4102 5117
112 6892
9421 7052
1955 3636
5284 5012
8354 7780
1155 4571
5393 7296
7513 1743
3420 7476
5391 5178
8574 2623
4415 6066
7755 4372
6800 7505
309 8274
8244 9492
5900 4803
1725 5772
3173 805
7595 1240
6181 4568
9298 977
8866 6497
7812 3767
4213 9885
5657 9882
9616 4708
9155 545
5023 2270
2318 88
7670 1234
5261 9078
9260 3864
685 5164
5064 6670
2860 5312
43 2098
1286 2140
6295 3329
7995 3109
6853 8867
7198 1767
9306 3343
9470 8921
415 8671
5758 8660
215 342
5198 7394
3408 3394
3366 9711
3912 4505
6255 2710
5358 1490
3808 1924
7424 4821
9556 5265
1494 3417
7797 8991
826 2772
5518 4698
8181 2703
3584 6944
2354 6672
6931 3457
2921 9700
2430 7228
1912 4608
7594 2469
657 7599
7545 8004
1885 8530
5614 7988
6867 3094
7272 3708
5827 4995
2574 2430
6152 7506
4823 5668
6859 7809
3003 456
7425 814
7442 5066
8622 1971
7644 3374
5684 9723
2664 4620
418 2602
7102 8780
8440 4393
6148 1186
9614 7041
7346 6933
535 1536
7387 5281
6470 3535
6706 1443
4499 7473
7278 7174
2570 8818
572 2258
8626 5483
3738 9237
6682 283
839 3317
4473 1808
9371 9028
9082 6689
4151 1263
7202 3755
6425 1388
5068 2134
4857 6417
1609 9653
2989 5073
2540 9986
3071 9698
8582 7218
1570 2771
7553 6605
1496 4775
5312 5340
3658 4985
4430 3849
2916 7034
7456 2598
209 3610
5959 4046
4534 9992
931 7994
543 7594
7181 8552
6771 200
9266 1982
3640 2339
9229 8988
1734 4291
5319 8636
5479 4378
625 9230
3509 6399
8365 7802
9376 2976
1119 9581
2260 5671
2927 4795
4715 5440
8149 5788
5549 5265
1724 2061
2288 7100
5075 7610
7403 5330
8340 4603
6960 6313
4570 7124
7657 2070
2064 1614
9155 6545
7659 5654
9903 6308
4486 5899
750 3733
4609 3081
8854 3375
4321 4803
2181 1122
5364 870
3580 7787
3126 7830
7359 8413
1719 1026
345 2197
5243 3174
6971 3223
1807 1322
8546 4549
9522 8121
3663 6156
2474 4623
832 4007
9390 2890
7281 3992
13 3598
241 9105
7339 7951
8658 1090
8386 7729
5349 891
2149 8113
691 3623
2239 7489
3411 4806
7816 4880
3448 9749
3139 2232
4792 1213
893 3561
4166 8464
8655 3640
5541 9428
1017 3095
6427 2795
1256 2094
450 9281
3144 1526
5002 9264
9415 1595
6413 7609
7823 9498
1013 6653
4149 1428
8630 8275
9465 255
2103 9467
475 2193
7377 4338
8793 5660
4360 7081
2930 7509
9663 4962
5609 1251
404 5504
8576 5397
8317 3142
3313 1976
345 3686
4708 264
7750 723
6844 3299
8115 50
9279 2214
7285 4607
7545 985
976 6360
2331 4670
6066 9346
7300 2664
9517 39
4256 233
4948 5483
8956 7560
7002 3617
1305 6551
8708 3306
5069 1643
3899 3521
6860 3813
9668 3943
8260 4255
9898 8844
1856 6904
5973 8936
9932 5610
2948 2835
153 7680
6976 5568
4010 1697
4171 8359
6903 8353
5308 6221
8697 1445
1304 3322
848 2344
472 534
5725 1989
1877 2240
2336 4378
8997 8143
2735 4262
9935 2710
1565 9616
8262 5075
3675 7251
2580 9149
8373 9218
813 2479
4669 3372
3621 9339
4080 5054
1240 1383
8807 9072
6955 3631
874 3967
6628 3241
8378 8133
436 8002
1826 2485
2086 7780
9669 7459
8640 6648
8811 2353
450 2349
8657 265
1213 9348
1741 9196
3465 5225
9819 5754
5 6737
9644 2553
2102 7808
2597 4303
7154 1999
4673 6515
5839 1101
4198 3876
7554 1686
5684 1679
4874 1461
3972 3437
317 871
6666 1759
9729 3297
9063 7501
2078 1596
8734 2978
3246 5583
3814 7653
3829 414
8837 4035
7674 6285
9832 7772
2059 3112
2436 8308
3662 3529
8989 1004
1182 1762
8414 3426
5575 7172
9632 5221
5669 5894
4925 2670
3290 1775
7741 9086
3832 6039
8498 7533
8479 8240
3406 5985
8811 7391
9880 6007
3358 6850
5206 4487
4329 3717
8322 7081
2950 3884
986 2431
4424 9965
5716 6916
3015 6765
1654 3583
1203 8384
8796 8955
6070 3864
5784 2641
6764 9856
2226 8702
7702 1342
1783 7200
4730 768
2290 844
4550 1649
555 6239
7526 488
1302 4052
288 972
511 3320
5428 6567
4659 2734
1942 8481
7234 8329
4454 7170
5733 6421
7911 5199
1456 1480
6070 257
5418 356
8577 5011
5812 5587
5075 7934
4581 7188
280 5856
8714 5391
5385 8828
8046 7820
5926 325
6558 4067
9074 9048
4420 1135
6056 1832
9768 2192
5641 8144
3034 2783
1092 2077
667 8514
1366 8697
8741 7422
8268 6263
17 1490
4832 6406
3521 758
4592 518
3296 5808
5153 3782
526 5438
2810 2006
9356 9682
7581 1027
8229 5289
8671 8152
4358 9191
6991 721
1445 5449
1585 1379
4290 3514
8091 7441
5365 6210
7731 8066
819 2271
7314 2436
321 8688
1451 7144
122 5294
610 6179
5541 4334
1361 3548
4830 2786
2073 951
8873 9559
1979 2842
236 7868
2505 7312
6243 1882
5255 3393
9717 9864
9418 6587
1439 2622
3732 6646
6527 3321
8910 8962
5385 3499
6186 4695
4401 8023
1592 2042
2884 2177
2546 287
8516 2921
4675 3408
4293 7229
1302 5137
8813 4822
928 8046
8411 3138
8170 6416
2478 7770
4533 7119
7948 6639
5902 5929
2273 7575
6474 1909
7178 4320
1510 183
4829 4963
5884 2690
6455 5531
7371 7602
7083 3525
5660 3145
1578 3501
6691 9450
3978 1479
4561 8285
8952 6527
5243 727
6527 4992
2652 9490
7364 8580
4629 4134
8723 2491
2058 9821
6847 7703
1994 988
5765 9298
240 5821
9019 9213
3195 9468
3833 9996
6228 8844
7978 8783
3090 410
8743 3931
6462 2379
6903 609
7693 1657
5170 5284
5217 6008
129 2054
8006 5914
3719 2857
329 8145
793 5076
7217 2726
5143 1065
668 7379
184 6407
6175 2438
783 8662
494 1715
4404 8903
3202 9856
8525 7727
1347 6325
9867 6505
4415 2434
6716 911
7668 3992
9719 3623
6394 6541
1447 5659
180 3147
3927 2459
9057 7048
5260 8073
7797 5730
3900 2937
3433 482
9378 6650
3195 3116
1031 9891
1814 6721
5154 3839
8759 3866
9970 4050
5844 8286
929 9728
217 2386
9531 7514
8986 2516
3137 3770
2934 4251
4009 244
1920 4706
7154 9360
957 7528
9633 2206
2308 9758
6529 1907
8448 9931
2606 3624
9682 7967
925 4866
7470 9459
2258 4824
9651 6124
517 1649
2505 6703
7983 686
9443 9208
7305 8824
9942 7634
9211 4550
3312 5334
9670 3448
2935 3160
4206 9647
7900 9799
1938 4449
9625 4544
7682 9529
940 1974
6415 6517
2568 2032
1507 7777
8960 3039
1372 851
2998 4081
1591 1101
7295 8991
8865 3277
6644 509
1472 1325
864 984
7501 6436
8560 6408
7752 6210
5283 8242
4941 9200
1324 1584
9233 8747
4503 3857
1544 2517
2338 9041
4208 5179
2146 1258
5717 5651
1251 9300
3732 5178
3223 9469
9605 402
5720 4467
7507 1775
4382 5283
9488 2518
8841 6700
4389 1030
709 4947
4886 7108
1722 9275
5163 8888
2759 6733
2303 9549
1 1863
5199 14
7246 6124
3241 5297
8106 3589
2472 4692
7724 7778
208 9852
7921 1713
1116 938
6897 692
6943 4748
4903 8772
8909 7537
484 8750
6735 3791
688 2838
3420 6953
2958 5397
9857 2682
6393 5840
4703 564
8750 6687
5098 7685
5323 7164
5244 3639
1677 249
5078 7254
5243 1608
330 5048
4091 5677
9136 6140
5961 2952
1781 6151
510 6330
963 5251
6556 3942
1298 7108
5452 2062
1221 6146
5386 9846
9970 7946
5443 4653
228 8159
4317 5602
6008 9929
3345 6447
8503 8632
2887 2042
816 5635
8555 3310
2339 3886
5153 7720
8806 1423
2294 6957
4381 5975
5430 5676
1124 4698
9987 8935
5061 4622
8512 6171
5576 1464
543 8207
5878 7657
6946 112
2407 4032
4422 4722
21 1023
1857 6419
7856 2834
2253 3957
3799 1853
7034 2869
2624 5545
1533 5184
3018 8966
3979 5424
9048 3382
7856 1983
1784 7214
4221 5119
4967 2027
3460 387
4609 3805
1374 1947
3522 2695
5595 6156
4600 6997
4343 1321
4113 5183
931 6886
4779 5160
7025 9901
2149 8846
8188 788
7782 1284
2598 7078
5681 2504
8605 3550
5836 9008
381 3565
1788 7485
1871 1382
4139 6355
9461 4057
7780 8623
3880 276
7716 3814
637 7816
6037 9631
6985 6129
1375 2438
9858 5117
3259 9454
8921 4478
355 3376
9674 9627
5182 1642
7417 6034
4417 443
3846 2484
2200 8994
488 6043
8785 3426
8736 9729
5273 3231
6748 7428
3167 6703
8571 5285
2208 3932
7093 6053
7211 3124
1762 672
52 8465
2174 3687
2581 3793
3283 1328
7271 4954
3724 8670
6899 546
7291 1628
2979 2419
7084 5402
743 8123
9884 9705
2411 6978
5804 7909
1060 6260
6922 9460
9122 3159
6180 1554
8320 8232
1704 9096
8924 1816
7042 6403
2920 5560
5312 9082
5202 4420
8157 4527
6391 1974
2574 115
14 6319
9080 8073
7373 6740
798 86
8542 4140
8234 1056
6827 7463
99 651
7911 1010
8785 4940
1834 1813
1292 6685
7406 3068
8023 8013
4660 2737
9408 7632
6490 3418
5877 7570
2294 6507
2903 5029
940 1130
1414 5837
2791 6380
5579 4201
4400 5722
4500 8088
1672 7964
2563 8848
33 894
8791 767
9430 882
3488 952
9248 5734
8755 6646
5093 8637
3708 4399
9624 3939
1752 765
427 655
8588 4883
4239 7066
555 8428
9386 731
7530 5117
7138 7332
9382 2833
2013 523
7437 1881
4761 6874
6667 6550
9429 8887
5294 5923
7617 9172
309 7157
5740 9024
7023 3210
5976 7319
1990 9753
1974 2179
1598 3373
9318 2514
9786 4870
772 5531
3201 8266
3989 7450
8746 2856
9877 1264
9874 1594
4489 7818
6191 8018
5225 9445
1614 3488
2325 2273
6101 3551
4300 8206
5923 3477
4368 5239
5421 7676
9096 1009
2687 8885
7148 8897
2456 9790
5254 1281
2830 18
7860 9302
2653 4781
6410 567
4039 1525
7362 5528
1641 4831
5819 6680
3380 9548
2746 6119
9726 1217
7503 252
5738 4613
6358 7603
4834 1766
1176 7303
3505 3066
6145 8041
7201 5867
9232 9929
2453 8528
9396 2598
532 5944
3057 3375
4559 5285
5923 8188
9432 3092
8572 230
2116 9653
3355 4796
4475 6219
5178 8772
5692 6119
1271 7033
4889 704
8578 208
7056 9092
609 4614
3801 9770
952 2098
8428 5344
6677 617
3685 1570
7471 8286
5786 9754
872 7643
2997 1869
6122 4719
3841 4277
3841 3384
3624 9427
9604 9321
4782 6240
274 4373
6561 3309
2886 5088
7134 261
5519 8073
8096 4138
6008 6278
5388 7017
9347 4716
299 8917
8286 4775
8818 8554
9085 339
7737 3179
8410 9437
7222 6396
6615 7318
2802 4790
5023 1346
4548 2822
5847 2694
5056 4144
3487 7383
1461 9567
2345 7840
6230 7451
9754 5269
5416 4883
2299 9132
2761 7790
1673 1352
4785 761
5808 3947
789 472
4549 5850
3495 2053
3687 9401
5328 1895
2519 8217
1385 8897
9072 5604
864 9937
9419 9617
8720 7279
9441 2798
2159 7260
7852 2147
4297 1155
6860 5863
4295 303
1124 3162
5460 8628
4698 1575
9729 1300
2629 8695
9284 5316
1469 4862
7708 6463
4757 5263
3128 6057
5529 9483
1813 4608
9388 4623
9294 6867
9490 8639
8557 964
8072 4718
3938 412
7565 1701
5625 2934
3094 1206
1041 9172
8132 1650
4551 6164
7999 217
3163 1872
3815 1728
9115 3293
2127 2015
4558 8766
2351 3013
4806 7120
9744 706
601 9022
7720 6750
7994 1370
3943 2889
4683 7409
942 5171
5445 6959
7641 897
6609 9773
6428 1523
548 8093
6240 9022
9400 69
4430 2968
8383 8617
1834 7109
3117 6673
4619 9111
7728 1024
1773 8504
5116 5426
5490 288
3691 7251
7303 3468
9603 6845
6384 274
8023 3479
3340 3837
9251 3792
8320 4536
5339 9360
6131 2228
2000 5030
4045 6921
4593 952
3262 2927
928 6343
6568 8281
4985 8991
1402 6522
1662 7864
8350 5956
9662 7685
8924 701
6661 7166
7946 5486
7637 5796
1342 515
1882 905
7382 1311
4625 2627
1845 5948
7983 1467
3942 1895
4268 5901
6418 2435
7939 4403
4790 6338
4063 2832
3990 8586
5312 7710
144 835
8772 7415
1646 1585
8288 5673
3319 5596
4201 8924
5212 4110
8088 5787
7327 5432
9398 8808
9274 5754
1535 9550
6032 4254
7180 7967
5228 2609
7684 8634
4322 7167
1820 1129
7827 7227
7860 6001
7615 9170
852 921
728 3897
7016 3279
2334 1103
6714 1902
5745 8746
3896 1138
5977 9081
1923 3160
3822 3853
3619 2835
5908 8289
2751 6619
9662 4964
5425 4830
4045 6205
4444 1140
2392 8461
1788 5115
1454 2676
8205 7748
309 7825
1114 5695
6237 8823
5709 2039
9484 1599
1629 3022
1770 3165
1 8640
7751 4261
4701 5068
9285 6270
643 3556
9518 6240
1077 5055
4521 2455
1110 2829
5997 2099
3711 6518
6769 6214
4307 7353
2320 1992
2328 9846
1159 2801
9168 6936
1189 5347
3711 4482
7450 7220
710 6454
8462 2327
5286 5957
9001 3039
5215 7993
3263 2394
26 2479
3487 2481
1636 156
3732 91
9608 1649
5398 7254
7061 6027
1786 6777
1436 5825
6204 7565
5972 1554
1745 7392
9137 6424
4870 3562
9766 47
9470 5158
7034 8737
7393 1890
8835 7777
6560 7802
7686 4589
7497 1460
3879 6851
2483 9172
4254 3402
3469 6750
6196 5773
1652 2051
3370 4476
9704 573
9427 8354
2580 3127
5573 7770
499 1716
317 6599
7154 9731
1132 5260
3978 861
1539 2790
6613 1588
6886 1327
2902 5606
6057 4258
8798 3710
2052 5283
7551 614
5481 816
787 4553
2281 7320
9544 9913
3746 350
1017 7755
9446 6947
523 1536
7987 4508
5185 8369
6292 2863
1441 2696
5353 7332
2016 2608
4036 9162
7202 8202
5904 1817
4770 8396
7843 4815
3520 8522
9696 7212
2686 4308
1414 7424
4079 8715
1593 5365
7907 4617
1716 5925
4632 1333
4028 7080
5866 9150
8001 9044
2919 8364
8307 1819
9248 4567
4856 6551
4115 5182
2296 8162
5964 2780
3784 7476
2823 2966
2731 7057
124 6177
1010 5016
6922 850
1201 1385
1015 9113
8782 8074
2309 6541
9465 5635
860 8876
207 2950
8420 2899
6373 4770
6565 2880
7033 3682
2379 8893
5186 562
5078 6458
2184 571
5568 95
2957 644
4269 6465
2226 9689
4952 2933
5246 6253
430 1922
7849 5902
9029 7006
5539 354
2309 1237
8842 9723
5412 4814
5134 9939
1342 1532
172 2620
1212 2745
2744 5662
5637 3866
7247 2175
8855 339
1350 4751
9001 1626
3183 5747
3790 6627
3480 9415
2450 4548
7537 6835
3907 8467
2106 5146
3546 5667
9312 5953
5318 2799
1477 4682
9568 694
5695 2718
2084 875
2718 4445
223 2712
4573 6089
4519 1101
9261 6113
2073 9145
6778 59
3318 3710
771 9469
7208 4250
6935 7868
2087 7806
679 7603
4171 3174
1118 7620
1485 1315
737 8259
6540 8796
4115 6826
5270 6741
5875 934
4815 9719
4461 73
5544 569
1569 3354
1844 2109
2670 5705
5320 2015
7803 3013
6589 4340
686 7381
7263 5113
7881 9922
6385 1707
9308 8515
4573 5602
8998 8568
3547 1170
4580 9987
4571 806
502 7138
53 1023
7927 8861
5706 6437
4813 2070
9334 5786
6150 6050
6622 3938
294 3309
9351 3517
4240 2931
5766 2429
5504 2182
5875 5244
4287 1381
4880 526
635 7207
4564 2734
718 4446
6410 1349
771 4192
6853 4784
2761 8218
8582 1681
2176 2995
7064 5719
8092 6494
6777 8246
2764 28
6552 2901
5095 3045
6286 5873
278 8759
4288 6533
4549 159
1335 5875
1001 4113
8956 583
4828 50
1609 9240
6696 170
6017 8989
2557 6622
1302 7840
379 5257
1066 5178
5280 102
9502 5898
7810 4470
1954 2488
588 1526
4537 5255
978 2921
3760 1582
1230 7270
2882 6012
433 9332
6376 4785
7135 9380
1387 2624
5352 6688
4136 1105
1089 600
6915 3562
5544 8756
4024 3389
598 8092
5470 9826
2480 8496
1193 6242
7033 9681
5868 7045
8858 805
8980 3573
7739 3952
3744 4361
6084 6110
475 1485
6174 5228
104 2355
8824 3100
6991 4188
4699 7467
5921 9476
8823 4532
7012 632
7796 4837
5109 8621
1591 547
6133 6102
8416 707
312 9266
2877 4892
4525 2488
2527 8121
5772 3957
8380 2279
2605 8485
6601 7612
2169 1345
6024 2324
4791 9924
6390 1161
6307 4368
5500 3164
6035 2251
8750 6425
7026 7105
8924 8984
6689 2495
7642 8237
9196 390
8653 3475
3776 6350
2540 4525
934 5633
6760 3054
2887 2282
5196 4331
8717 1526
401 9349
396 7588
4465 9217
9237 7684
4957 1031
3810 4037
526 8318
1242 5267
7432 5602
320 8977
2900 5884
9405 1200
7375 7768
2098 6040
9285 4713
6187 1138
5384 2855
4657 1261
8152 9798
5683 6597
1083 6873
7472 4618
6561 9013
6241 3646
3020 9259
159 9474
1849 7556
1628 2321
2861 3076
481 7349
7849 6903
222 9367
8579 6140
6335 7622
7388 3898
298 2143
4586 3427
6800 883
1290 2746
7406 1858
3377 451
8779 4469
3438 3774
6365 3130
365 8076
2810 5860
7143 68
5700 6747
6123 3178
2883 8534
6876 6162
184 9271
6737 6333
5540 79
4827 6317
2329 4342
7 6951
9604 7518
4645 9843
9394 4937
6658 3927
3998 1833
6713 3048
518 1146
5318 217
6070 6916
6740 1673
8403 8707
7942 3927
6326 5328
9975 2140
1193 4816
8226 3809
9976 371
4411 7416
6898 5352
1670 6297
4728 9412
5579 2796
5715 6547
8888 7056
1561 7386
7366 5027
6946 9853
8144 1345
1990 6603
403 3071
9111 9695
3125 6735
5967 2490
4417 4579
1732 690
4029 7537
8912 6784
8048 2815
6819 8684
4222 6494
9544 4495
3318 2000
6447 5428
1622 7936
4927 6554
9458 765
1132 7950
5229 7217
7162 6877
7459 8167
1473 4351
787 2347
7256 2763
1309 1623
2671 7742
2539 1200
1689 2585
1806 8730
910 4439
2587 2661
4868 4532
1143 7990
2479 643
4096 8929
819 3738
7441 8941
6437 5266
6480 85
440 3925
6374 3944
1532 7925
3512 860
3373 2549
6193 1450
1275 6819
4613 9739
8429 5280
8088 4985
206 6708
1214 6422
1826 5488
4655 783
9250 5749
8312 2503
1428 1622
6800 3235
8087 9773
645 3289
547 1206
7610 6986
2667 1055
7071 5306
7841 7929
7721 4771
9132 5524
961 7915
2872 1815
4251 2522
1780 2721
2858 6954
5502 5389
1300 9903
7003 7350
42 745
8468 9228
2362 1298
7055 1614
7526 8919
7889 6833
6087 4873
5296 5655
7291 4148
5873 3689
9088 9914
4552 2153
1987 9016
9619 8844
4529 9820
6579 438
825 9352
2184 1323
7449 1050
9265 5752
1374 2043
8762 3593
4097 9863
1454 4385
8383 7476
7066 9428
938 1965
2396 6340
6884 8107
7904 4269
1060 9777
7784 6580
4277 7949
2850 5448
6908 6965
3481 8730
4136 6200
6272 7352
9257 61
7295 8369
5591 4087
4173 477
2025 7924
2543 8691
433 4673
8832 7410
3538 3916
6911 2934
828 7472
4644 7785
8046 875
1992 1387
5415 6965
3782 8950
629 5900
5953 9769
9344 3027
4275 8335
4782 8768
4645 210
6862 9161
3210 9089
8333 9161
4612 9157
5916 9139
2999 5177
7560 9361
4416 2912
5129 9492
9973 8014
8821 6736
1343 8246
6382 9564
6022 9421
6186 4136
489 6366
8999 8758
9693 824
7065 8268
7065 9850
1732 8426
5279 5775
5206 515
2124 6838
5554 9567
790 7172
9864 461
5770 8812
3168 218
8750 351
9264 9656
3796 2274
6641 4048
1784 5413
3151 1041
1429 6458
3844 6640
5475 6859
3569 1638
4042 5109
2349 852
7909 4553
4548 4274
6715 7483
8544 2493
3852 7859
8024 2625
2866 92
2541 908
1283 3665
7812 7262
5171 6327
888 8763
4237 5614
6378 8033
9748 9406
9711 9644
9551 1851
782 9184
4694 6005
7911 3811
7230 7726
6921 6954
3385 1544
9191 5945
754 1379
7763 9394
3741 8429
8524 3544
9321 2525
4436 7648
5864 8547
7076 7074
5352 1077
8617 4267
6030 9491
3567 6523
4251 4892
9020 3593
6320 9075
5421 2965
39 1652
4711 5498
227 9640
4479 4745
1541 6122
576 2586
3355 3754
2036 9548
3214 406
8684 8125
1836 4681
2335 6247
7329 3504
2096 9055
3769 9951
1323 8562
897 5588
9911 9393
6726 7527
6610 7257
6604 5365
5258 2019
8136 8548
8124 8416
3818 9826
1188 3677
8087 683
2731 9971
7725 5586
2327 7829
5834 1278
9600 151
8862 6571
869 5968
3258 7666
6473 1827
6590 1405
6713 3896
3073 241
6076 6422
5740 9933
2502 7990
4809 8745
4603 5329
1403 7181
479 9091
3137 1015
9018 2852
2783 9027
8090 4646
1343 4816
2178 9786
1916 8936
3671 6707
6703 699
4973 3543
464 471
8949 9407
6974 3149
2040 9771
2777 5224
9980 4080
6823 2846
1743 4834
5834 8426
7589 8969
6531 7090
171 9489
9293 5413
7453 409
8602 7439
8247 3381
5237 1081
2084 6608
4063 3946
7889 765
7559 8974
5805 1139
7794 4829
640 6783
5263 5041
2374 4850
3057 1306
2731 1603
1426 6823
4277 2848
6427 259
9204 9958
2542 5896
2802 1335
2272 4474
7588 4784
3138 9669
9374 4060
158 9787
4323 1196
2418 1007
9263 2024
980 9728
5160 7176
4263 8385
7900 3080
2438 9746
4135 5407
6050 4213
6562 3649
3096 6422
5209 4246
6273 2007
3636 1363
67 7946
7918 1440
1539 7862
5270 9743
9050 5795
1332 9400
7634 384
899 955
8276 7254
9485 1470
8282 269
691 7426
5054 7696
2827 4696
8430 508
7721 3192
5429 1698
5251 773
6358 7355
9892 1768
2551 2857
7654 2981
322 3432
3486 9134
5843 3390
9656 4302
6467 6016
7739 7409
302 179
8853 6045
3707 6898
6880 3262
895 7323
2587 2698
1941 3361
2266 1651
1532 3556
5638 4792
1177 4984
6304 4175
9283 1515
3372 8349
5298 7672
3636 1841
8552 9863
3216 1035
4900 1111
6852 5314
4363 5422
8098 4305
5736 611
228 5690
5873 1568
8095 5685
205 8481
1573 1920
6824 4537
4227 5943
6372 4791
4195 1586
7363 9796
1246 1687
8049 4730
8833 8927
3324 9880
820 8185
84 2199
6607 6610
5944 5818
6239 5010
5007 1849
18 4172
9102 2183
6130 3364
813 6717
6960 8246
9012 7558
4684 2682
9439 9046
6626 1822
4578 8737
4706 6925
2907 7509
6462 4883
7322 364
7701 7085
5569 906
4270 4987
4181 7646
2130 4997
9567 273
1647 5747
6506 2316
2043 8575
9505 9769
7841 3359
7881 4784
3768 3433
6868 3355
5947 7228
7081 4579
5040 3404
4780 2060
6053 4258
147 3966
5361 7677
5375 7423
166 5986
7856 2775
2413 8737
9957 4670
3940 1043
2919 1960
2156 5009
2374 2714
7100 7802
211 9094
8314 4081
2040 91
8877 4556
1648 6541
5449 8655
1971 2331
7473 5413
4871 1261
3842 816
9058 4082
6231 8285
9514 7871
1390 5800
2569 8201
6544 3151
9636 860
1796 402
469 81
2159 7103
2033 1739
3643 2603
1860 3482
5118 8636
4702 5410
5541 6013
7044 4210
946 8318
2562 9764
6694 7119
2355 7390
3167 6401
9719 7532
3190 1027
2113 9130
5008 2512
6445 1255
381 2154
1683 7750
7427 1551
3268 7798
7213 167
9507 1198
5600 253
682 453
7417 9088
3901 3568
5534 9876
7110 5666
7992 1847
68 647
4764 4435
1251 8186
130 1441
5303 363
3919 1857
7003 8694
8992 3196
1109 8631
3739 6288
7562 4559
2466 7006
8223 8990
3301 4602
5097 4675
3046 3757
8346 7348
7587 1492
8529 1722
7817 1326
913 8555
4265 2824
6721 3646
9315 599
5612 2238
4719 6585
8345 2798
5644 8988
4663 5431
4054 2135
1772 941
8232 4964
9711 5338
5319 6452
9493 8626
5503 1391
8195 7512
7871 5581
2777 5511
8592 2458
2130 3154
5163 259
2891 7415
853 8078
5742 7159
2169 2360
9855 5979
8668 8867
8486 1897
444 4836
5795 6438
1043 5015
5701 5501
8749 4107
5014 7466
6854 7972
3680 7862
1081 7150
8181 4532
2434 2842
738 2309
1222 86
7710 5918
9501 9669
3389 113
9821 468
4274 975
4890 2898
3801 4808
6151 4283
2647 9169
1902 3134
3133 8222
6295 8437
5853 7279
6147 5025
8063 6627
8233 2965
7417 742
8758 6878
3299 259
4480 9602
3346 8476
9931 9276
7261 9579
4012 6762
6631 9758
4394 1003
8578 2221
8523 2240
2867 8431
6027 9091
4742 8783
8951 6438
2623 8439
3154 6401
9380 6923
4764 798
4489 9643
3862 4995
6378 6283
6961 493
8049 8982
1071 9924
9068 2898
9613 4127
8561 5408
9208 9339
5029 2492
6192 5170
1066 9090
1191 5767
7276 3733
2412 2556
2020 9132
4620 9152
8541 8176
6878 2671
1159 2436
2167 397
4560 9785
1095 3329
8510 7131
726 6322
1363 5701
2695 8783
5537 7
8849 8832
5531 8249
1618 2555
2604 1090
6004 3133
8779 443
1299 738
9122 7784
6741 6996
8758 1031
3888 5442
3373 7517
7235 2127
3240 9855
1688 8602
4572 5519
6019 2175
2192 7532
7364 4324
931 1983
6124 8798
6962 9495
6178 3648
3813 8335
8345 1616
2026 7709
8024 3016
7072 3289
3189 6723
3106 9785
8334 3365
3265 9140
7607 2719
5577 8138
4439 5465
4218 9707
6975 3025
6590 8796
1677 1596
5331 1477
9573 2227
7732 5140
7419 7786
4646 8951
4834 3830
3890 8968
3654 4931
7486 5191
1410 7480
5074 5437
9360 8578
8914 9270
8656 7104
5204 6504
2236 5604
5571 4241
229 8171
6022 4739
2760 2715
3203 7204
2928 4412
2560 839
6429 2985
9782 8138
5425 2892
5992 3467
1017 2860
5423 3155
5974 4597
7577 8347
6666 9674
479 978
5236 4450
6397 4469
5152 3153
349 6833
5236 7337
2156 9590
28 4907
8418 3838
2735 8291
1799 436
1005 951
6396 9283
9759 8885
6495 5400
3640 4935
9550 1619
8662 9458
1750 8774
5417 9983
2525 8226
6148 209
2209 3044
5530 2113
4408 5296
3471 3439
2519 5097
2539 8942
2367 3292
2892 6780
2421 4829
1016 6809
3174 3153
6619 2147
342 4841
3119 9613
6355 2898
5345 5840
5580 1803
6418 5811
3815 4060
5304 8925
857 2906
1914 750
4586 4114
2347 377
4340 6338
1302 5009
6319 9429
2429 309
1826 3767
8896 3722
6109 9337
5910 2943
8490 6011
6904 6793
1726 5800
4106 9350
9008 7084
4230 8972
2138 8576
7326 4247
1654 7988
7603 2012
4088 3249
1516 1556
9597 9049
3254 4531
4633 7782
8767 9292
8394 1510
3346 5426
6873 2244
4806 9290
5700 9225
6179 7524
3494 129
3159 6660
9950 7112
9833 9711
5833 8620
7275 8897
1364 8262
3803 9065
138 4714
6621 22
9640 6610
7943 4457
8143 7294
3030 8598
912 6759
3250 7538
2304 9191
6533 2543
133 1539
3203 9888
1147 9077
7188 3551
5884 6245
7674 5355
6833 2604
7396 5188
2608 2564
8094 9455
4764 2984
9861 1537
6572 7757
3768 9908
3725 7499
3299 3080
1859 3562
2173 6874
1649 418
8310 4711
9514 2472
9511 6127
122 6235
8494 7991
1623 6217
3377 1246
8652 4416
8642 60
7495 2
7862 1761
1638 8310
7062 5576
9089 2812
8248 8342
1228 1061
524 7334
8043 3691
432 4664
1150 7589
99 8197
3364 6998
7973 5925
8839 6107
4785 9578
2965 4998
523 396
5689 5867
1977 46
5555 9886
1014 4434
2846 4153
6167 1230
7371 285
3636 9393
6115 9113
7041 8691
6488 5727
2249 9944
3656 1035
6614 3809
6774 9441
6463 7473
3457 6449
1866 3543
1358 1373
5959 3171
5651 2973
1828 3356
3074 2175
6211 3901
5853 9450
9169 1812
6918 9780
8276 2649
2284 2717
294 6495
8968 2258
9381 7492
8791 9003
7593 3935
9862 3773
7240 7637
933 1170
9670 5177
857 6057
4852 9416
2711 9657
6961 9156
9683 2686
4781 6936
8236 1972
7069 3515
5941 5762
8782 4139
535 3017
4148 3767
2552 4293
6517 5974
1699 312
8110 1519
9457 7407
5754 2348
3873 9122
7714 6441
4164 8386
7639 5838
3807 1294
714 354
6561 6263
4098 9005
9228 2238
7299 5050
5834 4725
8710 53
7214 1093
4534 9946
9623 363
5396 8468
5958 2321
492 1816
4049 3865
3919 1548
4613 2614
3685 5494
6194 2621
5244 8070
9234 47
7089 3351
7503 207
3429 4694
9240 7344
1856 6017
7516 1868
2824 4373
1423 640
3831 670
7120 4360
8777 8990
1471 4103
7635 6968
7198 7600
1343 7804
5380 4364
8047 9425
6532 5773
6743 9864
1426 1611
2098 1133
5166 5568
1508 5255
9321 891
2540 6135
3345 4799
6123 8011
4768 9928
2163 9473
6451 8582
8729 6938
89 4713
6395 7096
9419 2073
8815 22
2857 1594
8964 3473
3631 4454
514 5143
8308 3166
6740 765
9704 2790
9510 2293
3171 6390
2914 1023
9348 5192
7994 9386
2386 4881
3778 6051
3591 8041
245 8625
3360 6715
8433 4197
3903 5024
4197 1693
4972 9287
7842 8033
4828 842
2140 8461
4383 3364
6877 1392
7908 7688
1032 3522
3725 1890
4818 6485
2295 3858
5615 6369
678 2026
2409 5190
4645 6384
1029 1468
4129 130
2220 6516
1479 309
2915 9916
436 9216
5908 8071
2325 5363
187 2924
9389 39
1032 1743
5496 2028
2773 769
938 3199
5981 3431
1304 7092
9026 3842
1628 1698
1344 5837
7617 1058
672 3964
2076 9027
786 4535
8676 7278
4587 7572
3467 8597
186 7175
4494 8102
6771 6193
9763 2444
4879 6109
6931 3722
2865 5400
70 765
3584 7026
6844 5721
6133 7467
7220 4886
9140 6950
9516 1164
5466 1031
967 3002
1768 6204
2905 4484
2194 4418
5697 2619
1763 2784
7630 3121
5713 2963
5145 3597
8563 8835
6490 8403
5068 1886
9208 9202
9434 2718
1130 672
1840 1263
2519 2625
7392 6133
7858 8056
4131 6602
1515 8160
8648 8098
7622 957
96 7956
9574 8607
8084 8985
4366 2441
6185 3340
4231 566
5543 8410
3426 8173
2200 7814
9764 9361
9799 8487
1168 8248
7325 9012
7146 40
7434 9033
6761 4667
7891 5700
2572 7431
65 9176
4903 573
9381 6898
1302 7871
818 7888
4353 8189
4941 6910
2333 9811
3642 7574
6956 7391
5598 3392
678 3352
5276 929
3076 1057
5069 2366
8703 6457
4141 5619
3541 5666
6924 8807
2242 3199
1563 4430
9866 1184
7790 9688
4334 7160
1030 3286
5206 4742
891 1387
5672 7375
7892 7277
5973 8305
7506 3898
4100 441
4781 3815
5644 1382
2661 6920
7234 4590
1796 2651
2115 1184
4507 2129
1591 4273
8454 9079
7630 2056
266 3917
6753 5764
152 4993
2730 1141
8849 1451
1013 6488
5614 4167
2329 4719
794 608
2311 9612
700 3832
1728 8220
7669 351
5730 9843
9248 7261
7652 2238
4552 9166
2268 2941
1948 2768
9858 2625
1881 4397
2641 4965
314 4413
9493 3465
1364 8017
1021 6517
986 330
9829 971
1982 4824
5145 6859
8990 1520
7575 4956
3053 2780
1621 6804
98 8088
949 7342
5909 1499
6456 3004
6393 461
8875 9678
8694 7747
1300 9023
9187 6057
9747 1432
5407 758
7598 4207
6238 9936
6440 1837
1521 7779
9947 4756
2789 1629
6592 4970
7615 5718
3438 15
1993 3756
3525 6801
8767 3134
2335 7934
7903 5542
9274 788
1497 5627
1867 8393
9968 8450
4231 448
9087 4829
2934 9122
7870 5807
7561 9741
1747 2804
9149 2618
9242 8184
2849 1544
6174 8118
937 8760
9658 4008
6223 527
6166 2355
8525 2414
101 5585
2483 7120
6374 5112
5790 2545
6058 5474
6370 2378
4568 6985
1411 3596
7137 9778
8164 7954
7915 1698
673 3317
8049 8545
5694 8500
902 6001
6073 1708
2612 7756
3698 7024
268 9344
1159 7433
5480 3126
4350 8973
8375 8506
1733 3911
5104 8278
5461 7308
2421 9692
7100 8215
7563 6859
4764 7096
364 5589
4769 863
5485 3676
2871 9354
8835 7968
8112 3369
525 5759
5059 3902
7933 2293
7002 900
787 5621
4690 7520
9184 7596
1292 1932
9180 8779
1406 5825
933 3868
2862 4949
2069 5981
3762 6841
881 4604
3809 5114
7747 8563
5655 9863
4189 1976
3225 9333
7874 4305
1126 2773
7789 6489
232 2936
2619 3688
6374 638
974 2416
8326 8871
6567 4543
8769 1023
6604 3520
4617 9142
2436 9771
6506 1441
856 4915
835 321
523 7306
2962 2281
8002 2130
4232 965
1339 4176
6216 1438
8050 104
349 8153
382 2490
6661 7013
7649 3331
7527 7815
6334 2328
5966 4326
2645 4457
4480 8980
4130 1850
5544 3830
7112 4757
9241 8366
4796 2520
6091 1772
893 8550
5922 7507
5631 2389
9534 9911
4678 8771
9668 6386
580 7511
3723 2152
7004 866
934 717
4772 9743
5697 7936
5913 6080
2864 4056
8542 1918
6705 7183
2709 4175
113 2072
2580 9259
9999 1688
6864 200
8353 1436
2358 7028
3061 5797
319 9582
3393 3282
8598 7440
7625 4466
3064 1619
2812 187
840 2998
5292 9392
660 8056
3011 4914
8887 7663
6091 508
1328 5719
7389 9498
2608 3909
4358 6752
5250 9213
3926 2509
2581 2587
7070 2835
6658 1066
532 6692
8668 769
9774 5739
4381 326
5971 7712
6798 2277
3627 3903
3853 1643
8827 9164
4459 4206
5007 7968
7464 664
8520 6525
7227 6262
2129 3493
7354 7541
3345 3846
8030 838
3949 2513
4145 9066
9846 6102
6653 4734
2414 2959
4805 3927
8853 3640
3483 4970
9938 5291
4089 5571
2703 716
7593 9628
6266 4782
1716 8171
6375 7840
1626 638
374 9510
9305 2425
3125 7383
2897 8335
9192 324
2404 5403
6278 3364
3418 9507
8048 2122
196 2223
7135 3628
9682 577
7058 5603
8106 1779
190 9257
522 5705
9554 3228
9864 3413
9070 6900
3163 8260
544 5452
3450 1995
3942 3847
7834 9587
1482 7597
5032 7000
2389 5265
5598 6475
8020 1835
6660 6967
2103 2185
2079 6845
2644 1756
969 9679
6351 5731
6203 787
2553 4352
8382 2417
9033 942
9384 7759
4981 6346
9565 1709
9978 3873
5511 7530
1071 895
2166 4470
185 7920
1637 3066
6924 7125
6611 1629
1870 1234
3538 2204
6898 7764
1556 5484
6646 2487
2378 8578
4227 8321
1194 2560
1640 7529
3602 1801
8517 6793
893 756
8199 7421
3093 6711
6058 3289
7932 1391
8431 708
183 1032
9069 5077
531 1788
9441 5672
5738 780
9506 5748
3210 2621
495 4248
2931 4623
7077 297
9818 9441
6187 480
1171 275
1691 5121
7563 4759
4115 9468
3140 721
572 4310
3513 6651
3324 7916
6556 4645
6330 6487
970 1383
957 572
2382 5809
7266 723
7747 4206
6337 1117
3950 2871
2059 1273
8423 8161
1563 6322
3120 9403
2516 1381
