5365
9878 1
1771 1
5538 1
9607 1
2524 1
6385 1
8617 1
3902 1
295 1
3956 1
1793 1
617 1
3648 1
6223 1
8999 1
8147 1
1795 1
3039 1
1390 1
9624 1
1750 1
2820 1
5947 1
7757 1
1121 1
9011 1
7745 1
9726 1
4597 1
129 1
889 1
7219 1
4508 1
6636 1
7987 1
9459 1
9959 1
9904 1
9738 1
1670 1
4759 1
4653 1
4516 1
4635 1
7744 1
4445 1
5165 1
9035 1
5100 1
8047 1
2565 1
1321 1
4713 1
6725 1
9214 1
3226 1
9592 1
8585 1
3039 1
7507 1
7547 1
5463 1
632 1
4418 1
767 1
5210 1
8580 1
3984 1
3264 1
5844 1
8467 1
328 1
5837 1
7969 1
4040 1
6985 1
4113 1
106 1
6650 1
3141 1
6394 1
6259 1
276 1
328 1
9311 1
7063 1
6772 1
8794 1
8761 1
2340 1
1579 1
642 1
208 1
6181 1
8473 1
8875 1
327 1
7574 1
6530 1
8677 1
9530 1
313 1
1831 1
6979 1
7028 1
9148 1
3593 1
2744 1
2439 1
1090 1
523 1
6922 1
6779 1
2619 1
6086 1
1706 1
7708 1
9983 1
3136 1
5467 1
1595 1
2522 1
6697 1
965 1
6364 1
3981 1
8311 1
3828 1
578 1
1497 1
3030 1
534 1
3401 1
4684 1
5186 1
4691 1
737 1
200 1
3138 1
9122 1
5454 1
317 1
6750 1
174 1
1667 1
1262 1
2048 1
6625 1
1501 1
9703 1
1793 1
8126 1
5034 1
7421 1
2562 1
3089 1
2696 1
7131 1
2492 1
8580 1
1342 1
24 1
9314 1
1279 1
6272 1
8452 1
9838 1
5130 1
839 1
3388 1
4372 1
7174 1
9117 1
9597 1
675 1
6605 1
2609 1
1404 1
8413 1
3243 1
491 1
9231 1
9238 1
3280 1
1495 1
4351 1
6036 1
9252 1
7660 1
4819 1
9025 1
6139 1
3134 1
9679 1
248 1
7425 1
8475 1
4602 1
2140 1
5396 1
4088 1
8479 1
4224 1
1427 1
1755 1
2808 1
5583 1
3039 1
2915 1
254 1
8529 1
2440 1
2430 1
8994 1
3666 1
3104 1
5572 1
2411 1
1588 1
7434 1
1501 1
2130 1
3133 1
5055 1
7915 1
8699 1
4304 1
2621 1
3029 1
987 1
2645 1
6872 1
4530 1
8510 1
1068 1
1887 1
7164 1
8082 1
2925 1
9642 1
3287 1
2845 1
7614 1
5028 1
3158 1
9147 1
4877 1
4834 1
5303 1
499 1
800 1
6006 1
3743 1
4053 1
7043 1
7557 1
9541 1
2875 1
8807 1
5723 1
5924 1
9983 1
9026 1
4766 1
7831 1
3254 1
8163 1
9707 1
8710 1
9547 1
6858 1
831 1
3336 1
9590 1
921 1
8523 1
6118 1
7623 1
4162 1
1876 1
7262 1
3400 1
3479 1
1352 1
4082 1
6519 1
9514 1
3810 1
5802 1
5515 1
3770 1
2139 1
1895 1
5600 1
3212 1
9024 1
2335 1
2806 1
1469 1
1421 1
7381 1
3425 1
3526 1
2775 1
4266 1
4937 1
1948 1
2074 1
6481 1
9711 1
6427 1
236 1
5178 1
8589 1
8123 1
7755 1
9643 1
9491 1
8893 1
3825 1
7110 1
8241 1
7879 1
6100 1
7055 1
2877 1
4732 1
2596 1
5371 1
8810 1
5432 1
7691 1
8943 1
234 1
7119 1
203 1
1455 1
7481 1
8648 1
187 1
2274 1
3644 1
2507 1
188 1
3281 1
6347 1
5763 1
8342 1
5488 1
2934 1
4405 1
7458 1
8813 1
5286 1
6130 1
7538 1
9179 1
5872 1
2103 1
2130 1
4557 1
6479 1
1166 1
4480 1
7809 1
1699 1
2640 1
6503 1
745 1
3795 1
1561 1
7553 1
3018 1
6007 1
2175 1
6909 1
4995 1
9791 1
564 1
6762 1
2670 1
3699 1
9202 1
6178 1
3122 1
8015 1
470 1
133 1
6642 1
1452 1
8966 1
9560 1
6563 1
2177 1
1512 1
7760 1
4574 1
1761 1
1496 1
5508 1
8510 1
6422 1
7594 1
6516 1
6100 1
9090 1
2467 1
7437 1
1354 1
6918 1
5652 1
7711 1
210 1
7384 1
4246 1
5954 1
9330 1
2837 1
1574 1
7814 1
9601 1
2987 1
5183 1
6638 1
7642 1
9153 1
613 1
4647 1
5323 1
3621 1
9318 1
7500 1
2426 1
1949 1
5181 1
4085 1
7262 1
7253 1
2351 1
3065 1
9217 1
7287 1
1205 1
8815 1
454 1
9186 1
694 1
1491 1
1469 1
8684 1
7327 1
7761 1
1153 1
3946 1
1663 1
1582 1
3628 1
2164 1
6504 1
2962 1
1386 1
2623 1
9264 1
1454 1
6308 1
1947 1
6746 1
3892 1
3277 1
3456 1
7695 1
9691 1
8189 1
1280 1
3811 1
3664 1
7984 1
6333 1
6773 1
3987 1
4649 1
2548 1
7006 1
9669 1
1188 1
7464 1
7030 1
6541 1
5800 1
8354 1
4780 1
2918 1
5970 1
9935 1
3481 1
5686 1
2083 1
2613 1
7895 1
1999 1
684 1
1594 1
3793 1
3893 1
8743 1
497 1
1402 1
5698 1
3948 1
1180 1
3309 1
3802 1
7096 1
9015 1
5895 1
4240 1
9506 1
3829 1
1238 1
5236 1
8295 1
3697 1
416 1
9226 1
1790 1
4334 1
1576 1
640 1
7435 1
3996 1
7863 1
4356 1
3472 1
8638 1
8671 1
8963 1
1644 1
3288 1
9038 1
1565 1
1014 1
4526 1
2609 1
8671 1
3625 1
7168 1
7020 1
3327 1
6718 1
4166 1
8422 1
1260 1
2685 1
4564 1
8872 1
3405 1
3060 1
4525 1
420 1
4503 1
2724 1
8469 1
2750 1
5065 1
9720 1
6303 1
8000 1
8377 1
9319 1
1090 1
1078 1
9209 1
1643 1
7416 1
8547 1
5714 1
4759 1
9855 1
8908 1
826 1
5964 1
4 1
8834 1
291 1
6042 1
5760 1
9624 1
7289 1
6610 1
9645 1
2293 1
9350 1
9387 1
6630 1
6467 1
3068 1
3764 1
7357 1
3476 1
7766 1
4675 1
3052 1
2206 1
9912 1
4432 1
5352 1
8125 1
5749 1
8743 1
224 1
5024 1
6383 1
7205 1
1069 1
1124 1
5702 1
9465 1
3124 1
1571 1
9906 1
5739 1
2306 1
4151 1
1537 1
5116 1
3520 1
1737 1
1737 1
9263 1
6447 1
2735 1
2451 1
9920 1
731 1
5733 1
7653 1
1895 1
9256 1
74 1
395 1
4557 1
9889 1
5534 1
4953 1
5244 1
4451 1
5766 1
5228 1
6824 1
6262 1
9580 1
4282 1
5414 1
7584 1
7599 1
3741 1
5664 1
9095 1
2779 1
485 1
1300 1
5443 1
3996 1
6524 1
3245 1
5217 1
158 1
2657 1
6604 1
414 1
6632 1
1900 1
2285 1
8863 1
8064 1
7271 1
4977 1
552 1
2728 1
976 1
4175 1
1626 1
5101 1
8465 1
697 1
9151 1
7565 1
3269 1
4456 1
8558 1
9232 1
3248 1
9921 1
5541 1
664 1
3534 1
3286 1
6271 1
1809 1
3835 1
5620 1
5275 1
6448 1
3408 1
2935 1
576 1
2585 1
6036 1
1019 1
2622 1
1876 1
7257 1
4627 1
1173 1
6399 1
4547 1
2899 1
1008 1
374 1
8518 1
1004 1
8920 1
2653 1
7540 1
4374 1
4861 1
6455 1
8313 1
5920 1
8451 1
4047 1
366 1
7748 1
250 1
1799 1
9555 1
4586 1
7816 1
6074 1
5714 1
1836 1
2791 1
8682 1
2231 1
4668 1
8626 1
4833 1
5073 1
9091 1
1834 1
3127 1
8729 1
602 1
7971 1
1652 1
9372 1
169 1
3108 1
2730 1
1727 1
8914 1
8753 1
4927 1
5035 1
7938 1
2077 1
9749 1
1074 1
4273 1
849 1
1664 1
9418 1
3307 1
2700 1
3571 1
5054 1
9250 1
5800 1
9750 1
7823 1
5939 1
906 1
4614 1
4527 1
236 1
2201 1
6180 1
9063 1
6938 1
8154 1
267 1
3751 1
2326 1
7632 1
1664 1
6977 1
3156 1
8861 1
3293 1
3019 1
3280 1
4472 1
918 1
3427 1
2401 1
1075 1
1973 1
5860 1
5279 1
7121 1
9764 1
1337 1
9145 1
6460 1
1083 1
1905 1
6323 1
3868 1
4129 1
2997 1
1306 1
1135 1
7204 1
4141 1
6790 1
2893 1
2568 1
4352 1
278 1
6111 1
2960 1
5408 1
5530 1
8411 1
2658 1
6833 1
3230 1
3539 1
2571 1
7496 1
7488 1
2763 1
4610 1
4837 1
3308 1
2963 1
5640 1
1791 1
8123 1
9411 1
1922 1
6025 1
1517 1
8762 1
3504 1
6554 1
693 1
5921 1
9478 1
9134 1
721 1
4354 1
7461 1
7270 1
9993 1
4150 1
6114 1
4508 1
9161 1
8698 1
342 1
1526 1
1828 1
9264 1
6921 1
1436 1
7681 1
4280 1
5732 1
139 1
4010 1
7869 1
9629 1
4875 1
5098 1
817 1
3534 1
8493 1
6957 1
9380 1
7904 1
5295 1
2228 1
2634 1
839 1
4027 1
9252 1
2226 1
4840 1
6641 1
4566 1
8052 1
1752 1
9983 1
1510 1
6967 1
7355 1
4779 1
2569 1
8643 1
9307 1
6308 1
2708 1
8294 1
4714 1
834 1
260 1
9159 1
1589 1
6857 1
3426 1
2253 1
3719 1
9200 1
8 1
8076 1
553 1
2152 1
7750 1
5159 1
6749 1
7417 1
891 1
7230 1
1229 1
6843 1
2185 1
5049 1
7359 1
6220 1
4912 1
9869 1
7125 1
7386 1
2227 1
8465 1
2732 1
3052 1
4868 1
9916 1
4266 1
38 1
431 1
9512 1
3234 1
743 1
4790 1
2314 1
2594 1
54 1
4809 1
178 1
4581 1
1269 1
376 1
4703 1
9318 1
6333 1
8481 1
8264 1
7425 1
9863 1
6783 1
6351 1
5578 1
4454 1
6184 1
9402 1
498 1
1530 1
4868 1
1586 1
8708 1
5137 1
3318 1
1034 1
1039 1
7475 1
7462 1
7068 1
3001 1
2126 1
4682 1
311 1
9702 1
7445 1
6854 1
7656 1
6308 1
7745 1
6599 1
4567 1
3577 1
8573 1
2034 1
6504 1
8759 1
5557 1
7974 1
9547 1
1556 1
3888 1
157 1
2291 1
6732 1
549 1
9631 1
194 1
681 1
4807 1
858 1
6512 1
1756 1
7703 1
8871 1
4451 1
7139 1
3546 1
3117 1
3596 1
8642 1
5317 1
7568 1
4963 1
7903 1
7962 1
6583 1
1536 1
3286 1
8326 1
7183 1
9997 1
6661 1
3158 1
7711 1
7427 1
2199 1
1187 1
494 1
2011 1
549 1
9780 1
9076 1
537 1
17 1
3398 1
2955 1
7291 1
4972 1
8099 1
188 1
2716 1
9620 1
2265 1
7104 1
5361 1
414 1
6302 1
1835 1
406 1
5021 1
3259 1
4515 1
5167 1
3921 1
7070 1
2228 1
5677 1
8647 1
3398 1
7709 1
5100 1
5230 1
6359 1
8982 1
8305 1
7079 1
8647 1
1812 1
4272 1
9263 1
3628 1
6411 1
5090 1
3620 1
740 1
792 1
3343 1
1511 1
5735 1
677 1
3443 1
2557 1
5659 1
3111 1
6876 1
7766 1
2692 1
5074 1
6754 1
3244 1
9058 1
9882 1
5415 1
7849 1
176 1
5395 1
3881 1
6863 1
206 1
3868 1
5486 1
4120 1
8138 1
863 1
8566 1
1569 1
1597 1
6439 1
9046 1
4516 1
7742 1
9162 1
5024 1
7931 1
5255 1
5342 1
5269 1
8371 1
987 1
868 1
4517 1
421 1
6 1
3212 1
7230 1
2508 1
2613 1
5087 1
2508 1
3914 1
1672 1
4161 1
1536 1
9996 1
6027 1
5076 1
7207 1
6019 1
8219 1
8701 1
1393 1
2427 1
6047 1
9632 1
3168 1
9150 1
2557 1
3578 1
4199 1
6145 1
3707 1
9202 1
8545 1
9736 1
6308 1
6816 1
4712 1
3277 1
6489 1
3043 1
8373 1
8980 1
2576 1
9997 1
1060 1
1123 1
9898 1
1323 1
2698 1
9793 1
8256 1
2058 1
918 1
4126 1
5472 1
5793 1
3903 1
3841 1
751 1
1752 1
6413 1
2662 1
3755 1
4664 1
4063 1
3991 1
9553 1
3256 1
9988 1
9729 1
3890 1
6719 1
4990 1
6576 1
1293 1
8487 1
6645 1
3636 1
3170 1
1673 1
2355 1
6200 1
9110 1
1105 1
3900 1
4967 1
2099 1
3184 1
2581 1
5633 1
1568 1
1855 1
455 1
9699 1
2642 1
9526 1
1924 1
207 1
8897 1
7167 1
8994 1
132 1
3359 1
2029 1
1620 1
4919 1
5718 1
7470 1
3927 1
4798 1
8394 1
4892 1
2591 1
1895 1
5033 1
5869 1
4478 1
2521 1
9562 1
5633 1
6621 1
8263 1
3018 1
9597 1
2147 1
9311 1
2800 1
8638 1
6964 1
2641 1
6503 1
5323 1
5580 1
9949 1
4724 1
54 1
3898 1
4622 1
3980 1
137 1
9987 1
5836 1
7795 1
7674 1
4204 1
5348 1
7047 1
2598 1
778 1
7359 1
6354 1
1637 1
127 1
5452 1
9957 1
5719 1
2321 1
7364 1
3758 1
752 1
4177 1
6529 1
5196 1
4122 1
2029 1
1932 1
3830 1
4228 1
6958 1
4887 1
5852 1
112 1
8200 1
4088 1
5535 1
9567 1
8175 1
3915 1
1571 1
2929 1
8872 1
6751 1
1633 1
9084 1
6866 1
4850 1
9629 1
2033 1
1978 1
6924 1
379 1
943 1
225 1
6810 1
304 1
4507 1
1184 1
2045 1
614 1
9865 1
7047 1
7768 1
2702 1
7886 1
8164 1
4839 1
9572 1
7705 1
4060 1
4774 1
4151 1
2169 1
3713 1
3564 1
9481 1
9922 1
4271 1
6210 1
8359 1
8644 1
7624 1
8503 1
8001 1
8340 1
4004 1
1802 1
4126 1
3230 1
165 1
437 1
766 1
3584 1
4319 1
7598 1
7476 1
7568 1
50 1
9860 1
9537 1
5949 1
8404 1
2044 1
3389 1
9266 1
1942 1
4724 1
8517 1
1573 1
2278 1
2949 1
1637 1
4717 1
533 1
4325 1
5886 1
7247 1
4597 1
9570 1
2674 1
141 1
9517 1
15 1
9957 1
6762 1
920 1
2165 1
9386 1
1556 1
7909 1
10 1
2551 1
5153 1
1939 1
212 1
22 1
3031 1
5939 1
6292 1
5287 1
9617 1
7573 1
3201 1
1458 1
7759 1
6672 1
2557 1
7636 1
5324 1
7256 1
1167 1
8736 1
629 1
3473 1
7895 1
577 1
4076 1
4455 1
3310 1
2622 1
3398 1
4745 1
5836 1
4520 1
5897 1
6852 1
2384 1
2396 1
1792 1
3780 1
6618 1
8465 1
4540 1
620 1
4525 1
4600 1
810 1
8062 1
4933 1
1514 1
2993 1
4409 1
1320 1
6056 1
8964 1
7871 1
949 1
9567 1
7729 1
7424 1
7415 1
4347 1
5010 1
4036 1
5881 1
3384 1
8686 1
5103 1
9423 1
9988 1
6800 1
3750 1
2917 1
6022 1
384 1
6159 1
5247 1
8227 1
7447 1
427 1
2694 1
2775 1
5994 1
6872 1
5003 1
9023 1
4774 1
1211 1
374 1
2597 1
9183 1
288 1
4995 1
2511 1
8671 1
2283 1
1645 1
8219 1
5107 1
9216 1
5788 1
5078 1
9002 1
5437 1
2333 1
1042 1
3498 1
9336 1
9302 1
8385 1
765 1
9557 1
9450 1
7908 1
6651 1
3042 1
310 1
7216 1
6715 1
4259 1
4235 1
6224 1
9320 1
7661 1
5624 1
2922 1
3660 1
2782 1
8235 1
9245 1
7036 1
2588 1
4061 1
5535 1
2006 1
6893 1
8191 1
195 1
5387 1
8161 1
6244 1
1259 1
9067 1
2843 1
4399 1
5323 1
5118 1
6672 1
541 1
236 1
6802 1
732 1
6540 1
6899 1
491 1
577 1
6264 1
9536 1
4745 1
9891 1
5858 1
748 1
8650 1
2115 1
986 1
3446 1
3730 1
6482 1
3718 1
5956 1
8854 1
4285 1
2389 1
1727 1
1715 1
1952 1
893 1
2715 1
7633 1
9006 1
6710 1
6751 1
4578 1
1979 1
9638 1
5522 1
4444 1
3685 1
9643 1
3865 1
3688 1
4962 1
4309 1
6795 1
2159 1
4829 1
6430 1
499 1
6280 1
4175 1
4792 1
2311 1
4218 1
7876 1
3355 1
799 1
6254 1
5307 1
2510 1
7242 1
2303 1
171 1
5086 1
4155 1
643 1
6550 1
2465 1
4456 1
4390 1
4700 1
2080 1
4280 1
3102 1
8593 1
8046 1
8006 1
2495 1
9934 1
7419 1
2173 1
1855 1
796 1
9455 1
1338 1
2330 1
3838 1
9381 1
9010 1
2304 1
1713 1
7400 1
5587 1
6245 1
1049 1
891 1
6248 1
2995 1
9178 1
6107 1
8260 1
8798 1
7320 1
7595 1
8723 1
3470 1
9216 1
9831 1
3664 1
9339 1
2131 1
4852 1
6698 1
5121 1
241 1
4369 1
1018 1
777 1
726 1
6421 1
1644 1
335 1
9305 1
6423 1
2714 1
5512 1
2755 1
6795 1
9494 1
8711 1
9295 1
2136 1
9567 1
55 1
900 1
6992 1
8033 1
7010 1
3973 1
1292 1
428 1
6955 1
2369 1
4407 1
186 1
788 1
9784 1
5221 1
9669 1
6511 1
808 1
254 1
9802 1
8478 1
4929 1
9414 1
4938 1
133 1
352 1
794 1
5112 1
443 1
258 1
5620 1
4324 1
1384 1
5691 1
7259 1
5839 1
9960 1
5388 1
8815 1
8255 1
4636 1
5716 1
4893 1
3932 1
9782 1
8381 1
2012 1
7132 1
2019 1
1860 1
6085 1
1418 1
1215 1
8258 1
4485 1
5173 1
4330 1
7777 1
3246 1
3033 1
1382 1
5661 1
7962 1
6756 1
5335 1
1881 1
8753 1
8729 1
7782 1
9181 1
4609 1
3960 1
6101 1
5192 1
4815 1
6397 1
8946 1
4023 1
8717 1
9091 1
8723 1
9080 1
2304 1
1387 1
772 1
5459 1
4775 1
2370 1
8366 1
4316 1
4370 1
3976 1
4456 1
8722 1
6338 1
5701 1
6290 1
3214 1
8122 1
3113 1
5144 1
9853 1
8314 1
5635 1
9601 1
7606 1
613 1
3705 1
9803 1
1309 1
2149 1
7308 1
7436 1
109 1
7434 1
5388 1
6428 1
8391 1
5983 1
3151 1
3563 1
9481 1
5532 1
8494 1
291 1
5134 1
8735 1
1952 1
4977 1
6903 1
6930 1
1640 1
7671 1
1214 1
4237 1
4533 1
3897 1
9632 1
4741 1
8796 1
1851 1
2903 1
9532 1
753 1
9860 1
4297 1
7956 1
8013 1
8797 1
9949 1
9783 1
372 1
8167 1
5558 1
5878 1
5311 1
5966 1
6485 1
3246 1
9345 1
8562 1
945 1
6246 1
7064 1
1853 1
4845 1
9998 1
780 1
8402 1
1383 1
5609 1
7448 1
9930 1
6510 1
4101 1
7002 1
3805 1
7009 1
9815 1
1100 1
3971 1
6678 1
1255 1
7953 1
371 1
5040 1
6742 1
9392 1
3328 1
2177 1
6852 1
9239 1
122 1
1777 1
9263 1
7295 1
3105 1
524 1
3546 1
6777 1
727 1
1238 1
3854 1
1611 1
9679 1
8553 1
8380 1
421 1
1625 1
4053 1
2760 1
7315 1
9338 1
5167 1
218 1
2188 1
4937 1
148 1
7579 1
8900 1
4297 1
4044 1
6612 1
6778 1
9366 1
9180 1
1423 1
7308 1
9666 1
460 1
665 1
3288 1
1630 1
2750 1
846 1
11 1
6393 1
1180 1
5511 1
9498 1
1510 1
8414 1
4539 1
8759 1
3948 1
3762 1
8571 1
5684 1
6959 1
819 1
4335 1
2519 1
9167 1
6820 1
9532 1
1822 1
7840 1
8255 1
3346 1
434 1
4005 1
2827 1
9969 1
1754 1
9806 1
1820 1
8144 1
5335 1
8785 1
289 1
2604 1
4709 1
8464 1
2409 1
303 1
5517 1
736 1
7927 1
2875 1
1860 1
7905 1
4033 1
9890 1
156 1
2454 1
6541 1
3581 1
5249 1
8945 1
5176 1
9633 1
6320 1
6591 1
3439 1
8262 1
3948 1
599 1
9765 1
2448 1
9758 1
7731 1
8257 1
7518 1
7334 1
2097 1
6717 1
4170 1
6118 1
3797 1
8072 1
3102 1
3531 1
2675 1
8169 1
6120 1
190 1
2337 1
6532 1
3030 1
3760 1
570 1
2437 1
3807 1
4226 1
1482 1
6595 1
7189 1
2175 1
8117 1
7730 1
1058 1
5534 1
7500 1
2697 1
335 1
4451 1
7873 1
7242 1
9116 1
4416 1
6437 1
2136 1
4035 1
8114 1
298 1
3416 1
4424 1
7823 1
4540 1
443 1
4095 1
8221 1
7624 1
7382 1
7206 1
3794 1
4875 1
6621 1
9565 1
595 1
2373 1
7097 1
5669 1
5025 1
5342 1
4893 1
9499 1
4739 1
2632 1
9990 1
3290 1
1285 1
6584 1
2967 1
8767 1
3092 1
4987 1
8362 1
1713 1
2682 1
2361 1
6848 1
8333 1
4981 1
887 1
2585 1
6078 1
2732 1
8032 1
3790 1
7795 1
8842 1
953 1
1261 1
870 1
3037 1
1000 1
977 1
9517 1
8513 1
4243 1
2611 1
7378 1
1015 1
5090 1
106 1
8328 1
6766 1
6516 1
5936 1
5013 1
6996 1
2655 1
6345 1
8474 1
4389 1
958 1
4979 1
5320 1
3651 1
9683 1
2864 1
5059 1
8571 1
2000 1
178 1
866 1
3580 1
4159 1
4176 1
9587 1
6741 1
6471 1
7553 1
8595 1
5702 1
5124 1
3232 1
8540 1
6840 1
6920 1
9972 1
9724 1
5709 1
6720 1
7347 1
8547 1
3082 1
9335 1
3314 1
2989 1
6609 1
8861 1
407 1
4773 1
3940 1
9642 1
6873 1
4909 1
4881 1
6694 1
6050 1
3575 1
846 1
2084 1
5696 1
1655 1
5633 1
2058 1
3259 1
517 1
7856 1
7349 1
996 1
9111 1
6487 1
4882 1
9809 1
2351 1
2144 1
4135 1
7181 1
8696 1
5698 1
6291 1
6972 1
5059 1
8118 1
1799 1
6465 1
8986 1
9846 1
7410 1
8352 1
2414 1
461 1
4919 1
7806 1
6088 1
8655 1
5503 1
8039 1
6824 1
1652 1
299 1
650 1
9912 1
1733 1
7692 1
2071 1
1128 1
737 1
6716 1
5694 1
7545 1
5508 1
5972 1
3831 1
6712 1
4667 1
3124 1
3017 1
236 1
6585 1
4966 1
8089 1
5822 1
8824 1
6503 1
4901 1
2769 1
7023 1
6437 1
5400 1
9916 1
2545 1
5619 1
9439 1
9143 1
1641 1
6012 1
9244 1
5687 1
9636 1
3373 1
3256 1
50 1
3219 1
9386 1
9799 1
5256 1
57 1
7499 1
1405 1
5260 1
7021 1
4575 1
7812 1
3935 1
5100 1
6833 1
5902 1
9892 1
7031 1
2258 1
4842 1
4837 1
4430 1
8615 1
6761 1
3344 1
8814 1
3807 1
3324 1
727 1
6841 1
1032 1
528 1
5077 1
4414 1
555 1
1897 1
8970 1
2860 1
1589 1
7443 1
5065 1
4977 1
1606 1
5261 1
5891 1
4589 1
712 1
2459 1
458 1
5662 1
6117 1
7718 1
7249 1
8731 1
222 1
4897 1
9022 1
4920 1
7276 1
5613 1
5400 1
7191 1
5062 1
1694 1
9173 1
1895 1
3394 1
7179 1
7800 1
3080 1
2468 1
302 1
3818 1
9037 1
3385 1
8965 1
6912 1
974 1
1607 1
3598 1
1070 1
5963 1
1106 1
7936 1
1861 1
1777 1
9545 1
6537 1
719 1
8506 1
9297 1
4842 1
2644 1
6100 1
9822 1
4371 1
3650 1
912 1
4686 1
9552 1
1124 1
6473 1
403 1
1878 1
6233 1
7606 1
7832 1
4384 1
3841 1
1215 1
6094 1
6674 1
8943 1
2132 1
5073 1
4678 1
827 1
3288 1
2077 1
8784 1
9739 1
5103 1
5838 1
196 1
8713 1
1540 1
4302 1
8596 1
3045 1
3761 1
3781 1
9343 1
9490 1
5001 1
7578 1
8611 1
9961 1
3651 1
2011 1
731 1
1441 1
7684 1
3330 1
1497 1
8525 1
7308 1
7565 1
6935 1
5693 1
7436 1
4699 1
3320 1
9586 1
4356 1
7640 1
15 1
4121 1
1132 1
7221 1
7458 1
6695 1
9189 1
1926 1
5761 1
6535 1
4465 1
2918 1
9400 1
7857 1
5275 1
7219 1
1678 1
3553 1
5559 1
1208 1
1212 1
2872 1
7835 1
5349 1
9263 1
9555 1
9969 1
2622 1
8638 1
6518 1
8287 1
8761 1
3876 1
1125 1
1853 1
1696 1
4174 1
9613 1
3825 1
5615 1
5402 1
8326 1
3118 1
5784 1
106 1
3106 1
699 1
5720 1
6354 1
8559 1
3550 1
4354 1
9636 1
3248 1
7637 1
4009 1
7191 1
4710 1
9656 1
2687 1
3674 1
5795 1
5401 1
6501 1
9561 1
180 1
323 1
6920 1
109 1
1845 1
949 1
5463 1
7995 1
3382 1
6195 1
648 1
5366 1
711 1
8640 1
3217 1
2555 1
5422 1
9464 1
6897 1
6539 1
8984 1
5416 1
460 1
5045 1
2022 1
9231 1
8699 1
560 1
8724 1
5591 1
6910 1
6094 1
1085 1
5632 1
9515 1
26 1
4499 1
5975 1
8190 1
9147 1
7197 1
7291 1
499 1
626 1
697 1
786 1
2530 1
9859 1
1580 1
5566 1
374 1
4110 1
9141 1
2852 1
8989 1
2780 1
9658 1
6748 1
7756 1
5180 1
4592 1
5023 1
8571 1
382 1
7922 1
5750 1
5418 1
3841 1
6605 1
9766 1
983 1
3205 1
2583 1
1677 1
4457 1
8697 1
7969 1
1830 1
9155 1
5505 1
7992 1
5950 1
7306 1
1066 1
4430 1
2484 1
6831 1
9507 1
5442 1
3129 1
833 1
1751 1
7088 1
3857 1
5024 1
5505 1
2607 1
1857 1
302 1
6538 1
7954 1
2932 1
5824 1
1716 1
302 1
3167 1
9535 1
7182 1
3525 1
6825 1
4174 1
5445 1
8219 1
3861 1
5717 1
2429 1
2448 1
2977 1
8275 1
1574 1
9878 1
694 1
1820 1
5987 1
2259 1
1105 1
6665 1
4707 1
2972 1
9500 1
9439 1
3971 1
150 1
8571 1
6385 1
5531 1
8211 1
5264 1
1088 1
156 1
3973 1
9500 1
794 1
5735 1
5740 1
350 1
3418 1
701 1
4724 1
8357 1
5580 1
1225 1
3555 1
4608 1
1801 1
2334 1
5120 1
7005 1
5016 1
4909 1
9798 1
8850 1
3796 1
243 1
5414 1
1400 1
5083 1
3283 1
9355 1
3668 1
7422 1
2340 1
6062 1
7788 1
4200 1
4275 1
7660 1
5435 1
4935 1
5713 1
7530 1
7640 1
3207 1
8878 1
6893 1
6841 1
4691 1
1896 1
6182 1
4932 1
617 1
8441 1
9056 1
1596 1
3927 1
1728 1
3219 1
474 1
6200 1
8481 1
3102 1
5036 1
4095 1
2664 1
4858 1
2005 1
4368 1
8385 1
8699 1
7919 1
1690 1
5797 1
9066 1
8105 1
763 1
5670 1
9679 1
261 1
7129 1
3207 1
2108 1
9433 1
2015 1
9772 1
9672 1
9154 1
7895 1
7282 1
148 1
8027 1
6030 1
3833 1
8431 1
7797 1
7136 1
8897 1
7771 1
5986 1
4916 1
4974 1
7970 1
6202 1
2396 1
4329 1
485 1
648 1
174 1
440 1
1376 1
3794 1
1300 1
957 1
5769 1
2865 1
8174 1
2049 1
8347 1
8740 1
9988 1
9803 1
8262 1
2488 1
1684 1
1221 1
4072 1
1266 1
3340 1
2121 1
6400 1
3224 1
3178 1
9195 1
6909 1
2239 1
7734 1
5089 1
767 1
3815 1
6093 1
1883 1
3155 1
9649 1
8159 1
3513 1
8885 1
4399 1
7031 1
2668 1
8960 1
5470 1
2576 1
3030 1
3526 1
9896 1
3393 1
5584 1
9401 1
3083 1
2598 1
6904 1
9814 1
8747 1
963 1
3202 1
3666 1
6936 1
4073 1
7454 1
4535 1
9107 1
1783 1
9316 1
317 1
9279 1
7556 1
338 1
1354 1
3491 1
5472 1
5683 1
8851 1
496 1
832 1
8907 1
1165 1
1099 1
1133 1
5270 1
9907 1
1722 1
374 1
7768 1
6310 1
9687 1
2956 1
7763 1
160 1
5429 1
1331 1
9853 1
342 1
8061 1
3005 1
8586 1
7520 1
7446 1
1037 1
4223 1
7231 1
5177 1
4576 1
4685 1
5165 1
8262 1
9448 1
7266 1
6701 1
6868 1
3353 1
6149 1
1756 1
2199 1
9430 1
2945 1
6866 1
1575 1
670 1
3364 1
1509 1
54 1
7425 1
7937 1
8203 1
1783 1
8688 1
2524 1
8558 1
7711 1
3469 1
7671 1
2532 1
5330 1
1364 1
6808 1
9438 1
3873 1
3967 1
4242 1
2523 1
171 1
4257 1
978 1
9740 1
6726 1
2226 1
4486 1
1145 1
3554 1
3121 1
7110 1
8712 1
2636 1
2535 1
9911 1
246 1
2330 1
9377 1
4144 1
9558 1
7289 1
7301 1
4800 1
2724 1
6107 1
8012 1
322 1
1767 1
4280 1
1110 1
4814 1
4077 1
2652 1
8834 1
1726 1
9057 1
1976 1
4773 1
7177 1
7007 1
5157 1
1329 1
4838 1
835 1
3881 1
2533 1
6620 1
1418 1
9329 1
6212 1
5785 1
3125 1
5987 1
5279 1
7485 1
5109 1
7835 1
8404 1
6555 1
2922 1
5409 1
7571 1
2292 1
798 1
325 1
6149 1
4193 1
7631 1
5614 1
9904 1
4139 1
9774 1
6979 1
401 1
4552 1
8036 1
1548 1
5625 1
9228 1
4364 1
1931 1
8438 1
810 1
7055 1
5386 1
8476 1
5522 1
8967 1
5421 1
2894 1
1603 1
8782 1
8939 1
4874 1
4150 1
2727 1
5779 1
7090 1
5743 1
2334 1
9431 1
7584 1
9883 1
2386 1
8642 1
674 1
7589 1
5639 1
9287 1
470 1
2104 1
161 1
3626 1
1296 1
2221 1
7385 1
2840 1
2866 1
4669 1
41 1
9325 1
6458 1
5381 1
8780 1
190 1
7991 1
2708 1
1771 1
5575 1
1451 1
7489 1
6463 1
3299 1
5269 1
346 1
1168 1
9496 1
2130 1
3812 1
9917 1
6871 1
6920 1
8356 1
9751 1
3386 1
3034 1
3304 1
9456 1
8026 1
4848 1
9679 1
2953 1
7799 1
5960 1
5488 1
1396 1
9135 1
2086 1
6528 1
8071 1
4486 1
1592 1
4768 1
1354 1
5251 1
8186 1
4276 1
7161 1
1935 1
5043 1
7661 1
8694 1
796 1
9334 1
7972 1
5160 1
8179 1
3489 1
6473 1
1922 1
4253 1
6086 1
2311 1
2417 1
3648 1
9230 1
6471 1
6908 1
1951 1
9008 1
8353 1
3964 1
1127 1
5161 1
8968 1
1344 1
8319 1
1197 1
570 1
6912 1
7356 1
5293 1
4901 1
5654 1
8863 1
3898 1
8621 1
8952 1
8566 1
6472 1
6786 1
4768 1
5549 1
2557 1
1641 1
4783 1
944 1
3601 1
2571 1
1539 1
3215 1
1442 1
3261 1
3139 1
3461 1
1168 1
338 1
4684 1
9655 1
1594 1
3737 1
5739 1
3906 1
5574 1
9105 1
8957 1
8572 1
7327 1
8218 1
7326 1
3076 1
8638 1
1947 1
749 1
9116 1
1959 1
8251 1
8164 1
6786 1
3899 1
5336 1
2877 1
2336 1
2921 1
2521 1
4974 1
7402 1
1942 1
1466 1
2716 1
5296 1
7167 1
4199 1
2269 1
961 1
8310 1
2244 1
7071 1
1653 1
3567 1
8139 1
598 1
6472 1
4080 1
9665 1
5905 1
1295 1
9806 1
3779 1
8372 1
3437 1
4387 1
701 1
2357 1
919 1
5370 1
4292 1
1904 1
7537 1
115 1
5464 1
2839 1
184 1
2442 1
2686 1
9147 1
3973 1
970 1
8017 1
7079 1
1800 1
732 1
1413 1
3214 1
3619 1
2152 1
3494 1
8219 1
1520 1
4307 1
9118 1
6042 1
5205 1
9686 1
8088 1
1518 1
3566 1
5968 1
1880 1
4772 1
1403 1
7929 1
4460 1
4622 1
186 1
7940 1
6784 1
6877 1
5204 1
730 1
8681 1
2463 1
1548 1
9850 1
2908 1
7148 1
4061 1
4366 1
3625 1
7331 1
6055 1
7346 1
8560 1
5099 1
7969 1
7957 1
5820 1
4631 1
8779 1
1093 1
3509 1
8509 1
2116 1
8078 1
3114 1
3383 1
3678 1
911 1
5577 1
2791 1
5902 1
8513 1
3612 1
6783 1
1777 1
6206 1
2019 1
3213 1
3615 1
5416 1
9860 1
2095 1
8196 1
6565 1
5162 1
8443 1
8222 1
3256 1
9225 1
8990 1
3926 1
4365 1
5442 1
2266 1
5391 1
1569 1
4807 1
9423 1
5557 1
9399 1
4688 1
7998 1
7727 1
3117 1
1779 1
9555 1
5970 1
7479 1
1201 1
4696 1
6706 1
1393 1
4461 1
3394 1
6668 1
7952 1
2703 1
3473 1
8452 1
7944 1
3240 1
9742 1
6517 1
4656 1
9301 1
8506 1
9917 1
3889 1
9553 1
8606 1
9769 1
6465 1
9797 1
2031 1
8412 1
4258 1
3357 1
5163 1
7976 1
6042 1
1972 1
5686 1
8384 1
5714 1
9860 1
3883 1
2038 1
2356 1
3151 1
7030 1
7514 1
8153 1
8374 1
196 1
4365 1
3783 1
68 1
5336 1
5568 1
6459 1
1345 1
7584 1
9331 1
5327 1
9524 1
579 1
1225 1
5692 1
9354 1
6920 1
3281 1
4993 1
8410 1
6542 1
9724 1
886 1
929 1
7991 1
5211 1
5178 1
115 1
7801 1
4100 1
9803 1
26 1
2520 1
2280 1
4372 1
655 1
1915 1
9745 1
5093 1
4178 1
773 1
3926 1
8359 1
9237 1
3857 1
8880 1
7616 1
3250 1
9041 1
5159 1
206 1
2129 1
8686 1
9405 1
5088 1
2359 1
4570 1
174 1
7458 1
6601 1
8923 1
6439 1
6469 1
7759 1
7351 1
8982 1
1129 1
8406 1
7251 1
5204 1
7428 1
488 1
7291 1
9519 1
6008 1
1429 1
6922 1
823 1
4196 1
6305 1
56 1
5621 1
5335 1
7789 1
5660 1
872 1
1957 1
5273 1
7421 1
8311 1
6271 1
4474 1
6835 1
6142 1
3161 1
6153 1
1018 1
6555 1
866 1
4335 1
2315 1
4859 1
8012 1
1815 1
3935 1
2208 1
3259 1
2864 1
9937 1
8489 1
8129 1
5703 1
9680 1
7871 1
3295 1
5719 1
771 1
6154 1
1397 1
9090 1
6932 1
9679 1
7525 1
9376 1
1852 1
3935 1
7884 1
2866 1
2105 1
947 1
1559 1
2992 1
7510 1
8595 1
4594 1
6013 1
701 1
6639 1
2504 1
3467 1
2646 1
9469 1
6763 1
4923 1
8710 1
8984 1
2489 1
2954 1
754 1
9371 1
3691 1
8102 1
9053 1
3317 1
5942 1
9299 1
8327 1
4425 1
6299 1
7786 1
2593 1
3462 1
5372 1
9098 1
5471 1
5093 1
5754 1
922 1
3520 1
8910 1
631 1
5779 1
112 1
3718 1
4441 1
4738 1
6613 1
3645 1
3687 1
5779 1
554 1
7108 1
2921 1
6660 1
5526 1
4232 1
4046 1
6376 1
1478 1
9389 1
2585 1
1498 1
9379 1
7782 1
5779 1
2812 1
8846 1
5311 1
5025 1
499 1
4696 1
9813 1
9220 1
5929 1
4127 1
2170 1
9158 1
6730 1
3224 1
2174 1
1831 1
7681 1
7344 1
5039 1
3625 1
2502 1
3894 1
9791 1
9899 1
2031 1
3033 1
5497 1
7493 1
6952 1
8843 1
3930 1
682 1
1930 1
640 1
3250 1
6321 1
3959 1
9938 1
3133 1
634 1
6212 1
5847 1
7147 1
9573 1
9293 1
6945 1
3476 1
8391 1
4554 1
5568 1
6384 1
6478 1
5719 1
311 1
665 1
5258 1
789 1
2481 1
6404 1
5658 1
7370 1
852 1
9757 1
3347 1
9342 1
977 1
4025 1
7209 1
9327 1
8661 1
2027 1
8517 1
7760 1
21 1
5400 1
4137 1
6303 1
1543 1
4832 1
7206 1
1578 1
7821 1
2977 1
1070 1
7144 1
4736 1
256 1
8136 1
3675 1
1712 1
3089 1
9649 1
6843 1
7342 1
3653 1
6370 1
5433 1
1374 1
2626 1
2107 1
7778 1
4657 1
156 1
6132 1
5144 1
9207 1
5604 1
7547 1
6566 1
9274 1
1595 1
9371 1
3967 1
6866 1
7977 1
7192 1
3442 1
5888 1
874 1
3164 1
3400 1
2863 1
3335 1
1776 1
4328 1
4335 1
3164 1
4971 1
4502 1
5785 1
5877 1
3946 1
3232 1
8269 1
3414 1
3439 1
6494 1
7211 1
7856 1
526 1
2257 1
8976 1
9793 1
539 1
3670 1
1906 1
8975 1
5628 1
880 1
4916 1
9674 1
783 1
1881 1
4861 1
1109 1
7558 1
5119 1
6895 1
7999 1
4021 1
4481 1
2040 1
705 1
2207 1
5741 1
4374 1
930 1
3497 1
2639 1
9977 1
2933 1
622 1
6422 1
9370 1
908 1
9616 1
1805 1
4467 1
6159 1
4755 1
9664 1
536 1
4161 1
4314 1
6629 1
5578 1
2505 1
3082 1
1838 1
3918 1
5727 1
3335 1
1886 1
9215 1
1227 1
8422 1
6833 1
1940 1
541 1
408 1
9223 1
6574 1
2960 1
631 1
2593 1
7903 1
798 1
3355 1
6784 1
5616 1
4619 1
4625 1
7392 1
6699 1
3062 1
5442 1
6683 1
6553 1
6369 1
2653 1
5823 1
2033 1
9614 1
3053 1
1586 1
4691 1
8588 1
4606 1
3422 1
9481 1
4260 1
3398 1
7207 1
5266 1
4815 1
6450 1
2479 1
9493 1
4715 1
3804 1
3641 1
7009 1
4900 1
5192 1
6955 1
9573 1
1252 1
7666 1
9171 1
7841 1
831 1
343 1
778 1
1813 1
218 1
3177 1
1468 1
2226 1
7659 1
2820 1
6166 1
3821 1
4108 1
1208 1
1833 1
983 1
2629 1
7146 1
8676 1
368 1
2577 1
6085 1
8085 1
8073 1
9642 1
3579 1
8903 1
6284 1
2901 1
5010 1
5501 1
8274 1
310 1
2200 1
8709 1
9755 1
5759 1
7172 1
4401 1
2437 1
6660 1
1833 1
572 1
6427 1
611 1
9362 1
8555 1
7352 1
3922 1
6518 1
5179 1
5374 1
9857 1
8169 1
7119 1
8111 1
7337 1
4256 1
2543 1
7952 1
141 1
647 1
2903 1
7913 1
1633 1
2580 1
2998 1
5779 1
6036 1
538 1
4647 1
6996 1
4220 1
1254 1
4490 1
8910 1
9374 1
3442 1
2144 1
9034 1
6262 1
5895 1
1342 1
5880 1
1364 1
1754 1
6911 1
64 1
1531 1
9949 1
6409 1
9639 1
1775 1
9120 1
8257 1
1500 1
9473 1
2410 1
4590 1
2126 1
1922 1
4449 1
4662 1
720 1
4474 1
5900 1
2334 1
4400 1
1857 1
3103 1
7319 1
1399 1
4682 1
1360 1
988 1
2266 1
9601 1
9884 1
5122 1
9284 1
9431 1
496 1
7913 1
9284 1
3802 1
9003 1
8392 1
7776 1
2663 1
8941 1
9616 1
84 1
5237 1
6320 1
6076 1
6400 1
1524 1
2493 1
3115 1
4687 1
4423 1
7833 1
9285 1
4164 1
793 1
4371 1
1710 1
1155 1
9688 1
2023 1
5980 1
6929 1
8776 1
24 1
3711 1
3832 1
3659 1
954 1
6802 1
4831 1
2259 1
7182 1
4880 1
5776 1
3949 1
4100 1
6031 1
1271 1
3780 1
1672 1
9444 1
8811 1
8222 1
1822 1
1966 1
4182 1
2845 1
5802 1
2804 1
2167 1
6779 1
7221 1
1910 1
7336 1
4652 1
7395 1
670 1
3201 1
1087 1
6749 1
3150 1
7535 1
5074 1
6698 1
213 1
4819 1
6900 1
4396 1
946 1
4509 1
5440 1
352 1
9733 1
8725 1
4629 1
6398 1
7878 1
3813 1
4629 1
5767 1
6309 1
1824 1
8262 1
5765 1
2905 1
6643 1
7583 1
2621 1
6846 1
8743 1
7764 1
9367 1
4248 1
9424 1
9360 1
4692 1
3420 1
9225 1
4256 1
5100 1
5590 1
1236 1
9683 1
496 1
9839 1
1495 1
9912 1
6958 1
6001 1
3812 1
6005 1
9650 1
4974 1
2155 1
844 1
2310 1
9022 1
1948 1
8879 1
8597 1
5372 1
6554 1
1551 1
4402 1
6721 1
7573 1
4995 1
7381 1
8822 1
680 1
8619 1
5744 1
8836 1
3561 1
8562 1
2973 1
4965 1
7224 1
4436 1
9576 1
3491 1
8758 1
146 1
1020 1
8888 1
822 1
5328 1
4508 1
3472 1
7139 1
121 1
3959 1
9031 1
8803 1
6827 1
6509 1
2609 1
3046 1
5347 1
7907 1
4180 1
635 1
7857 1
7116 1
2933 1
4267 1
4463 1
5277 1
3886 1
6034 1
4791 1
8194 1
5996 1
7926 1
7888 1
9462 1
4200 1
5468 1
228 1
2746 1
9675 1
4468 1
6845 1
2397 1
4669 1
9537 1
8542 1
8345 1
1450 1
4553 1
9801 1
4247 1
133 1
1059 1
1631 1
9700 1
942 1
9947 1
782 1
8482 1
6303 1
2091 1
6868 1
927 1
4726 1
4926 1
4541 1
3513 1
2621 1
4934 1
5614 1
6526 1
2652 1
7337 1
3998 1
4174 1
4146 1
3507 1
647 1
4156 1
1919 1
4862 1
6954 1
5691 1
7294 1
423 1
2039 1
5187 1
4068 1
6147 1
4908 1
5387 1
6571 1
6549 1
9769 1
9858 1
5029 1
7594 1
3539 1
7674 1
3752 1
1980 1
7667 1
4325 1
7739 1
3160 1
4001 1
6828 1
7797 1
7047 1
2615 1
54 1
1185 1
3199 1
7523 1
1445 1
1569 1
6149 1
3575 1
2302 1
3418 1
1617 1
5563 1
7729 1
9347 1
9207 1
4625 1
2280 1
6349 1
7854 1
8459 1
111 1
7060 1
8930 1
7165 1
8678 1
101 1
7669 1
4557 1
7145 1
3425 1
5569 1
2310 1
1332 1
6053 1
8527 1
9909 1
7694 1
2194 1
7851 1
2739 1
8490 1
5586 1
3284 1
7021 1
1697 1
4296 1
8332 1
5452 1
9598 1
5931 1
5601 1
7059 1
946 1
2345 1
9278 1
139 1
5873 1
5679 1
8973 1
5697 1
7618 1
7134 1
8170 1
8453 1
162 1
4030 1
8305 1
5168 1
6081 1
916 1
512 1
2370 1
7659 1
9092 1
8202 1
8229 1
6178 1
5288 1
6381 1
2524 1
8246 1
6383 1
3544 1
4433 1
3801 1
9574 1
674 1
8322 1
6472 1
9255 1
4663 1
7209 1
2911 1
4443 1
6395 1
2808 1
9204 1
1849 1
6265 1
3581 1
3441 1
5947 1
1141 1
1772 1
488 1
7807 1
9408 1
2577 1
348 1
6718 1
84 1
6249 1
6992 1
5227 1
7939 1
1436 1
6060 1
975 1
338 1
4778 1
7684 1
3454 1
7370 1
2338 1
6005 1
8442 1
8779 1
621 1
7293 1
2075 1
8760 1
7548 1
3708 1
5274 1
3017 1
2542 1
4612 1
800 1
4992 1
679 1
9663 1
3673 1
8161 1
4276 1
677 1
9995 1
1021 1
8949 1
9349 1
5792 1
8974 1
1511 1
4771 1
697 1
9130 1
6137 1
6700 1
6750 1
2350 1
8004 1
9642 1
7101 1
6410 1
3420 1
3302 1
2530 1
3180 1
2875 1
6510 1
9255 1
2313 1
8319 1
4655 1
5089 1
2160 1
5242 1
4383 1
3322 1
4425 1
4912 1
5255 1
5493 1
2499 1
9086 1
4964 1
2579 1
6305 1
5065 1
6054 1
684 1
6996 1
9458 1
3104 1
1400 1
844 1
617 1
5440 1
4164 1
4149 1
1395 1
3259 1
3121 1
7000 1
9635 1
4562 1
9645 1
4968 1
9889 1
6931 1
1702 1
5489 1
9032 1
1545 1
3581 1
197 1
770 1
8571 1
4068 1
3099 1
5436 1
5026 1
6185 1
5817 1
7181 1
8638 1
5249 1
2752 1
9502 1
9003 1
8289 1
6456 1
8569 1
6165 1
4948 1
9725 1
1627 1
9243 1
1730 1
6197 1
7103 1
203 1
8876 1
8486 1
3695 1
5661 1
3510 1
1198 1
2639 1
7528 1
8372 1
9403 1
3795 1
7275 1
3669 1
506 1
3814 1
1112 1
8498 1
3846 1
8006 1
5501 1
6957 1
369 1
523 1
6467 1
6699 1
7064 1
965 1
2566 1
7335 1
8849 1
6374 1
9318 1
3570 1
8393 1
7140 1
3512 1
8649 1
836 1
9757 1
9346 1
2885 1
9268 1
2450 1
2682 1
8680 1
246 1
2106 1
8363 1
2670 1
8046 1
2012 1
4795 1
9971 1
968 1
7296 1
9548 1
91 1
6018 1
3275 1
4092 1
4985 1
9192 1
2545 1
9407 1
3380 1
2214 1
3981 1
2971 1
1062 1
982 1
6324 1
8201 1
4867 1
8526 1
7618 1
5030 1
2406 1
8470 1
7807 1
3743 1
8151 1
2945 1
5482 1
977 1
4256 1
1296 1
6135 1
2965 1
7713 1
3339 1
4407 1
5279 1
1975 1
8788 1
2948 1
4601 1
3724 1
7481 1
8189 1
9801 1
1875 1
1370 1
9488 1
6601 1
8309 1
5515 1
756 1
6795 1
8440 1
9037 1
2587 1
5839 1
2996 1
9644 1
9890 1
1960 1
8084 1
6913 1
3128 1
1784 1
1118 1
2455 1
5487 1
6675 1
1606 1
5244 1
3828 1
8191 1
3323 1
753 1
555 1
4033 1
4779 1
9462 1
1493 1
7708 1
5962 1
3507 1
9391 1
99 1
3324 1
4652 1
4580 1
7750 1
1668 1
3430 1
4239 1
6826 1
3240 1
9696 1
1417 1
6870 1
1305 1
4221 1
5489 1
9104 1
5346 1
7833 1
6327 1
8670 1
155 1
9409 1
8506 1
8031 1
3218 1
9972 1
2240 1
112 1
4176 1
6657 1
1697 1
4581 1
9352 1
5681 1
160 1
3028 1
4427 1
3473 1
789 1
684 1
1324 1
8697 1
3767 1
5149 1
2520 1
8546 1
8157 1
2852 1
3035 1
9437 1
5117 1
1486 1
1534 1
7494 1
8105 1
3293 1
8075 1
8913 1
4099 1
5390 1
3274 1
1270 1
8978 1
7226 1
5929 1
7695 1
8768 1
5050 1
3838 1
4422 1
2683 1
9403 1
5169 1
3854 1
6063 1
3207 1
6142 1
869 1
8628 1
5830 1
7772 1
7967 1
9295 1
685 1
2385 1
3309 1
6720 1
6417 1
3516 1
6210 1
9581 1
7740 1
7695 1
6751 1
5548 1
3563 1
8262 1
8989 1
6355 1
9003 1
9731 1
6849 1
3280 1
8489 1
8781 1
3558 1
3990 1
479 1
9029 1
6830 1
72 1
6668 1
628 1
9842 1
7944 1
3663 1
7607 1
3416 1
5155 1
5352 1
4955 1
4871 1
6587 1
4785 1
8265 1
9379 1
5861 1
7684 1
5172 1
4458 1
6109 1
9687 1
7053 1
215 1
3887 1
6618 1
5296 1
3478 1
9913 1
6520 1
8870 1
170 1
6915 1
7819 1
8416 1
2602 1
2819 1
2339 1
2826 1
2243 1
5077 1
4160 1
3737 1
3756 1
8300 1
4076 1
5157 1
4232 1
4034 1
5919 1
7623 1
1068 1
6285 1
2094 1
4648 1
4049 1
711 1
3980 1
9258 1
6009 1
9899 1
1268 1
6244 1
6194 1
1271 1
4511 1
9696 1
2290 1
9804 1
8150 1
7298 1
5519 1
5408 1
747 1
9222 1
1066 1
3602 1
4007 1
2897 1
837 1
3529 1
4523 1
3572 1
689 1
9163 1
3113 1
6619 1
1165 1
5331 1
1437 1
9670 1
2310 1
7439 1
728 1
6930 1
4557 1
7304 1
3089 1
8222 1
1081 1
3395 1
7159 1
7276 1
4894 1
7038 1
2916 1
88 1
6557 1
7131 1
2799 1
2218 1
5987 1
8543 1
433 1
8310 1
8450 1
542 1
8424 1
3458 1
7484 1
5017 1
511 1
3191 1
183 1
3717 1
9924 1
1137 1
7456 1
160 1
198 1
9532 1
2347 1
4550 1
1117 1
1517 1
4845 1
6254 1
7270 1
9970 1
6548 1
3173 1
7487 1
1080 1
5697 1
4509 1
507 1
1138 1
4749 1
7098 1
2814 1
5102 1
4092 1
9231 1
1436 1
4499 1
9474 1
7691 1
9793 1
4335 1
9223 1
6523 1
2611 1
9674 1
6259 1
5465 1
7576 1
5088 1
3278 1
2128 1
5238 1
1505 1
3578 1
1011 1
4270 1
4892 1
8066 1
1416 1
5420 1
2437 1
9611 1
3127 1
2732 1
287 1
6581 1
5722 1
5824 1
2943 1
3185 1
1050 1
4591 1
6446 1
8702 1
3730 1
9703 1
6940 1
3261 1
9530 1
3443 1
9316 1
9168 1
1167 1
7147 1
1 1
4847 1
3103 1
5501 1
731 1
5797 1
9679 1
8489 1
8912 1
6613 1
680 1
5055 1
2996 1
8057 1
6331 1
4648 1
6625 1
9445 1
4534 1
437 1
6568 1
2512 1
6807 1
9924 1
2569 1
945 1
5535 1
4075 1
1213 1
5127 1
7476 1
2532 1
475 1
6660 1
9364 1
2012 1
1563 1
2172 1
7334 1
7027 1
5735 1
5067 1
5085 1
1373 1
5406 1
7705 1
4334 1
5549 1
5143 1
6121 1
7312 1
5551 1
6114 1
5028 1
1651 1
3738 1
6613 1
4908 1
545 1
2532 1
3411 1
6715 1
5547 1
7078 1
6225 1
4728 1
35 1
1385 1
7912 1
7921 1
2892 1
1583 1
58 1
303 1
5038 1
4325 1
785 1
8471 1
9184 1
7510 1
2007 1
3500 1
9818 1
8284 1
3021 1
2800 1
7259 1
6915 1
5212 1
7477 1
9502 1
2317 1
2442 1
9331 1
5209 1
3248 1
4945 1
8057 1
4405 1
5252 1
8424 1
851 1
4634 1
3160 1
6966 1
8847 1
3873 1
753 1
9676 1
1983 1
4373 1
3335 1
6265 1
3436 1
1563 1
9661 1
505 1
7621 1
290 1
8222 1
854 1
2104 1
5119 1
9950 1
9159 1
6173 1
4724 1
5160 1
7517 1
428 1
8194 1
3698 1
988 1
8419 1
4762 1
3370 1
4980 1
9613 1
8146 1
6061 1
7754 1
7389 1
2986 1
7720 1
5835 1
247 1
342 1
8141 1
8450 1
9422 1
7241 1
7000 1
6804 1
7245 1
4625 1
646 1
6674 1
5522 1
3434 1
2493 1
2502 1
9267 1
6954 1
3668 1
4248 1
3455 1
3900 1
5461 1
7622 1
1107 1
7561 1
7214 1
8102 1
5999 1
7786 1
41 1
121 1
4191 1
6144 1
6557 1
9163 1
6058 1
2706 1
1044 1
7411 1
4921 1
234 1
2141 1
5010 1
2363 1
5935 1
988 1
2438 1
4660 1
9537 1
7165 1
893 1
8810 1
8753 1
2697 1
9924 1
4112 1
2413 1
4046 1
2612 1
8312 1
1381 1
1260 1
5579 1
4902 1
7010 1
9970 1
8960 1
1544 1
7763 1
8765 1
4042 1
4457 1
6075 1
8070 1
1619 1
2750 1
1435 1
8700 1
3977 1
187 1
271 1
9979 1
4567 1
5281 1
6684 1
7424 1
1731 1
7755 1
1176 1
4320 1
7339 1
4309 1
8053 1
8660 1
3010 1
3003 1
1056 1
6281 1
9667 1
112 1
2546 1
6302 1
1507 1
6913 1
7903 1
8752 1
2543 1
839 1
6059 1
5958 1
8741 1
5056 1
1131 1
5067 1
8166 1
3856 1
3433 1
5180 1
1603 1
3433 1
4481 1
3188 1
9059 1
7272 1
9562 1
4469 1
318 1
8481 1
7015 1
6486 1
4846 1
2393 1
7339 1
2951 1
3012 1
2917 1
827 1
2774 1
8770 1
158 1
4168 1
5922 1
3870 1
4333 1
6039 1
1557 1
4922 1
4071 1
7990 1
224 1
8311 1
5608 1
7698 1
412 1
8543 1
9014 1
4029 1
8002 1
3724 1
6841 1
2442 1
5868 1
7270 1
4183 1
9243 1
5337 1
9896 1
9887 1
1115 1
1687 1
7922 1
1818 1
3869 1
9794 1
5961 1
4849 1
9906 1
8824 1
6522 1
7833 1
7733 1
440 1
6555 1
7730 1
5652 1
5950 1
9314 1
8388 1
8547 1
1734 1
2285 1
7919 1
2641 1
9250 1
733 1
2258 1
474 1
4110 1
8899 1
9371 1
2633 1
9738 1
6838 1
5589 1
8055 1
3773 1
1660 1
3962 1
581 1
4969 1
7750 1
6267 1
7823 1
7 1
7244 1
4847 1
9304 1
8674 1
8810 1
4596 1
1044 1
8525 1
1374 1
6813 1
8818 1
3415 1
2194 1
7815 1
2620 1
9851 1
3410 1
3766 1
5753 1
4862 1
6272 1
4682 1
3498 1
890 1
4156 1
9440 1
7631 1
4956 1
4035 1
3882 1
6922 1
7609 1
1416 1
5131 1
4709 1
726 1
3293 1
5990 1
3024 1
2340 1
1471 1
2803 1
9153 1
1365 1
8655 1
4068 1
1445 1
973 1
2320 1
2999 1
7743 1
9948 1
2682 1
5782 1
1717 1
469 1
8652 1
3331 1
2168 1
6409 1
5952 1
8063 1
1830 1
9479 1
9045 1
8623 1
5499 1
9212 1
3211 1
972 1
7942 1
7656 1
2033 1
9879 1
7950 1
3350 1
4890 1
3337 1
2646 1
8408 1
6428 1
7098 1
1413 1
9410 1
5301 1
4338 1
8047 1
1778 1
7159 1
190 1
1238 1
1583 1
8214 1
5176 1
4715 1
5745 1
5430 1
7914 1
3182 1
7954 1
7798 1
2528 1
7822 1
2811 1
7708 1
5022 1
7323 1
9073 1
28 1
46 1
5017 1
2754 1
7440 1
8852 1
9449 1
8603 1
7639 1
1466 1
4578 1
4892 1
9216 1
6973 1
4860 1
3051 1
7807 1
6318 1
4896 1
6066 1
3532 1
942 1
9004 1
3172 1
795 1
8976 1
2741 1
709 1
7180 1
9708 1
4555 1
5043 1
5475 1
4805 1
6568 1
2878 1
8579 1
6619 1
3355 1
118 1
4808 1
9927 1
3656 1
5189 1
630 1
964 1
3232 1
8111 1
588 1
4483 1
2796 1
488 1
322 1
4274 1
5175 1
4162 1
6997 1
8540 1
7798 1
6346 1
5179 1
5990 1
2433 1
1338 1
4274 1
2956 1
5854 1
4063 1
3657 1
4507 1
804 1
7464 1
6469 1
8700 1
3930 1
561 1
7390 1
6971 1
8728 1
1711 1
6703 1
4897 1
103 1
2574 1
9881 1
6462 1
1814 1
