5787
7396 6935
4892 2102
6783 2663
9612 780
9198 4941
8612 5194
1135 402
1056 4348
9367 4788
9521 2700
1518 9920
4500 6079
3333 729
8152 479
6385 2681
7240 6338
5970 2892
4715 1618
3577 6930
6838 7446
624 2908
4203 6490
5227 159
8573 7816
9998 5722
755 1468
980 1779
9603 8994
3012 6184
8485 8569
6549 2325
9882 1036
2922 8929
1123 2475
4506 3107
3324 7507
1483 3849
3269 2855
6070 164
9755 8386
8385 45
5990 2215
2208 8824
2648 8665
9782 4861
5139 2418
768 2902
302 6316
711 6878
1318 7723
1807 3948
8575 7554
9276 5722
7801 5743
3208 6634
6867 120
481 869
9826 3588
7995 4305
9553 6069
2961 1659
8757 6679
625 6068
1315 3033
3295 677
9616 2003
9264 9314
9739 1516
1848 9291
8465 4795
9386 5114
3927 2581
177 1155
8983 4135
3081 3188
3524 3074
8634 1121
9404 1091
893 8659
186 9939
3544 3478
2520 4247
1693 8447
9291 3713
7697 2164
9236 175
1866 6384
1739 6381
8215 6330
8603 1606
2919 2007
5486 2979
5872 7525
6407 9577
2211 9419
3566 7621
7055 6995
4345 9105
4482 9111
4155 5310
2125 1055
9515 6714
2282 612
5354 4149
1102 3177
6788 3502
5521 4118
9624 1691
6181 6018
5726 272
547 7591
7886 9141
6092 137
2510 7766
2058 8973
1281 9906
2780 5371
9110 1791
8813 2189
9163 4244
6084 8034
8934 6767
3533 9117
4107 8071
3274 839
3295 6172
7681 3774
10001 6472
3146 9273
4545 8915
5626 7457
5051 3971
1116 8059
5349 807
3574 1607
2842 857
1620 7697
3594 5855
752 8146
8878 1321
8617 7893
6583 3286
9933 1845
4778 2664
9115 8273
745 1506
5714 7819
5577 769
5341 8837
2731 5555
3822 3867
8545 6317
5346 3501
793 7055
2063 6163
8170 8285
5978 4592
8833 3688
9632 8827
5447 5713
4921 2266
7140 2107
9365 9747
3901 4317
4673 8247
3790 9303
7934 8842
7156 9378
6113 6091
4317 5648
2549 9054
2346 8724
1704 6222
2622 3195
3861 2960
496 5760
5860 564
6352 4026
2460 7026
9320 6922
2910 2511
5842 2482
8576 6995
7131 2041
4800 5781
2680 9320
7445 8615
2405 7875
2958 9780
9692 3193
6288 1308
9290 6810
8354 1809
5363 6626
6958 8060
8538 8380
1919 209
5965 3770
7773 5323
7976 8885
4682 1913
7994 232
1371 7399
3372 9315
9541 3599
166 6371
9851 7714
9660 1477
6349 4936
6122 9277
4276 5911
4524 6112
9603 9455
8932 6659
8339 1418
2566 5705
8482 5855
5866 2592
1705 4550
353 8744
160 4486
5081 8266
2209 3801
820 2361
401 4954
7202 593
580 9022
8215 729
2363 4650
762 440
2354 3627
3321 8427
9408 7331
6024 833
8617 8138
10 9193
6857 1869
6911 7904
8983 6907
1292 4083
5373 10
2995 4499
6998 5246
5576 143
6966 394
7662 8137
6052 3462
7110 3095
2747 9384
5185 1328
5952 591
217 4061
7120 6808
5965 4962
8695 4090
2872 3721
999 125
1249 4810
9350 3963
8687 8071
3753 9819
3434 4399
325 5670
9331 6665
1090 9886
747 8306
780 8011
6565 1623
8971 5195
9122 1166
6246 9569
7828 8357
1933 4801
7247 5998
1602 3435
8459 2206
5774 7580
8569 6672
381 7266
7486 6713
9359 5008
8120 7688
568 6730
3596 967
8815 5282
4452 4340
6857 2301
8912 2742
4719 8974
879 7903
3362 4116
8733 5238
9961 6743
9926 3737
8852 577
8105 3733
8798 1889
4341 3629
920 2130
2156 7041
9805 7452
4780 5766
2823 4057
4047 8131
450 8459
7747 4919
3112 1984
1397 7693
7729 151
4680 7241
2694 7119
3843 580
2709 2611
64 9265
118 2133
7262 677
3406 4436
9087 4979
3223 8106
7948 4014
6103 4263
4937 8576
7977 3491
8480 4926
2571 9532
821 9433
5298 285
8452 8876
8533 5136
8370 3139
8584 9668
2414 925
8686 6103
6151 7068
7787 4455
9680 3241
9667 6938
2144 1022
4569 1929
818 2777
472 4041
1460 1537
4777 4408
7134 5653
5129 709
8816 1467
5514 4828
6885 3854
418 7294
6770 2973
1550 7744
4519 479
1408 4472
5471 3705
9718 4057
738 8047
7507 2510
3399 4847
3241 9626
2969 6714
41 5682
48 1607
4377 8341
3177 1304
2329 5675
5626 3363
7558 1597
6289 7600
2270 3168
1320 8353
8630 22
3550 7297
7060 5502
89 1562
5937 2413
42 4052
4150 6274
565 8502
1382 6377
1592 2942
7192 2642
1606 1614
2287 3993
3190 578
3098 8467
7840 4023
9317 7666
8054 9090
1353 8864
7898 9761
9527 9417
5068 2421
3273 4944
9372 4348
836 2855
7281 4890
8310 6235
7648 7548
2074 9250
3429 729
3330 2297
8022 390
5141 2071
4336 7159
4323 2216
1720 323
5132 3295
3003 1843
4513 4794
7920 8485
6728 1410
6853 9254
7707 5222
2455 9059
2901 5391
5467 4142
6011 1557
7077 6139
7378 6150
5660 3620
7114 6165
1644 9315
4676 726
2018 6650
2483 6535
7390 6505
3431 1018
1900 8539
3192 6744
2534 2354
9939 542
5909 3511
1972 1613
4172 3715
6809 3086
4878 4548
8080 6311
7155 623
9576 4888
8300 8921
558 6156
5241 8861
7235 7644
4049 7220
1898 3310
2539 9672
9968 814
9279 7489
6308 6762
7828 6022
8141 4247
6548 2207
2459 7466
8883 8583
8018 5305
5098 253
1859 8972
5945 3706
3896 6126
943 8443
4544 9145
9979 7540
1939 1540
9692 2059
288 4352
9691 8311
9129 8041
6899 7859
4773 2850
9070 4093
8135 8720
8471 5940
7921 776
9753 9482
229 1617
750 1482
2635 692
6345 9643
2838 4967
7180 5086
6417 7089
5710 4629
138 63
1962 5686
5799 5556
8308 5329
300 8109
5100 5289
6754 6136
948 9493
9503 9260
3116 6236
8937 9914
59 4553
7042 3137
5355 4066
2554 8641
4276 8990
4206 9641
4508 2688
4647 35
6396 6632
2410 8996
7693 6943
4308 61
6444 3718
9835 8744
3735 6520
7345 7939
8421 946
3840 1079
6112 2063
5408 5229
6384 7017
8676 3527
7847 24
135 7177
212 8861
1103 5168
2101 8749
9333 5336
2982 9147
3310 6028
839 9845
7164 129
8816 9817
9760 6411
2138 3751
8884 5237
3953 5028
9584 3327
9679 3497
7043 4121
4629 7171
5317 3626
6611 8475
7257 725
9537 1113
4838 9797
2141 5823
2662 4453
6483 2425
5971 3229
1904 468
8901 9598
8347 3060
7074 7806
200 2692
6126 138
672 1941
6649 3009
9106 4366
3006 8356
7748 3696
7444 4
1722 3382
4104 5602
6214 1312
8795 6920
5917 7128
1312 1392
5391 859
1741 797
9571 501
6567 9595
7666 2810
7673 4215
797 8364
7161 7623
2940 6851
259 2910
2849 5969
9837 2925
3105 3218
5981 8394
3649 1398
2362 6204
938 5320
2963 4832
5559 9438
7841 3683
5580 7829
3785 7923
6254 4095
5386 3610
2086 9054
8396 4403
6560 1175
6788 7071
5887 1827
4241 2260
8547 4955
3715 105
1888 3850
1190 3582
5745 2122
5254 9162
8653 6243
1576 7815
1120 580
7363 3356
3874 6142
10 5239
1185 553
6339 291
5640 6757
2749 2766
113 6467
1208 8830
2142 6174
5160 3180
8325 1482
2943 4670
8117 498
109 804
4738 1043
9827 8971
3180 5763
3258 2367
1945 4827
4583 5542
3045 2720
7310 7618
38 6781
5708 8534
5600 1533
1606 7852
6650 7590
8707 6655
6753 611
6304 7024
261 1688
3932 9572
5774 4978
1856 975
9809 6573
4145 193
6678 181
8601 3260
9759 5084
2753 7473
1677 8179
8624 8105
4974 2212
8977 2123
3295 3942
8536 7569
90 2346
425 5095
5536 5379
2359 3487
3779 8782
3634 8337
2255 6894
9010 3907
7495 7579
588 5002
1653 7746
2395 6867
7881 9307
6225 1746
3000 349
4832 5812
8251 5108
7697 9812
9675 9969
6417 3829
5881 9662
1542 2795
1087 713
5513 9591
3556 9753
2740 3025
6594 4358
2442 592
7298 5674
6754 9310
1255 2928
5031 3300
4541 6401
1039 5946
7315 3864
7396 6072
6365 3073
1789 8993
9018 2968
606 4421
16 3801
2770 879
3584 8734
629 8812
7828 1731
5763 3524
1560 6423
2528 7093
5109 2083
5348 992
6386 1556
7345 268
6396 1705
2938 6389
6955 149
1153 1862
7021 2875
3063 9226
7501 6173
4509 6968
7091 3521
3538 7438
2744 524
7187 6587
1769 1632
2234 6524
3342 1515
7473 6770
7961 9843
1446 8437
8440 2074
3239 6179
3259 1928
7184 681
4711 5878
9843 5130
5480 4205
6038 7216
9216 7083
9739 8953
9570 7195
8095 3629
5651 7576
7285 2047
4736 6330
6676 4391
2636 2154
6098 4246
755 2477
5140 172
2017 8395
7078 3716
1855 9204
5662 4454
8696 2363
3782 3354
460 9567
9260 3453
7819 2224
7383 8449
4125 728
120 6403
1766 9631
3661 9105
4430 5035
573 1430
1491 4631
6976 1704
8989 3321
3448 4166
3988 3647
9786 2451
3292 7736
5298 1062
7036 4710
8835 5610
6786 10
2253 9093
812 6423
6089 3865
2521 9268
6807 7514
102 5799
2733 7055
892 2782
1426 5328
3377 5757
4703 1046
5696 4823
6547 2343
5877 2478
6154 848
8735 4106
9441 2907
8283 1723
493 9205
1634 7010
6800 9703
4347 9826
6057 2401
4046 9174
7707 4955
442 3941
1608 9334
2490 2345
4218 1757
861 4814
2284 8923
3042 6307
95 329
8833 7453
8465 3002
8993 3429
229 7169
1411 2714
5391 8305
9890 3797
2997 4103
2499 6292
7875 5538
2966 4933
3380 4323
16 3731
6793 6062
9739 1039
7087 4471
1281 4297
6950 4882
9095 1544
5333 9442
293 1090
8869 9190
6453 3164
8792 6343
1284 6940
6335 2292
6556 8987
2172 2077
4877 541
6062 5386
4350 2578
4425 6532
9177 7384
8292 3443
5988 1214
3016 3649
7420 9441
3205 1174
6886 9149
2336 2099
6841 8016
6524 4988
112 1398
1361 5960
6800 4233
3714 25
2471 270
4861 6483
5993 9199
3564 5670
7557 6687
5496 759
5990 3649
2203 3098
2538 9117
379 4800
1881 1317
350 6187
4939 4484
3649 3938
5243 3877
6074 1309
1222 6258
3967 960
5623 6290
555 3510
6185 8400
7649 5301
5020 7114
2364 4544
849 4751
3371 9083
7583 210
1963 8498
6958 4849
5451 8121
6738 3775
8788 7038
3622 7932
4494 1792
6310 7975
9188 1450
8142 1293
6897 2945
6310 5073
463 6151
3255 9350
8864 108
7796 2768
1908 6212
7272 3233
351 2865
4746 1278
7355 8739
1222 707
6654 6506
3013 522
3039 7570
3043 6846
4327 546
8090 4292
8705 5159
9727 1847
3590 7524
4190 3242
6568 3535
4290 5208
5827 9682
7827 6890
4750 8660
7977 6845
3461 8817
1482 4926
3357 2617
8401 6480
7712 6554
7680 601
1766 6946
9459 6460
4142 9056
1781 7940
8750 7994
4212 4527
5016 1670
2987 6194
1733 2273
255 2429
6079 8939
6995 5969
2103 9522
3728 7342
2605 2202
2952 9012
94 2584
8790 2291
1746 2180
9428 1266
2898 9143
2526 6438
2343 521
4433 3213
1540 3463
2996 9778
6919 464
7928 4832
3249 2527
3545 2877
2402 9684
8916 7749
2318 5803
2353 568
8096 1321
998 1505
7593 2624
292 7113
4459 2471
1227 7320
8575 2928
1780 883
1696 4342
9542 2116
2889 5469
7554 8974
3294 4944
5504 6718
2537 9553
3621 2834
3971 1194
2409 837
9002 5755
5241 885
2050 6125
7327 5791
1737 1779
1707 1907
139 2365
6981 1740
8329 8073
3193 409
5606 6211
1068 8305
8453 6559
2715 2982
9587 5439
5571 1607
3671 4545
4377 5276
8304 3328
9648 6343
6055 4110
431 990
4894 880
2719 6913
6746 1838
3743 6868
8384 2777
87 6166
1883 650
5868 3475
7283 450
8171 3680
4596 766
3288 6578
1845 6021
8070 2853
3497 3499
5626 177
3745 2751
5298 4254
8002 2911
2442 5328
639 4014
1765 3139
3495 7344
4531 4909
5795 4083
8207 7859
7845 6769
3271 2426
2146 4798
1965 6126
4527 6073
3643 2181
7132 3040
1057 819
4221 8179
97 1207
901 1400
8988 1871
9146 6768
8441 4119
7415 1261
6155 4362
7237 5134
7213 8444
7103 3481
9344 3149
4719 4002
8449 5159
9734 717
105 234
3479 2684
8986 4145
4226 6769
1794 5269
6214 3771
2929 4663
4088 7083
2799 586
577 3911
9779 3990
3132 8449
2919 3721
5227 1591
563 2228
177 8578
3864 1637
5403 9892
1899 4303
6033 9589
5076 170
1659 1304
776 9443
6823 1467
2205 6982
5512 6095
4451 7918
5071 3505
7863 9243
16 219
3502 110
3182 2547
7100 2327
4834 1501
8489 3136
7830 6162
6601 3173
1446 9587
8693 9892
478 9916
5287 6719
9993 3864
3929 1453
3670 9363
8600 3526
3544 5068
9368 174
8069 3148
6586 5094
6681 4609
2505 1575
9211 6229
8479 1186
9881 5462
7028 5159
5902 6332
1649 5597
2139 718
7786 2402
7205 7093
2201 2113
6002 7400
4764 3360
7883 4455
8425 3553
1207 2535
9772 5179
7454 6587
5835 1119
5004 1945
9656 6023
7830 2988
2850 4470
4708 7369
5544 1169
9670 1775
9931 8515
4451 2383
5744 7603
2764 4785
4848 333
8408 8555
7944 9646
6080 8990
6319 5789
6517 7669
7968 6440
2254 2652
6872 3882
8723 7935
7165 8580
1032 7511
858 7725
4844 2744
814 7290
2442 4516
890 8146
8887 6012
1818 4360
8847 9331
4553 7162
7068 9157
2396 7425
4530 4111
2770 3200
4412 535
7387 608
6190 6829
9949 3929
4696 3377
505 1546
3080 1465
633 9660
342 2217
4114 170
5431 9786
1495 7305
3977 6671
4546 14
5801 2333
5277 7248
9156 9134
98 8724
5411 8008
69 1239
420 2473
4426 6025
7460 4657
1217 383
1191 1920
3284 8978
4951 6251
7975 2095
7984 1581
419 9570
3891 8245
1794 2467
1883 516
1899 4735
3257 9778
3073 1015
4845 5180
8092 4268
288 1026
8474 2528
5468 2622
5968 3564
9105 5440
1330 8733
5218 7810
6877 4031
499 5968
1785 7883
4768 9108
5621 212
3022 6988
9474 4518
3211 393
4515 786
3231 1232
7578 9603
4162 8344
9650 9774
5188 9983
7969 528
9770 2176
8369 3163
5234 6178
7030 7364
2824 8544
7620 3355
1418 9014
6076 3637
2873 166
480 5711
4972 9987
6993 3110
5240 4064
3211 1073
3217 6424
8460 2276
8940 3316
6222 622
83 1360
2860 6153
6331 2971
1742 6999
1511 9253
7743 7093
3083 9242
8593 4910
8001 5684
1087 3849
3094 6390
120 47
7101 3270
4522 7881
4400 1630
5986 8011
9673 4265
7733 4459
7308 3313
7572 7506
4563 2938
2643 640
9861 9431
7830 5664
7082 5728
4514 7079
7011 5268
6353 5598
236 1695
7455 8385
7796 4397
8392 1226
5285 1421
8592 4438
1544 9176
5159 2048
5503 8062
1953 3867
8873 8113
1791 5336
5404 7238
4972 7195
166 5230
9792 5403
6892 1303
6829 456
4720 8614
653 9739
8660 9833
5842 5554
4280 5594
3191 6211
2732 1495
578 5353
4322 9821
3845 3195
470 5612
2427 9336
6383 7966
6950 6712
5244 9601
7977 1201
5806 6333
8154 7736
4288 3660
8150 4906
3310 8417
9150 5483
5688 427
1412 347
7427 1613
501 7425
5810 1943
4402 5060
6366 4390
5239 2380
1720 7800
7724 2624
6529 406
9890 2890
9879 7070
8916 8417
917 1691
8247 2554
6845 9775
436 6460
2697 2511
7461 4105
7584 8661
6138 9684
706 1544
2061 6337
9052 7800
6619 7280
3681 7654
1980 9911
2869 8535
4987 5887
1995 3422
8359 8281
1860 5914
3778 2699
1758 5893
4397 9986
8285 1437
5662 4445
7238 3156
4142 9399
7570 7750
8994 5573
1018 7047
2683 3574
5861 7944
2275 3387
3335 5431
9708 9555
5123 7186
1732 1670
8940 777
7871 9109
7292 3246
6040 5580
4465 9733
8793 5668
386 9294
5735 8454
9853 5071
7799 6115
8028 413
7497 480
2565 3325
1872 1695
2200 8953
1638 4469
9449 1722
709 2870
5376 6636
1441 5068
4631 8294
8088 6842
566 5736
1321 2281
4837 7859
3643 8833
5211 4410
7845 1408
1043 3590
9404 9675
4281 5628
9623 182
2437 981
8582 5326
149 1025
7717 4203
6236 2375
8216 6394
5528 490
6015 9263
6825 2985
8911 837
5541 12
176 9816
1680 9806
4894 4637
1305 8133
637 8531
5511 1327
4988 7245
1647 5610
6841 5275
5669 8541
2854 5122
3112 223
3017 5782
5941 2905
6088 1780
6022 8844
8333 7863
6702 4377
6664 6159
8076 6471
8134 7421
5354 787
8683 626
2827 3359
5006 2202
2592 8227
4944 7790
3846 3843
420 8460
7295 4420
8803 3852
4133 2421
8782 6915
553 5415
2552 8176
6529 7027
3425 4187
3686 2664
6012 5664
2814 129
2678 6926
1961 3269
8635 2226
835 7393
6892 2187
1657 3031
2482 2994
7758 6122
9534 1068
4522 7105
9302 8785
2706 5521
8516 9389
7067 385
5792 837
767 423
9770 7413
9618 5516
6586 483
4272 3909
6424 6812
4298 1205
919 4232
8314 1207
5151 8497
5913 4556
8628 14
7147 780
8836 2781
2408 17
6407 3251
5282 1757
5183 1723
928 7339
4845 687
5534 8098
2013 8790
3842 7823
1967 5520
3625 8887
9253 9221
8219 6689
3780 9119
95 8762
1063 2969
6047 5979
1014 1598
9507 3747
8942 7404
7256 1584
4487 3436
6497 6082
7604 8074
8842 1391
2271 290
1920 8534
5939 8595
6769 5419
3360 2725
9286 4968
4045 7100
8440 4199
4385 4775
9397 4826
2349 4336
258 2307
1589 6397
3715 8126
7080 8342
6560 4412
7181 6180
2937 7352
9924 7701
4532 7285
6021 4944
1065 2339
915 9676
4092 32
3283 6398
6498 8996
3386 3382
2632 8333
19 4288
4807 5328
3349 4996
668 9945
2508 7382
9867 5014
1986 7179
4301 8643
7574 2880
6484 6392
4937 5067
8825 2665
9526 1483
6298 6244
5384 5050
7706 9337
9830 6010
4343 2956
985 2426
4920 5307
7357 6299
3611 3761
3252 9282
981 7523
9198 4418
8205 8424
9719 8142
2238 5629
2928 5162
3818 7518
3110 5669
3456 3063
1705 6459
8003 3788
5851 7789
9186 9776
350 382
1557 6832
9860 1885
3216 5882
2663 5041
3043 8528
1142 699
5260 1419
7746 8943
1901 5309
4145 7377
2459 41
9759 666
7179 7789
2019 866
3341 7874
9349 6731
6609 4108
8312 758
3549 6161
4184 8327
8143 112
6578 3007
8550 1049
4414 858
4491 202
4834 1404
3266 3570
9526 6488
9216 6001
4263 2922
8002 5930
7842 9246
8679 7208
3331 7561
7838 955
8041 4761
5524 9683
2927 9281
8231 7717
9258 3508
7862 1308
1426 6899
7298 5749
3173 1291
8567 1990
2911 4279
8615 463
3361 9986
4881 7902
7260 3028
4228 3659
2652 7905
3872 3537
6880 1325
6931 6512
2401 7051
1645 6894
3661 9180
43 5803
2315 7648
8527 6581
608 7454
8080 9914
412 2229
9527 9572
1800 5793
7652 3281
7849 8141
8260 1369
6942 9847
1372 47
703 6027
9455 1929
9945 2164
9560 1245
3705 4519
9533 5321
7822 4875
1079 3445
8190 5357
7294 6222
1559 5900
7921 9295
3841 1889
5882 143
9539 2261
326 9858
8011 3890
1275 6337
7424 7442
1263 8290
3679 3489
2945 6928
9526 9532
9976 6499
9438 1813
3274 6276
7698 1395
192 84
583 9277
4211 8626
2949 5968
7235 7744
1815 3132
1458 5432
4675 4188
7843 8536
4420 4400
3123 1580
9488 9318
819 165
9325 3236
1837 3653
6160 3182
6248 6049
4370 5285
4029 4994
334 6568
2246 8050
5763 2257
7605 1601
8573 1830
2686 4293
8967 3916
362 6147
6186 644
5484 9549
2679 5319
3088 2956
9434 8701
4976 4182
2631 6873
5870 1731
4299 6297
1890 6509
590 7425
9256 1783
9813 9727
2508 3091
4077 7905
8120 5670
1279 8749
7352 4201
9106 3649
5739 8384
9257 2886
1901 9036
4238 5679
9459 4053
3647 1624
3203 5609
1752 2087
8364 142
4844 3827
6406 3096
703 1865
4077 9649
9954 4958
6696 1940
9922 1088
1553 5790
7192 3781
8054 1705
6984 1320
9000 5261
5270 2538
2721 295
1475 998
1424 5241
5095 6109
4880 2114
6939 6995
6301 7617
5848 8941
5350 6390
308 9676
1726 1069
724 9402
5165 5197
1020 366
7329 6211
7837 6796
437 9732
387 4084
2123 2911
8965 5787
1334 2677
3085 410
6807 8495
2910 8899
5714 6954
570 5242
3969 1739
6011 6121
2758 4050
8131 1920
1284 7567
3241 4805
2704 1393
2573 4778
1490 4155
2653 1143
3493 7585
9016 9862
8768 6900
8435 849
5145 6429
4656 4533
5749 7723
3067 4645
1649 7820
3073 9375
1004 1640
3152 927
9636 3299
6737 7674
9679 2306
6251 6787
2488 6969
9956 1583
57 3365
7355 6684
7307 5389
7366 5827
1673 3852
1163 877
9475 3287
5922 9472
5204 5436
8490 3189
6692 4436
481 694
5832 4890
6407 8536
2083 7701
3952 2291
5403 588
6191 5930
7944 2242
417 5729
352 7997
8035 2325
5370 1005
4070 3980
8183 8173
7308 5738
8772 8051
1425 5406
3395 9789
7380 3604
3968 1311
8247 4863
7987 587
5663 7259
1249 7605
7498 1374
5919 2644
1821 4113
8427 6971
5761 8728
6657 518
6267 3705
8273 9651
5618 7864
1407 1356
2471 1
9836 9923
8996 1802
1737 7409
4708 4288
399 7670
9172 5170
6230 6487
6854 5908
9951 1106
8930 8345
3587 7798
4074 619
969 201
4869 3584
697 7447
4600 4777
6882 6445
852 2085
350 8726
3396 1117
3880 3924
9065 6563
82 9708
4021 8639
9753 3800
5163 4790
2048 1550
7387 4370
4164 5766
6934 2710
1078 4011
1588 2496
3366 9863
2020 1318
5647 5161
8913 4996
9730 8983
4777 5400
8485 5778
8671 2304
7635 3686
4847 8125
4508 9748
145 2646
265 4730
7074 8386
5429 3811
101 9137
622 7504
5020 9490
9170 6719
2359 2044
9636 2272
8478 7718
381 9580
1127 6338
2541 7746
1433 7231
4412 231
9770 2804
6761 7197
6136 1303
3166 7989
3194 5586
417 2467
8852 4640
4621 1074
3180 4195
2824 6046
1340 4950
4896 6110
7777 5243
3627 1999
1193 4163
256 263
9135 5937
4788 777
1963 4517
6963 354
4332 8582
8784 5622
9953 6159
5147 6854
9651 5256
8109 6451
9890 8435
4563 8428
8974 3145
1453 1086
4095 97
5891 121
598 7903
5744 731
224 3870
5659 3097
5563 125
3705 1696
3776 3626
4307 8420
6666 4249
4761 6973
5443 4514
3568 3278
6814 3126
4167 1030
4282 7462
8658 310
8743 8763
5793 9432
6757 8639
589 9046
1230 3111
7416 3905
1763 2956
5979 9907
1556 4059
5352 515
8506 4324
1713 6569
4154 6466
6514 1960
9008 2726
6779 4895
4944 7019
7691 9101
3581 2399
2368 9172
3213 7331
8608 9351
8526 3520
8804 6316
8957 147
2101 171
7601 3993
1542 5806
5981 3724
465 5956
422 283
1845 4753
2674 802
3400 7163
1097 4979
9415 2792
3804 6394
4072 6858
4246 4288
8727 7986
725 1983
3179 9679
7862 696
6237 9350
4159 3292
1278 2472
5445 4798
7767 694
3546 9498
5624 4484
2658 7927
4471 9877
6832 7898
1144 9763
6541 864
2935 9530
325 4497
4228 8159
6552 5375
7322 534
4552 9056
4576 8728
6106 3816
6354 4352
967 3283
9056 2052
6446 8101
4641 3832
3068 3782
9675 1243
2942 9532
5966 251
7896 5829
7110 6816
2 1469
6727 2007
5848 7350
1022 9812
1375 241
11 915
4406 1241
1969 6484
4142 5083
395 2296
3524 577
9194 8796
2118 7242
1565 1603
3661 3499
980 9653
7357 3356
1018 5259
9978 1755
4724 1443
553 874
3937 4812
6790 610
9415 1063
4567 2416
4844 5705
4406 5941
9084 2117
111 726
5810 1959
3707 3650
6183 6275
4029 5525
7552 3480
3108 8650
7388 5011
8 3372
9498 9784
8123 3442
7592 8970
6373 7804
4788 4476
2692 5248
2336 7411
1939 8459
4999 5171
8176 4888
7142 5490
1739 5557
9599 3642
4897 5446
6876 7939
9202 9894
6170 140
815 5727
3257 2741
7644 6195
9003 6641
6460 8052
8492 7875
457 9196
5212 7731
1626 6722
918 2359
9330 5612
8748 4087
6665 4918
7848 9863
3794 9641
492 5950
3443 6985
7542 6709
44 851
6115 3007
3711 8375
1815 6657
7793 5775
7939 8967
5424 986
1080 3639
8799 9184
6608 5849
7680 2596
7082 8292
2822 7767
2887 5401
6096 3063
3172 2323
9746 4065
3674 5690
7164 193
2057 3747
8440 2542
404 8961
5684 3693
6896 7557
8813 9925
9020 5831
241 1707
5077 4157
6321 3209
1328 1635
9723 8499
1030 7599
1378 9973
5026 3321
8291 6124
1012 3208
9430 1735
7308 325
9221 6615
8848 7228
2316 8007
1840 680
206 6150
3420 8812
9255 2250
4433 2486
1285 98
1230 5184
8471 1196
7802 5373
2255 7361
2211 5207
462 4513
302 315
6408 9848
2812 3272
6711 8057
2483 7266
1542 1171
8917 5896
155 2322
1317 9867
3010 4786
8230 7172
1041 2031
958 2337
6307 4432
2134 9570
5136 153
5407 4240
6747 8
7709 8832
8744 6446
4231 4239
8241 9245
8670 6335
954 3836
6588 2144
6919 5078
2309 3665
4272 6371
4619 2882
6280 6703
6918 3066
9292 1710
8178 6141
2505 5118
7499 2432
1344 5901
2072 7713
6913 8009
8401 2580
6330 623
449 461
3362 2560
8648 4858
7563 2477
7009 2783
7176 4211
9019 3224
5991 9016
7829 2977
9497 3268
7528 7941
5419 9728
3066 7969
4452 3520
5251 7005
8909 1549
5562 3144
841 4575
3797 5194
5854 5891
5410 1489
2512 7344
2192 9662
9806 6935
7733 5352
2242 483
8831 9213
1426 3991
5234 2089
606 4122
8983 3839
9584 7752
45 5542
2644 4756
1279 3244
5429 6855
9268 706
1450 9722
6151 6507
4029 4497
7533 6316
1959 7012
5799 5159
940 9936
7419 6370
7424 8208
2707 1213
2740 1736
6904 6010
9624 8579
752 2322
137 6920
8972 1366
728 7892
9375 2872
4013 1990
7142 9551
2140 7148
8207 3234
3926 7315
2944 7345
6342 7875
5722 6199
6600 6026
7580 9042
8548 4737
3074 7261
2494 2759
2432 6206
2962 3439
4085 1000
3397 5814
6921 8725
6455 4201
6283 6920
6973 234
9471 8070
2853 896
7746 6119
2295 6802
4959 2429
3368 3695
9697 6006
6702 5235
7749 1841
5237 2442
4883 7046
1673 1042
3940 2421
3286 284
4216 8845
3173 8961
857 6729
8266 4131
9463 2105
8808 2329
6868 168
6483 148
8942 6049
9384 7412
327 4990
9748 8420
7844 4542
6350 3657
2928 41
5801 8266
8122 3145
2569 2809
4265 6421
2209 8065
2919 8052
6307 5938
6815 6937
8084 6327
5646 6882
5791 3988
1801 3887
5382 7409
7926 1039
963 4467
5445 18
3231 9239
6746 7556
6341 1769
9774 651
9908 8181
6692 3970
4464 5561
2913 1201
630 7213
9019 3504
3669 3062
4441 508
8290 2259
7940 9939
3272 4952
9795 9830
119 7418
953 1008
6213 7723
3855 7432
6242 2357
2389 2505
8078 1679
5851 2187
6751 9918
8972 5513
576 9740
1604 8961
9564 1608
4291 1838
532 3262
1555 3658
995 1875
6100 3912
4264 9924
3604 3089
2253 6344
1349 9792
3646 3123
1586 4741
1469 4657
8837 4295
8893 1926
5512 6846
8492 6677
9364 3262
6450 2167
4441 8831
4064 2336
4365 5173
4775 3546
1407 1518
1255 755
3359 3794
8309 7650
8844 8711
5679 2352
83 3976
3461 5366
9690 6037
4143 6652
6998 4615
4086 3766
9260 3186
5336 9961
9309 498
5519 9755
5628 3336
407 8374
3868 2838
327 9156
9172 5908
8879 3851
8908 7585
9797 5465
7389 7271
8138 7009
3495 3633
6393 5505
6525 8403
4568 5864
5500 9217
1913 5924
9125 5508
978 2832
3460 2531
1605 4312
4202 5015
132 8373
124 5484
4586 579
9762 2600
7011 7255
4387 324
8853 1723
6809 7119
4360 322
2967 6433
1442 8656
9124 4741
638 5772
8790 7439
9100 771
4130 9175
6690 4379
2900 5608
4664 9782
4033 3351
9211 6020
8540 4260
2288 546
8202 4339
1680 4412
1512 2940
675 2833
6444 2812
613 6056
5810 7313
7910 1461
9776 6945
8240 9673
4055 7158
9893 3873
7795 9747
7218 5833
3486 6690
8469 2952
997 739
5561 1304
465 9802
4964 7516
1145 9756
4325 4312
4190 2507
3061 7669
2914 6898
4356 4342
9204 5553
5282 3608
972 6239
115 4759
8464 4236
7017 1572
1191 8575
6071 458
1635 5838
2849 3503
2352 3947
7828 6275
8997 366
2506 2816
9205 353
6049 1781
9324 6310
1534 9983
519 2071
5001 9075
2744 713
3362 3625
1241 9467
2951 5126
5879 7457
1368 6664
4454 9661
552 9103
9757 782
8623 8138
9659 3799
8049 9338
1175 2155
3101 5164
846 8051
4396 4736
6489 8469
1554 225
4709 8539
1588 8969
1368 6446
7884 3194
6268 8104
2178 5472
653 8160
4184 4634
1705 4206
9520 8518
3472 1524
1490 4560
2901 9792
458 854
3164 4489
1486 5816
9831 5054
8798 474
9135 4633
8632 9273
4968 6671
8864 2423
1781 6847
5922 1215
5379 3082
8201 4818
4307 5402
292 1812
3300 5869
2782 84
5801 9035
2432 6519
3023 8070
7925 1862
1506 2839
6712 2471
4834 5464
3715 3231
1165 1899
6887 8669
3528 3006
8551 2015
6456 6491
9602 1942
7652 4342
3160 5781
3082 3179
184 3305
7701 2392
8118 9913
6050 7888
1768 167
2927 8326
969 1702
2427 7708
9989 5169
3914 773
4963 2097
3468 2546
6266 7464
2831 481
4277 6455
1735 6510
102 9617
843 2641
5591 6121
476 5062
2417 9087
9462 9260
412 7768
697 2388
131 3470
2664 9532
2717 4380
459 7188
5939 5076
6590 7805
967 3832
1095 2707
685 5459
5762 4511
1827 8666
543 8815
2483 386
5076 1733
8519 1893
4137 7139
9261 9189
6476 8189
8214 7245
3877 3910
8525 8003
8386 5940
7350 4865
3806 1946
6448 5207
1360 1125
6881 4253
3511 9682
8061 4746
1417 2304
2769 2399
2281 3206
1039 3533
841 3663
18 4818
4734 1479
9895 3529
1358 8682
4317 8799
248 2863
9570 5546
248 6546
4707 2986
2683 4466
9033 3252
4532 1945
2724 7409
1343 7759
8329 9819
1626 114
257 4635
3744 2452
8511 9804
7672 646
3728 1838
5245 8321
6192 6052
4332 7885
3252 2080
3606 9230
3970 7790
9291 725
4090 5732
9523 9749
8921 3071
1327 6177
4786 3229
699 6138
9153 729
3798 7715
4258 8022
2047 9353
3446 8437
6585 7514
4441 7398
2864 1852
6598 8167
6356 6485
6362 3465
9005 3794
3411 9071
5259 7529
3631 3615
3280 992
4116 2946
3475 5873
4312 8149
1040 7949
8912 2986
8391 9444
2769 5660
1714 3008
8381 9001
7405 9171
4086 8704
8259 8404
6350 400
2420 2051
4677 3918
7458 3280
4847 4181
3539 9510
8613 7893
3202 2163
1358 4747
9485 3954
5065 1950
1986 7370
7760 3970
633 5109
6131 8045
4599 5923
4433 2758
3083 6479
7244 137
7512 5451
9894 4724
6185 5495
932 5254
4473 3527
3347 9201
7427 4111
9225 8429
5203 439
9264 5001
9589 9034
8906 9783
9054 7254
6220 4304
5301 9329
5953 1602
8770 2262
8770 8905
1155 8847
9330 9834
4907 9625
7777 566
3207 3990
1240 1071
3867 735
719 2782
9286 6530
3456 7766
3947 7317
9512 156
1918 9239
2609 1177
2650 6543
9529 9901
9851 2381
5439 2959
6661 2305
7188 2202
7279 3041
1805 1794
860 3987
1138 3199
2530 3328
1987 1640
5308 5978
9382 554
8568 9227
561 2981
764 6233
4849 3273
6957 1375
9440 5536
4641 2532
2413 741
6104 5082
9262 9808
679 2730
4847 7598
9895 9291
1142 7265
5503 862
8075 4867
2015 8207
1040 4723
3341 6375
3981 3456
2774 352
6431 501
8915 4713
5090 9723
7333 7961
1990 3801
2455 5874
1866 6312
2857 9472
3454 6588
4322 8008
7608 8655
7088 2007
2570 9333
364 4117
6512 1356
5143 211
7760 1724
4282 5652
7607 8472
1975 7096
2011 8922
7291 7793
9618 5267
8693 5261
5564 2036
7342 1524
8466 2407
7700 2156
8434 7237
1609 1266
5311 1332
1075 3280
1545 501
3410 7959
5742 1969
819 3413
7380 1248
8210 8068
3807 2069
1389 2386
7173 435
2770 4421
5985 370
145 8741
7428 7372
4691 4972
4121 1091
1019 3229
7810 2003
9829 31
3877 7457
2007 3890
9198 4370
5605 9576
4340 2642
9037 4323
7037 4798
3694 275
6067 8477
936 5970
4073 5126
5178 3683
8837 3614
9370 4810
6561 1219
3886 5476
2070 4096
9544 2520
704 8389
7664 2335
3322 6210
8174 6391
334 7163
4615 3398
2360 1544
6803 3411
4644 3469
5817 9929
2160 5770
3580 1647
268 1784
3589 9270
309 3582
8237 7572
6903 5895
8417 8914
3814 6567
56 3486
5020 7865
8320 4712
4200 6231
3437 4825
7184 198
7812 9333
4285 1663
1259 9181
8700 6074
2258 9910
4940 3536
2883 531
6898 1170
6625 5257
426 3759
7092 86
2038 1821
6196 570
5428 4836
3829 6833
1681 5111
5150 3134
8803 1898
9946 7568
7632 7773
588 5106
633 3624
1736 5353
499 2693
2084 348
8330 5774
6610 8151
1269 4219
6761 277
377 9407
4060 6050
9065 4224
3182 3753
5658 823
5402 6339
2538 7013
740 2852
5592 3548
9656 2
4200 528
9260 5013
4173 5271
150 8419
8549 1291
9000 3930
4961 4754
5423 4592
5283 3030
7753 4623
9710 2316
8472 772
1641 9120
4152 15
3617 7394
2734 3019
6866 914
7727 5034
168 7822
2449 7002
8305 3411
6823 7336
9029 2876
9537 5440
1854 3757
5042 2741
9835 1482
9318 226
9985 674
1710 6238
5848 9631
6817 6995
9491 4042
9059 9702
6354 9498
4126 5988
1787 5342
3422 5694
7154 3538
8716 8900
9346 3679
575 8946
2165 5360
7349 2366
6845 3626
6420 5393
8293 3213
7602 4789
3597 2229
9480 9691
5790 6526
1696 8721
1726 2976
3500 8286
701 1849
7900 9581
9402 2045
9579 983
6823 5123
2797 1901
5725 4932
3614 7184
2017 7551
5822 1612
9389 3435
5713 2432
7053 5751
234 9027
7396 6800
3658 3509
5608 7838
752 6362
4885 2879
7641 9103
6484 2225
5464 786
9783 960
5292 8051
1356 9599
6853 9646
7204 2144
3061 3719
5325 6255
2826 4673
3239 4345
2216 7317
5292 1047
6571 4231
4128 8840
6222 5883
2493 6331
7962 5772
7697 9385
6767 5167
2660 2692
6962 3800
1910 6508
7458 638
4905 9983
8894 4932
3025 2310
3474 3343
6251 1647
4942 6138
42 104
9027 6040
2612 7531
7546 3905
1572 4965
573 396
6593 6527
5882 2954
6429 8277
8121 5576
9671 4983
2968 4255
5187 3706
6482 6893
9204 4160
7134 3704
8267 5288
209 7281
196 3911
164 2632
2172 2380
447 1917
4506 1382
818 6487
5987 4016
533 9380
1846 4094
9146 5792
1150 2309
8095 2146
7179 9203
3980 8286
5696 1704
6590 7714
6896 6521
8459 2088
3893 6576
5310 8443
4175 2165
3753 852
8020 7612
3230 5678
5023 7471
5725 6740
5401 3886
8276 8065
6295 8543
7682 7014
1743 7327
1948 8400
8291 9744
6664 4601
4273 2979
7776 6095
5066 9430
5800 483
7270 1490
3329 3773
2001 1098
8043 2463
8281 2362
7199 9222
5823 3857
6533 3658
8583 6554
8780 9459
2744 9876
2494 9810
8988 1798
9845 2979
4784 6722
6146 1424
4252 6747
4832 4181
4541 9754
109 6668
5920 1214
5831 1073
8559 5587
8790 8180
68 1990
9362 7955
1487 7578
2016 7784
9259 5306
7394 3156
2384 8545
6324 8844
3184 386
9886 5727
7773 7717
5130 4288
7800 2821
8176 9553
3589 8900
404 3285
7926 2785
3023 6924
4240 4922
6057 8886
5479 3790
9066 1579
7532 7360
1373 6653
3409 8896
3506 8710
7422 3923
8788 4906
4088 4811
7174 9864
1393 9700
3586 6192
5816 2848
7419 7008
3495 7123
7025 2183
1234 6746
6160 5643
6713 7772
6933 5517
5436 7573
6638 7546
1644 9744
1332 8850
2705 6148
9382 65
3353 1169
8226 2926
110 1264
3882 8601
5040 1430
9802 9510
987 4238
6758 1983
9101 5817
4291 6801
1328 7716
5371 2617
8963 6372
7708 9155
8591 6433
7368 7765
2683 9899
3880 3026
1072 9581
7682 4727
3187 8581
2722 9963
6532 8009
5723 3054
3469 3130
8394 7560
7790 4303
1428 2081
8791 7321
4233 562
655 3523
6013 172
3109 4131
8301 8000
8468 2706
8556 1215
4678 1770
4987 2017
496 1308
5497 7836
1069 9365
7606 2332
8086 5436
9485 3014
7547 201
8017 3828
8189 8870
3777 5914
4756 728
8240 9051
2886 1205
3883 2116
6363 5541
6311 1323
6543 9347
6820 2263
3496 6897
7783 6107
3509 1615
8050 5592
5209 8199
2136 6605
1572 1784
4864 6887
9026 1934
7756 5413
8327 3611
814 3609
5118 1209
7166 8299
3889 3475
426 4915
6751 5900
5721 2021
8569 1938
7666 8360
7913 9235
781 3719
4407 4026
7668 7832
6644 5661
8313 5006
2901 8808
3109 5955
5105 5904
3480 5602
8703 3443
1216 7845
8097 1319
9471 2397
1511 8428
5745 428
788 9836
8 4123
2429 6319
3007 3631
5207 2500
5891 1435
4663 2508
4458 736
6647 8280
3973 5965
2768 851
6702 7307
4465 8427
8844 3974
1559 2638
1700 3714
3232 4885
3861 7979
7683 6488
6227 5146
7087 5631
2123 2380
4670 8815
3315 3609
2308 6618
8210 3455
1279 984
2734 5430
5178 5534
5296 4884
1207 8152
4123 9281
7355 8343
2672 6672
6678 953
3403 3998
1702 4502
7625 8792
6924 6307
4713 9264
4212 8553
7738 6639
1890 4684
8363 4294
4605 4901
2049 9511
7252 1874
6013 8619
3871 4706
4095 4308
2783 5134
3272 6642
688 8015
4847 2514
6881 8025
9295 889
5190 9971
34 1235
5213 9768
1533 6233
2790 9946
4560 6775
7649 2877
1501 8065
6609 3324
4440 9980
5420 9124
5061 708
1785 4211
7289 1602
2860 7515
5201 6433
1137 5392
1552 7626
2641 2106
9050 562
5487 458
3628 1038
4995 7383
6172 4209
6145 5935
8224 5245
7385 6168
1449 5202
2822 9051
314 7313
4867 1748
604 1888
5076 1450
6009 2938
8104 4181
9358 7573
8632 2650
6376 4472
8690 9439
6086 7940
1381 1347
3172 161
6923 3620
3687 6313
4094 2251
3768 6226
9920 6749
7576 8820
2111 6596
2425 8205
7297 5204
9060 4275
4584 1065
9404 4383
5907 6277
8269 2017
7291 6431
6356 1053
4605 1045
4360 8218
4369 2762
551 3677
5934 83
7203 759
7060 6563
5730 7285
9378 407
7855 2496
1295 8513
4418 1829
4772 783
9149 9344
1748 1673
1613 8229
5346 8558
3304 8155
4605 8011
9668 2141
5414 7370
8800 9550
3329 2693
8424 487
3593 6652
6660 2220
3767 4437
4225 8775
6171 8160
2059 9307
996 850
2464 9661
7915 8980
3417 8172
311 7717
2702 3818
3551 654
9276 7464
819 5478
5649 7362
6975 8292
6189 2011
6928 5710
7318 988
7545 306
1586 8697
8966 2207
8093 4397
277 5670
9225 326
7292 6721
850 297
6265 4377
2522 5423
5539 1595
6707 6378
4999 56
3738 5099
6164 8117
9007 6913
7698 8523
3421 9893
4456 4594
5588 3845
5940 5570
8655 685
1005 771
4592 7083
9490 8632
751 3976
3283 9096
7384 7211
1992 9286
9120 6484
3941 1748
1365 8832
6518 6217
6577 9912
2201 4855
1073 7422
8510 6958
2153 8389
7663 26
9115 164
7058 3896
5254 7015
1420 7038
9828 6489
9766 5640
2228 4709
7977 953
7698 6004
7607 3142
6133 8216
6029 7700
1045 2658
6076 454
9250 6584
8902 9116
5485 5711
311 2148
4398 2481
8590 1534
7095 6164
2980 1396
6525 6818
1442 2900
8122 6115
6359 7909
7313 9750
4646 5377
3405 319
321 4038
4516 2209
1899 8252
7758 6481
2744 3225
6654 2921
1155 8938
9508 9989
3840 2685
1142 9555
1129 5413
6150 6879
9865 7987
4259 1995
5102 3233
6010 7503
521 8732
882 4771
6745 2649
6248 5568
1159 5494
4286 6661
8530 3228
2877 5898
5757 5006
1656 6093
8773 539
8815 6028
3127 9642
3529 410
7339 2546
6189 3144
4565 2314
6662 9094
3649 884
9677 5414
6312 7072
7985 5905
1718 9731
148 5402
2561 9663
2264 1281
8705 7043
7009 9833
5606 6190
4280 3512
9279 8237
6050 5097
1583 7398
2233 6494
5122 1052
4161 5813
8888 5437
7333 112
1452 9079
5177 7669
1471 8803
101 8310
7290 8205
9207 980
3013 1067
1091 647
2765 2349
4580 7643
7604 9624
4499 9839
4602 3680
7380 3870
5699 3070
284 8121
4302 9854
4597 8747
2703 3522
9480 8921
5212 2620
4932 3967
1305 8112
9411 3667
306 5672
29 1234
3511 3870
6909 2037
6767 341
2698 6038
7853 7563
3204 61
4289 4381
5764 3010
8206 2038
5272 9559
8242 1563
1006 2525
3802 10001
5273 3021
1626 3158
5999 7356
1357 9185
1295 7872
4975 2020
660 9826
6441 9300
458 8382
5473 6919
9610 4150
1087 9780
6929 217
7048 4512
8482 3247
7597 6993
1662 6556
9457 2411
9376 3110
4077 4980
6366 669
2894 997
4669 3412
4806 5261
1896 8159
304 4426
2756 8761
1344 864
5162 9172
8149 7697
5892 3750
377 949
2084 1408
9294 1590
6450 3793
8762 6657
1630 3037
2023 9159
8034 8887
6648 4546
6952 4149
6211 4377
9837 395
7424 850
4749 4187
3216 5231
6927 9559
3689 4724
3286 2510
403 651
7011 5114
7090 2371
2549 3600
8422 1261
7092 4645
8461 4419
6128 3330
8994 2443
1374 2378
5808 3226
7592 7395
6573 1374
9171 3179
1470 2684
440 4865
2793 2328
5606 1233
5714 3561
7181 3394
3992 6428
1844 4653
4100 9245
1152 22
4992 5648
6145 9433
7689 3551
5386 7835
1050 1609
1293 3382
392 1253
6584 9501
9396 4016
8570 1371
4626 1174
8420 1498
4035 2115
9225 1383
2392 1868
7511 8551
3025 3596
151 5298
822 7451
3787 1106
160 9694
3609 6973
795 7910
6502 3926
8583 7704
1563 8936
450 8412
4810 5212
6338 275
4534 7769
3729 7192
9616 1215
2654 4240
5775 7548
9302 2489
8913 4468
1904 8767
1331 6474
838 8818
33 7981
2875 223
1009 8622
229 7674
4498 9369
5862 7677
9354 8374
2452 7937
3899 8498
3241 8118
7800 1304
7988 263
5704 2913
6520 5668
7290 8298
7835 9911
3448 3738
624 2070
1520 1891
7110 4545
7240 543
3012 8907
7053 8778
7201 2073
784 4416
3431 3886
628 5382
4771 8347
4695 5149
1769 8121
9973 108
1657 3080
7444 8414
9298 3193
5122 4819
1163 9910
5392 461
3794 7054
3730 5401
1192 3248
7689 6784
705 3186
2954 9625
7800 1407
5048 212
2495 2349
6517 3252
4387 2961
4243 715
3985 5841
6894 9070
5793 1872
3773 4848
8114 7999
1561 6237
1514 7189
4430 6582
6240 6463
2064 8967
720 7323
494 4461
3732 9778
9871 3862
7310 9069
2329 8080
4475 7096
8569 2192
3125 8909
4308 5237
6463 6169
3092 1771
8594 9537
7190 9794
1479 1380
8623 7971
5224 2223
2894 3718
3744 3124
5351 9484
9898 6436
3493 4368
1868 355
1660 3625
475 1386
8306 3956
6478 6054
1308 1341
3640 9784
3122 3297
637 4497
4014 7935
4455 8798
8814 3692
114 8434
60 210
6765 5538
5097 6140
6246 2310
8123 2891
2773 7129
5996 4049
4549 5601
6283 8196
1622 872
2972 3575
4859 7633
3048 7427
5500 592
5451 754
7873 7561
1000 5945
9089 634
4178 2425
5004 8782
5534 6200
3119 6416
6196 5469
384 6684
4049 437
2378 4216
2278 7472
6101 3569
772 1729
4487 5334
3267 3609
6187 981
9230 8305
8415 4897
7445 5261
5194 6765
2568 5629
2745 9829
7526 8154
8231 5202
390 8883
7828 6956
1951 1765
4478 6485
7290 4163
2231 9404
75 5267
7477 5193
6467 2210
8647 8935
9828 8081
4887 1863
488 1808
6398 9887
1919 3396
3116 9361
6265 8543
7262 640
2018 8705
4929 6261
4645 5892
878 9316
9740 3498
3702 9320
2291 1042
8092 8446
5702 8188
8023 4570
7167 5275
6059 6755
6306 1345
7411 7530
8727 7173
3916 2097
5617 1183
5883 2066
5294 907
1903 2328
237 6999
7462 228
6202 4941
2960 3010
146 3152
7632 5782
383 6906
9395 3133
1224 5772
1569 3666
3118 6589
5262 4314
7190 3702
3723 9878
7845 842
4629 7752
166 1375
2992 548
4798 3039
1803 4204
2765 9740
1058 69
6843 3533
3431 7908
43 4012
2362 2948
5020 7053
9944 3827
8617 6587
9497 7757
1431 535
9653 5165
9667 3
4194 6937
467 5127
832 9668
7407 6495
5796 1218
9785 7859
7182 8131
3343 5691
7676 3181
1293 7094
1216 8080
9943 7480
5675 7060
3246 5015
7743 1441
4143 8372
9904 282
3200 8309
225 4749
4949 176
1774 3233
370 8140
1136 7615
5125 5064
9013 4198
3103 6399
8275 4530
5615 9635
1224 1506
6273 4559
3779 3863
676 5452
6544 8279
255 4464
4130 1850
7295 7985
7603 9567
9710 4462
4100 2483
1722 6751
9095 9356
7303 365
2392 8157
1414 8744
280 10001
8794 5558
6 8264
3448 8513
6111 3549
9291 1313
6225 6999
5187 7379
647 7663
5623 2082
6601 4253
8544 2731
9037 7354
1348 315
5777 4989
8314 6020
7427 1866
4757 2911
4011 9360
1421 1183
875 6461
3520 3873
8410 9675
8871 2502
1446 2269
5113 6609
1122 8486
980 3280
1521 8146
260 4640
4878 8139
8563 5177
1916 281
9048 2446
9737 3397
9291 9359
9116 4145
2534 3212
6878 5837
3324 950
4503 6168
9391 2635
8355 6230
5174 4367
7326 6821
2935 3591
7805 6347
8459 826
5848 4596
6526 60
3900 7274
8566 3568
3809 8773
8630 8402
3711 5235
6957 7703
7649 7242
911 56
2301 6127
9849 1532
6110 7212
5056 3800
2883 9782
6868 939
4106 8225
9200 2020
1186 4828
3456 9687
5633 2342
2152 8240
5237 9995
672 3364
3711 7906
9384 3208
9421 3350
8248 6302
4601 5345
4676 3318
9196 6135
1689 1126
2782 7349
9297 8857
4197 727
5575 4617
7194 5186
3285 9207
5177 824
4775 5573
4866 3690
5132 9677
620 6648
9390 492
6339 6886
5776 4022
6856 8611
5692 3223
3289 8327
3706 7678
360 2271
9890 3037
4733 9345
7380 2229
8076 9690
2300 644
6210 9234
4468 9606
3493 9551
5832 9012
8775 8586
2296 87
2879 346
2960 8022
9600 7229
5681 7565
1557 2017
4738 1429
8565 4193
5371 4949
5807 6260
4868 3705
9340 7752
4265 6261
7523 2797
6425 1498
518 650
3564 5701
7952 5688
4385 9956
5252 524
4458 3337
7779 617
9495 750
7566 9669
56 9172
825 4332
7569 1045
5546 5261
1327 7489
3083 3799
7865 4980
783 9525
2294 5119
2386 2365
5596 3484
4583 8213
5523 6782
1032 5285
4161 311
9516 5901
5052 4725
3135 5042
9527 2223
9107 2382
1349 1552
2039 9053
3951 1763
4551 8967
9735 3413
1030 8401
6673 8990
419 5340
5774 5290
8150 604
3676 7098
5087 1943
9620 2461
2938 3106
3638 4331
474 1915
2880 9212
4742 4498
6048 2263
1135 6949
1407 6120
8440 7454
5107 9163
2380 8806
2096 5678
4084 7417
4398 139
413 6513
1779 5746
5555 7032
6820 3662
2008 364
340 3284
2080 356
509 2436
7657 1496
995 191
697 8726
5447 8962
5002 5927
9861 1059
7506 3826
7679 4245
1447 6805
28 8925
5845 254
7905 1398
6618 3732
9145 6546
7094 4998
7510 8837
3277 6799
8936 3068
8766 1179
3703 3683
7880 433
4751 9437
4389 5370
8093 7075
8720 5995
6734 5338
1535 105
8943 1916
8319 1390
2566 4008
8973 9839
7966 3158
6413 6495
1036 8805
2281 9393
9592 9789
9717 6884
3342 9680
1356 7010
4963 2618
6808 2358
6880 3972
926 5769
9517 409
2150 8337
5573 2785
8169 6907
1710 7822
8447 2429
6373 9176
8764 4873
689 1777
684 4505
1451 3705
9000 1633
975 3887
4845 440
4447 5931
5828 7052
7933 4831
7598 7527
4395 5944
6813 8206
274 3639
8740 1240
6805 76
6764 8323
3336 7597
5258 9519
5434 7395
1574 3540
3562 5575
4972 7751
5167 1041
8233 8809
9243 8652
2823 6624
8696 3435
8195 3166
2122 2157
4065 3922
6130 7700
5528 75
7918 3689
1588 4517
6595 8153
5451 7972
1095 6846
38 9306
9290 5050
6741 6898
1899 1977
1739 1761
2748 9048
8715 5190
1514 9997
534 5461
4663 3994
3891 1400
2110 5567
7300 4804
9802 4863
6648 1799
6781 1885
1849 1918
5244 704
3145 7437
8227 6649
323 643
5781 5369
6585 1395
1524 9712
1245 6671
1732 3832
7852 5782
6494 1743
9354 3727
8853 8589
453 3092
9486 5382
5654 2130
5548 22
2064 1307
3076 2395
2055 3095
7475 727
9673 8768
6203 2430
3593 7306
9675 2541
8943 1876
3277 1588
1987 4057
5617 7143
5991 1014
1415 2197
8043 8936
3174 6323
9561 141
6589 2166
6999 5643
2645 5809
4920 458
4073 5583
3393 5954
3453 7597
1731 7327
2947 3284
539 5465
2495 1338
462 268
8860 7324
4614 3462
5360 4171
1539 7593
4159 9801
447 9410
6545 2116
90 3670
8810 2171
1210 2516
4710 8732
7879 8727
4178 153
6296 3610
3427 5266
2866 1990
6332 6616
4221 131
5889 6183
6185 4404
691 3821
8868 4852
7359 7203
9916 8660
5658 4558
5220 3744
8643 2312
397 3682
4762 2831
3710 4968
5396 4515
5137 7853
198 1690
1306 4729
2489 5354
2163 6377
9428 561
5063 4484
7650 6150
1088 1663
1110 7402
6920 3044
4828 8857
815 8078
1676 4724
5953 7648
2295 4178
2478 1831
1360 8208
872 507
5889 2285
9284 4084
9905 7583
7281 9569
4031 1457
4 9188
3241 9050
2257 4453
5383 1737
3059 7881
3929 161
1978 8989
529 8086
6141 205
1866 2090
699 7950
996 876
7172 9819
265 2334
4969 9456
8556 918
3491 1167
1928 5110
5167 9910
7695 8702
9802 2017
2365 2534
7759 1031
9540 5719
278 2512
8724 4097
9772 9771
7534 1473
3482 3225
5672 2476
9921 837
107 813
1250 5691
4381 5939
4533 5157
4138 4189
3194 294
9119 8977
9927 4056
8664 8026
4276 9030
4264 7776
8138 606
8571 3496
2681 6233
8986 6981
4457 7283
2119 2785
4358 8382
764 3791
5717 889
2044 4083
3265 1720
5292 194
8102 2158
7406 7310
8663 5173
4946 6903
8900 4059
3470 5486
1175 2489
6470 4638
9659 6830
5378 1603
6695 5778
6653 4593
9396 4007
1737 7640
6024 5864
9100 9198
1931 5430
8046 5431
4759 1616
2823 9213
1668 7824
1019 7716
6000 3630
9045 3522
8825 2662
7885 1537
1404 1114
3929 9715
5501 9415
5525 6364
2471 6102
9328 2615
9731 805
8859 5054
5726 9878
845 245
9226 8177
4454 2719
5935 3636
4147 3567
9406 6159
7361 9862
291 2896
7687 5935
8994 896
3449 621
5644 9852
2816 7036
2604 8217
6760 3638
3661 7431
3719 7131
774 9826
4056 7928
6449 9209
7406 1087
9274 3862
1645 8657
3369 8887
6732 5058
1552 8337
6708 8275
2606 271
1940 4692
3390 2968
3177 6801
5485 655
2253 3294
4822 7803
4323 252
8734 7196
7098 65
744 3026
598 4120
6210 1734
1330 3802
7396 9092
2241 2709
2889 7804
779 8669
5861 8826
6330 9779
3644 7934
7236 1082
526 8242
8566 2878
3974 4438
869 9424
9628 5677
6876 3763
7948 7603
6821 7853
6569 6204
3844 701
5549 6786
6301 2260
2879 7545
4558 1800
3973 2704
624 8430
7459 9130
123 3104
9290 6845
6530 6811
1870 6129
5288 7166
8859 1422
9692 8222
6778 3835
4177 6651
6706 1829
7423 5
9205 9495
2390 4140
276 2533
6276 506
7522 8664
6141 3599
8346 8382
2268 2603
5068 284
9980 2327
387 9634
1655 4464
5537 9350
4551 2534
6584 5793
8212 6079
1251 9992
3906 3880
2092 2980
4941 9943
7395 5329
5895 9101
3458 3601
2409 7221
428 2884
6277 2247
1565 5205
1897 2143
4360 1221
6401 9053
2545 1028
8521 8541
9169 3673
1095 1825
6158 1852
5521 8870
6826 7892
3839 3750
2964 2253
2433 5069
2266 5407
9739 351
1829 4530
4859 6944
1857 4629
3704 6296
4343 8274
1799 7267
5903 7509
4195 7761
1408 3519
7524 4403
6014 4573
1798 2370
3703 2342
2656 2626
9918 5581
3828 9810
9699 9449
7661 7248
1529 5241
4911 9191
6623 2753
279 2074
8897 9735
9816 9842
5122 2323
6180 2415
6043 3173
2324 621
8807 2887
3720 171
5314 2159
6937 6263
5184 8847
1907 5898
8319 6036
8603 5505
8376 7482
8692 946
673 4164
8296 6962
445 8742
2992 2687
3803 183
6486 2230
1905 8905
5718 616
7199 424
7738 2365
7850 8453
9807 1762
9283 5023
2848 1111
9958 5794
7481 438
6115 3864
7293 8491
3889 1894
2680 5613
1235 6149
1323 8717
3762 2912
3091 3167
5862 778
2610 1446
7655 9162
5071 1213
3916 195
9562 2837
7147 6846
3964 7064
3198 8792
3426 235
1952 5285
7694 7125
674 2204
4740 6182
9738 6317
9746 9350
4280 5360
6439 6902
1742 2579
7012 2457
28 3530
3091 5529
3796 2950
9760 7257
3687 9757
5444 9058
682 9249
4476 7071
2493 7292
1056 5925
2530 1713
9314 8218
1311 8891
2168 6626
2034 9451
1254 3399
2367 46
5055 1494
5104 5945
2214 6053
7827 3793
2401 7052
1765 6208
6637 6667
3585 5781
8648 6042
4468 6689
858 3573
414 1555
1604 1042
175 4781
2192 1554
2938 4400
7344 7599
6815 8699
1982 1483
355 842
7502 6647
2315 3882
2909 2601
9579 1659
6134 4780
108 7246
4927 1066
3764 7384
6500 6200
9985 9965
221 4419
4022 1451
3466 8235
4114 349
6322 214
8576 6014
4069 1103
328 1216
3305 6099
3264 2133
6955 4358
6106 5521
1375 3819
3452 7368
3373 6024
2276 1037
5745 488
7033 1373
787 8725
9180 9410
2450 3082
6667 2343
6754 2664
4396 9393
5790 8239
2139 8742
1996 2918
3446 9461
2308 5187
7156 7656
8061 8107
2953 7020
4991 8055
9941 1283
5611 9642
9086 1470
5510 2387
9457 2812
7086 7018
9264 2066
7777 3338
2355 9305
2824 8745
5775 4178
9219 7379
4100 8194
2673 6576
6385 3535
9133 9244
7821 3191
5663 4360
656 6572
6385 8203
7458 6441
8049 8763
490 5496
5791 7821
5673 5717
1074 3242
4543 947
5969 4758
3777 1848
2820 6433
7428 8936
5003 2245
2100 2482
8249 1250
3011 5957
5370 4140
6115 38
653 7991
2424 8749
6332 3469
934 1632
9405 4066
5388 5854
4532 7269
7101 299
6749 2630
7728 582
5460 2097
2862 5634
796 626
7043 6421
3215 3855
680 5463
9808 3913
4579 9880
830 8960
7132 8785
2122 2915
1876 9903
9391 3226
4434 5606
4303 886
8407 7833
4183 8801
977 570
3832 5505
9351 1877
9304 727
1322 4996
3056 7767
8426 5494
4307 3932
2313 7858
1645 3859
9210 3805
2921 1257
756 2734
4337 4650
5619 975
2557 5310
6159 1998
1309 8268
3667 7836
8622 1563
9035 7024
6368 385
1883 7418
9766 9518
6101 5802
8338 3026
4403 6766
4235 6839
4593 6688
6541 5517
9234 1731
4433 6623
9125 5241
2194 9980
460 3938
7108 506
6705 6047
2629 1270
255 5010
5559 6439
6232 8541
8261 8030
6079 9757
1607 8335
9553 7464
7659 4254
1572 1153
4827 4583
4923 3309
4109 2574
794 5780
2131 2887
8297 7181
4910 3310
6708 3024
4044 9544
8086 8280
8825 662
1718 6818
320 8531
3084 6881
724 4735
8334 843
785 7119
9864 8504
2501 3022
6823 8166
6537 7617
5991 1890
5512 9272
4348 1154
8062 9523
1332 2255
5176 5774
3153 6152
7572 2746
5854 1312
7091 338
4757 6856
3117 7351
7124 794
9707 477
4974 7445
3254 5513
4906 9366
722 1444
2236 3517
1982 5878
3341 3593
8122 3021
2293 835
5239 8138
805 7038
8276 5068
2343 2301
9999 1563
178 3842
2263 6113
1979 4694
1194 3208
4001 142
3481 3991
6451 3659
6028 1115
9455 6803
8426 8318
9785 350
8072 5745
6823 7076
2135 431
4115 4240
3293 8534
490 3852
4619 6939
6474 5912
7266 6673
1605 1008
4427 1415
2668 8174
3249 5100
3284 1801
5751 255
3257 348
5107 4437
3083 9461
4602 5358
4095 2872
7902 7096
4745 3044
31 8091
7543 4880
6567 3080
7511 4111
5137 6791
2588 5103
5892 9177
8940 3879
763 9370
7524 9906
7461 6407
4044 3184
7621 276
492 4797
4055 7354
6146 3135
269 7192
2567 6067
3759 3960
5478 4982
4186 7295
1974 3009
4201 7192
355 1371
5969 5750
1862 5060
5610 1785
6610 9219
507 9584
6697 4742
8961 2516
1190 1148
5350 3403
5749 6102
4200 5658
4810 7628
3882 173
7821 6830
3990 2667
4356 8472
1307 3113
188 8433
9078 8912
7770 8431
5655 4152
266 7897
8032 9183
9144 716
2652 3321
2362 1105
5206 5978
1573 4972
195 1864
7229 7904
2279 7540
5285 1453
2967 3536
4333 3325
6592 8031
9979 7095
951 4418
731 5403
6492 4668
6079 8290
7786 8622
3537 6198
1632 5095
3240 9888
6094 8727
6799 4111
3905 3490
4357 964
1595 1849
1711 4433
4105 187
9561 427
6764 2916
1479 5501
4169 109
2940 5588
4437 3740
6221 1814
6369 368
4960 2778
3656 978
1889 9378
4624 4250
7416 4106
7025 6718
3829 1374
7331 1200
8959 4455
1364 8494
6585 7121
7944 9875
5660 9611
3996 3032
8544 1567
8823 5557
6491 811
2783 8752
6717 8954
8281 517
5544 2971
565 6004
516 3769
9769 8869
4743 765
758 1698
3440 253
9906 2739
1836 7243
5852 3071
5145 6277
5229 5073
6954 5114
3577 1218
5433 1861
1315 2506
1255 2446
4647 5927
4610 7201
22 8760
4016 3720
7214 8757
405 9442
4169 2017
9919 7264
1082 8410
2405 7841
815 1561
786 4959
6041 581
5959 2905
2241 2258
6474 3564
8157 7907
4016 1111
1751 7300
4957 5721
638 2800
6279 982
7074 6816
6932 4957
7324 8373
5789 6955
9487 8847
6276 4159
7197 7080
2973 7672
8736 9742
636 5868
9387 7560
4333 5747
8990 364
1530 7616
2779 6687
4267 8306
2954 3942
6378 7057
7223 3541
9781 5163
5602 5859
328 1760
6317 7549
9004 3231
4315 6098
8066 1933
4265 2049
2551 3641
8488 6301
7538 7802
3064 9001
9286 4925
2245 9232
5797 2592
8644 3785
5900 4538
5973 518
3170 6238
4936 6288
1633 7083
5280 7236
4087 9191
417 2551
523 6976
4740 4631
4389 8607
2640 2458
7692 6331
1518 6400
902 5639
5316 4170
1385 5863
890 4008
7595 9476
5027 3666
8371 2332
8501 8924
1861 2495
3625 810
2260 9078
1626 8078
7801 2774
5451 5598
963 2900
3143 4405
6879 8807
7815 6686
6977 153
7267 167
7364 2662
6002 6559
7896 6257
8502 677
8622 2316
6096 3400
1866 4294
3822 1231
7045 531
3231 3880
2105 1061
181 7709
1753 1121
907 2134
1450 642
1855 6630
9595 6666
6344 6545
2299 5517
1824 828
2516 6238
5503 4518
7055 1031
9101 5680
2856 654
2762 7634
7699 5188
9669 7658
1161 677
7935 6523
4926 7684
3476 1853
5387 1955
1843 5089
6620 999
912 8858
7414 7664
655 9834
1213 2454
7256 6295
5880 1822
1408 6184
4771 4386
2126 5989
5115 9889
6516 430
5309 1203
7200 8189
6128 7951
472 966
2128 3232
172 5930
5971 2480
539 7853
8994 7410
1278 6841
4680 2574
179 7672
1042 5706
4854 5543
7761 107
6163 5947
4713 5452
2616 3806
4166 3085
5394 764
5572 9231
5581 9491
6029 8703
201 5320
5598 4508
603 5333
9467 3226
1789 806
9121 710
1423 5434
6740 3375
6157 1618
1532 1421
2054 9369
3137 1827
5034 4790
1131 834
3029 655
2081 6848
6274 4048
4312 7832
8722 9001
2861 4707
5492 4978
6466 8449
3498 7287
2160 499
4502 8245
5050 3840
2397 1832
7411 2343
7053 3634
2512 4461
9201 7221
5673 565
8650 6590
5634 4987
7514 2659
2736 6100
3692 6346
7822 1964
8402 5677
7473 565
5522 8989
6548 763
5558 2571
7085 4568
1763 3359
7443 2633
326 4330
3775 6327
4374 4127
8961 1060
100 9605
6083 4003
6017 101
7314 8998
4303 7979
8419 9566
7403 4279
6962 7411
2290 4581
1811 9261
6324 3809
5586 1011
7173 7407
3911 6710
1886 1660
3319 2194
66 3023
9832 2965
9240 4966
3188 986
8436 1016
497 6231
6690 1462
2282 5217
4182 4161
2972 250
1331 3813
9044 3774
7751 9975
8429 3336
1100 7354
4232 37
7883 3846
5020 4987
8488 7658
1088 7810
963 1487
3286 6002
8504 9717
1628 8394
4196 1325
2772 5682
3222 869
3964 3860
208 2240
346 565
4163 7541
6567 6752
5951 4105
4236 5337
4093 6009
9009 8763
942 1143
6079 6173
9170 6322
8038 4430
4566 3248
9415 8208
4156 6044
7608 936
66 1140
3006 3984
9269 4120
1290 1154
6936 5834
4335 8179
3038 4658
4350 885
5149 7313
787 232
554 9312
497 7239
5862 411
8857 8827
7211 5682
8608 9477
5394 6245
1813 4313
7890 8433
5773 2255
9983 1190
9518 2056
1704 713
5706 7391
5207 7808
4066 3528
7423 6150
1463 2115
2304 3555
177 3201
2865 1637
4512 1135
4945 6519
2953 4308
3072 9357
6268 1561
7920 4915
7446 2665
5430 9462
9074 1965
1714 3230
3113 7766
8880 3271
7532 723
3924 1206
8745 7721
2461 373
8704 966
6836 5817
5438 6750
3006 9731
6423 8727
8719 2216
7645 4130
89 6000
5436 2352
4629 6064
7162 3479
7027 4885
8700 9701
4373 6441
1476 7641
1905 9259
8249 4689
5473 7899
7376 2863
3745 8050
5617 3590
3953 4127
973 2762
2594 5665
3019 5550
6544 54
9504 6522
2060 8408
4669 9028
3251 8304
2329 4605
9306 1512
6834 8663
4152 7864
8254 8983
149 7981
1642 9937
8595 5934
2610 5385
1813 5269
752 8465
2055 9631
3060 9228
5004 2723
5487 7753
8954 353
8186 6447
9905 8264
620 8723
1603 2637
8047 7421
803 1980
4963 1475
3818 3651
7034 2152
4633 9155
6959 8292
1640 5538
4006 5412
3718 3423
4691 2212
7604 9007
3888 2850
7602 4645
5025 6106
7641 1180
835 3986
5020 7117
9328 6067
8389 78
7985 9339
933 2343
1802 6265
3226 5653
4692 170
9783 7454
7680 4444
897 6934
4489 889
6854 2408
3947 3053
4171 7398
9275 9468
672 4083
9905 9259
9851 1220
153 653
868 2471
8404 7159
1778 1701
9759 7802
3236 8499
8113 1735
7533 575
5865 5976
5138 1224
3975 3262
4622 8238
1064 8302
4156 9613
1917 4590
2489 8845
8312 1441
7602 6538
7389 4475
1550 3243
7887 7902
1384 1223
5642 6270
476 2235
5211 2045
5276 3614
1073 6259
1525 6318
6956 4572
7367 8012
2537 1295
3522 6707
8656 1911
7720 200
2493 3215
1490 1906
8053 8246
494 493
5989 2066
5533 8823
6795 2257
8370 4464
2184 9513
2982 5186
5930 444
6048 3498
446 5892
469 7305
999 7666
7119 9716
9626 9474
7959 3697
3899 4522
1328 6370
1987 6984
7558 2962
6323 9947
9437 8346
2965 134
1148 6907
7281 6583
2207 7661
5176 8211
4294 6979
2941 8575
6726 4123
30 239
9642 1660
2860 4220
13 8601
6431 3111
7322 1700
8653 7247
7783 4234
1757 8075
5794 7501
9184 7506
7777 1569
7302 2703
3226 4242
1377 4401
4782 5117
1649 2390
5551 5896
7518 963
85 4049
396 9186
4370 1466
5173 4016
10000 9895
7825 2728
6076 6833
12 1483
504 5254
3517 9319
4670 2987
6405 4358
8642 581
7235 1458
7194 6827
1866 4036
8030 27
4296 4830
9002 2791
5300 7730
5624 3204
3571 6521
8840 2386
6736 4647
5192 5229
4187 4722
1397 2447
8259 637
8846 9454
589 9553
998 7205
2178 4879
8278 6017
2981 9585
7935 2828
5937 8736
7731 5454
7934 6250
8871 9339
1855 8709
2898 4733
5560 3811
3160 2350
3857 6923
2506 8761
7080 6144
1967 3503
4988 8519
4800 8284
9131 430
339 4831
7808 3502
5877 4322
695 8598
2120 1085
3338 7305
5801 4800
8175 7446
5701 2892
1094 5416
5101 952
4835 4645
5801 9403
8066 8527
377 9986
3870 9406
4471 4672
2660 4055
772 1385
3559 2591
8503 5740
8041 3689
8082 961
504 2752
499 680
3936 2246
9416 5971
7774 390
3202 8158
574 6943
9677 509
2434 4213
1291 3185
8856 6918
2098 841
2195 5759
1954 9577
6711 466
8632 9516
8402 4629
3838 2984
716 8917
9563 8228
8201 5544
4198 6759
3746 7854
5248 545
3655 4599
90 5571
9489 3676
2028 4579
5467 9123
5695 608
7969 5400
9161 8608
4439 4509
6769 927
4354 3805
1357 192
3606 2945
6862 5688
6294 1278
6449 5393
3986 1177
2251 8725
751 9323
3225 1090
4680 179
8432 3845
8868 4980
7487 2245
5898 8934
4692 9048
9522 9413
1820 5653
4225 6931
8165 7825
1782 4253
8021 6073
5576 8155
4478 7491
2541 7681
9146 6408
5983 663
2101 8690
3788 9372
5033 4042
1079 4921
7616 5967
5436 5612
3187 1784
7664 4038
7505 7090
8578 1617
4897 7964
7574 9198
650 730
6219 5753
5409 3891
4924 5300
2552 1300
4533 698
5162 134
4458 9453
2410 6265
6590 4729
5049 8492
519 5686
8057 5229
9556 9736
890 8821
9399 2653
2387 4389
7798 7340
487 8192
6012 5888
8228 4151
5383 8534
8738 4800
5529 2336
1071 9581
3361 9364
990 2631
1024 2237
9084 86
9689 5069
179 6160
1866 7938
8258 7676
1649 2357
4224 8087
3561 8396
9457 1437
4413 2493
4401 7755
7259 901
469 6863
3192 862
5965 893
4826 1264
3227 3723
4563 1899
2370 8142
7152 4835
6797 4653
3959 9239
9540 7015
561 1104
8537 8880
5673 3583
9325 4707
7267 8493
4275 8138
1238 5468
3960 296
7530 8103
2504 5147
8523 8999
8757 7113
3281 8560
3975 6665
117 859
1709 515
7882 8326
1181 3629
1936 6111
1650 6391
1697 6220
9768 3520
7469 5656
8306 2855
4082 4972
1428 4560
2662 9822
8485 8655
1887 8427
208 9416
4166 5327
4090 1002
8657 995
3049 1152
4762 1740
1245 2452
4070 8494
7208 7379
8393 5526
6870 1358
7773 1612
3291 5251
1195 6445
7183 1092
4865 348
2629 1450
7006 5540
445 6765
8351 1048
6020 3780
6703 808
8328 2520
9165 51
3147 5095
5378 4441
4706 491
9178 8607
3316 4860
4501 5900
1296 7278
9502 1676
2681 2336
2047 4213
8069 7548
2721 2890
7496 7094
3596 6587
3845 2752
3402 7004
8309 3165
4259 1901
3027 4508
8079 7360
9129 5261
9581 2081
7788 6035
8953 6481
4436 1017
3521 3828
7781 3220
7577 4716
2156 7760
1808 913
8339 2288
9013 7261
3780 2074
59 544
571 3091
5497 5620
9447 1752
8371 3662
1589 1416
6213 2094
7331 4176
7369 578
9500 1249
5492 3827
3350 3472
2247 5915
5124 9569
620 5650
210 9526
5824 763
9457 9242
5175 8807
3791 1920
9223 812
7195 5846
3531 3922
4062 424
8105 788
9923 2895
8302 5475
8001 2079
7411 1210
3852 6366
1995 260
4560 4306
679 8719
2122 3807
1064 2927
1409 4161
9422 8180
5160 8166
6503 7404
4116 1871
3614 6479
6591 1748
8748 337
2656 6403
3561 31
7282 7706
1162 3000
1498 4733
157 25
7870 5303
7222 1055
4057 7222
5236 4198
798 9045
14 8251
192 2962
8728 8774
5522 1386
2416 4083
5016 96
1344 4999
9582 1168
2858 2917
2945 4976
5536 9109
1159 484
4331 8258
2092 3127
5039 7679
5748 1349
3221 8435
4582 7450
1269 5486
5461 9783
457 8047
9231 5967
6994 4561
9550 1437
8712 5176
7768 2680
8957 9731
4370 1938
4872 448
3722 3679
6511 1138
9548 3730
557 6609
9536 5983
8354 9028
1084 6743
7234 5135
4674 5320
527 3537
2115 725
3944 5756
3683 2701
72 8676
6313 9824
7635 229
2729 9488
8317 6434
8582 4396
3573 5683
