1935
9277 5832
6828 9621
3449 8115
8577 7392
1977 8430
7079 3978
5286 3460
6772 1139
2706 5278
5295 3557
6684 9633
1779 5990
8715 174
7613 2207
7109 9833
2479 1681
8295 9752
8832 1755
4632 1752
227 2614
3736 2662
4511 2198
8357 1623
7613 4508
2283 6144
6037 1139
41 8481
2959 6908
935 8593
5836 7261
97 1866
8489 9449
3742 9525
743 3185
6232 8002
3805 2588
7753 2978
9641 1642
5528 2486
6748 1566
5471 6637
9172 3869
9360 884
7323 9433
1882 90
9340 5044
1219 394
4120 8642
6956 2005
1592 4760
2186 220
9195 875
8392 4755
2899 1129
5426 8454
786 7818
6645 6864
5844 4339
837 1898
3296 4906
3341 5684
5292 1960
1775 8694
8120 7699
574 2935
5627 3710
4146 6832
3506 9649
5786 8428
7626 6209
3107 277
5829 6943
6655 4243
3503 5734
3415 5934
9313 9372
9877 6560
2373 8943
438 7093
9643 2208
4534 6904
6825 8448
1191 7987
2167 8079
4458 2528
900 4396
3779 2343
9057 758
710 9729
8892 3723
947 3739
587 492
1288 4688
8080 6483
7017 658
4806 3740
734 928
869 3298
4194 4474
362 9535
4681 5659
1659 3370
2502 5400
3596 2977
6113 9824
7853 9105
6341 3534
8889 1694
7271 178
5268 5731
598 9734
152 8636
8949 1673
7775 3746
557 1649
6712 6466
7641 7965
8127 5619
9597 5119
1565 8265
8684 741
1829 5900
7522 7029
7506 3695
3129 541
616 2289
4306 8272
8087 4413
9079 2656
4733 3010
6419 7796
328 7178
5657 2968
3651 74
6198 2494
3067 584
2696 1396
3606 8106
374 9648
6771 7122
4861 2868
6131 9852
332 2630
1556 1464
9080 36
1647 9845
1011 6206
3033 8546
9263 2279
6787 8954
7690 4600
9063 4659
2322 2323
3705 8982
5270 438
3591 5857
8564 5113
5576 1273
3485 5372
2315 6076
3798 2939
442 7254
8467 6224
1783 4600
8705 862
1702 3910
1920 2739
5487 9122
1568 1601
5788 2503
1744 1692
8164 9087
5438 6312
8967 8009
9237 961
9570 5012
1761 3495
7023 2308
1713 8602
5457 8715
2991 8379
404 876
1642 2308
220 2658
5336 3597
7160 7958
6229 870
9702 7943
8024 2061
9124 719
2856 3917
4429 8797
1942 3922
4200 1847
3194 4325
9162 192
117 4344
2270 8954
9440 1665
4392 9374
5300 372
8203 9796
8294 1685
9422 3377
1232 2129
4721 3156
8596 3019
5955 2930
6884 3926
3893 7906
4143 5229
3617 6061
3485 4831
5314 8070
1936 9884
6691 8666
13 1966
7770 9698
907 4355
1498 2969
1461 9707
3629 842
1478 4485
9813 1606
9932 8778
2688 6422
3445 8768
6530 5563
4621 7579
2146 5398
4188 6111
9310 7002
5220 5471
3071 9309
6284 8724
5358 5645
4687 5000
2295 437
5007 5858
3945 3714
9860 8754
8545 5744
708 6595
3698 5668
7012 2434
7788 2827
9022 7937
8844 79
7873 5245
2761 6589
3258 5826
7907 7718
2753 6201
6422 2262
5605 5346
8591 5790
5380 1153
8229 1708
4210 6204
4073 6462
3820 8925
1207 4295
2135 2077
3072 3849
8585 9322
4348 647
1473 1747
4009 7915
2147 3510
3941 2682
9299 7660
813 4485
5634 4062
2894 1445
3317 3481
2815 2079
2694 3804
8768 3303
3461 7232
6683 2636
994 6965
7868 3495
1137 4093
2713 3251
5225 7986
4035 72
6823 2142
4604 8788
5214 1272
9733 9901
6235 580
5282 2522
9210 618
5238 6744
3572 6814
6500 4673
3776 5345
8593 644
9702 7994
3409 9266
8730 9273
2 6310
3225 5860
4236 2158
5454 6424
1718 9334
3039 9559
1404 2978
3000 128
5281 771
1901 6129
6928 2781
5201 5997
2710 1122
3605 1121
1493 3199
758 2156
5552 7155
6867 198
2318 2983
9554 1499
3443 740
7508 7081
2379 9464
3071 1724
5655 9220
898 6129
4664 5377
1904 6026
9758 846
300 1625
8693 1619
4418 909
6499 7811
7337 4983
6981 1512
5423 9928
2758 7356
7592 3156
7704 7950
9571 6210
6049 7434
8218 1666
545 5420
4716 3786
8130 3102
1550 3919
1557 4717
473 1573
7519 872
8892 2404
8283 6655
4299 8468
6799 2103
5280 4272
2762 9808
2122 9886
3296 664
2554 7072
2738 8739
6027 4352
4689 2055
6079 1639
3344 1980
8798 8901
3624 9548
6043 22
1963 7705
9372 9789
6781 618
5104 7832
1457 2355
7614 4572
1701 9941
6558 6498
3425 5270
9450 4872
1934 8372
487 6883
7282 5947
5352 1085
1925 9884
5755 355
1014 9311
5789 1156
2639 7628
7147 5571
376 2502
340 7644
6046 969
1654 9896
2618 3003
7539 8038
548 9556
3194 9752
1561 5518
5620 313
6549 2437
7225 4626
6776 4180
675 810
2132 691
5289 4306
7238 820
5050 7102
627 1643
491 6586
2209 8540
1249 9027
2808 5014
6933 5037
1268 5952
9317 7367
4144 4474
3383 1746
7662 4001
5638 6422
8754 4093
7524 8291
9227 66
6670 4674
1645 9139
5781 4039
929 8447
7496 1989
7264 7785
5414 7586
634 5799
5695 4120
9514 3725
2498 1971
2837 8267
2811 7871
3966 247
6703 8252
8199 6584
4740 5274
2676 2995
4758 7367
2560 1177
4425 5945
623 9509
2499 2282
2863 9386
8877 7478
3174 481
6991 6718
2182 7105
8420 5618
7755 1253
155 3529
8696 2035
2673 2332
6282 3470
9579 821
5381 4919
8600 3972
2796 8421
3561 8967
8725 5729
4472 7686
5622 6809
3911 1855
8314 2099
8919 7066
7531 3598
1831 9050
7339 7183
2430 6341
6612 2807
4538 3943
2946 8715
5300 1192
8664 1669
2727 7109
9005 7093
7482 2692
865 610
309 7639
6491 1757
3969 5482
1161 5337
8626 3712
2514 8070
9846 2571
6742 9821
1887 3306
5691 4452
5151 4612
354 405
2012 3066
5233 2359
9758 9832
1029 4188
2727 8509
968 6728
5265 6322
8134 9404
1783 6194
8845 4118
9567 2043
5664 7099
179 8374
9231 8633
632 1142
8006 3436
3604 7411
6162 5655
6629 8797
7154 6606
3650 4720
3300 996
7960 8671
4652 8262
6977 4886
3776 4384
4268 9787
8511 1774
1283 6013
1061 1937
1525 9296
9444 2795
6632 6539
2053 5411
6845 8272
8216 6252
3565 2594
3669 8808
6894 3271
9241 2081
9924 2804
3439 9201
612 9345
4923 4054
1711 6970
379 1464
4555 5476
9740 9175
1511 5390
8528 2150
7232 708
9543 9167
1705 5258
944 9433
4204 3778
2381 9661
1032 6979
3391 7700
2844 6555
5828 7363
3162 2235
507 889
4984 3877
7237 2539
3883 4038
4408 1443
5453 6243
8830 9006
6072 8279
3715 9569
5124 7648
471 1105
6036 6050
731 3090
9456 8749
1974 2769
296 8375
8074 1498
9799 166
663 7397
3783 6080
5177 4128
2940 664
9401 4277
9297 3826
6239 905
9129 3961
3201 4797
2710 9657
506 5033
8488 273
6648 4440
7970 2987
9724 2188
5077 1247
8684 1209
5540 1435
5059 5195
4561 8231
3721 4810
891 7810
5107 7926
2279 9444
1490 9777
2012 7109
4379 86
4304 619
8421 455
3663 3977
2777 9864
4898 7584
844 24
9476 2626
7258 8448
3358 8734
820 1363
7248 4066
7874 4386
6446 714
9775 7573
9787 7582
9570 2493
6991 1876
1165 5732
8568 2694
399 8860
1839 6038
4020 3255
1831 3877
4250 5551
711 6570
552 4227
7597 2573
2687 351
4498 3902
4232 1242
2471 2039
4717 8304
4541 6174
6408 6677
9965 8462
3036 3288
9972 2746
2051 3056
3688 5239
4250 8677
4610 4670
5907 6873
6097 3835
5472 4892
9157 7929
8272 9327
1348 5839
9130 6325
5017 5890
1621 1146
218 2056
703 4695
867 5244
4654 3222
8149 246
6423 944
4621 5705
7238 9879
6541 2599
634 5054
6453 4102
7056 5116
485 7606
5787 6182
1494 5561
7131 6221
7080 4700
1723 7831
8878 6964
1383 5050
4369 7104
8955 9246
9192 6265
1252 5979
1527 4858
4131 955
1862 2444
930 7181
8590 4336
8584 252
2183 7763
3952 8952
1669 4283
7604 6466
9775 3454
7852 7612
2727 1322
118 2123
7727 6243
4836 5055
2756 1418
8641 4545
9733 2961
7796 39
3240 5410
7695 2971
5961 9372
3579 3350
8638 3698
7820 8214
7233 3813
8393 3811
7113 623
4826 7670
5383 2038
3740 2727
1325 6930
5826 8480
5402 8405
6587 1305
1162 5645
1347 3610
6946 9737
102 5545
9315 1190
4945 3608
4738 6005
2075 1388
765 3106
4009 7198
5753 5221
643 1372
415 6090
944 8323
9518 9122
9052 918
5877 4324
8817 8545
8562 4515
4718 2935
1707 375
1082 4609
527 4794
5475 5434
9949 1970
7504 5125
2502 7163
7591 5812
4090 9488
3346 6579
4368 2294
3373 815
1732 7310
7449 346
5813 9224
2834 7583
3199 4053
9787 3842
5402 6376
6634 9197
6368 5309
9630 3206
3691 5240
6020 3291
424 2439
9420 2035
6812 9597
3433 9411
5270 1732
8046 9425
1207 6814
4686 8124
3151 1483
1593 4052
9711 5287
3155 6595
7451 2452
6914 5453
8711 6840
7379 4832
2919 2778
5496 6454
4166 5526
315 9158
8253 9019
525 593
2286 8901
9366 1689
3088 4499
3106 9538
1146 3624
2849 6526
2564 1071
3665 9762
652 22
6448 1954
1844 4182
8245 711
6984 4353
9588 4751
9758 5778
9998 730
8215 754
5837 8911
8914 3732
5238 8280
2227 2178
2431 1999
4363 3173
2410 6650
4924 4679
4744 520
1259 9900
9555 9776
7301 4252
8051 4148
3840 6460
3941 1020
6533 4762
3484 6637
271 14
4616 2578
9970 9437
4091 6514
3801 8083
265 924
7475 757
9078 708
1724 944
6833 5606
6711 2465
4853 2096
250 3095
3211 4159
9529 7695
670 6760
2998 6917
646 4858
5001 3581
7880 5025
5703 9055
9106 2843
9856 7543
9508 4328
3352 8077
5009 6815
5263 1240
2173 897
5224 3822
3343 6877
25 7081
2684 3384
1709 3243
7995 8075
5594 4094
4659 7740
5278 8071
9615 4430
9391 1608
2887 7118
7401 8020
9881 3502
7501 788
8535 8007
7126 987
445 9117
7567 7914
6934 7698
5833 1713
9820 3760
413 1790
9634 426
3070 2794
4100 125
4720 6065
8358 3146
4799 6750
560 8901
1303 4757
2976 6103
9134 44
7352 5528
8326 7935
4772 7102
2718 1917
938 8223
3016 9096
5392 8127
7552 7342
9726 1860
7454 1457
5613 7705
3005 4823
5569 6809
8328 1666
1947 1042
5647 8600
5970 4487
1252 8051
5909 2564
3377 3289
8460 9424
1859 4088
71 2032
5283 9771
8112 5661
3998 3776
9056 9104
763 7048
8495 5962
1005 1924
5113 2326
7672 9823
6189 2845
546 5912
4558 5279
4616 8617
4237 1150
9563 2294
9112 1945
8580 8900
8652 9432
3494 8510
7964 8335
7410 5017
1057 4414
8613 2806
7231 3964
4542 968
9030 3589
2856 7140
3218 6012
2583 1416
8550 9808
3543 3430
7303 109
7840 4072
4416 1418
4352 857
88 1620
1748 6312
9084 1232
4766 6895
1283 1104
4140 6004
7353 2822
6951 9271
4909 9499
477 2476
6890 3282
7230 9400
8928 4119
5412 4884
4826 3570
7343 2724
8511 6630
7220 7844
4488 9637
5511 7786
2631 8198
300 3432
4673 7400
5232 5597
4280 8688
2632 7049
5101 9693
2103 1275
8631 3821
5060 905
1351 7518
9032 3611
4113 945
8091 2537
5134 8069
805 4218
3186 462
6063 5780
8127 4499
5982 5636
8179 653
2885 6995
608 4522
5252 2725
7620 1141
7217 7909
2630 9499
4912 8975
575 5882
1821 1945
8851 7906
9671 5810
6596 2688
5827 6229
7009 3174
6444 6275
1583 3597
662 9951
8107 4223
6885 8289
9134 993
1378 6360
5354 6542
6385 8665
9431 5691
1134 8588
1267 1861
6351 7787
2644 383
937 1403
1962 1565
8054 3561
3968 8070
6391 9714
3234 3822
8446 4426
3913 127
7809 8147
4081 1879
7211 6974
691 8973
8595 3777
6658 8153
2362 9085
1412 5935
8400 9967
9745 1988
2132 1020
5467 4223
5639 3628
8894 9216
2452 1644
6707 5161
2849 768
9024 778
9556 2321
9447 6871
2003 1067
283 5365
7425 1636
5404 3884
9934 7769
8145 6775
5057 1918
1698 9167
5495 6287
7704 5392
1383 4393
8871 5966
31 7276
4169 4008
1703 2311
4658 8810
8337 1873
9444 3767
2061 4400
962 3878
5752 2169
8512 9209
1879 4328
9741 9758
6366 7382
7216 9915
6631 6268
8576 7037
9031 4599
3039 5607
4795 3973
1475 300
3268 2251
6016 5015
2615 7724
5861 5267
5975 385
9011 3598
6362 5840
2725 9660
9946 8041
9161 1304
2865 3465
4556 9811
9210 8924
6957 6231
6313 5482
3849 3796
8229 12
6605 7207
3177 9988
2890 2165
71 6183
9772 5471
3668 6035
5820 3729
9360 1046
3325 3341
7158 6612
2649 6334
8486 6268
5348 9664
5606 2856
2804 8082
9966 198
3658 9898
3419 1174
7967 8516
2085 9789
4559 8410
8548 8121
6418 1657
3666 8754
9630 717
4448 1429
8232 5389
7021 7382
9278 7074
7744 2292
3422 3574
845 1893
4869 2985
752 843
6922 7634
6219 1937
2530 5839
850 8837
6409 4969
6474 2785
9933 7153
5857 365
2652 8903
6000 6121
867 5483
4130 7201
4402 6173
8539 2079
5664 2239
4478 2368
8813 9133
4506 2347
4503 9173
504 1132
1439 8372
4489 9694
2261 3007
8137 9628
6993 9650
1738 6421
4668 4796
6206 8335
8597 3384
255 8486
5029 1588
9619 2077
6127 684
2664 3545
8258 580
5423 6402
6212 2972
1149 737
9577 2085
9150 5234
7125 2227
842 2460
6938 5789
1912 7968
380 6978
6504 7736
7557 1643
6620 9059
5394 6329
7685 3479
4481 8642
6720 5062
347 6537
4059 6295
4898 137
4054 6666
4337 9120
2876 5022
3840 5409
5115 4261
7703 6381
2150 6409
6188 5331
274 2695
5578 8345
6395 2503
6099 2002
7746 9017
4462 592
4507 9329
7864 7783
9109 1336
5836 94
1815 7778
6932 2232
6257 5666
7408 2140
6057 1738
6578 8806
3702 2260
2412 6190
1446 2687
8100 506
1072 2503
3772 591
132 6666
7286 4346
2725 6125
8887 5029
6854 4745
5634 928
3369 4367
4275 118
6147 7625
6404 8061
7661 7315
6903 1822
9646 3716
2959 7314
6776 5338
2422 9007
2155 1873
8554 1420
7691 912
9111 2306
4956 9345
8878 6512
5078 3268
2199 7203
2035 6563
6169 5157
7910 8195
8991 4740
2239 676
403 3199
5645 7048
6284 5231
2185 4872
512 78
4633 8923
4484 5119
9617 577
1792 1818
694 9401
8775 4408
3404 9751
1606 8569
7257 6238
132 9529
1452 6867
724 2576
1643 3041
7931 4108
7631 9153
3669 5273
7467 2254
9229 992
7903 1717
8071 2226
7872 8365
900 4656
8690 9805
6515 2933
3157 2195
6763 3790
7111 7689
4449 479
3475 4035
7375 9597
625 7526
9934 5522
199 9390
9029 2418
7955 1721
4183 4385
2722 6512
6998 206
9316 3876
6930 7166
5999 7008
6974 5804
6033 6914
2211 1881
6934 9215
5246 4621
4023 7752
9622 3468
4363 6797
3942 3312
2285 5400
5732 4719
4589 3517
9773 1645
1005 324
4608 8234
7047 3083
7067 4003
2632 3121
3962 8687
8117 522
7930 9240
4229 5745
4707 1035
9010 4733
2261 7854
1833 1915
7983 9001
7823 6190
7083 3345
2119 775
6738 7903
5755 7292
4895 5536
5830 9684
5108 7291
7874 2559
69 2897
9019 8616
2571 9348
1164 4747
8872 744
8781 7595
3623 7851
9156 6093
6379 8558
866 1634
9555 9888
3153 8957
5190 4849
4722 837
7226 1528
8587 5162
1115 1329
1359 337
6151 9249
785 5662
288 943
6782 9022
9592 2105
4640 3254
9862 1166
7272 8316
1337 2074
6299 1922
9625 2127
3836 2784
918 9659
9128 9682
5381 4223
8996 982
5186 8362
3691 3335
1388 2560
1004 3611
6943 3608
6976 9536
9023 649
8813 6841
1373 4617
3105 3863
2136 4096
2792 1913
1269 1215
4677 7711
2230 9650
2363 2209
7251 4220
8414 7633
119 2106
3621 453
2400 1883
619 8627
6969 7866
7376 7263
8341 5176
7456 1319
2990 6914
5468 3595
4364 4227
631 9127
8512 7684
2999 1154
4730 1612
6078 8426
6361 1213
3731 7657
9769 3360
4295 8600
512 8981
7579 2231
1649 3676
9073 6721
7059 7684
7923 7962
9759 2415
8195 169
909 6949
6699 4201
1146 5664
794 5935
1408 540
5015 693
2506 839
4208 6861
7682 7290
1841 5059
1823 3673
3127 8192
8712 7981
1791 9622
1664 4459
6657 2170
4386 7443
8335 3205
2773 322
5245 1102
1718 6598
821 5117
2039 7971
4395 7248
4509 1542
3100 858
676 638
6629 2222
4452 4418
5314 1267
4978 6381
9801 7334
4045 8865
3757 5388
9458 6082
4446 1733
8816 2008
2332 8257
2026 5307
4007 8606
1405 3372
9008 6246
8233 5041
7971 6282
5580 1151
5612 6773
6417 3232
3086 6273
2292 9660
2941 6232
1288 599
8164 4364
1410 2183
4124 5574
170 6997
2512 9916
2241 2080
2413 5897
1344 3968
200 77
1609 3374
7044 7572
3522 9672
10001 3177
1993 539
1954 4378
6993 7728
3368 1907
3815 7637
3766 9406
2452 3638
3132 7298
8599 168
3830 925
7810 5036
4488 9208
1464 7121
4412 6708
4989 9454
9128 6000
2864 5136
3833 1737
3188 1292
7471 9367
6259 898
5522 8238
7475 4310
4208 387
8551 2962
9278 8935
2597 8755
5230 9281
7265 1213
1131 5166
1283 4970
2004 6153
8941 8222
819 9593
418 3226
2072 430
7443 1355
3241 1903
6582 8250
3697 2230
1894 8454
8806 4332
4308 5702
6110 9097
9591 8817
2127 744
4588 9034
7012 1081
9618 5547
1237 6841
6333 8987
767 8700
1979 3897
2876 2633
3883 5415
1701 115
4357 6137
6513 9741
1985 3768
9219 334
1979 2658
8787 7160
4918 9196
6528 5878
5942 4789
6257 1268
3734 5100
2272 7005
2426 7834
6293 4868
7511 1451
7013 4861
8606 6494
8017 193
7096 4076
1089 2005
3687 743
4371 2062
1320 4368
8900 6929
8701 4479
8951 3483
3012 7208
2074 7635
5018 1807
9637 353
5917 8457
4263 8330
5806 9164
5552 9263
4865 8683
9868 6704
6968 6179
2987 9376
4635 8708
8417 2667
776 3448
2466 6726
1327 4831
1832 7141
4444 5238
8547 464
6537 8256
7054 3404
1068 8841
2118 277
8602 5706
4660 3753
7461 6071
1217 1773
6557 2604
938 3889
3793 7486
8394 7947
5565 8767
4630 1634
7079 8249
1327 5649
25 4976
7826 2169
8235 2608
7353 7381
7341 9732
3850 6722
341 9191
2265 8775
2430 195
6005 2113
6505 2192
1272 528
1757 1934
7881 1364
5148 6603
3014 2782
9781 7739
7926 9809
632 9695
3340 1830
5038 9504
7493 7286
4295 1202
7218 8739
44 513
6607 9491
3777 4718
1014 5640
479 65
1025 5946
6596 8777
9735 7286
1518 6408
504 4277
3844 1214
3423 9339
5731 9443
7701 3733
9 192
1738 2015
3094 6484
5255 6458
3615 5681
5970 5830
157 2913
6973 1650
2651 3904
2043 9628
7993 1088
7430 5972
8280 5338
9153 5700
9772 9748
4121 4651
8768 2090
9211 5558
3291 8288
1823 1999
6877 5615
6292 5545
4920 6169
114 8777
7022 7368
8954 3488
2947 8286
1452 55
8537 1958
9056 3012
8142 889
5627 9659
8493 2054
4742 9540
28 6810
5472 1933
418 7053
3497 9671
6488 3618
5291 4146
1372 6359
8077 7489
1149 6546
790 3712
4938 3127
7972 3522
8261 9307
3711 3910
1404 9158
5290 8004
5026 9928
9092 1807
9704 5751
1514 9579
5466 9076
8762 1412
8370 5172
8476 5743
8064 2911
7449 579
8254 1732
8545 3702
7145 6269
5676 3017
3794 3757
8841 9635
9180 3585
4846 7369
9351 1853
9321 2720
5531 652
3836 5329
4136 2521
7807 2548
4657 2019
6862 5530
8326 7991
1392 4659
6718 7131
4291 4559
9555 9528
8930 3862
2914 751
2998 7893
4229 1024
6758 3919
4855 5696
6847 645
509 9106
7955 7070
6579 965
9657 5514
3638 6686
4383 9635
7082 3749
9485 4546
1690 2141
9831 5007
6791 3689
4567 9681
5510 7779
8540 3464
3703 909
6340 7319
7079 8486
6819 4983
1612 7767
2565 9109
9813 8553
3318 4519
8813 8555
81 1215
4913 9283
651 1879
3791 4112
3742 1181
2981 9510
4006 5492
7395 8054
73 196
3102 7986
1312 6683
5869 3538
4878 6412
4170 1937
7563 6957
3442 5369
2835 3744
9867 7545
902 9805
8800 3668
964 4851
3558 5139
4291 9344
8914 650
3850 9311
8317 3172
2495 1078
2556 3604
6489 3983
412 9304
7830 3827
4960 8545
1888 9207
4985 7270
500 7478
3587 8754
611 6559
4258 9045
6869 5068
1604 9665
1075 3701
4691 7170
8545 7157
4586 9958
7698 5873
3774 8609
2496 7189
4375 3289
5199 1750
4634 3343
9923 6399
4003 9668
7799 5632
9458 4347
7670 4336
6907 8954
3452 302
4060 8501
1222 2971
3197 3585
1805 740
4042 8762
7502 8209
4472 9455
7855 8192
7155 8761
55 8367
9066 7026
8498 6906
5798 5540
1336 7317
8317 1154
1914 6787
1834 8876
9753 4989
5340 9065
5001 7288
2322 6688
1567 6352
8760 7274
2647 935
4927 3477
9795 9538
302 5929
1471 1605
206 8370
6218 1441
3299 8594
5460 6706
6642 2972
6466 3769
5113 688
4927 566
1161 6003
9885 6446
9061 6297
2827 8466
1988 7776
7535 8748
1850 2178
936 1149
2354 1377
2309 1580
3461 1053
1240 4894
562 5762
7323 9727
9909 6850
6678 937
8097 4737
5913 9848
7844 4399
490 2635
6764 8101
4707 9618
4961 1161
4690 406
5218 603
3585 100
3215 7052
7618 5064
4777 680
1220 8944
4960 9826
1868 9761
7624 8867
7715 6212
945 6332
6290 6866
7707 5529
88 6528
9879 4418
6476 3981
3284 5300
9028 2901
8052 5973
3522 9521
5323 8818
7149 9056
4749 8161
3234 2239
2126 9253
3824 3805
2917 6727
6808 5521
2424 5097
2459 4409
4217 7972
5349 6290
285 2090
1253 6617
86 226
3034 8920
4322 7204
5192 8612
9107 998
8180 5655
778 5435
4465 2875
8946 3882
7251 7830
1215 2327
802 7202
9761 7330
1281 6658
1690 4759
671 7102
6356 8305
3938 2310
1011 3285
6167 3491
3559 1104
3164 2907
4405 8496
8531 2286
4444 8517
7304 3585
3578 710
5882 9841
5291 2689
5999 5700
3176 1150
7297 6762
8086 1596
9810 3963
9362 3471
3222 1443
8008 7324
7426 6074
5432 666
2247 2763
612 3605
4736 9431
9014 7261
5687 7616
9088 233
6978 4877
9970 7010
5535 5156
31 5837
990 7309
6966 9286
2971 8612
6563 6362
3179 1379
6325 710
4443 9880
161 3756
2181 4353
516 4460
637 4385
2102 2339
5956 5778
2017 2320
1364 9286
4643 214
3749 3121
5568 7224
6319 3511
9014 9902
9189 4117
5233 8848
