1492
3314 9628
51 6299
5916 9720
6999 8556
4705 8668
4178 5496
1787 8188
4547 7909
927 2887
6303 9479
6464 986
8377 7678
968 8064
9523 5681
7987 2672
5541 855
1152 3122
1165 8011
5710 7590
6045 8900
3582 8460
5317 7735
3831 1216
4316 2972
8341 867
9498 8668
6936 3377
2496 9317
2314 4028
5893 4068
2440 8100
6924 3013
7603 1305
5071 6363
7666 7658
5369 3966
3350 7401
677 7951
7157 6113
7574 4495
3171 8218
6330 5121
5030 6142
4409 6532
4215 6554
2609 4473
7054 5788
4549 4935
8975 6250
4948 8687
6726 1722
2260 5133
5785 1189
2005 3992
1412 28
2437 9189
8749 3642
992 9111
7591 2225
782 2949
5522 5466
7756 9450
9101 1702
1553 5618
127 3985
7469 8857
4285 8463
5514 1243
5661 6352
1408 4826
2954 9003
4980 5628
9960 4533
5959 9184
6609 3590
2529 1978
1212 5935
7953 6182
7966 147
2526 1798
8630 6821
1771 5328
6505 3178
69 7563
5804 6013
3778 3600
1877 6136
8299 4438
2181 7539
7566 4578
2663 7998
8244 661
6900 5440
5309 3874
1224 978
5948 3889
8437 4080
8783 7628
2639 1794
9847 989
6437 6779
1898 414
4456 5627
5990 6351
6307 6031
4829 7810
3583 1394
3877 8782
5153 7700
4128 7164
3774 7682
902 2675
6321 8038
6986 3049
3581 7617
9420 8546
4208 2785
7576 2536
8446 235
5892 5323
5930 6306
5933 1270
9424 3108
7029 8199
3669 3740
4307 2025
2722 4420
6979 5586
9281 7766
8171 5788
6647 1732
8637 41
4614 6147
9805 4722
4984 2742
8789 1401
9141 461
1955 8734
2694 934
816 2933
7163 6067
6953 4508
2362 7084
1194 8599
2361 3436
6763 5346
406 5230
2224 465
8241 2340
2510 4153
6511 4078
9888 9949
9308 7558
3054 2067
9237 932
5257 8470
7497 8474
2478 558
5636 9948
3894 5430
2801 1010
2974 6173
5051 6357
6136 1134
6713 267
1703 867
1181 3870
743 8042
1478 1869
5553 4627
5685 5764
4483 1208
1823 5395
854 7391
4363 9034
6305 5013
1928 2084
1815 3677
4480 9897
5938 4846
38 4189
6362 1015
2682 424
466 1839
9839 1925
3795 9972
5444 2091
8086 9639
2791 4447
5847 5127
5417 3721
3747 6377
8983 2697
8350 491
7706 6874
1542 2729
9027 8720
636 9391
7493 3729
4306 8513
6096 3447
6784 8982
1940 1584
2606 8680
1010 5334
1441 7163
5987 3165
976 8876
4189 4384
3750 2631
6428 8897
5215 162
16 7690
2125 8006
6484 5368
5106 6477
8661 4193
1442 7583
7399 3789
7040 3832
3068 9609
2817 2027
4404 5677
5746 9910
4375 5723
7292 4979
4770 562
4221 6985
5533 2844
2046 4050
5440 8185
3553 6393
3836 6160
6913 5072
8512 7810
5513 3638
1538 4933
4807 263
8438 8518
7966 4876
6630 3833
5251 5941
9315 442
6355 4949
5177 5638
1737 6045
1675 43
851 1437
2371 2787
8115 668
1409 7453
7559 7331
5792 4470
7955 9852
9323 2466
8554 467
7368 5095
5624 8703
5831 9448
876 4775
5832 3536
2884 6378
1738 338
341 4848
8123 5483
5032 8048
6358 396
8383 1901
7076 2788
5769 366
5192 9426
9860 717
9843 4033
4464 5655
9449 4740
4072 3597
4712 5776
3259 6982
8504 8523
9370 3393
7341 3773
3367 7862
6524 8678
5981 5452
6971 4197
2317 2015
7209 9351
9153 1747
574 6603
3865 978
2545 174
7786 3494
9229 5054
5685 4631
7824 1995
7730 2153
5452 6680
9530 4761
5941 1158
4568 5317
4504 3786
2074 4937
4198 879
4599 1381
7923 9416
4352 2371
8560 5765
2363 2201
9408 4120
4957 5295
6559 4986
1409 2408
4730 250
10001 2535
159 26
2580 8067
1271 8479
1973 2182
2104 8038
458 2321
799 4535
1317 1139
9489 5319
4141 7712
3716 3174
6099 2046
1872 9294
2838 40
8393 1763
392 5247
5622 2624
1688 7005
9034 5387
8330 2171
4346 1772
4571 7540
6413 9559
4358 640
6835 5603
5115 5789
1523 4332
5408 843
6948 23
7900 4031
8819 5630
6844 2485
7383 546
9597 7034
637 9736
9935 753
5984 6198
4607 4510
1604 5595
1688 7820
9260 5712
5774 3720
8837 2973
5170 3339
4343 4356
693 2765
3219 2365
4167 8938
5604 4162
5934 3003
8008 827
1351 2994
6959 5056
1689 4934
9007 9805
4111 6488
2443 9873
1889 9802
8112 2726
6412 777
1985 6337
1094 9958
2013 355
1152 9980
9444 162
7615 2866
7418 2057
6532 4428
6305 4848
4381 1675
8959 3562
2842 3835
5534 6598
1347 6896
4433 5006
9320 1765
3173 9266
9493 1654
9274 2542
9897 8052
2322 1699
125 490
4691 6036
1028 7407
7239 6016
1954 5627
965 1861
9394 2226
713 8167
8899 8381
1287 8618
977 9393
9405 6272
9819 9326
7736 4692
6507 8943
9446 4755
9978 5973
3370 8863
9829 9901
1625 8439
7520 4519
1100 373
8238 3526
7810 6864
7535 8250
7599 557
6541 5817
1726 9960
1912 2809
169 1921
3238 8909
6006 6446
8618 5659
9428 650
4855 7224
6859 9173
8423 2813
5782 7692
1523 3467
166 3859
8306 1704
6917 9276
8705 6034
7432 8194
4253 6644
6897 1523
2511 3235
5253 4219
3612 3336
2213 4182
5301 5329
6187 3782
9804 6601
1812 9074
530 6187
6073 3250
5060 5294
9426 4003
5145 855
4908 7941
9670 3104
2501 6513
7789 6510
4887 709
4997 1647
5969 4819
899 6351
9213 3708
5239 8148
467 5348
7743 1243
654 5593
4907 9347
7880 7550
3310 4941
6528 4707
3792 7001
948 4825
8 544
4652 7440
4518 5409
2672 1144
2087 4598
4951 7651
5215 2116
569 8169
7061 9197
9549 2534
2916 4948
5260 8481
5746 8360
5159 6557
7763 1136
7078 2767
765 6923
3138 2280
8602 8281
349 487
860 8749
791 811
8463 8745
8807 5341
5398 3071
156 9738
833 4904
7949 4604
5729 3673
1889 9726
3691 3494
2280 3098
6870 2425
8532 410
32 6882
2151 3715
4552 7922
4019 1
1481 8408
6575 7221
8892 6906
3615 201
500 4216
2322 954
7747 1828
5838 2435
1624 9478
1835 7655
5122 5697
6835 9924
4396 5305
1081 4875
4126 4126
3811 1764
8197 4726
5586 3465
5385 6804
3207 9112
1860 5131
1102 5997
2000 9281
9823 8340
4620 8200
9478 1849
2264 8508
9605 1633
850 4290
8826 2088
2484 4578
2255 1509
7556 8397
9015 8934
4319 3418
2380 7473
9475 7155
7484 8188
6992 1741
3021 7098
2471 7822
4746 8685
4276 617
5684 6093
5510 6899
4338 3507
9964 9336
25 2850
2321 9072
7102 7916
8199 2895
1684 9975
7030 7218
2362 5226
4050 8742
9845 181
2892 9324
4892 9298
9844 4270
5997 7275
7228 3412
4246 1848
6184 2656
6845 2360
8093 7221
685 5078
3662 6490
1911 9986
662 9906
9285 6511
7354 4692
9030 1734
3045 5137
941 5977
2286 3286
3634 4472
2572 8008
809 2310
9614 9580
5893 3243
3107 1141
5665 5371
9439 2167
6823 8457
7245 9186
1580 8012
6292 4901
8599 8829
646 6943
7063 8417
8432 1260
7310 9290
8236 4281
6969 8917
1925 7714
8113 8398
7854 5901
1756 8435
8453 2344
7265 7980
86 4150
4238 3725
9911 1641
1324 5349
4187 2196
2229 2697
9180 4064
1452 2194
9212 46
8743 8984
4567 7668
8045 4403
4088 3296
649 8757
6319 3165
5290 1959
8910 3803
2354 7288
3605 9609
6742 2362
6312 8489
8529 8265
1284 6706
1718 5997
9091 1729
2591 6690
189 5401
5373 7287
1015 9316
1939 4478
3697 6101
4856 4853
7215 8165
5036 2927
4842 6163
8377 1938
3169 2539
1800 9421
7998 3074
2211 900
8796 4193
4945 1741
9286 5924
8744 5419
5277 5064
2570 9268
8741 6503
8683 1475
7183 8489
8666 3023
8258 6542
3200 7125
2094 3004
9495 6433
7769 8363
5633 7448
7050 8625
8012 5304
9665 3875
2430 2279
4392 359
5362 861
6320 2896
8035 6079
633 6662
7716 5835
8146 8335
6875 207
1059 5921
2551 9368
3010 1280
9264 5230
1845 5090
2112 3405
5478 769
9745 8636
897 9000
4402 5130
8926 5338
9035 4616
6360 1724
6245 8173
5569 7327
1489 8275
161 159
6327 8760
7949 3402
8014 5913
8405 1251
9247 1957
9722 5276
2590 4286
4577 8943
969 7691
3044 9503
6992 6319
2304 9953
6195 6695
3306 2017
460 3623
9338 6480
9573 4296
9234 5754
3260 9077
5129 6454
313 3649
6340 7726
495 6606
4902 5233
5663 8718
642 8513
3653 1512
2363 5953
3157 2402
5902 8145
6760 4223
5535 5547
7087 2720
4918 118
5214 6445
5803 7088
5930 5050
3938 8138
4473 2708
8949 4247
3152 1679
387 2279
5655 2535
5616 5024
2872 4535
5116 8143
589 1201
6791 1920
9840 7817
3725 2199
2621 3010
1750 3957
840 6009
171 6052
4306 7312
530 708
8999 3108
3190 2798
1676 4425
4371 9077
3373 5328
990 2790
7734 8582
7481 2351
8644 2070
7879 5463
4671 3798
1955 9813
8107 4894
9453 7659
7781 7054
1036 2998
6406 8309
9480 5287
9924 547
7857 9147
6486 1070
5216 9364
4736 160
5691 2083
6433 1294
699 4329
4637 8303
5977 3761
2893 5192
8378 797
9216 9556
9517 4552
5819 9069
4651 8980
1104 7937
2496 7787
5101 7005
3107 5194
3370 4015
7245 793
4869 9764
6959 7646
9858 2609
1350 6661
1397 928
3429 8302
7909 5376
5417 829
1842 3661
1001 5841
3621 1622
8404 5633
4554 8946
6868 3215
5500 3351
9145 5906
7978 7325
3168 3318
1110 1565
4373 700
8573 5973
3521 8769
6085 5359
4859 4903
8955 7914
1289 2288
4481 2083
6888 3550
4238 2335
3643 7333
9491 9407
3698 444
5298 3509
4498 6346
1114 7711
8044 6194
1265 5336
5168 5699
8988 5230
2787 7825
2267 2163
5605 1730
6411 9779
9476 5439
7627 4539
8478 7037
3157 6272
3956 155
2784 128
7352 2417
2311 3541
1781 4528
9219 7597
8284 8546
5368 3589
7677 6100
7744 8728
7059 8137
9669 9660
5892 6064
7604 7025
8589 5143
9861 9284
9263 6387
6063 8827
7689 4643
6116 8953
1272 3762
5062 6645
527 8142
5075 4025
9792 5316
7175 5198
1506 1882
8670 1999
5974 1990
1275 4662
4071 1690
4554 931
6850 4762
5327 4971
2498 1058
4389 5296
1882 2244
2807 995
7304 8338
9168 4133
6812 3851
5157 1015
5707 7077
2148 2223
1215 9394
9916 9344
2146 580
4492 7086
2997 2539
4902 9106
2280 502
9889 8187
2469 9239
9769 7263
5521 7580
4504 5437
6940 6557
8890 1897
3892 5911
9159 4418
7247 6222
9404 3544
6295 9456
2003 4621
7643 9442
7576 1358
197 5840
4198 1298
4169 8833
8287 5565
5883 54
8515 3770
9935 4353
7166 8872
7711 2866
1888 5877
5524 8433
460 4894
9023 6298
1593 7978
885 7172
4370 3513
6578 5476
4105 3455
4740 2735
3324 9776
2730 3453
6867 6797
2145 1215
9062 4465
9097 7336
182 3758
9024 339
2006 6746
8023 6619
5392 4757
5757 4885
2932 8860
8790 5963
6590 1428
9472 9938
1902 7026
7157 9339
9179 4477
2584 776
4915 9593
7104 6120
3522 4951
6139 6313
5694 9688
3660 6698
1852 42
3530 5612
4642 5527
8869 8562
2641 5244
3555 3451
1369 3488
716 1358
2101 1918
2632 8731
8804 4815
2076 773
9465 4984
7002 5387
1761 7032
2370 8451
2851 3258
8504 9164
6614 3406
1331 4402
700 3122
8327 2837
1262 8394
6245 952
8247 9553
5603 4395
2395 550
577 9242
5221 6632
9170 2791
6504 6181
4529 9599
9771 2611
1255 5584
458 9518
6744 7996
107 4878
721 3759
1934 920
9972 6161
9929 3961
5679 7502
1195 2956
1089 1596
4200 5498
5456 1215
4620 3588
3341 3988
1619 8074
7277 297
3657 7505
3286 442
2805 5768
8474 8775
9659 5374
8975 2951
6937 4669
9930 7233
9521 9483
891 7339
2519 7781
9440 5051
2659 9576
4883 7641
4523 3163
634 2257
3240 4070
1074 7950
4669 1864
4687 3212
4671 8108
7116 8719
972 7519
1598 9310
3047 2233
7865 1552
1294 2986
1628 5338
8890 5516
4373 9882
5131 5890
8542 4940
857 6596
271 3051
801 6640
2936 9436
2038 2739
717 5093
2340 7521
5189 2341
9877 6760
7590 5196
7909 5436
9712 4226
3024 5095
7996 1035
1347 3566
7618 598
159 1147
6450 2703
3606 3593
9651 5082
1543 1558
6901 4940
8886 7153
6571 7507
3961 1681
9676 6742
6727 2694
1251 4113
7274 2392
7981 5736
517 197
3338 6031
9174 3239
5889 8495
8221 25
2007 5471
4554 3687
2095 1525
6208 3575
3877 7038
68 9236
7981 3306
1866 151
2984 4237
5711 6155
1128 5850
4810 3519
6152 4859
2587 9813
9852 7894
7506 6487
735 952
2351 7352
1806 8699
5839 3322
2459 9110
239 6894
2248 1322
5723 3067
7700 6172
1767 9159
2370 5823
3487 6091
5092 6477
4035 4198
5785 2902
1346 4528
4390 5375
6180 4908
5540 5769
7490 4696
1463 6225
7012 5352
3897 90
973 9734
4334 6595
5 6646
2685 9300
9511 581
9894 2867
650 9984
6035 3077
5833 3704
1008 2299
8006 6196
9475 42
985 8344
6195 8203
3706 540
4154 4686
3943 7546
5230 5427
4020 9194
2284 7350
5492 6173
7805 9638
6491 1867
936 2552
7125 5066
4293 4813
221 4086
2063 1277
327 7169
3730 3165
9806 3956
3695 6958
8721 3512
3468 2404
9825 2868
9014 7758
3501 1951
752 2369
3443 6973
7276 3068
3057 9046
5640 2504
5751 5677
9584 7087
930 7240
9140 2632
2146 2521
7386 1441
9033 3469
66 1682
5204 9329
4460 2665
5425 4632
3034 3668
9962 2057
5882 2724
7008 2259
9944 3223
8724 8788
1978 5497
5305 2668
556 1451
4123 8537
4632 5483
3309 1011
1331 5307
3502 2751
9953 5299
9401 5292
2540 7483
9424 8431
8073 2034
531 1262
698 1891
7153 2821
3272 7107
8304 8291
7908 6791
7151 759
5714 6488
2900 6533
3717 8996
5375 9489
4058 6676
9423 2527
9129 5424
8218 5475
5652 8929
4862 9271
2779 1046
688 1759
8585 6026
8023 6941
5807 8683
6871 2066
6394 3367
8559 2752
1109 2749
5969 3255
345 1314
5032 2846
7457 45
7941 8938
7654 6507
6942 5982
4545 8694
6953 3689
5467 2801
8348 8920
2452 1394
2487 5910
8035 9499
4295 3371
6781 9067
1781 906
433 4977
4378 5657
2523 7909
8836 8060
1555 4080
2861 5066
6961 1834
4353 5784
8386 8980
7367 3225
137 7286
2976 5974
2283 5551
9879 3003
9302 7341
5853 9036
2079 8032
6805 3176
2379 7734
8775 956
8422 6770
3842 1010
3778 3914
7817 9776
7397 4293
9766 2503
7166 7513
9646 2486
7166 8008
7049 9905
233 1250
8389 9676
8805 793
3558 5500
7260 8150
8383 6250
3160 9737
4491 2603
4305 2158
7801 50
7044 1586
1638 5984
5086 245
4318 301
1408 3917
9687 3387
4588 4894
3895 3342
4573 3052
1990 4528
4997 809
7953 3327
9389 7195
4698 8826
4303 6110
2864 2756
860 4108
6182 6218
3773 2172
9509 7705
6492 4629
4093 9089
9099 6041
4127 1350
218 8363
6574 7561
8922 6813
1174 773
4030 4278
7994 4026
3371 6090
8878 4620
6797 4112
7660 7236
2127 375
7634 6928
6937 7918
2988 1256
9243 8693
9435 1837
4922 3607
5741 3222
955 3853
28 7999
1088 271
8033 7757
6539 8432
6528 5309
1195 2685
6421 9305
4579 3896
8453 695
4893 2976
41 175
3284 1348
3147 6809
1615 8310
9965 6543
7811 9420
7296 4436
6248 3245
7887 4999
1306 464
5738 9115
6190 7107
2760 9245
2057 764
2110 8159
4231 7372
5569 5751
3268 8918
162 8979
1895 7854
4710 5390
6374 1518
5873 2166
9586 4974
7161 6541
2158 7558
8790 7686
2626 9194
8701 8575
2457 3530
7876 3054
5800 9068
2235 5115
3400 4921
5136 6729
7787 2674
9939 8746
6935 1616
7852 1546
4264 6362
3027 5813
7783 4569
6526 213
5624 9481
591 4638
7935 9900
5628 4048
1136 2300
918 1664
7389 3518
7206 11
1920 303
4350 1453
5712 6247
7902 1972
4611 9787
8045 3160
2223 2827
3967 453
7970 7761
6528 7443
1589 3987
1785 9398
2727 8536
1933 8412
7572 9838
3338 6958
3448 1121
122 8265
6347 6944
7577 6079
6655 8646
3416 1003
2821 8423
340 7709
7807 8479
3949 7113
9898 1533
3540 524
9036 2602
4524 4026
6574 9566
9017 1964
3788 7328
5527 1482
656 6964
189 5555
9932 8770
6369 3434
5830 236
1356 9102
8907 1568
2416 1637
6933 8792
1539 6181
5358 2191
5773 9676
2239 3567
5714 4339
8502 6413
4077 5940
2610 6760
9893 4789
3500 1478
5993 5259
1907 862
1167 6947
5741 829
1892 8416
5160 9575
7787 4256
6205 5618
7114 2857
8135 671
6914 4764
8975 4600
6241 798
7985 9128
4038 3774
3099 6426
7150 2244
7752 8005
5701 1798
8596 6102
382 2005
9000 5158
177 5530
9640 4224
202 5764
5327 4855
705 8026
537 1596
6814 8305
3199 9946
217 4518
4868 1474
7369 8915
9602 8728
81 3803
886 7645
6225 6433
3474 6677
7207 3214
824 840
7341 4626
604 4533
8302 1679
3791 6265
1273 728
1313 425
5737 9918
8000 1321
1067 6473
7669 8478
1966 5162
3182 9724
8275 1101
2776 6958
2016 4323
2512 1345
4862 3846
2434 3947
1127 2160
6178 9998
6599 32
8262 9218
1813 9622
6605 1487
6602 7315
5691 7075
8909 515
9859 5353
839 3376
1899 8715
6759 54
9120 6206
7536 9697
