4254
1 5899
1 2680
1 414
1 4119
1 2363
1 1592
1 3621
1 2995
1 4044
1 91
1 2010
1 5421
1 2657
1 9536
1 2623
1 5095
1 1365
1 1617
1 1630
1 2022
1 5714
1 7026
1 916
1 6544
1 7026
1 1475
1 7320
1 5006
1 4196
1 8596
1 4503
1 2503
1 1683
1 3630
1 9440
1 5485
1 844
1 1530
1 2475
1 9741
1 533
1 7985
1 7734
1 65
1 7596
1 2842
1 7348
1 5672
1 8932
1 3650
1 5862
1 966
1 3487
1 8064
1 3664
1 7991
1 9440
1 9636
1 5325
1 9013
1 568
1 7245
1 696
1 6149
1 3552
1 8098
1 4471
1 4960
1 1047
1 3377
1 2907
1 9214
1 3274
1 4448
1 93
1 2918
1 2732
1 4528
1 8586
1 6909
1 1697
1 5436
1 1779
1 1181
1 6536
1 5864
1 5878
1 5169
1 7163
1 9907
1 6782
1 692
1 6918
1 4068
1 5552
1 4822
1 4721
1 1135
1 7822
1 6564
1 9838
1 9932
1 9887
1 3811
1 3228
1 8151
1 2316
1 3867
1 1091
1 3367
1 4329
1 2399
1 3331
1 9202
1 1836
1 3549
1 5310
1 8198
1 8279
1 2489
1 5036
1 5055
1 3275
1 5824
1 3615
1 6024
1 3122
1 9748
1 9257
1 3920
1 4343
1 9877
1 7321
1 4576
1 622
1 5859
1 9229
1 8146
1 3606
1 3562
1 8567
1 5215
1 1314
1 746
1 6304
1 7897
1 8340
1 4887
1 1416
1 8893
1 1943
1 8906
1 9787
1 7847
1 1626
1 439
1 7636
1 9207
1 824
1 9030
1 7919
1 3812
1 2316
1 1751
1 3645
1 2395
1 848
1 6619
1 4593
1 1810
1 7128
1 309
1 5717
1 9968
1 4559
1 6137
1 5648
1 5763
1 4612
1 7230
1 4668
1 5913
1 2850
1 4871
1 3674
1 3510
1 8925
1 4792
1 1396
1 3230
1 974
1 2315
1 5076
1 7941
1 9084
1 5200
1 6951
1 2754
1 345
1 6531
1 6610
1 9091
1 1738
1 4389
1 9550
1 786
1 7569
1 6380
1 4198
1 6044
1 7812
1 2788
1 9785
1 8272
1 301
1 9705
1 4144
1 2910
1 2733
1 2751
1 9321
1 6041
1 5004
1 7787
1 6790
1 4247
1 6688
1 9154
1 3773
1 3692
1 6787
1 9279
1 3341
1 2007
1 5375
1 3064
1 8433
1 1135
1 7201
1 993
1 10000
1 866
1 5327
1 2835
1 3883
1 5517
1 4292
1 7127
1 5890
1 4616
1 3584
1 9687
1 1475
1 4164
1 9951
1 5499
1 9853
1 6612
1 113
1 3546
1 5767
1 667
1 6329
1 1428
1 9004
1 7579
1 8598
1 2368
1 1586
1 3593
1 3778
1 79
1 4908
1 3777
1 9373
1 8391
1 5256
1 6070
1 4117
1 8111
1 1378
1 7102
1 7063
1 5940
1 44
1 1032
1 1887
1 2774
1 4042
1 2820
1 8759
1 6796
1 5100
1 4462
1 9164
1 7594
1 3
1 9781
1 2153
1 6288
1 4490
1 8248
1 9697
1 3607
1 4900
1 2247
1 6284
1 2571
1 5278
1 3529
1 4197
1 6696
1 7349
1 1459
1 1073
1 6440
1 8999
1 2111
1 5707
1 8129
1 8612
1 3830
1 1689
1 9201
1 8145
1 729
1 1154
1 3294
1 4946
1 6306
1 2132
1 6247
1 2318
1 933
1 9475
1 5330
1 5376
1 8174
1 6704
1 9490
1 7905
1 3803
1 3729
1 6840
1 5065
1 3886
1 9379
1 1493
1 2939
1 1352
1 8575
1 989
1 5397
1 8719
1 9410
1 257
1 6634
1 5254
1 1022
1 9530
1 336
1 8098
1 3590
1 1850
1 5117
1 614
1 8
1 6087
1 8212
1 4701
1 4511
1 8760
1 3994
1 7541
1 1042
1 8876
1 4494
1 6883
1 6244
1 1829
1 1266
1 929
1 2147
1 4402
1 7325
1 6006
1 2165
1 3
1 2875
1 2638
1 503
1 3854
1 2130
1 5875
1 8495
1 2515
1 7334
1 1129
1 8833
1 5545
1 3251
1 3747
1 5784
1 4618
1 2614
1 5931
1 6163
1 7526
1 9821
1 5375
1 1346
1 2116
1 5836
1 5343
1 5831
1 4754
1 9945
1 366
1 7770
1 5876
1 9053
1 5256
1 8542
1 9140
1 3698
1 4154
1 3181
1 146
1 4804
1 4857
1 7638
1 3515
1 2931
1 7216
1 5168
1 2212
1 1710
1 1041
1 9450
1 3985
1 6405
1 6854
1 7294
1 7385
1 821
1 9855
1 2804
1 986
1 2940
1 1976
1 5375
1 7527
1 9955
1 4104
1 60
1 8773
1 5221
1 8945
1 781
1 5022
1 2280
1 796
1 1053
1 4678
1 9464
1 839
1 1077
1 7895
1 1500
1 8341
1 6286
1 2103
1 9364
1 500
1 4717
1 4452
1 732
1 7702
1 7436
1 5953
1 4146
1 8406
1 9650
1 7917
1 9933
1 9370
1 4875
1 7588
1 5771
1 320
1 2284
1 8472
1 2348
1 5555
1 5251
1 5488
1 284
1 6208
1 9851
1 9999
1 254
1 1702
1 8351
1 6819
1 4976
1 1401
1 4652
1 3359
1 5494
1 2056
1 1651
1 2255
1 2093
1 6081
1 191
1 4472
1 7182
1 2036
1 3140
1 969
1 5860
1 5826
1 2548
1 4488
1 1129
1 4076
1 9081
1 8210
1 4486
1 5
1 5576
1 9671
1 164
1 4227
1 6537
1 2794
1 6130
1 7904
1 2769
1 8973
1 7813
1 3885
1 9867
1 6835
1 5683
1 7582
1 6523
1 8462
1 9458
1 7775
1 4539
1 3252
1 611
1 6889
1 8535
1 1063
1 1353
1 7689
1 2120
1 8090
1 3473
1 614
1 456
1 4917
1 482
1 5346
1 4609
1 7363
1 4679
1 9773
1 5527
1 9387
1 4827
1 8982
1 998
1 1643
1 9020
1 83
1 9319
1 4048
1 9681
1 5518
1 5504
1 5960
1 4595
1 4186
1 8661
1 9607
1 5199
1 5003
1 658
1 4803
1 1008
1 4958
1 957
1 9987
1 4187
1 1354
1 8250
1 8802
1 4130
1 9552
1 1950
1 8285
1 8036
1 723
1 1394
1 9219
1 5422
1 1934
1 7039
1 8813
1 6297
1 9228
1 952
1 3768
1 2116
1 4556
1 1772
1 1925
1 9997
1 7201
1 4689
1 4071
1 9111
1 2270
1 6658
1 217
1 6752
1 5349
1 4134
1 3478
1 7713
1 873
1 8385
1 4941
1 4863
1 6537
1 6096
1 7156
1 3537
1 5555
1 4523
1 2789
1 6919
1 4976
1 9577
1 6974
1 920
1 3710
1 4861
1 7762
1 7174
1 1384
1 1213
1 9918
1 5093
1 3422
1 4681
1 6996
1 4127
1 4803
1 5064
1 3561
1 9641
1 9734
1 315
1 4738
1 5079
1 6455
1 7681
1 6414
1 2768
1 381
1 3954
1 4848
1 8978
1 8397
1 5174
1 7534
1 7698
1 219
1 1894
1 5268
1 5490
1 9568
1 5491
1 6287
1 5552
1 30
1 7419
1 4181
1 1965
1 7400
1 125
1 1483
1 3421
1 4934
1 6363
1 7451
1 620
1 6911
1 6843
1 6778
1 6827
1 8400
1 482
1 5668
1 6073
1 9413
1 9811
1 5548
1 5446
1 9961
1 191
1 1856
1 7560
1 4874
1 5656
1 6002
1 5538
1 6446
1 8433
1 1198
1 8261
1 1012
1 4665
1 307
1 3751
1 3577
1 9551
1 4210
1 1548
1 7609
1 6105
1 5721
1 4235
1 7082
1 4739
1 3873
1 489
1 8048
1 1487
1 1916
1 6742
1 2511
1 6455
1 4815
1 1114
1 4640
1 8181
1 3540
1 6280
1 2445
1 7004
1 9272
1 349
1 8971
1 6719
1 5719
1 4573
1 9669
1 889
1 845
1 4666
1 9939
1 1549
1 9252
1 6614
1 5436
1 9692
1 2056
1 7620
1 6744
1 1376
1 7774
1 3097
1 4589
1 5011
1 1056
1 6601
1 1725
1 1946
1 5436
1 1843
1 1952
1 7903
1 2618
1 6564
1 9647
1 2988
1 531
1 7864
1 3101
1 1702
1 9366
1 8758
1 5454
1 5194
1 8955
1 3802
1 6668
1 8487
1 4322
1 810
1 2327
1 360
1 3039
1 7770
1 6701
1 1780
1 6124
1 4328
1 3785
1 2340
1 1388
1 6726
1 9703
1 9793
1 3077
1 6440
1 4136
1 6986
1 4097
1 8149
1 8228
1 3486
1 971
1 1597
1 8987
1 5576
1 9882
1 4447
1 2283
1 8758
1 5098
1 56
1 5461
1 6222
1 2401
1 6912
1 800
1 3189
1 6406
1 7720
1 9742
1 8292
1 9283
1 2163
1 4855
1 7226
1 8838
1 3603
1 1757
1 1903
1 2061
1 9023
1 3944
1 2880
1 5961
1 6090
1 8485
1 6376
1 9892
1 6168
1 3376
1 7254
1 8753
1 9302
1 5286
1 3302
1 2116
1 8653
1 6884
1 214
1 6597
1 5426
1 9182
1 9131
1 3151
1 4879
1 433
1 240
1 6020
1 9603
1 9535
1 364
1 7051
1 2360
1 5261
1 9422
1 9237
1 1059
1 7246
1 5260
1 9452
1 4637
1 2103
1 8689
1 4449
1 8266
1 5629
1 3524
1 2172
1 6670
1 4622
1 5524
1 5599
1 7032
1 1479
1 7868
1 862
1 9225
1 3274
1 7407
1 4759
1 1118
1 348
1 9198
1 897
1 2732
1 4376
1 3734
1 5371
1 1631
1 9697
1 4498
1 4080
1 3477
1 8261
1 7617
1 3014
1 2306
1 2400
1 5317
1 6367
1 9998
1 1250
1 9029
1 9043
1 3371
1 1025
1 1839
1 1269
1 1173
1 4406
1 3983
1 5582
1 237
1 2574
1 361
1 8237
1 9894
1 8873
1 737
1 1995
1 601
1 3270
1 1884
1 9674
1 9902
1 4077
1 2923
1 5050
1 538
1 2056
1 47
1 3072
1 1837
1 7149
1 7754
1 6179
1 5317
1 4142
1 7948
1 131
1 3531
1 2631
1 8430
1 8793
1 2462
1 2996
1 5615
1 9824
1 9448
1 1194
1 4146
1 8943
1 1527
1 8822
1 3732
1 7375
1 9748
1 1668
1 1182
1 7889
1 2568
1 9279
1 5057
1 9447
1 9
1 1810
1 5496
1 8862
1 7956
1 7704
1 6745
1 4611
1 2102
1 9909
1 7197
1 6174
1 7265
1 6989
1 2076
1 5560
1 8999
1 325
1 3122
1 6209
1 1338
1 8034
1 7486
1 5329
1 2292
1 8967
1 9110
1 4522
1 5838
1 5033
1 2514
1 5138
1 3440
1 5071
1 9635
1 2628
1 1161
1 6525
1 7910
1 3247
1 5807
1 8169
1 502
1 8784
1 5495
1 8534
1 1854
1 5126
1 1237
1 900
1 6233
1 8474
1 3260
1 270
1 1096
1 2042
1 8741
1 945
1 9557
1 6935
1 1631
1 2960
1 280
1 4149
1 7942
1 9345
1 7496
1 9157
1 6168
1 7150
1 3667
1 3828
1 3977
1 2302
1 5090
1 8882
1 2406
1 7041
1 3198
1 4095
1 586
1 1647
1 1878
1 8641
1 8833
1 8236
1 698
1 759
1 2027
1 2121
1 2253
1 8833
1 8376
1 4873
1 2167
1 5448
1 8378
1 1055
1 2152
1 3418
1 5014
1 5607
1 3133
1 7916
1 7038
1 9235
1 3164
1 7528
1 9420
1 5586
1 5365
1 5856
1 9794
1 670
1 4614
1 5306
1 7667
1 1471
1 3289
1 2830
1 6433
1 1397
1 5386
1 4261
1 8133
1 8598
1 1625
1 2389
1 1689
1 503
1 6184
1 3245
1 6757
1 8847
1 9687
1 5839
1 4669
1 2658
1 3128
1 7256
1 5258
1 3081
1 9253
1 2674
1 3337
1 3617
1 8959
1 7455
1 1824
1 9704
1 2172
1 2790
1 409
1 265
1 1118
1 8707
1 9491
1 8844
1 8113
1 1381
1 424
1 1784
1 9246
1 2346
1 7874
1 5513
1 8029
1 6390
1 8352
1 9133
1 9051
1 8059
1 8720
1 3922
1 4830
1 6151
1 3565
1 6653
1 3871
1 8872
1 1200
1 7492
1 9650
1 7784
1 9684
1 4462
1 7572
1 2544
1 6329
1 8537
1 3996
1 7756
1 8271
1 5531
1 6869
1 777
1 2898
1 3106
1 2684
1 1428
1 9487
1 4652
1 405
1 845
1 907
1 3013
1 7425
1 8275
1 4139
1 1056
1 5732
1 3187
1 479
1 8592
1 2992
1 4837
1 9073
1 1862
1 175
1 9712
1 4182
1 5698
1 1072
1 1277
1 6790
1 9126
1 1416
1 327
1 9392
1 952
1 6793
1 1515
1 6879
1 3583
1 4088
1 8590
1 2053
1 850
1 7315
1 3088
1 8420
1 3557
1 1754
1 8226
1 9535
1 6592
1 6026
1 8752
1 5092
1 3765
1 1663
1 2996
1 2633
1 8191
1 4595
1 4337
1 5262
1 877
1 3551
1 6975
1 6895
1 5573
1 7909
1 4304
1 8141
1 6053
1 223
1 4640
1 9471
1 4666
1 676
1 6179
1 4488
1 5249
1 6524
1 3475
1 3527
1 7069
1 7539
1 9740
1 5665
1 8499
1 865
1 8307
1 6313
1 3332
1 2903
1 749
1 6196
1 1880
1 6118
1 5539
1 8324
1 78
1 6789
1 2675
1 5191
1 8528
1 831
1 1828
1 6217
1 673
1 9811
1 1135
1 7087
1 4283
1 3008
1 9304
1 6004
1 29
1 3174
1 4588
1 1127
1 3755
1 3342
1 5021
1 5592
1 1926
1 4046
1 207
1 5858
1 9537
1 9772
1 6123
1 3874
1 5444
1 7109
1 7967
1 577
1 2171
1 9509
1 7588
1 7805
1 2202
1 7852
1 5265
1 7789
1 7736
1 3337
1 5168
1 3733
1 469
1 7015
1 4629
1 4374
1 3872
1 2747
1 3967
1 1399
1 8694
1 8218
1 8000
1 4570
1 6076
1 8359
1 8915
1 3395
1 964
1 5166
1 6401
1 9009
1 6416
1 1529
1 8082
1 619
1 2410
1 8089
1 4686
1 1916
1 7048
1 6530
1 7659
1 4253
1 5394
1 3798
1 7412
1 8142
1 5760
1 8332
1 8885
1 834
1 6309
1 7613
1 4554
1 1090
1 6159
1 9957
1 2059
1 437
1 3690
1 6366
1 4564
1 2651
1 5057
1 5683
1 3609
1 3617
1 5417
1 7971
1 6049
1 2553
1 4870
1 3068
1 969
1 779
1 9887
1 9912
1 4951
1 3030
1 8561
1 6122
1 7315
1 2750
1 2865
1 6184
1 5837
1 700
1 5984
1 3030
1 7743
1 9368
1 4990
1 7381
1 997
1 2732
1 995
1 5750
1 9893
1 8258
1 8369
1 7514
1 8815
1 9234
1 6165
1 9034
1 3373
1 3312
1 9438
1 4142
1 6146
1 3817
1 1070
1 8273
1 1670
1 9744
1 1489
1 6918
1 2473
1 7651
1 8956
1 700
1 4700
1 4435
1 2146
1 7857
1 1909
1 9611
1 7023
1 2063
1 1327
1 5631
1 7000
1 4729
1 818
1 9252
1 697
1 3935
1 2760
1 9614
1 4234
1 9183
1 8733
1 2784
1 6216
1 6951
1 5378
1 7957
1 841
1 629
1 3562
1 4767
1 5252
1 6884
1 2377
1 6334
1 1015
1 2631
1 1473
1 6569
1 568
1 3242
1 6782
1 801
1 34
1 6828
1 4822
1 6211
1 9135
1 9968
1 7400
1 8268
1 6666
1 163
1 65
1 2729
1 8595
1 1014
1 4751
1 3935
1 2888
1 6849
1 5246
1 9232
1 682
1 1429
1 6388
1 1929
1 6127
1 1617
1 5076
1 5162
1 8943
1 8218
1 4027
1 3330
1 8410
1 7790
1 1202
1 5644
1 9626
1 5416
1 6363
1 440
1 5083
1 2955
1 9609
1 4676
1 7648
1 3992
1 3448
1 9109
1 3150
1 1320
1 4570
1 7933
1 8606
1 4947
1 7094
1 5186
1 698
1 7751
1 5521
1 4861
1 2950
1 8874
1 7584
1 2966
1 5343
1 3750
1 8234
1 1235
1 8692
1 313
1 6462
1 4466
1 9823
1 8821
1 9620
1 6992
1 6834
1 1325
1 2227
1 4534
1 8157
1 741
1 7569
1 3142
1 4225
1 3227
1 7385
1 4905
1 153
1 3007
1 3301
1 9084
1 6966
1 1995
1 7030
1 5299
1 4556
1 7698
1 5528
1 5103
1 8481
1 5064
1 7454
1 1420
1 3973
1 8639
1 7005
1 2485
1 3615
1 4936
1 6390
1 3738
1 3160
1 8333
1 4723
1 6238
1 9482
1 3556
1 4231
1 6794
1 9184
1 7280
1 5606
1 9189
1 4260
1 2665
1 8461
1 7315
1 1217
1 4330
1 5571
1 2175
1 8493
1 2662
1 7684
1 7823
1 9835
1 6342
1 8838
1 6772
1 2419
1 6525
1 5917
1 6717
1 5736
1 6526
1 2321
1 5816
1 7036
1 2615
1 4366
1 4255
1 6625
1 9964
1 5583
1 5056
1 851
1 1976
1 6423
1 2604
1 2106
1 2975
1 4221
1 5318
1 5570
1 8909
1 3737
1 7179
1 2794
1 9287
1 7844
1 8214
1 6785
1 1197
1 9215
1 6674
1 9499
1 4300
1 232
1 5535
1 3863
1 6317
1 632
1 6367
1 7853
1 2747
1 2520
1 7741
1 1045
1 4083
1 5431
1 7617
1 3298
1 1153
1 4274
1 839
1 7548
1 4031
1 458
1 7800
1 6150
1 7906
1 9571
1 7781
1 3515
1 6595
1 422
1 5366
1 2878
1 4451
1 6480
1 9867
1 8552
1 1720
1 4298
1 9888
1 6672
1 8734
1 5266
1 8496
1 4930
1 5921
1 6601
1 245
1 4509
1 6540
1 6408
1 5280
1 1797
1 1853
1 3757
1 7453
1 8810
1 9692
1 760
1 7320
1 2131
1 5660
1 458
1 853
1 4165
1 850
1 2877
1 2418
1 8458
1 794
1 2754
1 7308
1 1656
1 5562
1 6091
1 2848
1 2283
1 8299
1 4625
1 9809
1 8918
1 9417
1 8352
1 3020
1 2543
1 1762
1 1699
1 7252
1 666
1 7614
1 4726
1 5859
1 1522
1 8256
1 6389
1 3095
1 1416
1 7110
1 4044
1 7620
1 8110
1 3772
1 7326
1 7209
1 1839
1 1608
1 7388
1 6924
1 70
1 9720
1 7001
1 5092
1 5030
1 4795
1 499
1 6969
1 5181
1 2206
1 30
1 4398
1 2727
1 3162
1 8959
1 1794
1 6876
1 6382
1 5680
1 7240
1 3630
1 2200
1 5005
1 7528
1 6774
1 9209
1 3726
1 6790
1 3896
1 8340
1 2934
1 5614
1 2216
1 2097
1 1046
1 716
1 4398
1 4407
1 6891
1 3522
1 1887
1 4376
1 8493
1 8281
1 3610
1 3562
1 4425
1 7886
1 6858
1 6099
1 8871
1 3994
1 4749
1 6620
1 5824
1 8316
1 5318
1 3601
1 8757
1 987
1 1596
1 8916
1 9712
1 5679
1 231
1 9627
1 4331
1 8887
1 540
1 9615
1 1098
1 2029
1 5301
1 8300
1 1529
1 410
1 1101
1 4962
1 485
1 2007
1 5563
1 2061
1 5702
1 7464
1 3518
1 4622
1 6195
1 4224
1 8939
1 7419
1 3717
1 9180
1 3188
1 783
1 538
1 8829
1 9335
1 2929
1 3648
1 6855
1 1013
1 7933
1 746
1 1538
1 1465
1 5356
1 164
1 5626
1 7428
1 1817
1 2023
1 6666
1 9616
1 1585
1 6366
1 9434
1 6118
1 7356
1 9462
1 7474
1 5729
1 4612
1 261
1 3161
1 4197
1 9868
1 7568
1 8263
1 1162
1 9878
1 2069
1 1756
1 6905
1 5826
1 5969
1 9547
1 9506
1 5640
1 780
1 431
1 3253
1 7435
1 2748
1 2162
1 8855
1 6013
1 8746
1 4764
1 9235
1 2727
1 73
1 2836
1 2266
1 320
1 802
1 8424
1 3981
1 186
1 8602
1 1061
1 7519
1 4981
1 3886
1 4260
1 1406
1 9687
1 442
1 4530
1 3308
1 2292
1 9914
1 3865
1 2002
1 5025
1 7710
1 2248
1 2495
1 3758
1 1075
1 5151
1 3263
1 6285
1 1971
1 407
1 39
1 9216
1 4046
1 707
1 7055
1 1544
1 2259
1 4850
1 3876
1 3649
1 1012
1 2404
1 6785
1 4100
1 8888
1 2988
1 73
1 6230
1 6439
1 7019
1 6492
1 1857
1 5140
1 9674
1 5436
1 3608
1 6444
1 636
1 4266
1 6811
1 403
1 5506
1 2866
1 2397
1 4520
1 8209
1 1378
1 5428
1 4242
1 6318
1 8438
1 5647
1 1077
1 6952
1 9959
1 227
1 8642
1 6364
1 5419
1 4595
1 5104
1 899
1 9179
1 5156
1 6648
1 7530
1 1240
1 8300
1 7505
1 4115
1 773
1 2457
1 42
1 2519
1 8250
1 3055
1 9769
1 61
1 457
1 8979
1 6939
1 2246
1 3133
1 5155
1 1166
1 4780
1 6340
1 9168
1 9984
1 1816
1 4830
1 1942
1 4298
1 6410
1 1113
1 4347
1 9822
1 8762
1 7734
1 9808
1 7601
1 434
1 6450
1 6652
1 3835
1 6939
1 8087
1 5066
1 6186
1 3377
1 6389
1 8059
1 7482
1 1694
1 6203
1 124
1 9825
1 1259
1 9625
1 5025
1 3242
1 308
1 6397
1 8175
1 8218
1 3530
1 9178
1 7833
1 3892
1 8993
1 4116
1 1353
1 7709
1 7279
1 3563
1 1781
1 7685
1 808
1 6606
1 7362
1 7597
1 4292
1 8867
1 8060
1 1927
1 9594
1 5570
1 5266
1 1224
1 5116
1 9591
1 8955
1 7191
1 3477
1 3110
1 4299
1 948
1 5301
1 2353
1 5454
1 2805
1 4788
1 4985
1 2254
1 9151
1 3928
1 4016
1 2343
1 8790
1 5667
1 1023
1 918
1 5183
1 1014
1 1834
1 3616
1 3339
1 4447
1 945
1 6102
1 7285
1 5532
1 2413
1 2635
1 9119
1 8922
1 2169
1 5039
1 5635
1 7100
1 5444
1 4864
1 4209
1 7183
1 3799
1 4820
1 7270
1 4359
1 8172
1 4542
1 2588
1 1009
1 1084
1 9516
1 2996
1 7071
1 4088
1 5157
1 6378
1 2144
1 8891
1 1761
1 2964
1 2694
1 8084
1 34
1 6502
1 4396
1 1126
1 3676
1 4607
1 6594
1 6752
1 7426
1 5401
1 3397
1 574
1 2858
1 8898
1 8908
1 5809
1 7837
1 9785
1 6069
1 7586
1 3636
1 6821
1 2220
1 4549
1 4862
1 7797
1 7248
1 3680
1 9253
1 2799
1 7339
1 8206
1 5446
1 1358
1 5455
1 973
1 2955
1 2157
1 2042
1 4946
1 8416
1 6389
1 2841
1 7179
1 4512
1 4320
1 468
1 4505
1 9473
1 5164
1 8703
1 6936
1 1653
1 4537
1 6525
1 7573
1 2672
1 927
1 6220
1 3563
1 463
1 7358
1 4704
1 4802
1 4831
1 9261
1 9907
1 5507
1 9636
1 6527
1 4711
1 3582
1 5199
1 2311
1 7782
1 6545
1 3881
1 2559
1 5265
1 6746
1 5346
1 667
1 5060
1 6095
1 7327
1 954
1 8619
1 7305
1 8531
1 7180
1 4218
1 8269
1 888
1 5684
1 4227
1 2357
1 251
1 7005
1 6008
1 1676
1 3021
1 5942
1 2407
1 5794
1 6640
1 2150
1 944
1 7241
1 8272
1 4879
1 2259
1 967
1 9943
1 9081
1 7237
1 6559
1 7101
1 3591
1 4372
1 890
1 2439
1 9173
1 4453
1 8055
1 2069
1 7123
1 5321
1 2026
1 504
1 780
1 9939
1 5150
1 2275
1 8396
1 7011
1 8481
1 1181
1 2562
1 6238
1 3924
1 4108
1 4187
1 4299
1 8559
1 8152
1 9638
1 3516
1 691
1 5787
1 6177
1 1721
1 6307
1 732
1 2474
1 6977
1 5950
1 2723
1 2553
1 9670
1 1066
1 2506
1 2656
1 9273
1 4567
1 5418
1 9944
1 322
1 3533
1 7302
1 4868
1 4263
1 18
1 4232
1 3303
1 2755
1 8430
1 1715
1 1262
1 2827
1 7204
1 3339
1 8477
1 9176
1 216
1 290
1 6080
1 6236
1 892
1 5480
1 5246
1 7521
1 74
1 6700
1 9582
1 5799
1 1857
1 5952
1 627
1 7320
1 1318
1 9985
1 7138
1 6643
1 5826
1 4839
1 4358
1 693
1 1572
1 1083
1 9054
1 1269
1 1982
1 3890
1 9768
1 5905
1 9811
1 6855
1 7782
1 8621
1 9110
1 3996
1 8550
1 209
1 920
1 6278
1 7525
1 4574
1 5951
1 6257
1 1581
1 1868
1 1645
1 8514
1 6496
1 8461
1 9262
1 3937
1 1932
1 391
1 2054
1 4169
1 8423
1 323
1 4245
1 7007
1 3150
1 4945
1 3215
1 2726
1 6180
1 915
1 894
1 8401
1 2650
1 1833
1 9250
1 6082
1 2719
1 858
1 5346
1 4751
1 8783
1 8850
1 1958
1 4686
1 8188
1 1388
1 8988
1 8897
1 7433
1 4620
1 7191
1 8168
1 1613
1 1250
1 9328
1 6968
1 8205
1 7999
1 6452
1 8323
1 8437
1 2961
1 8473
1 9503
1 517
1 7796
1 8262
1 2279
1 2847
1 4532
1 39
1 7338
1 5900
1 1330
1 1344
1 9250
1 3601
1 3720
1 958
1 9716
1 3167
1 6317
1 128
1 8080
1 6642
1 5346
1 1900
1 3851
1 7569
1 7644
1 7827
1 3231
1 1859
1 1707
1 658
1 8161
1 2190
1 737
1 1193
1 7100
1 3567
1 8192
1 5308
1 8476
1 3151
1 6899
1 8494
1 1724
1 7726
1 8220
1 4777
1 4783
1 3674
1 1655
1 855
1 6779
1 4621
1 2794
1 7489
1 5598
1 2583
1 1059
1 8881
1 4655
1 4696
1 2039
1 4268
1 8994
1 3175
1 1588
1 2372
1 9856
1 5749
1 588
1 3516
1 6543
1 4381
1 9136
1 969
1 5377
1 2538
1 6360
1 7783
1 3622
1 9182
1 7559
1 8812
1 4927
1 2426
1 5097
1 3837
1 9799
1 6948
1 6020
1 2124
1 1097
1 8705
1 1211
1 2698
1 4808
1 6467
1 1055
1 837
1 3380
1 4403
1 5288
1 9421
1 3926
1 2530
1 8909
1 6303
1 7625
1 4097
1 6032
1 584
1 3625
1 7785
1 6713
1 3148
1 6191
1 6276
1 3621
1 2462
1 7715
1 353
1 5294
1 1840
1 7651
1 3646
1 5722
1 1230
1 6335
1 5903
1 6692
1 914
1 5741
1 2583
1 1593
1 2610
1 1225
1 5936
1 936
1 4843
1 2295
1 4036
1 9923
1 3335
1 8033
1 651
1 6787
1 8732
1 5339
1 3293
1 9813
1 7225
1 3567
1 1512
1 1123
1 6815
1 9965
1 7906
1 7845
1 5662
1 5589
1 2990
1 3067
1 3077
1 7786
1 1955
1 8375
1 2762
1 5936
1 1711
1 3582
1 5988
1 8356
1 1388
1 1498
1 5402
1 2209
1 5610
1 9032
1 5098
1 9510
1 7178
1 7226
1 8095
1 2227
1 8177
1 9089
1 7875
1 6521
1 9900
1 7613
1 1082
1 7438
1 2318
1 9630
1 9320
1 4272
1 3203
1 6273
1 6567
1 6594
1 1778
1 658
1 5397
1 9072
1 2655
1 3652
1 8086
1 5490
1 156
1 4416
1 1050
1 1700
1 5984
1 4089
1 2838
1 3447
1 1847
1 8928
1 9019
1 8253
1 3086
1 587
1 3300
1 1629
1 7034
1 7511
1 5836
1 2837
1 5248
1 2734
1 5849
1 4345
1 8540
1 6652
1 2695
1 3977
1 7437
1 4901
1 6315
1 1800
1 1740
1 9392
1 6510
1 4822
1 892
1 7530
1 8958
1 2219
1 9006
1 5216
1 6106
1 3540
1 8261
1 3140
1 4450
1 4159
1 1289
1 5396
1 9717
1 1261
1 1302
1 9786
1 9242
1 6493
1 2912
1 131
1 5629
1 5983
1 3737
1 2140
1 3779
1 2059
1 7786
1 610
1 7270
1 3675
1 9564
1 5064
1 6436
1 205
1 3297
1 5987
1 749
1 7816
1 4508
1 5689
1 3266
1 8805
1 2100
1 5635
1 4108
1 5064
1 1224
1 2443
1 8705
1 4978
1 4122
1 7085
1 6470
1 3906
1 6630
1 7699
1 1013
1 578
1 4217
1 1398
1 3407
1 603
1 8053
1 3986
1 9538
1 5980
1 7531
1 2536
1 2610
1 1690
1 2912
1 2146
1 6570
1 9989
1 4629
1 5600
1 8511
1 1704
1 5302
1 9411
1 6798
1 2428
1 4865
1 4973
1 1691
1 9871
1 8120
1 2711
1 2263
1 8762
1 4054
1 7086
1 8639
1 9761
1 5553
1 2473
1 5178
1 7790
1 886
1 5046
1 4001
1 7568
1 3195
1 7711
1 9822
1 8040
1 9529
1 2817
1 1046
1 8011
1 85
1 9549
1 6601
1 7276
1 4084
1 3594
1 4115
1 1903
1 4356
1 4124
1 8576
1 3432
1 7866
1 1137
1 5087
1 7241
1 78
1 4089
1 1907
1 9937
1 5899
1 8372
1 3848
1 1604
1 1730
1 4266
1 1558
1 908
1 9911
1 5159
1 7240
1 7593
1 6085
1 739
1 3909
1 2876
1 4193
1 2561
1 6727
1 8736
1 8510
1 4034
1 8657
1 8352
1 3673
1 2758
1 7918
1 3672
1 5657
1 1229
1 3285
1 2944
1 7972
1 2160
1 2958
1 5778
1 2276
1 4536
1 6211
1 1890
1 6424
1 3160
1 9994
1 2221
1 7285
1 9828
1 361
1 6173
1 445
1 6609
1 760
1 6116
1 6290
1 4239
1 3144
1 2326
1 2629
1 9507
1 8497
1 2837
1 181
1 2534
1 7457
1 4827
1 581
1 8113
1 2313
1 3869
1 8266
1 4471
1 5609
1 9461
1 280
1 4741
1 3186
1 4681
1 9785
1 3711
1 5963
1 8937
1 3115
1 9749
1 4240
1 8643
1 6562
1 4357
1 6367
1 6603
1 3533
1 1535
1 6649
1 133
1 6657
1 5834
1 8876
1 7098
1 632
1 7455
1 1695
1 147
1 1186
1 6944
1 3255
1 4080
1 6211
1 4087
1 2392
1 9827
1 4265
1 6502
1 4625
1 9078
1 8957
1 8659
1 5230
1 7397
1 4740
1 9320
1 1
1 1702
1 1294
1 7539
1 7087
1 6839
1 8464
1 9738
1 2834
1 6610
1 5894
1 619
1 7435
1 4609
1 5084
1 4454
1 6562
1 4072
1 8192
1 6378
1 3852
1 8461
1 9305
1 3999
1 4338
1 7761
1 4993
1 2611
1 8088
1 106
1 7280
1 4394
1 3259
1 1792
1 8837
1 5427
1 5980
1 9841
1 3222
1 267
1 7903
1 7164
1 3926
1 994
1 8370
1 7530
1 5447
1 7827
1 1925
1 384
1 7755
1 7297
1 5727
1 1272
1 4359
1 4768
1 6845
1 7207
1 2435
1 1543
1 3020
1 1996
1 403
1 8088
1 3507
1 8052
1 3153
1 2950
1 2840
1 9038
1 68
1 4105
1 4913
1 5590
1 81
1 2916
1 4008
1 4031
1 8245
1 8911
1 6619
1 7391
1 4648
1 5066
1 7484
1 9816
1 3727
1 6290
1 1530
1 9483
1 9108
1 7478
1 4214
1 7748
1 8935
1 8871
1 365
1 8457
1 8659
1 9286
1 7908
1 4715
1 8271
1 2981
1 2349
1 1453
1 2186
1 8838
1 2276
1 4730
1 1190
1 3918
1 7126
1 742
1 6137
1 7807
1 3505
1 7905
1 8762
1 7225
1 131
1 2842
1 8379
1 2844
1 8499
1 2616
1 6391
1 4994
1 8757
1 8727
1 1193
1 6801
1 9557
1 7882
1 9458
1 1005
1 5091
1 7708
1 4547
1 3212
1 3400
1 3070
1 9998
1 5607
1 5153
1 4545
1 9578
1 7432
1 2494
1 8710
1 5460
1 3856
1 6253
1 4076
1 8569
1 3220
1 9617
1 7709
1 9566
1 1762
1 1131
1 3895
1 1694
1 9809
1 1080
1 6724
1 5140
1 9106
1 2882
1 5238
1 7154
1 9845
1 3907
1 5053
1 2882
1 8834
1 3681
1 1169
1 2032
1 4474
1 4990
1 9654
1 5874
1 4982
1 5680
1 6013
1 4996
1 9041
1 7084
1 1297
1 3437
1 7730
1 4875
1 4578
1 5501
1 2665
1 399
1 9027
1 9877
1 9942
1 4349
1 99
1 3907
1 1048
1 1561
1 8118
1 587
1 3999
1 8794
1 4739
1 3291
1 6630
1 2658
1 9689
1 9072
1 1730
1 3908
1 1493
1 9250
1 6914
1 7943
1 3510
1 2851
1 3236
1 5282
1 7227
1 7601
1 1540
1 151
1 9609
1 699
1 4087
1 2429
1 8928
1 9965
1 1251
1 2469
1 5106
1 959
1 9543
1 6239
1 273
1 7753
1 7286
1 3488
1 6937
1 1982
1 6115
1 2106
1 7560
1 2890
1 4586
1 3144
1 9153
1 6974
1 3349
1 5796
1 3903
1 1750
1 3156
1 7820
1 7379
1 4877
1 2305
1 2692
1 4190
1 4736
1 759
1 9707
1 9995
1 216
1 4783
1 6243
1 5968
1 7025
1 1524
1 8611
1 5395
1 3705
1 8615
1 7457
1 9527
1 6558
1 470
1 5570
1 4835
1 7708
1 6955
1 3949
1 3471
1 4969
1 5431
1 3148
1 5983
1 8697
1 984
1 1937
1 3708
1 3917
1 4530
1 5194
1 9951
1 7859
1 5733
1 1207
1 5694
1 2786
1 8308
1 709
1 5710
1 3298
1 7324
1 4397
1 2764
1 9580
1 9701
1 4706
1 3519
1 7854
1 3097
1 5837
1 2092
1 4571
1 1055
1 3327
1 2353
1 3847
1 5048
1 3721
1 6184
1 2531
1 1091
1 5244
1 7961
1 7480
1 9437
1 248
1 1891
1 2954
1 2976
1 2249
1 7984
1 7562
1 940
1 6646
1 8440
1 992
1 2391
1 42
1 3664
1 595
1 2887
1 2772
1 8852
1 1765
1 2562
1 8475
1 1956
1 2573
1 9903
1 7417
1 3878
1 5969
1 196
1 4022
1 9408
1 761
1 8976
1 525
1 1756
1 8314
1 4257
1 3433
1 3722
1 889
1 6824
1 494
1 1022
1 2283
1 455
1 6149
1 1544
1 5145
1 1936
1 5405
1 9716
1 837
1 9905
1 5361
1 797
1 6404
1 8711
1 659
1 7630
1 6497
1 711
1 6396
1 3044
1 5323
1 7177
1 6481
1 6966
1 2969
1 4706
1 1045
1 8560
1 8550
1 7014
1 8841
1 7470
1 1771
1 3623
1 4387
1 6390
1 4570
1 9325
1 7663
1 8495
1 7476
1 7780
1 302
1 2592
1 7246
1 8644
1 896
1 1212
1 9796
1 1812
1 3460
1 9416
1 8668
1 4809
1 5141
1 3809
1 3133
1 7223
1 634
1 6675
1 9003
1 3398
1 7795
1 1529
1 5571
1 6193
1 7487
1 5216
1 2152
1 3484
1 1323
1 7929
1 2123
1 3978
1 3706
1 3933
1 7331
1 8876
1 3053
1 557
1 5611
1 5682
1 8011
1 2722
1 830
1 5258
1 2126
1 8890
1 6458
1 1371
1 5522
1 2962
1 2695
1 5057
1 858
1 7853
1 3523
1 2006
1 7962
1 9815
1 8875
1 1161
1 3607
1 9920
1 8559
1 2911
1 9610
1 6283
1 1265
1 7206
1 5534
1 6392
1 4036
1 8627
1 8661
1 2162
1 1513
1 7909
1 4577
1 7595
1 1573
1 927
1 8578
1 839
1 4052
1 4178
1 8064
1 2660
1 9901
1 8546
1 258
1 4799
1 8969
1 623
1 9276
1 7747
1 1304
1 3430
1 9560
1 6099
1 7373
1 8490
1 8539
1 2309
1 933
1 4374
1 2078
1 4351
1 3953
1 1573
1 2782
1 5281
1 7579
1 4859
1 6637
1 7084
1 7251
1 6660
1 5939
1 1296
1 6119
1 3801
1 9395
1 607
1 3663
1 4355
1 6693
1 9962
1 2932
1 1058
1 2282
1 7843
1 4980
1 5907
1 3192
1 4532
1 8889
1 3627
1 9503
1 3335
1 2486
1 9136
1 4257
1 5300
1 1668
1 4455
1 9005
1 2287
1 2001
1 6373
1 6804
1 3281
1 7335
1 114
1 1589
1 1017
1 9741
1 2153
1 4697
1 2526
1 3388
1 1557
1 4103
1 7687
1 4308
1 8612
1 3565
1 8913
1 3004
1 5233
1 6621
1 4785
1 7208
1 4767
1 5969
1 3442
1 5831
1 9985
1 1251
1 3028
1 524
1 2125
1 3791
1 6866
1 2157
1 2866
1 5513
1 7997
1 8178
1 820
1 9745
1 7837
1 8347
1 1342
1 567
1 1059
1 7916
1 687
1 6770
1 3254
1 1368
1 4684
1 6794
1 1266
1 7493
1 2661
1 342
1 2629
1 1629
1 5541
1 2182
1 5130
1 3800
1 8997
1 3599
1 7687
1 2027
1 2279
1 762
1 3909
1 6204
1 7495
1 3135
1 6833
1 7433
1 963
1 3119
1 9659
1 1161
1 4098
1 5546
1 9400
1 5537
1 4851
1 223
1 6236
1 1341
1 6523
1 3511
1 262
1 6815
1 6265
1 6060
1 3093
1 1110
1 3029
1 615
1 3110
1 2128
1 4814
1 3285
1 1466
1 3460
1 4142
1 3051
1 244
1 9597
1 9969
1 4033
1 9589
1 5244
1 5866
1 3919
1 5770
1 7341
1 7084
1 8495
1 7203
1 1923
1 4261
1 8820
1 6401
1 8012
1 1929
1 2939
1 3802
1 5856
1 8134
1 9018
1 7388
1 768
1 2376
1 1335
1 8049
1 4002
1 4895
1 4604
1 4580
1 4286
1 3469
1 6553
1 2158
1 596
1 8296
1 5672
1 481
1 4832
1 2864
1 5894
1 9099
1 4962
1 7814
1 448
1 7305
1 5775
1 4564
1 7659
1 4061
1 5955
1 9873
1 701
1 5471
1 9393
1 8684
1 5115
1 2071
1 8006
1 4308
1 5967
1 8383
1 20
1 9183
1 8315
1 1427
1 8788
1 2732
1 7468
1 9835
1 2985
1 6425
1 715
1 4979
1 8158
1 8265
1 7487
1 9390
1 8870
1 3890
1 5860
1 182
1 3550
1 7501
1 885
1 7293
1 3190
1 3245
1 6477
1 1548
1 5690
1 9531
1 4633
1 3891
1 2808
1 8753
1 9607
1 127
1 3138
1 8956
1 2873
1 7950
1 9557
1 6170
1 2235
1 6454
1 1973
1 4058
1 7762
1 6010
1 8277
1 6637
1 3635
1 9823
1 4701
1 7840
1 7134
1 8629
1 8573
1 2996
1 8560
1 8857
1 8711
1 8940
1 50
1 9766
1 5289
1 1448
1 8120
1 7604
1 8062
1 5014
1 5684
1 7924
1 881
1 7015
1 1856
1 3107
1 6108
1 5157
1 9004
1 9184
1 3308
1 2155
1 7578
1 6517
1 2755
1 4414
1 5208
1 9195
1 1862
1 8025
1 8285
1 1600
1 2035
1 2185
1 3359
1 8991
1 9830
1 2912
1 8027
1 7688
1 7258
1 8670
1 9700
1 8380
1 6034
1 711
1 908
1 6886
1 9380
1 8035
1 4888
1 2110
1 5546
1 8935
1 4469
1 3900
1 4100
1 7627
1 3743
1 8496
1 5150
1 7772
1 3501
1 4975
1 1257
1 8415
1 1114
1 4041
1 8008
1 7941
1 2455
1 6267
1 899
1 2603
1 7069
1 386
1 5881
1 5743
1 2915
1 7863
1 9611
1 5372
1 8948
1 862
1 650
1 4929
1 3486
1 9922
1 4696
1 9743
1 3371
1 8207
1 3132
1 2351
1 7201
1 9523
1 4305
1 876
1 7361
1 6139
1 7667
1 7268
1 3921
1 6320
1 822
1 3836
1 190
1 2845
1 596
1 9089
1 4699
1 3948
1 9508
1 198
1 6844
1 6863
1 9015
1 7716
1 9543
1 5627
1 8179
1 1624
1 7632
1 7522
1 8649
1 2664
1 501
1 5906
1 9625
1 2161
1 447
1 1030
1 8561
1 1951
1 1706
1 3168
1 9510
1 4028
1 9762
1 6681
1 2919
1 7008
1 8347
1 4076
1 2521
1 6386
1 9894
1 2079
1 3505
1 3464
1 5299
1 1661
1 5702
1 8278
1 7322
1 8112
1 7939
1 8826
1 4332
1 4440
1 6154
1 7049
1 7408
1 7590
1 410
1 9332
1 7329
1 5325
1 3339
1 893
1 6298
1 7279
1 3739
1 6567
1 499
1 6921
1 9512
1 9964
1 2374
1 5081
1 8488
1 562
1 4688
1 704
1 4584
1 1855
1 3301
1 511
1 5906
1 3868
1 8744
1 6421
1 7618
1 5699
1 5248
1 9746
1 236
1 684
1 9491
1 2827
1 9954
1 299
1 2197
1 1993
1 2690
1 2065
1 8179
1 3902
1 504
1 9786
1 4583
1 7599
1 6181
1 3331
1 999
1 3104
1 5930
1 7966
1 5831
1 5530
1 8990
1 3837
1 1027
1 1388
1 588
1 6303
1 5960
1 2268
1 4612
1 8515
1 8510
1 6220
1 7896
1 6475
1 7202
1 8057
1 1735
1 9641
1 9780
1 7267
1 4430
1 8062
1 118
1 3090
1 9713
1 3040
1 6839
1 8652
1 8916
1 256
1 5990
1 3252
1 2122
1 865
1 6512
1 6481
1 9426
1 7721
1 9979
1 7167
1 2648
1 7735
1 8534
1 4029
1 8939
1 8419
1 7908
1 5047
1 7239
1 2870
1 6751
1 7286
1 2957
1 9551
1 2109
1 4316
1 2050
1 8866
1 2767
1 6988
1 5178
1 177
1 6522
1 8670
1 134
1 8614
1 2150
1 7103
1 8322
1 949
1 5156
1 7335
1 8920
1 9301
1 7152
1 5868
1 497
1 7362
1 3712
1 9221
1 4410
1 8433
1 201
1 2865
1 4749
1 1467
1 8617
1 3110
1 6033
1 6124
1 1692
1 9314
1 9963
1 9036
1 1089
1 1172
1 315
1 454
1 1421
1 8700
1 5255
1 4284
1 1547
1 6219
1 7230
1 7051
1 9152
1 2371
1 9271
1 689
1 3453
1 1140
1 1350
1 537
1 2699
1 1812
1 5252
1 5975
1 2379
1 8150
1 5689
1 4759
1 3901
1 9622
1 6260
1 2168
1 5709
1 5613
1 6008
1 2848
1 759
1 3620
1 3992
1 8269
1 6883
1 2769
1 296
1 8642
1 9773
1 5962
1 824
1 4452
1 5346
1 7989
1 3423
1 1040
1 9886
1 6532
1 2824
1 4198
1 9917
1 120
1 3895
1 9870
1 7657
1 2800
1 6470
1 2188
1 3865
1 317
1 7541
1 2291
1 3709
1 5598
1 6894
1 763
1 9846
1 9936
1 9694
1 1616
1 1427
1 4989
1 9999
1 1684
1 5534
1 5667
1 7802
1 8254
1 6978
1 7335
1 4749
1 5551
1 7178
1 7131
1 5719
1 4679
1 474
1 8294
1 655
1 2138
1 4499
1 4693
1 3008
1 776
1 9045
1 1054
1 2765
1 4209
1 2591
1 7107
1 1922
1 6184
1 935
1 5111
1 1093
1 3725
1 5109
1 2599
1 3226
1 7594
1 58
1 2603
1 8395
1 9772
1 3238
1 2719
1 3744
1 5387
1 6551
1 2470
1 1715
1 8145
1 7927
1 8766
1 5191
1 9431
1 7237
1 1845
1 3172
1 4331
1 6716
1 7470
1 3368
1 1323
1 7275
1 5594
1 7582
1 2283
1 1230
1 7964
1 6391
1 9287
1 7243
1 1109
1 4051
1 2402
1 1061
1 8531
1 9226
1 2455
1 7802
1 4389
1 8608
1 2875
1 5743
1 8663
1 1789
1 8602
1 288
1 4029
1 2892
1 4431
1 5976
1 6417
1 5773
1 7852
1 5220
1 7323
1 145
1 2469
1 5450
1 2684
1 9780
1 2269
1 9747
1 1154
1 6921
1 8259
1 6889
1 9732
1 5784
1 5846
1 6541
1 4173
1 3067
1 8385
1 7517
1 2854
1 820
1 8894
