722
6886 1
3051 1
996 1
3926 1
7324 1
9403 1
1195 1
6586 1
2676 1
3611 1
419 1
4414 1
4274 1
2441 1
2104 1
745 1
46 1
8544 1
1097 1
5810 1
9866 1
9561 1
4190 1
1197 1
7886 1
362 1
8612 1
1025 1
5086 1
5230 1
7657 1
4195 1
1281 1
3991 1
1724 1
8463 1
1832 1
5068 1
5950 1
5663 1
8834 1
1716 1
3851 1
6330 1
6525 1
8239 1
5454 1
4620 1
4518 1
1452 1
5077 1
6031 1
522 1
7462 1
6039 1
3213 1
8012 1
3810 1
5071 1
6606 1
8166 1
2784 1
9755 1
5037 1
1516 1
4587 1
7493 1
5091 1
3202 1
9682 1
7268 1
842 1
8934 1
7202 1
6917 1
2388 1
1166 1
5423 1
705 1
817 1
9652 1
5084 1
4115 1
9854 1
7558 1
2307 1
6965 1
1877 1
9734 1
5552 1
1270 1
7384 1
4238 1
4827 1
2736 1
9657 1
5111 1
1823 1
807 1
6098 1
3926 1
1188 1
4458 1
6731 1
7561 1
9436 1
3349 1
9722 1
2265 1
5169 1
1365 1
5192 1
6703 1
5582 1
2910 1
7688 1
9722 1
6389 1
3000 1
7070 1
1528 1
9336 1
7178 1
2225 1
4519 1
7925 1
1309 1
6913 1
659 1
7809 1
3643 1
5297 1
1927 1
7841 1
9687 1
6885 1
9290 1
3905 1
7319 1
3476 1
3413 1
1098 1
5331 1
7309 1
4621 1
5370 1
3437 1
3179 1
6374 1
2997 1
7254 1
2441 1
6607 1
6689 1
2777 1
6366 1
6163 1
5542 1
8417 1
4994 1
270 1
5291 1
3433 1
9401 1
6536 1
4452 1
8397 1
2965 1
2819 1
7819 1
1329 1
1116 1
8169 1
9465 1
9311 1
3138 1
1295 1
1023 1
654 1
6275 1
4394 1
9276 1
9825 1
3130 1
8230 1
8566 1
7873 1
687 1
5120 1
3194 1
5200 1
7160 1
670 1
130 1
3738 1
1624 1
6234 1
5412 1
5738 1
1382 1
6589 1
4879 1
3472 1
8857 1
678 1
7253 1
8841 1
6230 1
7439 1
3526 1
9099 1
6754 1
8453 1
274 1
3654 1
8481 1
2828 1
7313 1
9601 1
2132 1
5704 1
8416 1
8694 1
33 1
5087 1
8922 1
2598 1
6546 1
8722 1
4838 1
2856 1
4958 1
1311 1
648 1
5207 1
6396 1
7923 1
6028 1
692 1
1378 1
4428 1
1222 1
7061 1
729 1
1996 1
743 1
6396 1
5895 1
919 1
983 1
5404 1
266 1
505 1
4253 1
7871 1
2938 1
4802 1
7698 1
3009 1
8107 1
7957 1
8084 1
955 1
4565 1
9711 1
6698 1
4355 1
3264 1
4125 1
8939 1
1367 1
7150 1
7370 1
5386 1
2767 1
8715 1
4025 1
5918 1
5079 1
9293 1
5368 1
9304 1
9973 1
8991 1
6956 1
2178 1
5042 1
7146 1
1751 1
5123 1
7309 1
7685 1
1614 1
9901 1
7021 1
8807 1
2284 1
4575 1
4594 1
8753 1
5019 1
9725 1
7336 1
7628 1
6611 1
7175 1
5305 1
4021 1
9101 1
5498 1
9484 1
76 1
9355 1
3339 1
2195 1
125 1
340 1
6091 1
6616 1
9291 1
6074 1
7540 1
602 1
1696 1
9858 1
8731 1
617 1
7237 1
8142 1
4934 1
2746 1
5630 1
8259 1
585 1
445 1
2420 1
3416 1
5750 1
1954 1
6987 1
4741 1
5081 1
1076 1
1464 1
3112 1
635 1
9490 1
2642 1
4400 1
5401 1
5137 1
2980 1
3273 1
4456 1
6950 1
7446 1
2842 1
9482 1
4978 1
1201 1
2210 1
5617 1
5498 1
2792 1
882 1
9000 1
3129 1
6937 1
1655 1
7112 1
5080 1
5978 1
6437 1
3077 1
655 1
183 1
6117 1
3687 1
9035 1
9778 1
4739 1
7277 1
4376 1
5207 1
4412 1
6833 1
782 1
7074 1
9510 1
5600 1
4754 1
4373 1
6919 1
4920 1
5111 1
2354 1
4093 1
5844 1
9263 1
9057 1
3227 1
1199 1
6383 1
1193 1
4737 1
6728 1
3624 1
447 1
5985 1
811 1
8119 1
1083 1
48 1
12 1
9858 1
5903 1
2374 1
842 1
7323 1
3596 1
2631 1
9223 1
1706 1
8247 1
9064 1
7007 1
1998 1
5487 1
1188 1
3293 1
2450 1
9426 1
5998 1
1388 1
5963 1
2274 1
2991 1
8276 1
5341 1
578 1
2037 1
4169 1
9653 1
9422 1
4988 1
9996 1
3018 1
6212 1
9001 1
2188 1
4295 1
1400 1
7563 1
34 1
1150 1
636 1
3099 1
2213 1
9974 1
7676 1
2628 1
2682 1
8490 1
4904 1
5692 1
7349 1
3819 1
6614 1
8968 1
610 1
3816 1
1175 1
1909 1
7976 1
6262 1
7027 1
7248 1
4974 1
5223 1
1456 1
5064 1
4772 1
4835 1
10 1
7899 1
1691 1
8357 1
4075 1
7088 1
4980 1
3203 1
8094 1
4066 1
6932 1
9927 1
8205 1
4193 1
8019 1
8631 1
2876 1
5839 1
2242 1
5907 1
9600 1
2184 1
7685 1
6015 1
7315 1
3439 1
437 1
7885 1
7158 1
2331 1
2549 1
1091 1
6977 1
2626 1
6721 1
1313 1
5584 1
1262 1
4842 1
711 1
9811 1
439 1
7609 1
8778 1
255 1
98 1
1932 1
1969 1
8975 1
5078 1
317 1
2528 1
9857 1
8733 1
822 1
3764 1
9131 1
7186 1
4630 1
8474 1
2667 1
7527 1
9804 1
2928 1
5678 1
8451 1
9610 1
2532 1
9114 1
1645 1
8402 1
1634 1
4765 1
3864 1
301 1
6083 1
7975 1
2539 1
7404 1
7257 1
5257 1
4887 1
6220 1
2599 1
2494 1
4390 1
7858 1
9026 1
8668 1
6859 1
1584 1
6903 1
3669 1
716 1
2599 1
9414 1
9317 1
5893 1
6973 1
3092 1
1730 1
3883 1
9053 1
3592 1
6952 1
6938 1
5053 1
8915 1
6093 1
2606 1
3023 1
2673 1
5436 1
4211 1
4206 1
1061 1
8757 1
6385 1
9661 1
1669 1
4811 1
4081 1
2447 1
8315 1
4956 1
7489 1
1571 1
8656 1
4854 1
4488 1
6744 1
4953 1
7707 1
6547 1
3197 1
7356 1
4656 1
9869 1
3924 1
2954 1
5894 1
3253 1
2377 1
4668 1
1329 1
3373 1
6333 1
1588 1
3081 1
4530 1
7565 1
8177 1
303 1
3776 1
8787 1
657 1
6972 1
6606 1
1303 1
1835 1
2982 1
824 1
4430 1
5371 1
7288 1
3051 1
8261 1
418 1
8727 1
6067 1
533 1
2769 1
1093 1
7790 1
5759 1
6830 1
44 1
4567 1
6628 1
4477 1
6758 1
4709 1
9983 1
940 1
3107 1
3217 1
8774 1
7058 1
5275 1
3286 1
1814 1
7990 1
1135 1
5515 1
3896 1
8732 1
2894 1
6596 1
2697 1
2897 1
2615 1
7357 1
1467 1
9752 1
2213 1
7151 1
2502 1
5940 1
3434 1
9363 1
874 1
5582 1
245 1
660 1
5172 1
60 1
647 1
450 1
2429 1
8183 1
6669 1
1152 1
5425 1
3071 1
6801 1
6821 1
8768 1
4873 1
2677 1
5563 1
7592 1
8473 1
2373 1
5326 1
7502 1
9223 1
6610 1
9214 1
