6603
636 1
1424 1
691 1
8277 1
4687 1
422 1
4373 1
4146 1
6709 1
9785 1
6060 1
3878 1
1147 1
1470 1
5483 1
3993 1
2235 1
3410 1
4838 1
3849 1
3429 1
9596 1
5450 1
9131 1
5965 1
4982 1
634 1
7848 1
3305 1
341 1
3910 1
4191 1
8360 1
9618 1
6994 1
2402 1
8830 1
7780 1
8898 1
7802 1
1390 1
7217 1
9524 1
1092 1
9385 1
9316 1
4157 1
893 1
7560 1
288 1
9926 1
5961 1
6546 1
6266 1
5847 1
3541 1
8316 1
4678 1
7878 1
5871 1
6226 1
6743 1
4317 1
2196 1
8514 1
8538 1
8042 1
5367 1
3971 1
9528 1
4180 1
2626 1
4037 1
2017 1
6071 1
6732 1
2664 1
7355 1
2592 1
57 1
5703 1
6513 1
629 1
1634 1
2878 1
7923 1
4588 1
6292 1
2585 1
457 1
7387 1
228 1
6238 1
1758 1
7882 1
2461 1
6755 1
7916 1
7930 1
6451 1
5727 1
9355 1
4005 1
8282 1
3251 1
2484 1
8691 1
3568 1
3499 1
1593 1
3819 1
2371 1
4165 1
8237 1
6039 1
9419 1
3812 1
3684 1
6019 1
8797 1
7991 1
4999 1
9033 1
3126 1
6410 1
2714 1
5623 1
379 1
1685 1
3952 1
5528 1
8189 1
7480 1
1017 1
3372 1
9082 1
2697 1
587 1
459 1
3873 1
7742 1
9655 1
7964 1
4366 1
3408 1
609 1
8107 1
16 1
4771 1
8088 1
6955 1
7859 1
5153 1
7855 1
7948 1
1890 1
4746 1
5468 1
6528 1
2318 1
4493 1
3404 1
6360 1
8162 1
6819 1
1706 1
8279 1
8773 1
7588 1
2469 1
6532 1
5676 1
5662 1
1907 1
6648 1
1542 1
9498 1
7545 1
7680 1
4250 1
2893 1
7019 1
8567 1
5401 1
5463 1
382 1
4052 1
6563 1
9756 1
8579 1
8350 1
7276 1
5651 1
8474 1
7401 1
7293 1
6698 1
5854 1
1572 1
552 1
5461 1
8825 1
3098 1
6845 1
8557 1
6169 1
5869 1
1024 1
1622 1
5858 1
1856 1
8872 1
4640 1
2896 1
9466 1
5047 1
3383 1
643 1
665 1
6354 1
4917 1
6231 1
2313 1
6034 1
4001 1
596 1
5690 1
4151 1
8954 1
3844 1
6610 1
2264 1
600 1
2263 1
5828 1
3078 1
9534 1
8145 1
7437 1
8006 1
4480 1
7484 1
3125 1
9055 1
9421 1
5768 1
6009 1
2676 1
6895 1
3263 1
3031 1
6350 1
2286 1
758 1
1204 1
1850 1
1667 1
5085 1
6667 1
9306 1
2688 1
541 1
8350 1
4668 1
8227 1
6188 1
3379 1
118 1
2116 1
2700 1
3279 1
7348 1
6231 1
1708 1
430 1
3810 1
3657 1
4718 1
5951 1
3441 1
1847 1
3438 1
9636 1
5399 1
33 1
6703 1
8462 1
2133 1
1128 1
7140 1
2631 1
100 1
9451 1
3573 1
3632 1
6332 1
4015 1
7878 1
8150 1
3358 1
4196 1
9363 1
2810 1
9882 1
1667 1
8842 1
9340 1
5393 1
3751 1
5426 1
2124 1
6732 1
5591 1
5048 1
5720 1
5122 1
3851 1
5569 1
1413 1
8682 1
1304 1
6643 1
2309 1
4214 1
9913 1
7446 1
8758 1
8120 1
6811 1
9299 1
7907 1
1332 1
7346 1
8672 1
1978 1
4514 1
5806 1
7301 1
3178 1
3091 1
4585 1
6140 1
4758 1
8610 1
9218 1
5607 1
5987 1
1957 1
1532 1
2106 1
1675 1
1735 1
2774 1
3582 1
1492 1
8736 1
5982 1
580 1
5521 1
1399 1
4916 1
4612 1
663 1
1140 1
3842 1
3024 1
2843 1
2747 1
2833 1
3987 1
8517 1
7823 1
6186 1
1761 1
6251 1
5782 1
8761 1
9108 1
7578 1
1059 1
5242 1
2517 1
2238 1
3388 1
6518 1
9606 1
9877 1
3442 1
4592 1
912 1
7610 1
8638 1
5498 1
4986 1
7159 1
2559 1
7837 1
9506 1
6981 1
8800 1
9073 1
8091 1
8886 1
3127 1
2495 1
9563 1
3338 1
118 1
1349 1
3759 1
1843 1
4451 1
8448 1
5584 1
2736 1
7610 1
6715 1
7205 1
7792 1
507 1
8074 1
5101 1
1821 1
3362 1
6121 1
5909 1
9302 1
3908 1
1887 1
7557 1
5714 1
7118 1
1292 1
1708 1
912 1
3236 1
2907 1
812 1
4941 1
3819 1
4426 1
1252 1
1046 1
5779 1
681 1
9771 1
9028 1
92 1
3738 1
3352 1
2067 1
991 1
849 1
5374 1
37 1
1598 1
1440 1
1337 1
5065 1
8036 1
946 1
6853 1
8238 1
7839 1
4832 1
6673 1
5847 1
8265 1
5109 1
5205 1
3764 1
8059 1
6057 1
7100 1
7675 1
3928 1
4938 1
6170 1
5389 1
9779 1
6491 1
2971 1
7377 1
7407 1
3890 1
7816 1
8684 1
8158 1
624 1
5590 1
84 1
8020 1
8506 1
4087 1
8142 1
6802 1
4743 1
6081 1
9981 1
702 1
9805 1
1782 1
8769 1
7600 1
8277 1
4414 1
5729 1
3844 1
7613 1
2827 1
631 1
9096 1
8797 1
8213 1
1017 1
1094 1
5340 1
9883 1
2699 1
5515 1
7106 1
4206 1
9654 1
4106 1
5535 1
3172 1
8163 1
3984 1
4709 1
291 1
2930 1
1601 1
9091 1
7363 1
3266 1
8076 1
7719 1
8201 1
1963 1
5905 1
9499 1
5872 1
5779 1
7677 1
4623 1
4888 1
8149 1
1276 1
4327 1
6115 1
5303 1
5286 1
4515 1
7980 1
3157 1
7345 1
3287 1
2062 1
5816 1
5356 1
5557 1
84 1
3601 1
7132 1
7164 1
151 1
1247 1
2036 1
8869 1
1583 1
5578 1
1296 1
9222 1
276 1
3588 1
5148 1
6154 1
8615 1
1509 1
3781 1
9239 1
3355 1
9990 1
2932 1
557 1
9701 1
5670 1
5508 1
5918 1
8065 1
7385 1
5128 1
3792 1
2369 1
9864 1
1276 1
419 1
3294 1
7429 1
8203 1
7743 1
6910 1
5630 1
8693 1
9884 1
304 1
2211 1
8347 1
3720 1
2756 1
7494 1
6589 1
348 1
8705 1
2936 1
4547 1
9643 1
6089 1
1601 1
370 1
7208 1
4532 1
4670 1
1459 1
8385 1
1870 1
9656 1
9782 1
9751 1
7477 1
493 1
4626 1
8006 1
8549 1
1296 1
9658 1
9252 1
6439 1
7055 1
5179 1
8108 1
3153 1
8267 1
8524 1
8624 1
4012 1
5283 1
4724 1
9039 1
265 1
2768 1
4316 1
9012 1
7172 1
421 1
2851 1
9647 1
5883 1
5525 1
613 1
8630 1
2317 1
5997 1
7476 1
8444 1
8446 1
7348 1
8295 1
9566 1
9038 1
9591 1
813 1
88 1
2538 1
135 1
653 1
6441 1
1348 1
7169 1
6089 1
7122 1
2861 1
1874 1
900 1
4585 1
9428 1
411 1
9566 1
3323 1
2777 1
3998 1
6898 1
306 1
6405 1
1242 1
2132 1
4563 1
4488 1
7418 1
4903 1
9395 1
6816 1
5393 1
2530 1
841 1
3597 1
9590 1
4037 1
9822 1
7432 1
1148 1
6113 1
4359 1
4019 1
7680 1
6445 1
1072 1
4629 1
45 1
1888 1
9814 1
3792 1
4940 1
3684 1
1193 1
1639 1
9302 1
3546 1
5026 1
3126 1
7640 1
7922 1
1668 1
217 1
2856 1
9285 1
7543 1
4838 1
3034 1
4445 1
4774 1
2549 1
7275 1
1732 1
4732 1
8122 1
6846 1
6425 1
3298 1
639 1
5599 1
7454 1
3592 1
9745 1
2413 1
8202 1
8271 1
2220 1
3875 1
9071 1
6872 1
8274 1
1118 1
1835 1
3234 1
8067 1
6964 1
2801 1
6889 1
2078 1
8948 1
8408 1
646 1
4490 1
4618 1
4713 1
3824 1
2964 1
1019 1
852 1
362 1
8981 1
5451 1
6870 1
8527 1
8694 1
7429 1
4130 1
6542 1
6588 1
4369 1
8447 1
7939 1
6729 1
2748 1
4288 1
7307 1
9249 1
259 1
3884 1
1445 1
2539 1
5045 1
1901 1
4285 1
4374 1
1591 1
9766 1
2721 1
3387 1
7240 1
9339 1
758 1
7992 1
1334 1
4008 1
4876 1
5666 1
908 1
2212 1
994 1
8026 1
6294 1
8732 1
3759 1
2117 1
8711 1
1482 1
7261 1
9237 1
7198 1
2183 1
315 1
7637 1
7814 1
3236 1
5383 1
8202 1
4632 1
5695 1
465 1
9723 1
8920 1
2753 1
8603 1
9256 1
2657 1
6418 1
1931 1
8531 1
5166 1
6760 1
6411 1
3866 1
2927 1
1505 1
3973 1
2500 1
9369 1
6075 1
3370 1
9229 1
7136 1
9765 1
1173 1
9465 1
5592 1
4773 1
1387 1
2374 1
4206 1
3041 1
3362 1
1358 1
4149 1
7647 1
1863 1
2298 1
2481 1
6345 1
483 1
5921 1
6338 1
2069 1
997 1
772 1
4070 1
1110 1
8444 1
2973 1
6643 1
973 1
2422 1
1273 1
6331 1
2145 1
5934 1
6251 1
6300 1
7420 1
7509 1
9280 1
6674 1
6034 1
7834 1
3058 1
1386 1
6734 1
9980 1
8347 1
6515 1
8128 1
4376 1
480 1
6134 1
7351 1
5297 1
7369 1
3897 1
762 1
6398 1
8844 1
9068 1
344 1
8972 1
1424 1
3660 1
1132 1
5937 1
4449 1
6739 1
9372 1
2653 1
9219 1
6567 1
9778 1
7341 1
1458 1
5518 1
8021 1
4458 1
8296 1
1349 1
4918 1
5652 1
4364 1
7184 1
6643 1
4647 1
6290 1
3860 1
9789 1
9261 1
1296 1
6751 1
9136 1
6078 1
3678 1
5580 1
7941 1
6162 1
9222 1
7528 1
9231 1
552 1
5448 1
8559 1
1378 1
210 1
6086 1
1547 1
7137 1
6718 1
5219 1
1295 1
4068 1
1766 1
7753 1
1947 1
4868 1
1365 1
1099 1
6339 1
2236 1
4805 1
9267 1
786 1
5963 1
2789 1
9025 1
4059 1
668 1
581 1
3311 1
7299 1
1585 1
5146 1
6292 1
4487 1
4973 1
2338 1
5755 1
6873 1
8329 1
4175 1
2954 1
905 1
1068 1
5765 1
8500 1
6509 1
8726 1
1158 1
7049 1
341 1
6779 1
5046 1
1660 1
6133 1
8984 1
9324 1
4625 1
1094 1
4701 1
7796 1
8090 1
2211 1
7666 1
3527 1
7599 1
4373 1
3169 1
2067 1
5507 1
5444 1
9701 1
8606 1
3149 1
5969 1
1344 1
9907 1
757 1
423 1
7084 1
2469 1
2110 1
905 1
874 1
9548 1
8709 1
7100 1
1375 1
8558 1
4038 1
8562 1
7106 1
2603 1
6009 1
5818 1
128 1
6989 1
1744 1
6159 1
4751 1
7338 1
9953 1
3809 1
3853 1
6588 1
2849 1
6413 1
6374 1
3809 1
6267 1
8646 1
5265 1
5306 1
5962 1
479 1
7492 1
583 1
9127 1
7785 1
9307 1
9899 1
3849 1
5952 1
2490 1
868 1
9628 1
172 1
7394 1
7940 1
7431 1
8928 1
8939 1
6394 1
2575 1
6510 1
794 1
8543 1
77 1
4878 1
1019 1
4774 1
5287 1
2752 1
3302 1
7586 1
58 1
3286 1
4273 1
6832 1
9101 1
799 1
9362 1
4928 1
9719 1
4560 1
7937 1
2234 1
7941 1
7690 1
6129 1
9549 1
1004 1
6876 1
3571 1
5113 1
2984 1
5805 1
9893 1
1199 1
1531 1
2507 1
5251 1
7368 1
7700 1
3632 1
4847 1
7242 1
7351 1
5394 1
217 1
7069 1
5192 1
8988 1
6130 1
1527 1
6587 1
4112 1
1980 1
4386 1
9544 1
4150 1
3384 1
3331 1
1506 1
1358 1
5577 1
9689 1
5769 1
8946 1
936 1
8359 1
6729 1
3764 1
4522 1
8366 1
5479 1
4826 1
5975 1
4384 1
4540 1
4629 1
1332 1
5611 1
6659 1
2345 1
3651 1
5610 1
4947 1
5867 1
1080 1
8770 1
2237 1
8009 1
5412 1
4633 1
2540 1
8180 1
9439 1
4792 1
3454 1
3578 1
289 1
1072 1
5684 1
9218 1
5115 1
1348 1
7741 1
1197 1
6490 1
1727 1
3734 1
8037 1
9640 1
5974 1
5961 1
7262 1
9280 1
7293 1
8002 1
3319 1
3096 1
580 1
2130 1
2712 1
1661 1
3646 1
5188 1
3489 1
8424 1
8172 1
3971 1
4765 1
1058 1
2283 1
1976 1
4992 1
8106 1
3147 1
3632 1
149 1
200 1
2501 1
2952 1
8901 1
5161 1
9804 1
8410 1
9823 1
1873 1
650 1
6993 1
327 1
3396 1
9128 1
5682 1
4834 1
8931 1
3703 1
4942 1
4109 1
3175 1
5610 1
815 1
9410 1
9582 1
6765 1
3172 1
5239 1
7730 1
4467 1
6788 1
4121 1
6355 1
5864 1
6346 1
5019 1
7871 1
2655 1
2244 1
3285 1
568 1
9386 1
8958 1
5762 1
5094 1
7960 1
9684 1
7663 1
8278 1
4991 1
626 1
1208 1
3287 1
3599 1
6876 1
5326 1
8772 1
4829 1
7150 1
1193 1
874 1
3914 1
4575 1
9570 1
9370 1
4704 1
8329 1
5009 1
1860 1
9846 1
764 1
1003 1
4946 1
3346 1
5181 1
1125 1
4457 1
6687 1
183 1
6101 1
9570 1
7595 1
2601 1
5118 1
6124 1
943 1
5753 1
8274 1
1788 1
1718 1
8453 1
6427 1
2899 1
8803 1
907 1
1725 1
8664 1
6621 1
7933 1
8606 1
43 1
242 1
6185 1
2938 1
641 1
2765 1
6692 1
1973 1
1885 1
2778 1
7932 1
4313 1
9226 1
3483 1
2907 1
4265 1
577 1
513 1
9704 1
6862 1
3900 1
7793 1
1236 1
9711 1
1985 1
7068 1
2149 1
6129 1
6070 1
734 1
6559 1
2532 1
3409 1
5617 1
6257 1
8555 1
8121 1
7315 1
986 1
8155 1
6712 1
774 1
2361 1
3009 1
7998 1
5429 1
5393 1
2192 1
6204 1
3442 1
5467 1
1742 1
6770 1
6887 1
3503 1
6128 1
3076 1
5317 1
116 1
1103 1
5698 1
7425 1
1908 1
8875 1
7638 1
881 1
4760 1
3182 1
173 1
5419 1
7947 1
1482 1
5541 1
4657 1
7462 1
4901 1
5515 1
7131 1
1167 1
4473 1
3503 1
7566 1
6620 1
4413 1
8264 1
3585 1
3941 1
715 1
1043 1
4838 1
3120 1
8192 1
3141 1
9522 1
480 1
4607 1
1542 1
9603 1
497 1
1328 1
509 1
7721 1
4480 1
1825 1
350 1
4828 1
8548 1
9766 1
8267 1
9386 1
8245 1
7507 1
5030 1
3452 1
1176 1
2314 1
608 1
6655 1
2556 1
8127 1
2682 1
5195 1
9775 1
8641 1
1088 1
4330 1
7804 1
152 1
3163 1
7527 1
9482 1
5176 1
6018 1
8024 1
6974 1
7804 1
878 1
2690 1
7746 1
1225 1
9027 1
1221 1
3484 1
6708 1
5298 1
1958 1
7905 1
272 1
8931 1
1448 1
4315 1
4968 1
1191 1
5431 1
8955 1
5781 1
8621 1
1668 1
1255 1
1379 1
5484 1
4716 1
9691 1
650 1
9827 1
5409 1
5074 1
4618 1
2526 1
8105 1
2563 1
9154 1
730 1
1276 1
9742 1
5084 1
4460 1
3074 1
9114 1
627 1
1587 1
2810 1
5247 1
8032 1
9601 1
9052 1
2147 1
9418 1
3958 1
1260 1
4492 1
5185 1
1707 1
8602 1
6677 1
7509 1
654 1
5574 1
4013 1
2164 1
902 1
337 1
8764 1
9102 1
5221 1
8237 1
6069 1
3804 1
3049 1
1774 1
1629 1
1438 1
4359 1
3238 1
4816 1
5712 1
4019 1
2225 1
5150 1
6804 1
9156 1
476 1
6664 1
8183 1
3537 1
6934 1
3412 1
9134 1
9264 1
3205 1
5253 1
7708 1
8851 1
1686 1
5088 1
1769 1
6246 1
2227 1
4400 1
229 1
1989 1
137 1
6200 1
9313 1
7717 1
6366 1
8471 1
6085 1
966 1
1118 1
3235 1
8679 1
5329 1
7238 1
4298 1
8213 1
7731 1
8685 1
4090 1
8432 1
1973 1
9763 1
2116 1
1189 1
204 1
5983 1
8116 1
878 1
8345 1
3451 1
2043 1
9993 1
6431 1
6010 1
9778 1
8303 1
6643 1
9730 1
1242 1
4460 1
2531 1
5807 1
898 1
4173 1
5708 1
2602 1
6992 1
6205 1
5914 1
5598 1
3055 1
9277 1
745 1
4042 1
881 1
1886 1
3964 1
5589 1
5609 1
8752 1
7036 1
4359 1
9790 1
2975 1
5281 1
2670 1
9793 1
1479 1
8581 1
736 1
5256 1
7486 1
8891 1
5954 1
5259 1
9933 1
6193 1
3785 1
3309 1
7815 1
2878 1
2802 1
1867 1
1216 1
1767 1
72 1
401 1
8824 1
8741 1
6011 1
1580 1
7028 1
6055 1
9087 1
3660 1
3872 1
4746 1
9544 1
8170 1
5058 1
3116 1
7784 1
7576 1
1445 1
4242 1
5273 1
3003 1
1638 1
5753 1
2274 1
5918 1
925 1
5692 1
5034 1
3530 1
8718 1
7515 1
3371 1
7119 1
9512 1
8544 1
3470 1
1302 1
1674 1
2564 1
3462 1
6039 1
9306 1
8486 1
2671 1
168 1
3072 1
6157 1
6862 1
2693 1
7910 1
1934 1
2770 1
1527 1
5075 1
2035 1
8972 1
722 1
5595 1
2102 1
9809 1
9273 1
8907 1
1754 1
4004 1
2713 1
7324 1
970 1
5786 1
5916 1
3051 1
3654 1
9770 1
4418 1
2119 1
9721 1
5801 1
6068 1
5088 1
4766 1
4961 1
6643 1
1361 1
8861 1
1588 1
4568 1
5725 1
7518 1
4302 1
397 1
6913 1
6829 1
1925 1
6681 1
3086 1
8744 1
1413 1
6856 1
9545 1
6666 1
1264 1
3110 1
9546 1
1491 1
124 1
9252 1
2781 1
4935 1
7608 1
6616 1
9064 1
413 1
3475 1
1178 1
1056 1
1236 1
8413 1
8425 1
3068 1
707 1
5596 1
4109 1
95 1
7635 1
2482 1
2996 1
3086 1
8061 1
9703 1
391 1
2590 1
5808 1
7841 1
3821 1
6723 1
5003 1
5952 1
7113 1
6432 1
9611 1
9789 1
8231 1
4486 1
643 1
3517 1
2419 1
7036 1
5010 1
5777 1
7676 1
7729 1
8840 1
1351 1
4803 1
8176 1
9583 1
1916 1
9245 1
1067 1
4766 1
447 1
2742 1
260 1
1988 1
4007 1
5981 1
8577 1
6089 1
1873 1
9979 1
8280 1
4371 1
2492 1
9380 1
9856 1
5773 1
9000 1
4740 1
7592 1
1495 1
3146 1
6360 1
7118 1
2393 1
5018 1
6028 1
6011 1
6790 1
3893 1
5171 1
1271 1
5568 1
5016 1
2949 1
8185 1
601 1
1574 1
6225 1
1752 1
3396 1
523 1
2656 1
9288 1
9256 1
4076 1
5109 1
7026 1
9737 1
9601 1
5816 1
1415 1
3588 1
3696 1
3632 1
236 1
9410 1
1894 1
6013 1
5131 1
784 1
8745 1
2352 1
6658 1
9025 1
8211 1
907 1
8975 1
739 1
4315 1
99 1
7767 1
1604 1
8159 1
5442 1
2850 1
9294 1
9371 1
9213 1
4522 1
4933 1
1167 1
6195 1
1480 1
697 1
9006 1
8923 1
9417 1
4479 1
5654 1
3618 1
1824 1
9001 1
5290 1
4935 1
2335 1
2804 1
6016 1
7758 1
1147 1
8506 1
3372 1
1738 1
252 1
3606 1
6146 1
4686 1
4416 1
8827 1
9693 1
1467 1
7555 1
3120 1
8747 1
5315 1
5471 1
985 1
3039 1
1895 1
847 1
8565 1
9294 1
5107 1
6392 1
3753 1
9354 1
6166 1
296 1
6293 1
3004 1
5576 1
2893 1
9165 1
1239 1
1760 1
6978 1
6642 1
1022 1
7757 1
7286 1
1123 1
4396 1
481 1
5298 1
809 1
9755 1
8287 1
7390 1
5906 1
4383 1
6575 1
85 1
5154 1
7566 1
3975 1
5443 1
5782 1
4288 1
7176 1
349 1
8227 1
1642 1
634 1
7501 1
8137 1
7702 1
2808 1
8328 1
3053 1
498 1
3063 1
6443 1
4117 1
5237 1
9226 1
214 1
6552 1
7325 1
8303 1
8421 1
9599 1
515 1
954 1
6665 1
8727 1
9381 1
4623 1
4249 1
4675 1
3370 1
5558 1
7501 1
8370 1
6412 1
1382 1
3732 1
4186 1
2610 1
2892 1
6819 1
2582 1
8185 1
5286 1
9347 1
3191 1
1046 1
1395 1
2057 1
7465 1
1320 1
8433 1
1810 1
3321 1
5615 1
8197 1
1529 1
1500 1
2676 1
6041 1
5722 1
8119 1
3775 1
3254 1
1957 1
2966 1
6630 1
9433 1
9975 1
2903 1
9395 1
227 1
8895 1
9815 1
6217 1
861 1
7950 1
1374 1
7999 1
6692 1
72 1
3293 1
5317 1
5180 1
7902 1
8603 1
2003 1
5944 1
1845 1
650 1
9738 1
1782 1
1293 1
6651 1
4732 1
753 1
5820 1
4311 1
2588 1
4388 1
6870 1
4195 1
1339 1
4111 1
1592 1
8517 1
3594 1
7579 1
323 1
8577 1
979 1
6497 1
327 1
6951 1
4826 1
1339 1
9962 1
5295 1
3556 1
5260 1
2819 1
855 1
5768 1
5567 1
9710 1
5920 1
4632 1
5769 1
2224 1
4260 1
5214 1
3687 1
2677 1
1374 1
391 1
8081 1
9944 1
5597 1
8775 1
390 1
105 1
7976 1
4720 1
809 1
451 1
457 1
6494 1
3269 1
6318 1
2757 1
3111 1
9474 1
9942 1
4312 1
4053 1
9326 1
6102 1
7433 1
4087 1
5922 1
5679 1
4384 1
4823 1
4850 1
3060 1
1282 1
983 1
9757 1
9904 1
9911 1
1936 1
3204 1
4727 1
2344 1
7534 1
7477 1
5776 1
652 1
1192 1
5390 1
7297 1
4468 1
1427 1
136 1
855 1
6264 1
9120 1
3052 1
9195 1
9740 1
774 1
911 1
3954 1
1310 1
4546 1
5010 1
752 1
8588 1
1786 1
321 1
9650 1
5222 1
7805 1
9491 1
4152 1
6503 1
7315 1
3314 1
573 1
6395 1
7018 1
5847 1
6651 1
9510 1
5116 1
9354 1
7077 1
8932 1
9795 1
8160 1
1596 1
4750 1
4006 1
235 1
8315 1
5904 1
2330 1
5839 1
1592 1
369 1
6929 1
6931 1
5820 1
7025 1
1394 1
8393 1
2892 1
1207 1
1874 1
2606 1
6754 1
2755 1
1640 1
6337 1
6200 1
532 1
1385 1
1968 1
980 1
7494 1
3329 1
5371 1
3268 1
7579 1
9612 1
3528 1
1621 1
965 1
4278 1
8064 1
8970 1
7870 1
6062 1
5363 1
6850 1
7758 1
5991 1
9564 1
4261 1
2112 1
8446 1
1133 1
1396 1
4372 1
4225 1
591 1
4136 1
8832 1
9730 1
31 1
5518 1
4540 1
7183 1
8548 1
6363 1
3828 1
8686 1
2018 1
8799 1
3070 1
2025 1
7624 1
7921 1
8331 1
1401 1
7890 1
7773 1
1205 1
1402 1
9953 1
2099 1
7977 1
9666 1
6537 1
3188 1
9923 1
477 1
6710 1
958 1
9904 1
9030 1
1780 1
7485 1
4491 1
2761 1
6940 1
4466 1
6565 1
6926 1
4177 1
5164 1
5693 1
3502 1
9953 1
3665 1
8771 1
7080 1
4541 1
8893 1
6952 1
2701 1
1431 1
5359 1
5711 1
1696 1
8403 1
1550 1
2172 1
3063 1
994 1
3538 1
1066 1
2080 1
4743 1
407 1
6637 1
9513 1
823 1
8050 1
929 1
2924 1
1724 1
8397 1
9625 1
2518 1
2206 1
9701 1
4716 1
9125 1
6317 1
3172 1
336 1
2763 1
4817 1
4002 1
9363 1
3365 1
5963 1
8171 1
2241 1
8031 1
8064 1
9544 1
3342 1
4575 1
1419 1
555 1
8981 1
5700 1
9599 1
6415 1
1339 1
9734 1
8218 1
3541 1
5227 1
5421 1
3493 1
8840 1
8322 1
7978 1
4783 1
4212 1
1146 1
6425 1
1791 1
3537 1
63 1
4784 1
158 1
3702 1
7488 1
6984 1
4034 1
9833 1
656 1
2856 1
6083 1
150 1
5011 1
8259 1
4225 1
2139 1
6531 1
2301 1
1491 1
1884 1
1437 1
2178 1
7385 1
9702 1
7123 1
5017 1
3749 1
9100 1
9186 1
5580 1
8241 1
6858 1
6412 1
6445 1
3848 1
6764 1
3637 1
8254 1
8622 1
7122 1
900 1
8781 1
7746 1
7058 1
9672 1
1707 1
5121 1
9838 1
1326 1
2108 1
7673 1
3316 1
4817 1
7862 1
9462 1
3939 1
5828 1
7233 1
7578 1
5749 1
9439 1
4315 1
1345 1
285 1
3016 1
9075 1
6638 1
2511 1
6820 1
9212 1
1897 1
32 1
3283 1
8028 1
372 1
1954 1
2889 1
6293 1
8564 1
3278 1
1767 1
7725 1
8899 1
6343 1
1778 1
7098 1
7808 1
5086 1
3737 1
6351 1
5953 1
3382 1
5013 1
1258 1
278 1
7238 1
6577 1
4321 1
6777 1
1667 1
189 1
556 1
192 1
7074 1
3573 1
4191 1
1651 1
1209 1
7345 1
8684 1
3630 1
5116 1
9062 1
4361 1
2184 1
8918 1
5762 1
7746 1
2864 1
4584 1
902 1
2028 1
314 1
9918 1
8420 1
8176 1
23 1
7001 1
2055 1
6091 1
4249 1
4447 1
6699 1
8292 1
3807 1
6094 1
2932 1
8869 1
928 1
8864 1
799 1
6964 1
9973 1
3115 1
2595 1
5410 1
1949 1
5925 1
5725 1
5215 1
4462 1
7192 1
5266 1
2565 1
183 1
5865 1
3231 1
4673 1
1707 1
9544 1
414 1
740 1
5856 1
1671 1
8802 1
2606 1
7778 1
9283 1
3822 1
1262 1
1160 1
688 1
8515 1
8095 1
5962 1
92 1
3757 1
4686 1
8904 1
3338 1
3594 1
5093 1
4860 1
6494 1
3029 1
4321 1
797 1
4317 1
7996 1
115 1
3252 1
9774 1
2078 1
9276 1
2607 1
891 1
6298 1
8469 1
1465 1
2390 1
9367 1
8860 1
4749 1
5660 1
161 1
5752 1
5207 1
2532 1
6033 1
3318 1
1557 1
6528 1
4990 1
2115 1
8967 1
3226 1
8800 1
9014 1
6121 1
1687 1
8271 1
4255 1
363 1
6958 1
364 1
6307 1
8900 1
9651 1
6172 1
9781 1
2159 1
4257 1
2621 1
8696 1
84 1
5241 1
8682 1
9300 1
6972 1
8522 1
4919 1
7326 1
8048 1
585 1
218 1
3566 1
8072 1
4561 1
9262 1
5073 1
5417 1
937 1
1015 1
7222 1
1508 1
7173 1
2313 1
1616 1
4622 1
6473 1
8359 1
3959 1
7458 1
6911 1
737 1
2975 1
3880 1
4955 1
7867 1
4989 1
2923 1
152 1
2869 1
6976 1
3664 1
9603 1
1373 1
4989 1
3264 1
3118 1
3603 1
4815 1
9388 1
6153 1
5589 1
1015 1
6198 1
4481 1
2900 1
79 1
8918 1
9990 1
7842 1
3340 1
2840 1
7784 1
9888 1
5707 1
1039 1
4184 1
2379 1
7904 1
4546 1
7527 1
5588 1
2019 1
1900 1
3987 1
7736 1
706 1
5634 1
7121 1
721 1
8681 1
4435 1
7240 1
5464 1
673 1
5721 1
5445 1
9632 1
9742 1
6135 1
857 1
6526 1
1973 1
9160 1
2017 1
5962 1
815 1
1828 1
1702 1
6342 1
6744 1
9701 1
3569 1
7170 1
3574 1
7466 1
2662 1
3772 1
7774 1
8569 1
4117 1
8324 1
5110 1
1891 1
8259 1
1757 1
9662 1
6872 1
3228 1
6583 1
1404 1
2283 1
116 1
6828 1
6309 1
6850 1
4789 1
2648 1
3064 1
1153 1
7521 1
6522 1
423 1
1907 1
241 1
9218 1
4449 1
7322 1
1907 1
5426 1
450 1
8069 1
8297 1
6706 1
3957 1
5846 1
521 1
2918 1
6003 1
8077 1
6511 1
9974 1
404 1
192 1
2935 1
9809 1
3111 1
3158 1
3790 1
6636 1
7308 1
3007 1
846 1
9855 1
7873 1
4836 1
1257 1
6407 1
2855 1
6951 1
8573 1
3125 1
7143 1
8913 1
1955 1
4039 1
8674 1
9354 1
5237 1
4175 1
7995 1
5611 1
3239 1
7443 1
6175 1
6032 1
1605 1
4077 1
7328 1
7859 1
123 1
8664 1
1470 1
5165 1
1970 1
5961 1
9704 1
55 1
424 1
6014 1
9878 1
6748 1
2309 1
5982 1
4530 1
9452 1
7300 1
2200 1
4921 1
5721 1
4348 1
8992 1
5896 1
4420 1
1079 1
6594 1
315 1
669 1
523 1
6908 1
6604 1
3228 1
1171 1
9926 1
6036 1
5400 1
5836 1
8293 1
1959 1
6277 1
1727 1
8951 1
5901 1
4349 1
2536 1
8963 1
7548 1
9499 1
7881 1
2489 1
1437 1
176 1
8689 1
6633 1
1544 1
8186 1
7409 1
5688 1
1411 1
1706 1
3515 1
7348 1
3791 1
1854 1
1653 1
8100 1
3516 1
5135 1
5449 1
1282 1
5005 1
5706 1
4029 1
3630 1
6658 1
4442 1
2029 1
5628 1
9198 1
7169 1
308 1
1510 1
4691 1
6518 1
2331 1
1222 1
4288 1
9467 1
9620 1
5298 1
1412 1
7819 1
9107 1
6768 1
5334 1
1481 1
4917 1
4185 1
9745 1
5217 1
9910 1
2087 1
1963 1
2024 1
7986 1
582 1
5268 1
2365 1
721 1
1414 1
1846 1
6744 1
8936 1
9203 1
3726 1
1699 1
8868 1
192 1
1414 1
9096 1
120 1
1783 1
7260 1
2114 1
4796 1
5653 1
9073 1
7827 1
8801 1
7319 1
3908 1
5226 1
8751 1
6111 1
2316 1
3576 1
5914 1
8640 1
8758 1
6879 1
4080 1
5773 1
2776 1
6269 1
3062 1
9095 1
9351 1
8147 1
7498 1
8965 1
2697 1
8947 1
5007 1
1564 1
8554 1
1265 1
5993 1
2033 1
7117 1
6800 1
6894 1
7472 1
1836 1
4031 1
9818 1
7809 1
7090 1
1093 1
4575 1
5995 1
6553 1
7100 1
1265 1
3390 1
1210 1
6013 1
5782 1
719 1
1690 1
7344 1
8256 1
9437 1
6720 1
6594 1
5694 1
9698 1
2605 1
7643 1
405 1
5672 1
8089 1
6368 1
1110 1
6132 1
2448 1
4944 1
2657 1
7379 1
7194 1
2504 1
1973 1
8922 1
7463 1
248 1
4247 1
7494 1
622 1
1357 1
9562 1
4166 1
8771 1
6305 1
9963 1
5881 1
2126 1
9033 1
3320 1
5718 1
7499 1
4799 1
4680 1
32 1
5187 1
8321 1
7517 1
8083 1
8894 1
8568 1
8057 1
6407 1
8400 1
4323 1
4597 1
263 1
1038 1
9853 1
1036 1
464 1
9579 1
8023 1
4553 1
9249 1
6863 1
5220 1
643 1
326 1
7243 1
9241 1
3528 1
9503 1
6214 1
2361 1
4239 1
9644 1
5814 1
3385 1
6633 1
7508 1
9860 1
9514 1
2502 1
4097 1
5551 1
7322 1
8666 1
9438 1
7871 1
3582 1
8749 1
7708 1
1861 1
1714 1
1521 1
3508 1
3082 1
6792 1
4166 1
4187 1
9893 1
1823 1
9536 1
2295 1
7514 1
9886 1
8431 1
2254 1
8524 1
2183 1
1244 1
9197 1
2474 1
6716 1
829 1
2734 1
6924 1
9621 1
8675 1
3290 1
8945 1
6060 1
9783 1
7336 1
5986 1
1205 1
2150 1
4939 1
9891 1
5270 1
1668 1
7602 1
3317 1
2931 1
4027 1
7867 1
8703 1
3295 1
5500 1
2726 1
2173 1
7665 1
9040 1
3254 1
3346 1
2346 1
657 1
6592 1
2593 1
9839 1
8859 1
6971 1
3306 1
1943 1
8914 1
4900 1
1400 1
3695 1
4689 1
8109 1
1660 1
7446 1
4729 1
3888 1
5057 1
7648 1
6595 1
7352 1
7713 1
570 1
8163 1
2518 1
3471 1
5269 1
7365 1
420 1
380 1
6763 1
9321 1
6799 1
603 1
491 1
3378 1
1654 1
4484 1
5863 1
7763 1
5341 1
2764 1
1985 1
8482 1
1896 1
7267 1
5414 1
898 1
361 1
3242 1
7982 1
1998 1
6720 1
4201 1
3644 1
3902 1
1380 1
9065 1
7541 1
2150 1
1290 1
3808 1
8469 1
7568 1
3098 1
9916 1
4228 1
3882 1
4593 1
130 1
2999 1
9082 1
5247 1
2625 1
6102 1
8733 1
1908 1
6544 1
3539 1
8415 1
5491 1
8876 1
8644 1
3840 1
4591 1
7768 1
9898 1
581 1
4982 1
2692 1
3414 1
8428 1
5672 1
3169 1
8783 1
4911 1
8889 1
3728 1
5420 1
3636 1
3721 1
446 1
1592 1
1235 1
7659 1
460 1
9852 1
1866 1
6210 1
8436 1
6564 1
3790 1
5004 1
6042 1
2319 1
8294 1
1758 1
4131 1
3505 1
6088 1
4793 1
4395 1
3871 1
2804 1
2129 1
4354 1
3962 1
7240 1
8197 1
8475 1
2799 1
3455 1
9588 1
7963 1
5866 1
2805 1
1101 1
2496 1
5600 1
4951 1
1907 1
2696 1
5084 1
5215 1
6462 1
726 1
2563 1
6809 1
8560 1
2936 1
6492 1
1648 1
2598 1
4070 1
4658 1
8570 1
6192 1
6943 1
7037 1
7002 1
2410 1
2625 1
5510 1
2050 1
5193 1
8008 1
9429 1
8287 1
4705 1
302 1
427 1
5509 1
4955 1
9726 1
1102 1
4736 1
5297 1
7902 1
6821 1
3325 1
7994 1
6279 1
3778 1
4526 1
5773 1
4500 1
5110 1
4016 1
5729 1
3282 1
3957 1
1546 1
5251 1
4052 1
815 1
8023 1
714 1
1239 1
9539 1
8810 1
5366 1
7513 1
6878 1
1660 1
6127 1
9867 1
7994 1
5636 1
8141 1
5244 1
373 1
7594 1
5636 1
7434 1
6572 1
5984 1
1176 1
2729 1
278 1
9428 1
4402 1
4318 1
4697 1
7565 1
7368 1
2837 1
2206 1
655 1
2097 1
792 1
6725 1
7858 1
4761 1
2202 1
4200 1
5892 1
6640 1
9115 1
8585 1
6923 1
3634 1
5656 1
3070 1
988 1
8612 1
8656 1
4060 1
9205 1
3558 1
9400 1
6292 1
3528 1
4162 1
5967 1
9893 1
257 1
97 1
2888 1
5871 1
8228 1
3481 1
3518 1
8022 1
3547 1
2650 1
640 1
9521 1
1148 1
7364 1
9366 1
5493 1
340 1
9029 1
9425 1
1539 1
1222 1
7729 1
8945 1
1741 1
4121 1
5837 1
7719 1
5604 1
3891 1
5471 1
7274 1
2921 1
6250 1
966 1
9777 1
9671 1
9556 1
9145 1
3219 1
1710 1
4269 1
3144 1
1425 1
1011 1
9651 1
3916 1
3877 1
4194 1
4828 1
9999 1
2936 1
5190 1
3157 1
3324 1
3434 1
1126 1
999 1
5379 1
3259 1
6817 1
2711 1
7394 1
668 1
3250 1
1758 1
2013 1
3402 1
3600 1
611 1
8307 1
7310 1
7105 1
8680 1
1437 1
8460 1
5617 1
9984 1
5755 1
7773 1
8062 1
5971 1
2501 1
3477 1
6102 1
3093 1
1818 1
3100 1
6035 1
4757 1
355 1
9126 1
6612 1
62 1
5675 1
5651 1
8294 1
227 1
1492 1
885 1
1771 1
1171 1
7136 1
281 1
352 1
6451 1
6643 1
9793 1
3335 1
6137 1
5267 1
6473 1
2672 1
1433 1
2316 1
5131 1
1978 1
367 1
1268 1
7195 1
6347 1
4051 1
4880 1
605 1
7497 1
9232 1
6677 1
1948 1
4266 1
6585 1
1698 1
8123 1
9227 1
809 1
5490 1
3469 1
7067 1
1091 1
6244 1
2860 1
8615 1
644 1
4089 1
8947 1
9808 1
1622 1
1652 1
7205 1
5092 1
9861 1
9325 1
9211 1
1598 1
5274 1
5296 1
5190 1
3422 1
9361 1
2219 1
5513 1
6253 1
1672 1
4014 1
9782 1
7131 1
8204 1
3359 1
272 1
9501 1
1777 1
8951 1
2901 1
4407 1
4735 1
9750 1
4606 1
8727 1
3840 1
502 1
918 1
1777 1
853 1
9359 1
5950 1
3371 1
5074 1
8000 1
1042 1
9215 1
7402 1
5046 1
7690 1
6082 1
1757 1
2855 1
5388 1
511 1
8886 1
4604 1
4284 1
3510 1
4434 1
6685 1
1812 1
1869 1
1477 1
5114 1
822 1
6833 1
137 1
9764 1
940 1
1771 1
2948 1
3586 1
4611 1
5264 1
2368 1
3307 1
1583 1
7397 1
9956 1
1892 1
7431 1
6591 1
5472 1
2887 1
9823 1
487 1
3063 1
5813 1
2912 1
2045 1
4192 1
9245 1
8665 1
9635 1
861 1
873 1
5119 1
2957 1
1750 1
7369 1
286 1
9977 1
1717 1
4285 1
9118 1
6887 1
3497 1
6539 1
5471 1
6845 1
7189 1
7666 1
1895 1
9347 1
4524 1
3428 1
8902 1
47 1
8637 1
7725 1
329 1
3570 1
2581 1
362 1
4050 1
1312 1
7111 1
2144 1
9413 1
7474 1
5373 1
1050 1
6464 1
5585 1
1592 1
8074 1
4272 1
7194 1
1465 1
5618 1
3498 1
2994 1
7971 1
7764 1
9398 1
8497 1
5938 1
8473 1
7744 1
7217 1
8212 1
3380 1
9829 1
8079 1
5990 1
1425 1
1664 1
88 1
3914 1
1219 1
9283 1
8078 1
1247 1
1407 1
4601 1
1788 1
9430 1
2976 1
1276 1
6490 1
5559 1
2606 1
1509 1
3568 1
2486 1
6427 1
3269 1
3260 1
5051 1
2199 1
2580 1
2147 1
5514 1
5334 1
812 1
4974 1
3528 1
8651 1
5197 1
9988 1
5626 1
6695 1
8056 1
3751 1
1074 1
7017 1
3349 1
7004 1
5807 1
143 1
2148 1
5770 1
2642 1
2601 1
8878 1
3802 1
6037 1
4165 1
8540 1
6420 1
541 1
5088 1
2750 1
4985 1
4636 1
7469 1
2143 1
4000 1
8516 1
6351 1
7652 1
9155 1
2923 1
9439 1
7568 1
4281 1
5527 1
1405 1
3695 1
6787 1
2865 1
5726 1
7481 1
1747 1
1365 1
1739 1
4504 1
2859 1
1595 1
1746 1
9526 1
3091 1
3972 1
9539 1
4737 1
5844 1
2062 1
6661 1
1935 1
5085 1
2435 1
5832 1
1156 1
3773 1
2207 1
9218 1
2656 1
1592 1
8732 1
4577 1
3212 1
8332 1
8116 1
3797 1
8418 1
4414 1
6180 1
3235 1
5137 1
2283 1
441 1
9461 1
4720 1
3025 1
4378 1
1110 1
8961 1
3758 1
6183 1
6251 1
1028 1
257 1
3521 1
5473 1
2449 1
3950 1
5954 1
5098 1
2385 1
9349 1
6996 1
7432 1
1489 1
3671 1
471 1
857 1
9345 1
4805 1
7798 1
6190 1
6562 1
6194 1
7422 1
2827 1
5967 1
862 1
4278 1
3091 1
2850 1
618 1
3021 1
8676 1
4634 1
4955 1
7981 1
6153 1
3455 1
5504 1
2191 1
3091 1
1845 1
3213 1
1718 1
3123 1
4044 1
2331 1
7445 1
378 1
9257 1
3619 1
6525 1
6797 1
8565 1
2026 1
3428 1
5440 1
3223 1
9668 1
8185 1
7881 1
8294 1
9570 1
9006 1
5438 1
2055 1
2748 1
1868 1
3510 1
5272 1
8241 1
8026 1
4757 1
6743 1
5999 1
1118 1
7507 1
5289 1
7272 1
7763 1
9855 1
2729 1
9695 1
7187 1
553 1
653 1
5379 1
3749 1
9639 1
5417 1
1713 1
7250 1
4766 1
4838 1
1610 1
903 1
9191 1
219 1
8091 1
8717 1
6963 1
2411 1
2434 1
7613 1
708 1
4877 1
2603 1
6775 1
4967 1
1147 1
7223 1
6262 1
8819 1
1920 1
2 1
1831 1
7850 1
9467 1
3417 1
5285 1
822 1
7023 1
2279 1
2371 1
5391 1
6713 1
8696 1
7263 1
1717 1
8247 1
1221 1
3144 1
3838 1
9002 1
9970 1
4449 1
7712 1
7373 1
9564 1
5087 1
3156 1
7391 1
7872 1
9614 1
8468 1
7801 1
8476 1
715 1
1247 1
7920 1
3238 1
5302 1
9837 1
8246 1
5876 1
3630 1
2272 1
1798 1
7975 1
894 1
7194 1
1271 1
1724 1
6609 1
2407 1
5896 1
1041 1
51 1
7207 1
9494 1
9539 1
4950 1
9206 1
2180 1
2538 1
9825 1
3984 1
2259 1
6747 1
1084 1
7483 1
3837 1
3100 1
9312 1
1654 1
8894 1
8467 1
8413 1
6088 1
3003 1
3747 1
8193 1
8883 1
5401 1
1904 1
2893 1
3424 1
3251 1
665 1
3207 1
2759 1
7457 1
4181 1
4384 1
6944 1
2378 1
1400 1
278 1
6392 1
2361 1
7396 1
2668 1
4199 1
6740 1
5241 1
2329 1
1342 1
749 1
306 1
3041 1
465 1
7797 1
2700 1
3235 1
5014 1
4929 1
7405 1
1348 1
2370 1
2983 1
7860 1
8291 1
6990 1
5368 1
7207 1
8206 1
5564 1
979 1
7230 1
9507 1
1358 1
5677 1
1893 1
1099 1
1306 1
8952 1
9603 1
6697 1
8447 1
6046 1
9273 1
7119 1
9103 1
7322 1
2977 1
9034 1
2863 1
4113 1
7195 1
3327 1
4863 1
3362 1
4405 1
9639 1
9696 1
2923 1
4086 1
7785 1
2721 1
220 1
5531 1
7703 1
9297 1
5686 1
8790 1
3420 1
5427 1
4163 1
8666 1
2127 1
6528 1
9559 1
3314 1
7119 1
2883 1
7757 1
2380 1
7711 1
8665 1
9492 1
836 1
9687 1
4350 1
6893 1
8447 1
4247 1
6955 1
2705 1
8670 1
4489 1
7272 1
9301 1
9469 1
8307 1
6542 1
8386 1
7866 1
6707 1
1544 1
1934 1
2378 1
1816 1
6128 1
964 1
9810 1
6279 1
1822 1
5716 1
9001 1
6148 1
4696 1
6490 1
9866 1
3077 1
5823 1
6047 1
5540 1
4266 1
6551 1
3944 1
7545 1
6055 1
4709 1
5254 1
4361 1
7049 1
9947 1
465 1
4050 1
6238 1
430 1
5274 1
2523 1
5440 1
7165 1
6290 1
3590 1
8949 1
4612 1
8997 1
81 1
4962 1
2790 1
3578 1
7380 1
7006 1
6620 1
9509 1
4087 1
6152 1
6455 1
7477 1
7250 1
3496 1
9868 1
9428 1
1397 1
8492 1
4321 1
7718 1
7675 1
1105 1
2865 1
4843 1
4561 1
5515 1
3139 1
6138 1
367 1
4801 1
2889 1
3519 1
8969 1
2011 1
943 1
7039 1
2833 1
5359 1
333 1
9310 1
4186 1
5940 1
7577 1
928 1
2065 1
6656 1
9474 1
4024 1
4158 1
4212 1
3846 1
6991 1
2718 1
6286 1
3904 1
3859 1
7597 1
2144 1
3134 1
8634 1
1816 1
796 1
6181 1
4444 1
7970 1
4440 1
4409 1
9406 1
6066 1
9292 1
1201 1
332 1
9829 1
4199 1
9537 1
2998 1
8887 1
588 1
4554 1
1741 1
1946 1
6551 1
8151 1
5488 1
1031 1
2266 1
8917 1
5587 1
1070 1
6558 1
1812 1
9013 1
6277 1
9252 1
7572 1
2902 1
1804 1
1307 1
7061 1
9432 1
4515 1
1689 1
9687 1
3739 1
9314 1
3389 1
6087 1
7439 1
6641 1
6041 1
712 1
7142 1
710 1
489 1
1783 1
1758 1
5321 1
4775 1
8053 1
8595 1
2784 1
4433 1
3731 1
8963 1
7424 1
3345 1
8940 1
9718 1
7417 1
211 1
9001 1
7408 1
4386 1
6328 1
8190 1
6377 1
9694 1
2723 1
9657 1
8490 1
110 1
4562 1
484 1
3521 1
9105 1
4505 1
7312 1
2927 1
7072 1
3705 1
6392 1
9447 1
261 1
6498 1
4944 1
6237 1
9566 1
5011 1
6421 1
9662 1
8819 1
5028 1
7578 1
95 1
649 1
6675 1
6453 1
3189 1
3860 1
7863 1
7387 1
355 1
4986 1
812 1
7850 1
946 1
3889 1
6468 1
5197 1
3830 1
10 1
5249 1
7958 1
1834 1
4146 1
1614 1
8437 1
8370 1
8140 1
3015 1
967 1
5664 1
9415 1
1673 1
5465 1
7981 1
8633 1
7432 1
2260 1
7127 1
4322 1
2064 1
1413 1
6546 1
4210 1
7590 1
1580 1
3298 1
24 1
8290 1
5831 1
4372 1
6106 1
5992 1
7565 1
6890 1
9112 1
1919 1
7068 1
5096 1
1122 1
8121 1
6797 1
3454 1
3927 1
9904 1
4105 1
9809 1
871 1
5315 1
369 1
5203 1
2765 1
9773 1
2521 1
9267 1
1644 1
8638 1
2490 1
8432 1
4802 1
1167 1
4286 1
2523 1
8099 1
3756 1
1182 1
5967 1
4453 1
4046 1
8860 1
9294 1
8582 1
1249 1
6358 1
9681 1
3975 1
4482 1
5565 1
9638 1
1864 1
3668 1
3793 1
7404 1
6057 1
7645 1
7599 1
4591 1
6824 1
1997 1
8616 1
7078 1
1053 1
2656 1
918 1
7825 1
7244 1
2531 1
6647 1
9154 1
5462 1
4487 1
2046 1
3515 1
823 1
4848 1
5839 1
6794 1
3045 1
9311 1
4895 1
8535 1
4581 1
8765 1
5720 1
6228 1
9228 1
3226 1
3906 1
3903 1
3101 1
597 1
2084 1
6492 1
7340 1
7548 1
43 1
2089 1
2411 1
7494 1
6282 1
1282 1
6292 1
6028 1
5134 1
1548 1
9372 1
1108 1
4749 1
8062 1
6892 1
5053 1
5202 1
3904 1
4149 1
3177 1
4455 1
5903 1
1858 1
262 1
7382 1
502 1
8526 1
3700 1
4587 1
1651 1
7372 1
7228 1
9173 1
8424 1
1980 1
9883 1
8022 1
9255 1
9387 1
4023 1
5115 1
9902 1
500 1
2215 1
4489 1
6152 1
7365 1
4408 1
617 1
7210 1
7331 1
2665 1
9309 1
4360 1
901 1
2500 1
700 1
354 1
6393 1
9387 1
7719 1
1442 1
5584 1
39 1
7555 1
7489 1
9198 1
6280 1
3523 1
6197 1
3941 1
5347 1
4840 1
5837 1
1605 1
3861 1
3593 1
2091 1
1731 1
5472 1
3233 1
2322 1
3954 1
3815 1
1436 1
3140 1
6347 1
4990 1
4457 1
7384 1
1995 1
8332 1
7385 1
2789 1
1426 1
5567 1
3891 1
3046 1
8449 1
7007 1
8613 1
5970 1
2592 1
1115 1
5636 1
5202 1
7234 1
3906 1
5834 1
3752 1
1009 1
8094 1
7186 1
3614 1
2055 1
728 1
2632 1
6602 1
9093 1
4959 1
4311 1
5395 1
3537 1
5604 1
4510 1
9268 1
4045 1
6911 1
2854 1
7119 1
7001 1
5147 1
4055 1
4320 1
8124 1
10 1
9250 1
6165 1
1742 1
4947 1
4351 1
6170 1
5624 1
6553 1
8310 1
9922 1
6694 1
5107 1
4433 1
2066 1
5825 1
809 1
5598 1
2227 1
582 1
9423 1
2607 1
5820 1
5598 1
6193 1
6805 1
2212 1
4556 1
1252 1
9782 1
733 1
9939 1
4131 1
6760 1
6306 1
6557 1
1290 1
5682 1
7076 1
9769 1
9987 1
4193 1
724 1
4966 1
7296 1
4076 1
6837 1
2107 1
8609 1
4921 1
4658 1
5942 1
9443 1
6872 1
6462 1
6481 1
7104 1
7267 1
5929 1
2863 1
1767 1
8526 1
3304 1
3344 1
7133 1
7151 1
5713 1
2998 1
1213 1
3947 1
8391 1
9321 1
6166 1
4281 1
5723 1
8270 1
9583 1
9860 1
7282 1
6059 1
2386 1
1104 1
4847 1
9142 1
9858 1
1544 1
4775 1
257 1
4899 1
7078 1
1205 1
6531 1
2165 1
6479 1
9588 1
9548 1
2126 1
6425 1
1591 1
9412 1
953 1
5686 1
5083 1
2991 1
3392 1
656 1
6422 1
894 1
5796 1
1013 1
4053 1
9173 1
8349 1
7852 1
4178 1
984 1
8337 1
3589 1
2088 1
7212 1
527 1
1782 1
3673 1
1591 1
7171 1
6722 1
4449 1
7037 1
589 1
1333 1
5213 1
5230 1
4642 1
6551 1
4057 1
8336 1
3812 1
1178 1
5518 1
8375 1
1023 1
8886 1
8964 1
5797 1
4662 1
5926 1
5537 1
2213 1
5827 1
5749 1
1656 1
327 1
2990 1
2419 1
2385 1
6650 1
7777 1
3653 1
3691 1
3673 1
1943 1
4648 1
6942 1
7485 1
8272 1
9463 1
9057 1
6945 1
8944 1
4197 1
7192 1
394 1
9326 1
2126 1
7866 1
43 1
3267 1
7224 1
8380 1
1781 1
7255 1
5865 1
5316 1
8295 1
324 1
5635 1
7905 1
1716 1
690 1
1413 1
206 1
9666 1
1484 1
2231 1
1408 1
1935 1
4478 1
9048 1
5947 1
3504 1
4029 1
188 1
196 1
90 1
7295 1
3139 1
1908 1
7319 1
2789 1
6262 1
3260 1
6521 1
4370 1
6085 1
9294 1
6932 1
6085 1
4921 1
9608 1
8707 1
3601 1
5308 1
4217 1
9677 1
6250 1
9775 1
5759 1
6037 1
4765 1
7149 1
805 1
6994 1
2272 1
2605 1
5331 1
4509 1
7992 1
9354 1
5491 1
2882 1
3762 1
3135 1
8815 1
8854 1
4128 1
9757 1
3222 1
9791 1
5237 1
982 1
8537 1
1179 1
7151 1
4894 1
956 1
5175 1
2638 1
2650 1
69 1
7899 1
2161 1
6128 1
7414 1
523 1
2054 1
5561 1
4379 1
8473 1
7608 1
9120 1
8699 1
9010 1
2604 1
1205 1
3854 1
2072 1
24 1
889 1
8063 1
1945 1
8918 1
734 1
826 1
1306 1
5619 1
7092 1
8752 1
7970 1
7323 1
634 1
7774 1
3107 1
9093 1
6876 1
8361 1
3197 1
9489 1
28 1
1817 1
2902 1
1173 1
6412 1
8048 1
5265 1
2823 1
7729 1
4187 1
5161 1
531 1
4958 1
6384 1
6747 1
900 1
1213 1
5794 1
6424 1
5730 1
4215 1
3410 1
8599 1
1206 1
8621 1
4589 1
759 1
7378 1
2956 1
5073 1
688 1
2733 1
6993 1
3326 1
2714 1
2504 1
405 1
7447 1
4636 1
2826 1
7269 1
5960 1
6793 1
8959 1
2037 1
1638 1
8232 1
3588 1
8054 1
3290 1
2963 1
4167 1
2597 1
6486 1
8370 1
5865 1
440 1
8730 1
7786 1
2649 1
9904 1
5701 1
5246 1
5144 1
805 1
604 1
614 1
3975 1
5174 1
9889 1
5658 1
6612 1
5859 1
4305 1
739 1
5563 1
6282 1
3205 1
2812 1
5230 1
2881 1
4486 1
1483 1
6845 1
4352 1
6373 1
2523 1
9808 1
9818 1
208 1
9105 1
9378 1
9370 1
6622 1
5474 1
379 1
2240 1
5330 1
3897 1
9364 1
3362 1
9986 1
7222 1
4079 1
7831 1
9764 1
6341 1
7649 1
8519 1
9460 1
1972 1
6664 1
1305 1
5771 1
3777 1
9071 1
3861 1
5996 1
4625 1
1177 1
8428 1
7673 1
6049 1
5164 1
2230 1
3513 1
1741 1
7675 1
7982 1
6972 1
4137 1
9034 1
9854 1
5856 1
9863 1
6806 1
2617 1
1763 1
5644 1
7653 1
3833 1
6301 1
3851 1
8204 1
485 1
9656 1
2905 1
6819 1
2941 1
5079 1
1211 1
7779 1
4210 1
8057 1
2674 1
8645 1
6458 1
6419 1
9352 1
1176 1
9570 1
8470 1
8557 1
3015 1
1101 1
6677 1
1759 1
1255 1
5991 1
9425 1
3318 1
3985 1
838 1
5398 1
5462 1
7590 1
9587 1
8578 1
5445 1
3251 1
5376 1
7456 1
1838 1
2425 1
4757 1
3347 1
3092 1
2811 1
9217 1
5648 1
1157 1
7613 1
7113 1
7524 1
2384 1
9721 1
9524 1
3259 1
6549 1
9834 1
6744 1
5887 1
8868 1
8198 1
7704 1
6789 1
3749 1
6487 1
3783 1
3698 1
6385 1
2639 1
6809 1
6276 1
4279 1
512 1
6198 1
6646 1
9627 1
349 1
2952 1
3041 1
6161 1
8361 1
3899 1
7365 1
9868 1
1374 1
9540 1
3943 1
3008 1
3472 1
3368 1
9333 1
2435 1
9203 1
6893 1
3858 1
8725 1
9070 1
8018 1
6633 1
4147 1
2297 1
9833 1
3896 1
5821 1
1778 1
1772 1
1382 1
9310 1
1755 1
8490 1
3443 1
478 1
2230 1
5254 1
7365 1
6403 1
9389 1
3104 1
4815 1
8074 1
9866 1
8509 1
4172 1
6017 1
9565 1
8148 1
7296 1
9195 1
9157 1
8009 1
2093 1
836 1
340 1
5100 1
5743 1
8246 1
4580 1
9479 1
9111 1
2661 1
6866 1
8569 1
3385 1
8124 1
9344 1
769 1
3782 1
3722 1
1694 1
780 1
2150 1
6710 1
7571 1
5107 1
7887 1
4929 1
7684 1
5629 1
1313 1
1138 1
7006 1
7706 1
8787 1
6375 1
2764 1
7533 1
2437 1
3724 1
6034 1
1113 1
1555 1
6304 1
3263 1
4316 1
7870 1
2220 1
4591 1
420 1
8520 1
140 1
4920 1
7058 1
1958 1
3902 1
5319 1
1037 1
1067 1
3100 1
8819 1
6587 1
8989 1
3021 1
9567 1
4179 1
985 1
7891 1
2547 1
7202 1
3580 1
5711 1
283 1
7749 1
922 1
7779 1
7534 1
2247 1
6176 1
104 1
2702 1
9770 1
3723 1
3182 1
6498 1
5113 1
9276 1
1237 1
4060 1
8341 1
2923 1
5541 1
1742 1
7269 1
9358 1
8831 1
1255 1
858 1
8723 1
6987 1
3861 1
670 1
6662 1
3118 1
9312 1
5347 1
3004 1
5162 1
9192 1
2937 1
1793 1
5433 1
132 1
4683 1
4154 1
6700 1
3281 1
8150 1
5160 1
7581 1
5421 1
655 1
6800 1
9124 1
6709 1
3080 1
1961 1
4706 1
7086 1
3870 1
97 1
206 1
9299 1
8324 1
2875 1
5302 1
8207 1
830 1
358 1
1833 1
7564 1
3632 1
7358 1
1623 1
3270 1
4982 1
8225 1
6351 1
7213 1
2285 1
4502 1
1251 1
7786 1
3796 1
7224 1
8621 1
2232 1
813 1
1430 1
3592 1
6837 1
372 1
4666 1
2252 1
2923 1
5884 1
8397 1
5143 1
2192 1
9616 1
7655 1
4853 1
8769 1
5352 1
902 1
1424 1
2991 1
6646 1
9443 1
5507 1
5680 1
8101 1
5238 1
9951 1
2701 1
3415 1
1660 1
1583 1
2222 1
8696 1
3758 1
5729 1
6909 1
7878 1
2108 1
3096 1
6717 1
6582 1
8827 1
1614 1
4665 1
8600 1
8877 1
2201 1
7569 1
9952 1
7964 1
400 1
4455 1
562 1
4145 1
3439 1
9515 1
2860 1
5715 1
6855 1
1801 1
8526 1
9549 1
5025 1
8968 1
9776 1
6147 1
5848 1
5044 1
8819 1
510 1
9100 1
1582 1
9141 1
9311 1
6260 1
3323 1
8828 1
2926 1
7222 1
4839 1
2462 1
7937 1
77 1
4805 1
1660 1
7588 1
2973 1
2132 1
9050 1
8721 1
9886 1
6708 1
3339 1
2629 1
9393 1
1441 1
3688 1
3317 1
1432 1
202 1
2845 1
1250 1
4506 1
8952 1
1992 1
4928 1
2413 1
2932 1
6860 1
3447 1
2930 1
6087 1
1176 1
5355 1
2865 1
5671 1
2908 1
377 1
7655 1
5184 1
9397 1
1620 1
4069 1
154 1
5740 1
1426 1
5428 1
2783 1
5366 1
5860 1
7416 1
3664 1
5743 1
1141 1
9659 1
3362 1
4308 1
1141 1
9769 1
7071 1
897 1
7565 1
3716 1
9279 1
736 1
5268 1
9703 1
8385 1
4963 1
7024 1
5240 1
728 1
6218 1
598 1
6398 1
7947 1
1316 1
4422 1
9310 1
2617 1
1160 1
284 1
9292 1
7600 1
606 1
1878 1
1954 1
2827 1
37 1
68 1
3697 1
3598 1
3084 1
831 1
3414 1
3969 1
2755 1
3331 1
9445 1
2404 1
2492 1
4148 1
2685 1
3664 1
2292 1
3990 1
3729 1
4813 1
3444 1
9813 1
9749 1
5656 1
750 1
3458 1
9527 1
5981 1
6825 1
9400 1
2362 1
1668 1
9552 1
4808 1
2136 1
5831 1
3613 1
6926 1
7417 1
6075 1
8658 1
6585 1
3938 1
8953 1
1039 1
7840 1
8438 1
9078 1
5935 1
9458 1
2755 1
4393 1
7752 1
1824 1
6345 1
4344 1
8031 1
806 1
1439 1
9531 1
5547 1
4818 1
6352 1
854 1
6377 1
6187 1
6366 1
4691 1
9005 1
1282 1
9077 1
2923 1
2105 1
8779 1
6410 1
5857 1
54 1
1784 1
7472 1
9342 1
4634 1
4670 1
8718 1
2230 1
1295 1
7207 1
6394 1
2694 1
4698 1
6488 1
703 1
3080 1
7915 1
7874 1
1977 1
6128 1
6341 1
1666 1
7686 1
6814 1
8271 1
1577 1
6588 1
2962 1
6974 1
7760 1
6373 1
5626 1
6427 1
5837 1
7759 1
909 1
2567 1
8089 1
848 1
4284 1
7395 1
9751 1
6561 1
9654 1
9233 1
6749 1
17 1
2194 1
9410 1
6712 1
5824 1
6481 1
7516 1
6979 1
9523 1
3903 1
4583 1
1834 1
6347 1
4913 1
3257 1
1301 1
9451 1
1504 1
7681 1
2418 1
145 1
98 1
3034 1
3263 1
369 1
4631 1
9912 1
9318 1
1510 1
925 1
379 1
6750 1
3484 1
5460 1
3942 1
7299 1
8043 1
8429 1
5296 1
7940 1
9674 1
491 1
6496 1
4709 1
6750 1
4641 1
6114 1
3406 1
2782 1
2050 1
3323 1
3893 1
7297 1
6885 1
4088 1
6509 1
3579 1
2285 1
803 1
585 1
541 1
3171 1
5102 1
5761 1
1723 1
9042 1
5253 1
8494 1
1635 1
148 1
5169 1
3105 1
357 1
7193 1
1115 1
8887 1
9772 1
6796 1
8739 1
3470 1
3473 1
7491 1
437 1
726 1
9866 1
200 1
453 1
8839 1
6015 1
8271 1
5244 1
8131 1
8274 1
5798 1
9112 1
5478 1
3415 1
9586 1
4064 1
7868 1
5149 1
4038 1
4710 1
2973 1
2131 1
5375 1
2369 1
2395 1
6846 1
3693 1
4738 1
1872 1
9580 1
8116 1
2599 1
1132 1
2377 1
7431 1
1352 1
4612 1
6090 1
3616 1
2327 1
5460 1
6724 1
2765 1
120 1
185 1
5216 1
2681 1
6452 1
6554 1
3361 1
1832 1
761 1
5805 1
6249 1
4133 1
53 1
3330 1
8743 1
8063 1
7728 1
3338 1
5136 1
7855 1
7118 1
6228 1
5616 1
8232 1
1568 1
9081 1
763 1
2602 1
8255 1
257 1
2174 1
2349 1
3465 1
9706 1
2170 1
1865 1
2072 1
8367 1
749 1
935 1
2552 1
9819 1
855 1
5271 1
2822 1
2578 1
4013 1
5929 1
1990 1
9560 1
1606 1
6581 1
4217 1
7164 1
1198 1
5109 1
2160 1
4816 1
9278 1
9035 1
4632 1
5244 1
2152 1
4982 1
4361 1
9368 1
8860 1
5995 1
1815 1
1287 1
9529 1
4546 1
1412 1
57 1
4285 1
3451 1
7524 1
8274 1
6007 1
2224 1
6117 1
912 1
6946 1
7978 1
1428 1
2568 1
1368 1
9824 1
4937 1
8876 1
8304 1
8191 1
3680 1
446 1
7913 1
790 1
7022 1
5168 1
7982 1
1315 1
1201 1
4104 1
8829 1
3445 1
1174 1
1024 1
7252 1
1432 1
5233 1
9741 1
6253 1
9149 1
7217 1
2054 1
6547 1
7357 1
9596 1
7143 1
2418 1
3340 1
123 1
3969 1
7384 1
6409 1
1124 1
6562 1
3544 1
8594 1
2462 1
8362 1
2941 1
35 1
4242 1
9807 1
6455 1
6351 1
8228 1
535 1
3997 1
2252 1
8598 1
9370 1
9605 1
4461 1
8519 1
1325 1
9401 1
2426 1
7964 1
1306 1
8952 1
9355 1
2017 1
4140 1
453 1
9017 1
8577 1
5843 1
136 1
2460 1
7132 1
1255 1
9655 1
5798 1
7448 1
7004 1
1636 1
5478 1
8810 1
7519 1
8548 1
3740 1
2388 1
3536 1
2002 1
8415 1
5342 1
7340 1
7814 1
8070 1
318 1
7057 1
6515 1
8922 1
7625 1
39 1
5874 1
4684 1
6623 1
7075 1
6705 1
6255 1
7051 1
6802 1
941 1
2182 1
1370 1
8389 1
3814 1
9233 1
6504 1
272 1
2292 1
7601 1
7547 1
3944 1
7900 1
569 1
8248 1
5276 1
2212 1
3942 1
5674 1
2758 1
8684 1
4806 1
3535 1
6639 1
3447 1
5863 1
570 1
2742 1
4895 1
6777 1
3098 1
536 1
1398 1
3166 1
8073 1
9455 1
1779 1
9177 1
9730 1
3656 1
1711 1
5539 1
1408 1
9348 1
4921 1
5523 1
3368 1
8586 1
88 1
5748 1
596 1
2643 1
9212 1
3641 1
6018 1
4213 1
4641 1
6867 1
7646 1
4635 1
5802 1
2396 1
987 1
5078 1
1367 1
9851 1
266 1
7096 1
460 1
1351 1
3087 1
6177 1
3737 1
6856 1
6070 1
629 1
9272 1
6066 1
1867 1
361 1
6507 1
8662 1
4507 1
8435 1
6836 1
4349 1
4200 1
7384 1
2265 1
5802 1
5178 1
1132 1
4351 1
5181 1
8122 1
465 1
6403 1
5702 1
1147 1
8217 1
4164 1
6733 1
9403 1
6242 1
8297 1
1066 1
194 1
2928 1
27 1
7292 1
3471 1
4606 1
9985 1
1774 1
4072 1
9890 1
821 1
4173 1
3135 1
3917 1
9723 1
4807 1
8099 1
7328 1
1591 1
5423 1
8714 1
7854 1
6244 1
6882 1
8994 1
9840 1
6946 1
2910 1
1566 1
2406 1
383 1
5951 1
1202 1
1989 1
3276 1
6231 1
2923 1
4550 1
7068 1
2126 1
5084 1
6028 1
4807 1
8449 1
185 1
4015 1
5366 1
4137 1
4203 1
9478 1
5879 1
6078 1
9355 1
9474 1
4367 1
7926 1
9708 1
2426 1
570 1
5679 1
4415 1
4405 1
6172 1
5111 1
6891 1
6930 1
2617 1
225 1
8082 1
4308 1
6329 1
8628 1
5200 1
87 1
4032 1
5067 1
2587 1
6876 1
1293 1
8797 1
3112 1
2803 1
3467 1
377 1
8036 1
2771 1
3480 1
6944 1
6615 1
8036 1
8026 1
9952 1
528 1
1803 1
4838 1
2474 1
6270 1
2460 1
2175 1
5095 1
2088 1
7932 1
1435 1
4041 1
6172 1
5623 1
2927 1
5688 1
5786 1
7767 1
4810 1
1744 1
1614 1
2633 1
8426 1
8869 1
8521 1
32 1
5024 1
4455 1
2617 1
7207 1
9453 1
6176 1
5193 1
7706 1
2791 1
1698 1
1122 1
5343 1
9129 1
1907 1
336 1
8958 1
1884 1
3972 1
9375 1
4571 1
7266 1
8831 1
3280 1
2959 1
8596 1
9642 1
6014 1
3960 1
1643 1
7346 1
9929 1
1188 1
7259 1
6944 1
328 1
372 1
3784 1
4258 1
8746 1
7214 1
5260 1
9744 1
8773 1
600 1
1702 1
353 1
2440 1
4973 1
4594 1
222 1
518 1
8318 1
4013 1
6752 1
1315 1
4036 1
8036 1
5586 1
7664 1
3950 1
4444 1
5491 1
818 1
4089 1
8285 1
5079 1
2092 1
1767 1
5596 1
3673 1
256 1
5747 1
2382 1
5822 1
7793 1
6992 1
9835 1
9426 1
4551 1
884 1
619 1
22 1
6520 1
2646 1
3510 1
6942 1
9164 1
4694 1
3699 1
553 1
9710 1
4335 1
5953 1
5500 1
205 1
6177 1
9554 1
5829 1
7676 1
880 1
2194 1
4556 1
7597 1
6171 1
3721 1
407 1
3641 1
6548 1
3420 1
9465 1
1634 1
626 1
6291 1
5622 1
3040 1
6076 1
4047 1
1017 1
2231 1
9784 1
1523 1
1281 1
6336 1
9833 1
7458 1
4277 1
8687 1
9715 1
6565 1
41 1
9030 1
2409 1
4348 1
4588 1
4941 1
569 1
1314 1
6291 1
2458 1
6070 1
5097 1
446 1
2388 1
7803 1
483 1
3682 1
9974 1
7991 1
5802 1
3820 1
5723 1
8478 1
7568 1
9216 1
2217 1
1841 1
3750 1
9731 1
2482 1
1655 1
8054 1
5591 1
6720 1
5574 1
5777 1
7656 1
5380 1
2918 1
7538 1
9346 1
5577 1
3879 1
8434 1
3254 1
8051 1
8351 1
3612 1
1244 1
5033 1
9165 1
9099 1
8705 1
9036 1
7604 1
7844 1
2884 1
1513 1
4341 1
3301 1
3568 1
6914 1
4105 1
6445 1
9380 1
7093 1
4717 1
1139 1
4272 1
7849 1
8259 1
8716 1
1441 1
4964 1
155 1
9651 1
914 1
3555 1
4886 1
2945 1
9840 1
8954 1
3630 1
9533 1
158 1
9845 1
6017 1
5102 1
6294 1
4570 1
9512 1
4724 1
8025 1
2812 1
1123 1
1749 1
6004 1
4432 1
9622 1
8934 1
9120 1
3172 1
7184 1
7499 1
9841 1
987 1
5454 1
4937 1
7510 1
7816 1
7321 1
1903 1
8672 1
5928 1
7177 1
3660 1
9069 1
9397 1
6462 1
7510 1
4757 1
4852 1
7809 1
4719 1
6413 1
8323 1
8079 1
7242 1
5226 1
6364 1
1415 1
3969 1
362 1
2038 1
7438 1
703 1
2394 1
524 1
4265 1
6494 1
8918 1
9730 1
5477 1
5564 1
6906 1
4452 1
338 1
2515 1
5843 1
5693 1
8382 1
5466 1
4347 1
1136 1
5727 1
2571 1
3905 1
7046 1
4032 1
8374 1
3983 1
9721 1
2980 1
6170 1
3163 1
3065 1
7372 1
4684 1
8331 1
7693 1
3121 1
6882 1
4705 1
1288 1
49 1
9036 1
4250 1
5826 1
5706 1
2576 1
5753 1
4293 1
44 1
5223 1
5884 1
3938 1
440 1
6841 1
4546 1
3691 1
3447 1
3092 1
4493 1
8032 1
5388 1
2672 1
9038 1
4378 1
3996 1
3471 1
9814 1
5143 1
6503 1
2833 1
9939 1
8841 1
5183 1
716 1
9086 1
9644 1
1381 1
3532 1
8033 1
293 1
4921 1
3282 1
7013 1
3010 1
2047 1
36 1
478 1
4985 1
7866 1
1130 1
5110 1
5070 1
3398 1
1612 1
2857 1
833 1
8103 1
8671 1
9859 1
125 1
8783 1
118 1
3661 1
1281 1
7871 1
141 1
6902 1
7279 1
8648 1
1753 1
7747 1
5360 1
9386 1
6283 1
3719 1
6014 1
8924 1
4560 1
2477 1
5742 1
3890 1
9584 1
2391 1
2482 1
8069 1
7468 1
8014 1
8826 1
497 1
4114 1
8440 1
2178 1
2247 1
4883 1
9935 1
2292 1
4811 1
4963 1
7058 1
5378 1
1803 1
4935 1
5692 1
5416 1
2215 1
4344 1
5426 1
3828 1
8964 1
2064 1
5775 1
2506 1
9570 1
6180 1
3461 1
7685 1
5301 1
3008 1
4791 1
7107 1
9766 1
9985 1
4828 1
1008 1
9136 1
5269 1
7317 1
8130 1
3051 1
3086 1
4833 1
5738 1
6817 1
4867 1
9631 1
2625 1
7716 1
8928 1
6684 1
7172 1
968 1
4829 1
8068 1
4595 1
3604 1
3754 1
5724 1
6733 1
7434 1
9533 1
