100 300
60 4
7 31
44 29
47 45
38 86
81 1
77 99
17 57
81 42
40 71
23 43
79 29
11 65
20 19
84 39
39 90
66 77
19 99
90 45
6 96
26 65
73 17
16 2
5 7
53 60
56 35
38 78
46 98
47 25
28 22
90 22
38 67
4 82
24 77
5 4
34 95
67 26
20 43
91 49
40 65
18 76
93 25
31 65
97 36
55 74
14 52
17 40
12 13
37 71
46 95
21 17
63 21
31 82
63 53
18 4
69 76
80 21
96 72
51 94
15 37
62 32
35 13
63 91
33 14
15 19
67 29
96 87
41 49
11 98
45 61
8 44
59 50
100 3
19 29
6 82
62 98
51 46
79 70
23 81
19 75
79 13
20 72
23 17
5 90
88 92
47 33
23 37
71 76
32 48
59 41
96 41
55 54
43 3
26 29
19 82
60 25
54 82
56 70
70 69
86 42
37 76
54 77
23 57
88 9
89 65
24 21
11 13
66 52
2 6
26 58
92 51
87 28
55 71
8 94
37 36
96 98
93 27
58 25
82 34
20 65
57 65
23 76
14 89
68 9
10 8
80 100
11 33
52 42
92 25
78 21
32 69
83 2
38 98
46 28
65 69
41 99
77 27
78 75
13 58
45 43
41 51
31 68
2 19
84 35
54 37
73 3
56 41
55 48
83 12
3 36
12 43
54 68
68 98
54 87
74 25
24 94
12 74
56 65
63 18
39 34
43 31
52 1
66 96
19 90
93 58
51 71
46 37
19 9
56 29
24 53
3 69
78 36
89 58
32 36
53 7
15 46
83 6
67 4
93 65
54 58
88 48
89 30
50 36
56 54
8 43
65 68
6 31
43 31
56 89
38 94
88 81
63 19
66 77
79 26
93 94
67 61
5 70
33 73
5 90
62 69
60 81
84 36
28 61
23 90
67 58
84 52
83 50
80 100
39 37
78 90
55 51
92 31
21 98
100 10
31 1
88 49
63 25
62 13
2 33
83 68
96 25
78 94
38 25
95 25
39 26
8 76
79 35
47 72
89 74
97 36
64 31
1 98
83 72
35 97
80 3
5 97
94 76
52 29
51 90
99 82
5 80
38 2
20 15
5 79
2 30
70 71
59 19
79 89
12 53
8 30
38 6
39 48
12 60
86 65
31 61
45 28
40 71
33 67
55 30
10 71
64 18
73 37
8 25
17 71
48 82
93 27
91 58
8 37
73 52
19 85
80 72
35 74
23 7
62 67
10 91
80 60
41 25
11 47
32 72
35 71
59 30
39 54
16 80
39 30
56 58
79 98
23 10
51 27
23 21
35 61
33 72
94 61
83 95
47 14
18 1
7 43
19 95
21 40
97 26
81 42
