100 88
71 94 -1
49 93 1
18 43 1
64 55 2
33 93 1
70 10 3
87 43 5
55 72 3
4 7 5
8 56 6
58 87 1
63 93 2
88 94 4
67 83 11
55 70 2
58 57 15
18 88 6
96 26 16
99 68 7
60 92 5
60 47 18
50 64 2
11 87 16
77 79 17
23 21 2
7 100 17
50 93 8
69 82 4
12 28 6
59 81 28
46 45 21
72 51 14
70 85 14
12 57 22
37 44 15
37 9 13
2 92 5
64 17 20
6 5 33
48 76 1
21 19 30
73 67 27
87 76 22
68 9 43
75 20 16
55 94 18
67 90 44
89 35 30
45 16 40
71 74 29
97 23 40
28 36 28
22 84 33
65 33 30
2 93 31
100 8 14
31 84 22
71 10 5
21 79 9
62 76 9
26 67 27
48 62 2
45 88 32
28 53 25
42 5 63
67 58 58
38 19 36
94 60 7
5 66 67
58 76 12
81 17 50
86 20 46
14 80 55
20 23 24
77 60 70
62 67 45
92 56 18
15 20 52
59 20 5
87 35 1
18 24 69
44 11 51
10 41 81
84 40 26
43 12 72
26 58 63
63 21 84
63 2 77
32 80 60
35 42 56
84 14 62
98 38 22
91 33 62
54 72 93
50 38 88
16 2 90
14 97 81
67 84 45
28 10 7
7 8 20
