100 86
25 38 -1
42 52 1
11 91 1
11 48 1
93 18 4
52 34 3
74 96 6
97 5 4
25 92 5
9 6 5
97 99 6
94 89 10
71 12 11
95 61 4
58 8 3
9 5 7
55 26 8
2 37 5
76 77 7
50 47 13
23 46 12
70 90 10
45 8 2
51 59 11
60 39 7
12 1 4
93 50 2
17 6 16
92 6 10
64 18 2
16 80 6
81 94 21
90 91 19
40 15 27
6 30 29
44 12 1
40 76 17
34 13 24
51 82 2
100 48 3
72 72 7
23 24 1
73 17 16
65 8 42
10 25 23
19 88 6
90 25 18
9 70 30
26 38 41
28 67 34
22 85 4
77 48 46
84 20 5
4 80 16
26 25 39
27 65 17
36 17 37
64 44 12
81 44 11
44 11 42
9 67 42
80 2 55
59 45 59
61 19 40
37 70 38
70 22 36
7 78 61
54 7 48
49 98 44
64 73 50
16 56 63
23 42 21
77 88 1
98 48 17
47 7 4
4 73 71
50 22 25
94 49 75
76 24 69
44 60 68
98 69 36
90 89 28
78 63 72
50 60 73
89 14 14
29 60 64
30 84 30
36 4 40
79 51 87
47 84 31
49 37 67
20 60 13
30 43 55
1 94 59
90 9 4
55 7 78
92 25 24
57 35 40
63 95 98
69 60 11
