100 93
90 18 -1
85 48 1
19 26 2
29 66 2
85 7 2
72 63 2
61 96 3
81 99 7
48 88 3
76 19 7
60 47 2
51 95 7
26 63 5
41 32 9
32 6 8
83 83 12
48 2 11
36 97 14
16 97 11
82 27 4
43 4 14
22 33 17
76 8 18
47 47 11
49 7 20
43 56 15
59 84 19
83 65 2
83 13 23
42 100 28
2 24 16
32 58 28
80 27 26
30 89 9
41 28 17
49 3 15
33 57 36
52 37 18
66 45 26
94 18 14
69 59 6
79 98 19
53 65 17
53 6 42
23 48 42
71 56 19
94 21 12
88 31 43
52 69 21
80 79 46
50 95 20
65 10 9
18 21 52
96 86 23
16 80 4
52 11 9
7 21 49
52 31 44
43 43 54
79 69 20
48 38 31
41 34 11
76 94 1
70 7 36
72 88 18
57 32 14
56 99 7
93 34 57
74 52 7
97 23 9
16 65 36
10 51 11
6 30 48
53 27 22
76 86 71
33 21 19
91 31 2
92 23 65
45 4 7
71 69 17
58 41 33
9 95 47
68 54 66
39 44 55
36 73 30
97 92 69
10 25 70
30 63 2
79 8 6
65 73 47
58 76 12
24 44 44
50 85 76
63 38 6
20 6 42
30 59 19
92 16 13
47 26 48
47 31 79
37 9 43
