100 80
19 28 -1
94 58 1
27 62 2
89 83 2
83 68 4
77 62 3
53 77 5
7 4 4
4 43 1
6 43 4
44 10 1
50 48 5
19 1 1
70 28 3
7 46 12
75 75 1
9 91 16
88 55 1
38 97 13
15 80 16
78 12 13
19 69 7
64 86 21
89 68 23
9 24 10
6 96 19
76 12 12
92 65 17
67 24 12
34 28 29
51 51 10
12 71 4
20 21 27
42 78 19
12 45 2
30 89 10
2 96 16
98 38 27
80 82 32
7 40 13
14 29 29
47 46 4
92 43 25
13 48 30
19 99 20
73 99 1
42 38 9
27 87 2
50 84 28
77 39 30
42 91 14
40 56 29
16 4 8
41 56 44
77 8 35
66 42 14
62 89 35
92 90 41
28 74 12
24 97 41
56 24 38
84 5 19
87 93 62
82 18 40
69 65 30
83 18 59
69 88 10
95 65 64
53 63 15
5 1 40
34 84 62
49 10 58
53 33 61
14 47 63
32 9 48
100 47 24
57 99 76
74 95 16
79 52 49
50 47 55
72 56 79
27 7 47
80 89 15
63 100 71
32 78 47
12 46 66
5 72 67
17 93 31
47 86 74
60 81 57
88 72 79
58 34 79
23 28 2
44 59 41
41 75 59
16 42 19
9 83 21
29 17 13
46 80 8
62 100 51
