100 95
60 30 -1
34 83 1
41 92 2
82 26 2
86 86 2
43 79 4
85 73 5
64 73 5
43 31 6
18 9 4
99 91 1
54 22 8
54 24 5
64 26 8
96 90 6
89 66 5
85 37 15
80 93 5
79 17 18
43 55 9
13 90 20
90 37 5
10 96 5
87 64 4
10 45 12
42 61 1
66 2 12
45 56 27
88 59 13
70 11 1
44 13 30
34 48 17
97 32 30
59 82 33
96 88 28
41 67 24
78 41 33
27 24 26
29 47 27
24 13 30
29 12 18
88 54 1
25 29 23
6 67 10
67 53 21
71 12 44
77 87 30
98 76 31
33 50 3
74 32 28
41 58 33
64 77 2
81 15 6
33 34 51
4 2 45
97 62 32
22 31 42
66 37 51
15 42 17
68 54 23
6 11 25
34 57 41
88 98 50
87 9 52
40 68 25
40 11 3
88 53 26
67 67 15
55 67 51
51 11 34
93 55 60
32 27 28
88 86 45
23 74 40
32 55 33
65 15 47
10 11 13
49 73 33
65 30 73
64 20 41
23 86 36
7 91 42
61 94 3
74 93 74
56 42 45
49 79 51
5 84 12
6 23 49
62 5 71
7 96 9
83 22 74
10 30 78
3 13 8
78 80 82
80 3 7
22 67 51
17 68 43
91 82 18
65 32 5
43 90 73
