100 84
48 74 -1
20 78 1
81 30 2
58 80 2
88 84 1
58 72 1
9 95 5
77 17 5
42 49 1
17 71 6
72 68 9
38 17 5
56 50 12
40 94 8
48 81 6
37 2 7
15 44 16
80 1 14
31 55 7
93 67 15
1 54 9
56 69 17
16 28 3
98 75 8
31 95 2
76 4 8
77 95 26
29 41 25
25 30 22
50 44 25
8 24 17
84 14 20
84 44 31
97 14 8
39 65 6
43 85 23
96 38 3
1 14 34
86 68 31
20 3 36
99 4 9
78 28 13
78 69 16
74 97 16
90 98 3
76 43 5
63 51 20
65 89 33
38 69 46
40 74 42
12 85 22
24 99 3
69 83 41
71 25 16
14 15 4
68 89 29
79 61 7
60 29 41
46 6 21
24 76 9
17 86 32
18 68 9
41 57 8
66 74 42
89 20 7
29 36 23
70 90 46
17 90 47
44 70 32
44 97 53
77 48 46
33 79 19
100 70 65
33 12 23
55 86 39
82 33 43
100 72 50
79 20 6
87 71 50
82 36 42
81 59 14
28 80 67
27 23 11
96 13 79
18 31 13
61 12 38
94 57 40
29 86 58
50 30 41
62 71 18
25 23 29
14 49 74
29 8 47
44 12 22
21 96 1
10 28 90
60 63 25
29 62 82
5 88 58
9 49 86
