1000
99498
99250
99630
99193
99786
99883
99624
99853
99408
99649
99542
99871
99076
99461
99076
99217
99067
99108
99032
99149
99582
99469
99473
99931
99180
99454
99635
99596
99917
99867
99047
99392
99483
99289
99961
99878
99640
99029
99477
99851
99493
99903
99336
99199
99457
99285
99458
99040
99902
99123
99499
99837
99403
99106
99315
99034
99631
99130
99836
99041
99779
99924
99754
99747
99262
99232
99565
99623
99589
99052
99917
99266
99735
99201
99803
99941
99972
99329
99065
99972
99182
99137
99540
99834
99042
99080
99256
99931
99172
99947
99492
99564
99183
99427
99670
99205
99535
99617
99462
99105
99830
99636
99332
99189
99530
99148
99574
99498
99590
99942
99530
99961
99859
99056
99679
99467
99892
99390
99027
99491
99114
99476
99531
99008
99511
99555
99133
99897
99747
99524
99692
99244
99676
99601
99543
99273
99547
99816
99617
99745
99180
99666
99802
99320
99624
99876
99055
99210
99308
99563
99572
99316
99181
99560
99322
99924
99666
99145
99912
99040
99640
99658
99185
99485
99591
99933
99051
99210
99491
99988
99797
99033
99029
99547
99451
99658
99992
99905
99591
99448
99667
99903
99997
99544
99740
99752
99133
99059
99657
99117
99402
99836
99684
99483
99317
99693
99969
99208
99817
99922
99835
99050
99753
99509
99522
99164
99755
99166
99599
99260
99214
99550
99989
99701
99451
99997
99522
99674
99535
99136
99400
99253
99353
99260
99353
99435
99372
99705
99758
99269
99600
99375
99662
99936
99272
99147
99451
99612
99504
99958
99038
99151
99803
99083
99282
99686
99864
99169
99492
99992
99149
99618
99003
99896
99518
99119
99977
99130
99240
99570
99723
99872
99432
99953
99839
99771
99597
99695
99327
99808
99912
99437
99608
99177
99141
99849
99460
99001
99103
99738
99591
99168
99546
99018
99128
99488
99388
99515
99993
99013
99291
99123
99368
99539
99771
99448
99691
99120
99845
99406
99651
99618
99014
99530
99972
99442
99404
99185
99010
99019
99583
99926
99424
99083
99380
99408
99611
99037
99419
99185
99122
99885
99246
99580
99378
99950
99869
99739
99256
99599
99884
99752
99809
99705
99396
99218
99188
99442
99624
99798
99631
99496
99648
99952
99149
99910
99482
99118
99476
99810
99806
99163
99191
99817
99147
99022
99047
99879
99963
99690
99255
99032
99199
99248
99014
99152
99588
99540
99401
99387
99837
99988
99713
99754
99856
99208
99439
99747
99801
99827
99353
99444
99670
99650
99160
99201
99519
99412
99289
99199
99586
99125
99661
99279
99376
99773
99924
99631
99294
99664
99131
99370
99109
99418
99023
99375
99410
99717
99356
99786
99213
99553
99754
99553
99086
99531
99313
100000
99600
99668
99132
99433
99683
99871
99605
99374
99944
99181
99388
99924
99790
99486
99004
99885
99716
99167
99331
99162
99040
99017
99831
99426
99179
99041
99580
99408
99213
99643
99728
99408
99651
99684
99576
99063
99036
99262
99384
99383
99057
99972
99957
99682
99954
99612
99869
99763
99253
99411
99111
99395
99687
99444
99943
99657
99227
99231
99505
99964
99429
99711
99430
99856
99041
99016
99784
99489
99839
99889
99723
99337
99827
99690
99781
99779
99847
99494
99373
99253
99027
99603
99093
99242
99994
99181
99744
99202
99510
99708
99308
99319
99094
99647
99371
99705
99999
99378
99893
99154
99008
99220
99983
99967
99532
99388
99174
99295
99138
99366
99755
99597
99155
99400
99692
99750
99770
99239
99140
99965
99953
99938
99645
99168
99341
99991
99737
99201
99370
99086
99961
99022
99729
99496
99032
99014
99732
99941
99774
99212
99563
99300
99221
99777
99456
99532
99169
99827
99722
99263
99668
99804
99339
99612
99465
99289
99812
99085
99124
99027
99238
99649
99640
99803
99571
99719
99993
99655
99513
99604
99431
99222
99099
99968
99680
99819
99077
99649
99533
99285
99131
99691
99827
99029
99482
99782
99879
99547
99969
99974
99436
99103
99583
99010
99388
99810
99743
99182
99193
99536
99999
99120
99729
99186
99771
99192
99119
99828
99201
99384
99926
99148
99141
99231
99248
99137
99276
99330
99219
99724
99326
99626
99059
99213
99491
99389
99801
99627
99300
99257
99994
99551
99493
99915
99643
99183
99655
99468
99914
99556
99231
99714
99441
99555
99152
99443
99447
99893
99855
99418
99023
99316
99104
99403
99735
99141
99881
99877
99695
99060
99908
99268
99853
99924
99296
99748
99855
99214
99790
99134
99121
99387
99959
99131
99753
99414
99249
99464
99425
99560
99407
99809
99382
99925
99651
99231
99783
99677
99732
99006
99026
99568
99739
99064
99578
99897
99647
99275
99846
99525
99771
99128
99610
99459
99613
99679
99402
99138
99971
99930
99646
99312
99916
99015
99869
99205
99056
99895
99993
99905
99929
99036
99463
99088
99158
99098
99286
99843
99791
99336
99252
99527
99730
99255
99273
99908
99242
99321
99719
99448
99084
99265
99822
99991
99823
99598
99131
99685
99748
99085
99605
99920
99276
99253
99874
99481
99595
99461
99266
99312
99222
99492
99337
99240
99644
99136
99516
99334
99665
99277
99125
99210
99506
99769
99585
99523
99369
99053
99963
99249
99282
99918
99447
99884
99088
99022
99557
99581
99267
99715
99541
99169
99521
99430
99828
99127
99014
99608
99085
99492
99066
99465
99136
99814
99712
99159
99861
99148
99900
99906
99440
99975
99152
99526
99120
99302
99516
99179
99009
99073
99255
99713
99236
99487
99251
99582
99046
99911
99076
99381
99917
99427
99092
99872
99569
99706
99897
99951
99376
99895
99680
99853
99714
99543
99519
99618
99609
99191
99084
99249
99152
99244
99931
99983
99621
99905
99901
99602
99964
99314
99881
99600
99069
99764
99194
99561
99920
99035
99236
99773
99946
99151
99596
99967
99541
99385
99402
99860
99416
99009
99630
99414
99584
99849
99941
99971
99701
99242
99696
99934
99490
99397
99654
99159
99212
99827
99325
99108
99049
99211
99215
99821
99991
99710
99591
99715
99846
99940
99801
99464
99046
99304
99400
99264
99081
99540
99654
99684
99282
99031
99338
99597
99574
99905
99950
99621
99662
99932
99999
99333
99530
99395
99432
99924
99989
99053
99835
99079
99958
99967
99277
99464
99499
99604
99722
99654
99412
99643
99158
99726
99114
99477
99980
99115
99745
99694
99476
99763
99553
99830
99637
99807
99304
99536
99460
99496
99508
99739
99050
99135
99902
99494
99706
99446
99622
99601
99880
99569
99313
99236
99435
99148
