1000
99487
99482
99487
99826
99653
99422
99390
99571
99712
99856
99817
99972
99575
99814
99316
99517
99735
99857
99947
99138
99687
99614
99900
99093
99500
99606
99035
99269
99480
99130
99066
99415
99706
99239
99651
99733
99828
99884
99035
99880
99360
99639
99318
99111
99598
99792
99975
99076
99263
99238
99037
99328
99893
99534
99248
99934
99441
99969
99883
99804
99945
99320
99474
99072
99505
99189
99884
99590
99058
99071
99350
99277
99263
99640
99826
99763
99595
99976
99660
99475
99411
99587
99580
99304
99166
99160
99384
99000
99068
99752
99360
99996
99130
99332
99125
99017
99516
99992
99711
99768
99607
99086
99566
99436
99761
99424
99362
99012
99659
99445
99520
99699
99384
99479
99834
99077
99504
99823
99770
99487
99655
99296
99116
99603
99025
99227
99708
99999
99912
99984
99174
99127
99205
99138
99301
99217
99783
99111
99822
99734
99661
99985
99303
99748
99836
99166
99812
99691
99411
99480
99083
99244
99026
99508
99154
99299
99530
99685
99803
99092
99500
99458
99130
99603
99817
99181
99088
99820
99045
99496
99624
99858
99671
99208
99103
99108
99522
99038
99325
99773
99082
99911
99051
99604
99865
99271
99502
99306
99077
99586
99785
99595
99681
99695
99230
99048
99597
99618
99036
99447
99918
99156
99478
99652
99421
99441
99026
99621
99946
99766
99581
99043
99319
99116
99296
99444
99776
99002
99072
99795
99052
99010
99248
99259
99230
99466
99925
99629
99830
99028
99632
99975
99643
99154
99506
99524
99672
99071
99121
99177
99184
99318
99415
99383
99001
99223
99213
99083
99111
99045
99468
99226
99841
99889
99079
99345
99795
99525
99487
99266
99721
99990
99026
99955
99480
99172
99695
99313
99584
99859
99882
99517
99330
99459
99650
99704
99761
99929
99542
99200
99866
99959
99220
99829
99954
99170
99233
99492
99365
99469
99658
99812
99987
99330
99994
99998
99653
99101
99959
99227
99035
99153
99879
99302
99225
99476
99379
99621
99890
99799
99252
99114
99954
99119
99623
99796
99594
99096
99223
99124
99960
99234
99417
99605
99605
99310
99710
99760
99003
99464
99579
99825
99279
99884
99294
99099
99849
99069
99711
99709
99500
99996
99193
99532
99572
99209
99697
99333
99508
99977
99963
99816
99977
99836
99315
99105
99911
99157
99532
99290
99869
99337
99637
99493
99097
99280
99043
99961
99214
99367
99486
99537
99111
99673
99411
99960
99013
99030
99505
99391
99012
99556
99869
99780
99211
99531
99519
99454
99314
99535
99810
99174
99104
99052
99390
99534
99468
99208
99192
99387
99409
99219
99745
99725
99652
99342
99986
99625
99736
99063
99555
99074
99392
99319
99718
99931
99247
99929
99368
99803
99596
99311
99721
99243
99126
99793
99600
99534
99183
99916
99202
99367
99453
99824
99439
99070
99834
99535
99694
99198
99519
99236
100000
99230
99837
99456
99452
99502
99593
99834
99554
99789
99196
99583
99889
99432
99833
99958
99380
99279
99392
99041
99688
99533
99266
99812
99930
99759
99238
99567
99660
99082
99302
99391
99635
99515
99117
99438
99810
99395
99791
99674
99102
99877
99165
99633
99448
99761
99104
99117
99994
99941
99487
99116
99591
99001
99182
99590
99096
99602
99355
99443
99326
99281
99748
99944
99273
99166
99079
99232
99077
99937
99783
99029
99138
99055
99864
99923
99716
99484
99650
99914
99821
99859
99399
99776
99315
99906
99217
99721
99294
99753
99828
99824
99560
99224
99476
99790
99530
99373
99511
99149
99211
99439
99207
99571
99598
99120
99822
99615
99390
99051
99891
99190
99599
99434
99649
99198
99557
99944
99307
99906
99106
99269
99374
99590
99241
99753
99189
99357
99465
99755
99602
99201
99430
99881
99972
99950
99190
99417
99499
99990
99504
99728
99051
99851
99546
99512
99186
99214
99994
99349
99154
99153
99222
99722
99443
99172
99328
99825
99947
99438
99332
99947
99887
99338
99010
99772
99070
99925
99716
99718
99483
99671
99395
99771
99018
99933
99906
99088
99203
99742
99865
99132
99773
99712
99747
99397
99170
99038
99362
99041
99453
99695
99181
99486
99858
99192
99607
99787
99211
99743
99827
99878
99817
99057
99100
99010
99497
99379
99920
99928
99617
99452
99979
99950
99016
99187
99066
99444
99835
99617
99299
99326
99191
99518
99039
99919
99919
99231
99921
99566
99631
99656
99214
99266
99116
99168
99755
99729
99647
99220
99928
99335
99234
99357
99556
99700
99125
99615
99200
99340
99815
99698
99980
99009
99128
99274
99450
99760
99212
99250
99643
99756
99804
99524
99685
99634
99534
99779
99241
99939
99790
99132
99595
99372
99202
99956
99610
99717
99317
99368
99194
99881
99846
99520
99220
99325
99844
99159
99259
99865
99943
99671
99661
99326
99775
99327
99083
99726
99649
99471
99171
99677
99135
99272
99719
99796
99904
99744
99013
99205
99060
99925
99861
99389
99468
99106
99880
99115
99079
99213
99747
99621
99037
99001
99981
99554
99285
99068
99720
99298
99001
99308
99256
99360
99647
99077
99831
99784
99933
99106
99526
99630
99827
99740
99157
99709
99297
99307
99040
99731
99393
99101
99222
99343
99837
99894
99636
99349
99792
99959
99731
99785
99447
99946
99064
99164
99203
99931
99690
99892
99015
99523
99124
99463
99636
99881
99279
99219
99061
99216
99878
99857
99941
99868
99509
99383
99378
99673
99733
99365
99088
99598
99486
99811
99949
99505
99720
99499
99259
99252
99475
99186
99198
99901
99786
100000
99822
99734
99736
99669
99152
99278
99812
99711
99340
99241
99059
99062
99182
99173
99475
99205
99847
99856
99217
99592
99732
99249
99439
99102
99844
99208
99298
99079
99497
99490
99754
99871
99536
99078
99966
99755
99395
99961
99869
99132
99890
99564
99995
99003
99292
99223
99346
99928
99358
99804
99491
99027
99516
99473
99841
99448
99981
99621
99589
99674
99500
99928
99013
99079
99100
99870
99843
99044
99313
99741
99196
99517
99011
99238
99645
99447
99482
99072
99639
99451
99575
99753
99589
99986
99836
99520
99595
99166
99926
99653
99902
99628
99428
99800
99777
99502
99925
99372
99338
99485
99929
99972
99851
99487
99407
99560
99312
99846
99287
99065
99994
99686
99789
99533
99830
99653
99392
99771
99957
99525
99152
99614
99684
99932
99171
99828
99247
99051
99749
99250
99101
99865
99969
99135
99822
99602
99863
99708
99242
99518
99245
99420
99943
99231
99328
99122
99082
99344
99425
99776
99037
99445
