1000
99153
99860
99231
99721
99562
99278
99475
99176
99851
99558
99141
99547
99939
99367
99806
99334
99391
99665
99864
99490
99663
99865
99929
99614
99582
99174
99794
99704
99572
99500
99087
99524
99644
99489
99669
99202
99374
99670
99862
99753
99183
99153
99954
99711
99985
99930
99577
99621
99655
99834
99521
99784
99212
99779
99717
99193
99051
99106
99305
99707
99878
99523
99880
99774
99426
99289
99974
99926
99826
99751
99579
99804
99720
99542
99874
99067
99061
99350
99128
99919
99651
99777
99965
99314
99120
99930
99486
99614
99910
99910
99220
99386
99640
99821
99598
99661
99803
99860
99984
99477
99535
99584
99661
99996
99987
99450
99581
99373
99693
99204
99455
99484
99953
99527
99207
99736
99947
99086
99499
99716
99352
99310
99536
99189
99930
99272
99448
99364
99237
99658
99456
99971
99617
99942
99946
99563
99244
99145
99664
99673
99861
99007
99335
99392
99656
99663
99711
99432
99745
99550
99342
99900
99135
99666
99592
99056
99621
99845
99782
99474
99731
99661
99364
99033
99991
99518
99341
99342
99124
99206
99282
99882
99704
99422
99387
99939
99625
99136
99730
99619
99271
99947
99646
99146
99120
99478
99736
99558
99096
99853
99876
99205
99814
99743
99853
99157
99421
99392
99990
99053
99359
99266
99735
99956
99161
99089
99832
99302
99604
99734
99580
99308
99445
99224
99081
99377
99118
99546
99503
99963
99764
99562
99751
99106
99740
99289
99342
99054
99360
99338
99489
99248
99673
99728
99468
99512
99228
99525
99278
99311
99993
99977
99145
99801
99172
99329
99287
99894
99949
99202
99462
99191
99103
99205
99152
99128
99527
99832
99574
99672
99866
99786
99846
99028
99520
99921
99601
99328
99914
99477
99249
99296
99847
99522
99622
99862
99206
99597
99926
99874
99866
99189
99071
99057
99078
99823
99451
99943
99530
99091
99818
99333
99024
99931
99268
99668
99365
99309
99508
99017
99548
99282
99215
99341
99996
99477
99077
99617
99292
99151
99077
99682
99417
99873
99472
99092
99896
99410
99840
99088
99023
99489
99342
99357
99035
99817
99284
99301
99017
99910
99920
99596
99947
99615
99770
99309
99253
99081
99416
99164
99940
99597
99643
99246
99354
99646
99045
99842
99028
99852
99678
99616
99060
99911
99241
99514
99482
99532
99036
99263
99934
99411
99477
99798
99933
99110
99208
99795
99329
99937
99316
99646
99999
99968
99387
99610
99730
99670
99245
99826
99042
99514
99872
99529
99327
99558
99402
99453
99108
99800
99459
99661
99482
99764
99927
99858
99849
99652
99965
99670
99039
99485
99508
99538
99729
99190
99215
99501
99542
99429
99287
99413
99162
99481
99934
99257
99999
99597
99150
99686
99167
99170
99191
99136
99339
99920
99594
99285
99636
99002
99747
99777
99275
99352
99011
99979
99701
99470
99871
99128
99990
99310
99280
99286
99610
99261
99595
99258
99436
99050
99453
99643
99524
99757
99282
99785
99108
99954
99645
99981
99961
99010
99022
99753
99618
99941
99148
99547
99271
99611
99953
99473
99136
99265
99029
99743
99816
99827
99950
99646
99564
99306
99048
99748
99974
99320
99440
99675
99279
99746
99925
99533
99958
99917
99757
99151
99459
99684
99845
99095
99127
99915
99497
99580
99547
99023
99332
99078
99040
99042
99031
99846
99235
99122
99865
99537
99744
99023
99053
99694
99101
99051
99804
99612
99467
99472
99064
99932
99292
99444
99624
99595
99645
99661
99016
99789
99021
99304
99397
99411
99593
99884
99514
99764
99702
99746
99026
99648
99186
99644
99226
99239
99599
99130
99203
99855
99658
99269
99285
99897
99812
99450
99407
99388
99824
99646
99576
99450
99934
99585
99278
99507
99561
99016
99724
99275
99082
99988
99626
99475
99095
99601
99709
99918
99996
99649
99488
99104
99360
99075
99411
99759
99338
99916
99350
99247
99729
99169
99016
99403
99691
99134
99097
99536
99349
99495
99138
99568
99931
99255
99689
99400
99220
99599
99422
99895
99097
99283
99249
99989
99014
99529
99766
99897
99422
99573
99474
99153
99644
99439
99047
99314
99069
99204
99537
99462
99143
99241
99128
99462
99737
99650
99176
99421
99840
99114
99782
99058
99757
99009
99143
99739
99517
99950
99194
99474
99213
99496
99127
99132
99626
99142
99869
99596
99814
99792
99241
99773
99903
99471
99451
99131
99288
99093
99309
99399
99120
99275
99118
99643
99073
99749
99672
99983
99797
99107
99455
99355
99713
99773
99425
99415
99313
99853
99273
99364
99881
99143
99716
99358
99328
99117
99260
99171
99810
99552
99723
99818
99414
99195
99684
99650
99840
99441
99384
99505
99951
99846
99752
99819
99354
99387
99692
99989
99455
99727
99049
99722
99564
99593
99161
99121
99707
99396
99182
99998
99133
99862
99791
99763
99774
99558
99116
99396
99856
99697
99800
99529
99940
99818
99701
99048
99602
99262
99972
99288
99740
99573
99714
99090
99543
99096
99657
99999
99300
99653
99383
99284
99214
99702
99119
99043
99600
99522
99517
99598
99975
99456
99482
99210
99310
99785
99627
99995
99414
99129
99557
99907
99612
99879
99581
99772
99855
99640
99704
99154
99737
99569
99509
99389
99556
99041
99403
99630
99529
99278
99222
99873
99713
99812
99248
99181
99738
99607
99441
99087
99137
99883
99272
99208
99720
99925
99027
99881
99935
99547
99025
99070
99230
99440
99354
99905
99543
99722
99196
99515
99263
99729
99677
99913
99175
99346
99494
99897
99940
99017
99452
99358
99894
99000
99608
99339
99274
99921
99273
99165
99534
99257
99855
99820
99798
99870
99244
99481
99500
99366
99266
99131
99437
99090
99602
99754
99808
99711
99575
99473
99931
99330
99864
99849
99864
99638
99990
99733
99374
99275
99666
99268
99672
99019
99012
99847
99721
99080
99730
99733
99380
99884
99429
99939
99799
99776
99002
99988
99249
99995
99077
99440
99793
99160
99054
99036
99176
99903
99328
99891
99339
99484
99661
99988
99856
99479
99222
99208
99736
99196
99653
99154
99996
99692
99768
99250
99594
99349
99824
99696
99521
99683
99237
99529
99515
99162
99039
99445
99761
99060
99431
99990
99427
99587
99903
99272
99710
99495
99975
99575
99514
99048
99633
99896
99879
99384
99974
99630
99671
99572
99644
99821
99274
99734
99166
99796
99772
99952
99690
99242
99347
99438
99650
99869
99662
99422
99913
99348
99094
99558
99954
99483
99222
99501
99625
99721
99893
99857
99288
99325
99531
99833
99926
99702
