668 479
3 4 7 9 10 11 12 14 16 19 22 24 25 27 30 32 35 37 38 41 44 47 49 50 52 53 56 58 61 64 65 68 70 72 73 76 77 80 83 84 85 88 90 91 94 97 98 100 103 105 106 107 110 113 114 116 118 121 122 123 126 127 129 130 131 134 137 140 141 144 146 148 149 151 154 156 159 162 165 166 169 171 173 176 177 180 181 184 187 189 192 193 195 196 198 199 200 201 203 206 209 211 212 213 214 217 220 223 226 229 231 233 234 235 236 237 240 242 245 246 248 249 251 252 253 256 258 260 261 264 265 267 269 271 274 275 278 279 281 283 285 288 291 292 294 296 298 299 302 305 307 308 311 314 315 316 319 320 323 326 329 332 333 336 337 338 339 342 343 344 345 346 347 349 351 354 356 359 360 361 362 364 367 369 370 372 374 376 377 378 380 381 384 385 387 388 390 393 394 395 396 397 400 403 406 408 409 412 414 416 419 422 423 425 428 431 434 437 440 443 446 448 451 453 454 456 457 458 459 461 464 465 467 468 470 471 472 473 474 476 477 479 481 482 483 485 487 490 492 493 495 498 499 501 503 504 506 509 510 513 514 515 518 521 522 523 526 527 530 532 533 534 535 537 538 540 541 543 546 547 548 550 551 552 554 556 557 559 561 563 566 568 571 573 575 577 578 581 583 584 587 588 590 593 594 597 599 602 604 605 608 610 611 614 616 618 621 623 624 627 630 632 634 636 637 638 639 641 643 645 647 648 650 651 654 655 656 659 661 664 665 668 671 674 677 678 680 683 685 687 690 691 694 697 698 701 703 704 706 709 710 713 714 717 720 721 723 726 728 730 732 734 735 738 741 744 745 747 750 751 754 756 759 761 763 765 767 770 773 775 777 780 781 784 787 788 789 790 793 796 797 799 802 805 806 809 812 815 817 819 820 821 823 825 827 830 833 835 836 839 840 842 844 846 847 848 849 852 853 855 857 858 860 861 863 864 867 869 870 872 874 876 879 882 884 886 887 890 893 895 897 900 901 902 905 908 910 912 913 916 919 920 921 924 927 930 932 934 936 939 940 941 943 945 946 947 948 950 951 954 957 960 963 965 968 971 973 974 976 978 980 983 985 988 990 992 995 996 997 1000 1002 1003 1004 1005 1007 1009 1011 1014 1016 1018 1019 1022 1023 1026 1027 1029 1032 1033 1035 1038 1041 1043 1044 1046 1048 1049 1052 1054 1055 1057 1059 1060 1062 1063 1066 1067 1068 1069 1071 1073 1076 1077 1080 1081 1083 1086 1089 1090 1091 1093 1094 1096 1097 1100 1102 1103 1105 1106 1109 1110 1113 1114 1117 1120 1122 1124 1126 1127 1128 1131 1132 1133 1134 1136 1138 1139 1140 1141 1144 1147 1150 1153 1155 1157 1160 1163 1165 1167 1169 1171 1174 1176 1178 1179 1180 1183 1186 1189 1191 1193 1194 1196 1199 1201 1203 1204 1207 1208 1211 1213 1215 1216 1219 1220 1223 1224 1225 1227 1230 1233 1236 1239 1242 1244 1245 1246 1248 1250 1251 1253 1254 1255 1257 1260 1262 1264 1267 1269 1272 1273 1276 1277 1279 1280 1281 1283 1285 1286 1287 1288 1289 1290 1291 1292 1295 1296 1299 1300 1301 1304 1307 1310 1312 1315 1317 1319 1322 1324 
2158
184
200
661
12
2969
2245
462
2640
1432
1588
2251
256
932
1197
2857
201
1926
1071
30
2294
2532
2809
2776
1446
1989
2362
317
1735
2722
2672
2483
1224
100
725
2545
2734
1534
615
1923
169
1602
2396
1169
2392
2912
2651
1606
2599
845
531
894
2513
407
2018
289
995
2062
1279
2235
718
1205
2435
2793
2039
701
1402
22
2813
552
224
636
1156
1248
92
2688
584
700
5
932
614
331
390
1430
1147
1757
673
243
1013
816
856
1251
2975
2381
2208
2938
1875
517
2638
1883
944
1801
109
2075
2515
1195
1616
1416
549
1802
2754
521
1142
588
445
292
493
1325
353
545
2652
1828
2843
412
1046
2459
1390
538
1373
1974
295
1436
2745
680
1739
1681
2437
1460
2571
2511
2301
707
2696
2663
52
2597
2958
2368
1375
2864
1382
2991
734
1710
2575
265
1534
44
2758
1878
1643
2764
1627
984
1915
1825
1971
1688
2179
2667
495
1119
1635
2273
555
710
1973
967
428
312
630
2211
1905
2413
2519
2680
1800
1251
2115
815
2557
982
1509
2657
2229
1936
773
484
306
1608
468
1010
1003
2326
1089
2595
530
2378
1225
1681
2436
2904
213
2756
1423
325
2034
2519
1510
1081
1112
2350
2857
2543
2142
1943
2282
1349
309
1852
1096
1515
1197
884
1964
2606
752
1411
2105
1138
2415
1225
1484
1254
2154
834
1837
1048
457
508
11
373
972
435
1347
2756
1959
2411
629
935
1072
2494
1457
1720
2467
2517
1880
1985
986
2668
418
2123
2633
684
2394
2054
1903
2040
2791
2980
636
2984
2224
1384
1319
783
1753
1095
507
2662
1998
2734
101
1481
514
1453
160
675
2800
1951
2069
868
388
2669
24
1258
1118
1969
1102
1044
2751
160
2675
831
1531
2470
967
2887
2027
326
1240
472
635
2078
2396
1654
141
22
2367
2470
279
1050
514
2164
87
2700
2952
2777
668
1982
1219
357
685
2642
1887
2328
2615
639
1404
1831
2307
667
2886
1196
1133
1731
1342
2881
511
2653
281
2510
962
2205
386
701
1426
1645
1639
2293
2222
1444
1706
536
2772
2190
374
115
1796
2637
2010
2895
2249
2547
2387
1057
2105
1587
1978
2039
1158
2953
425
1589
1224
2804
1610
2159
180
2515
1948
2254
2364
2714
1647
2560
638
1220
349
1155
178
2785
98
1079
2871
2003
2330
1416
1934
421
307
1653
445
1134
941
1934
522
864
2743
2740
342
1336
2388
610
2647
874
9
1776
1110
393
2475
848
2351
1598
2958
468
492
1847
943
1685
486
402
2540
45
2184
2872
1697
1717
1448
1440
1037
2575
1871
1239
816
528
223
1995
807
1771
1551
2528
917
2479
2740
2695
1593
1293
2009
