262 872
3 6 7 8 9 11 13 15 16 19 20 22 23 24 25 27 30 32 35 38 40 42 45 47 50 52 55 58 61 63 64 65 66 67 68 71 73 76 77 78 80 83 84 87 89 90 91 92 94 96 99 102 104 105 106 108 109 110 111 112 113 115 118 120 122 123 124 125 126 128 129 130 132 133 135 138 141 144 147 149 151 154 157 160 162 163 165 166 169 172 175 178 180 183 184 187 190 193 196 198 199 201 203 206 207 210 211 212 213 216 219 220 221 224 225 227 229 230 232 233 236 239 240 242 245 246 249 252 254 255 256 259 261 264 267 270 272 273 276 279 282 285 287 290 292 294 297 299 300 302 305 308 309 312 313 316 317 319 321 323 326 329 332 334 335 336 337 338 341 343 344 347 349 351 353 356 358 361 363 365 366 367 369 372 373 376 379 381 384 385 387 388 389 391 394 397 400 403 406 407 408 410 411 412 415 417 419 421 424 425 426 429 430 431 434 435 437 438 440 441 443 444 446 448 449 452 454 455 456 458 460 463 464 467 469 471 473 476 479 480 482 484 485 488 490 492 493 495 496 497 499 502 503 505 508 510 512 514 517 518 521 524 
1745
2807
1884
1727
88
2217
967
1566
2583
2529
1565
1078
1907
105
171
2416
1554
2713
2839
126
1022
1843
2786
206
2522
812
1947
1012
2477
1573
2951
1382
1176
2026
1103
849
755
2725
749
1598
1991
122
1944
2503
885
198
2150
549
2134
1757
1249
653
2167
689
1170
1586
1036
1607
2675
1019
2634
2512
582
2545
2749
731
2044
1513
1512
2118
107
773
2185
1757
2249
2452
2384
2765
1952
1212
2071
2087
292
1013
2486
2365
349
772
2343
2455
589
1670
1227
1858
2622
2700
1448
1681
1489
2119
2207
2871
1201
2131
2017
1875
504
80
345
644
1411
459
1220
2347
32
1056
203
147
2389
2828
2596
2919
375
1534
1307
392
2865
1165
2278
2908
571
1420
2032
603
2653
1875
1024
1710
1304
1465
1874
590
1113
631
1466
508
2789
2344
932
1680
933
2251
2990
2255
312
2165
2300
1450
2582
2706
1933
2110
2779
865
2275
237
2772
1427
2271
867
478
1747
2984
1110
126
2450
1144
85
2339
285
2743
732
648
1567
1827
1625
2705
634
1667
629
1657
2977
1507
1824
2143
1399
1896
867
2214
657
2888
1157
226
1302
1207
1645
1193
161
723
2841
1386
165
1178
849
1417
2082
15
1796
430
2764
2335
2992
1447
1376
1896
2231
1414
2605
2245
2414
791
2656
909
1863
1796
984
1419
2000
2822
2452
2330
2442
864
208
2307
835
536
375
1598
857
2749
1905
1843
931
348
2373
398
795
81
1252
2707
506
786
621
835
2314
510
2313
1966
143
1057
1120
2951
1265
2820
1432
2689
324
1580
540
431
805
132
1727
150
1710
1095
253
1046
1243
2478
1038
2394
913
171
317
413
204
336
2630
2255
2581
150
1212
1605
1080
1546
1045
1208
259
1253
2945
1427
2914
1772
770
24
2928
1781
422
547
2062
248
2044
556
1271
264
428
1567
469
2545
1029
2744
2387
1012
2141
307
2865
2596
872
2998
174
129
361
2211
549
1538
6
771
2491
546
120
2461
2649
2571
1994
1888
1255
1493
2368
2865
2793
122
340
1135
1161
1439
1321
182
1807
2870
328
905
1402
559
2897
1692
758
895
206
610
226
1991
2370
2773
518
182
2978
2067
2334
348
192
1082
1421
2148
2871
1481
1586
2225
2297
38
2780
1107
99
2547
1215
35
2970
2932
594
1296
1426
2087
2351
1542
770
951
273
2185
2504
2256
1240
2946
1237
1478
2123
2147
407
2114
1474
2064
1355
1068
2740
975
2976
2297
1402
1279
1468
2025
497
1523
1628
2381
2020
2395
2483
1238
1140
2528
1818
2623
2375
2956
530
1269
1284
2688
2636
2807
602
866
2505
2023
1463
2081
2986
91
788
364
1826
116
2198
2324
1194
1774
257
1562
1095
1030
672
2110
2806
1645
2421
354
2513
807
951
2207
130
247
1726
2445
285
2875
699
2854
352
335
2910
598
472
2984
2412
1841
154
163
2530
1784
838
147
2132
1012
897
30
2524
1830
1186
704
1131
633
589
428
2602
849
452
1654
2115
600
2853
2662
1058
2784
940
2640
2169
1241
446
2317
2296
10
2955
2681
805
1127
1699
1329
2087
766
2877
2910
2165
2869
1254
2612
2412
1152
703
2042
2665
1625
269
983
969
984
2190
2097
1628
1387
719
1534
651
83
636
2578
2488
738
546
1234
1665
281
631
2169
88
414
1292
741
3
519
1099
113
2789
2229
744
906
333
2514
1389
1523
2973
2408
2077
1214
2265
1380
2300
2892
2448
109
2372
248
2733
2306
643
2562
727
1071
2499
186
1425
93
2365
1849
2359
639
1589
2377
337
2760
2726
2473
1581
1987
1847
2117
678
2312
715
114
2498
1816
1075
1680
1136
2543
2550
368
1323
2162
1708
2355
975
1343
322
2554
764
2291
222
1882
1321
2022
309
2553
1001
1557
1881
803
2961
2985
1591
821
226
2898
1291
2149
1989
1003
764
227
559
2787
2763
1369
465
1215
2382
71
146
1379
182
1769
824
2030
2357
2706
2472
1069
1542
769
2262
1287
993
823
2473
958
140
2788
382
2001
2460
1663
2850
180
2340
1894
2158
2496
1572
2950
2349
269
747
549
2032
356
2646
227
452
2038
1593
2492
2096
1433
1882
257
83
2102
2493
2203
1155
665
378
143
2402
2569
1319
559
593
2791
2951
343
372
1793
620
2731
2411
532
927
1404
2869
2832
1767
2370
2898
19
2959
446
315
1387
2081
619
1509
2962
2870
1632
1248
1187
144
567
203
2659
2606
2058
2568
2594
2900
2006
1431
2242
728
858
1512
2131
1885
2040
2521
2907
1631
2440
632
319
2257
436
299
2659
2074
2784
1520
2285
1881
1599
815
263
106
888
1234
557
1931
2858
1423
1852
971
675
2587
2223
2282
852
1680
64
425
562
1029
1649
1843
2043
1287
1576
1022
1838
1825
1673
2159
1795
414
781
2206
551
2904
647
1482
2093
1904
532
1439
1433
2300
2911
2286
2892
1200
211
317
2735
2720
1215
1700
2288
63
1161
2858
