1000 1000
913 345 767 75 333 724 83 500 759 820 487 717 425 470 196 361 484 711 24 226 269 288 800 541 650 840 867 728 966 155 449 712 200 156 840 473 307 403 180 914 9 308 588 27 756 529 654 455 891 394 424 436 12 395 396 552 922 353 670 320 418 435 133 295 437 304 594 112 27 308 736 704 184 59 726 88 832 290 787 219 224 497 926 64 736 834 92 101 965 253 150 93 415 153 783 905 229 366 575 327 633 485 51 354 395 715 523 680 250 460 460 58 111 444 144 255 621 714 388 451 197 951 153 416 591 306 144 972 501 323 644 929 228 913 360 624 960 850 968 323 526 821 458 563 782 112 132 198 662 453 661 831 581 887 257 697 871 554 526 233 92 793 280 696 391 661 500 852 27 710 369 406 203 928 331 552 495 109 710 828 707 315 547 243 666 936 155 443 281 981 846 622 629 123 997 186 92 98 303 471 495 862 499 309 314 786 679 850 906 697 74 780 104 583 345 629 632 860 994 809 488 517 926 103 1000 707 21 741 908 537 879 229 960 62 851 971 371 422 873 673 344 14 148 180 154 241 858 178 61 845 500 668 767 653 156 218 440 692 453 672 867 20 495 845 226 160 606 624 87 30 973 445 888 855 318 400 985 368 28 417 369 417 659 402 754 73 504 906 506 819 763 316 174 293 715 397 284 32 92 748 525 342 276 74 328 440 723 189 734 176 693 320 500 101 263 242 36 49 828 552 63 294 20 682 666 569 108 443 755 213 57 36 748 561 239 921 725 208 27 882 777 757 373 666 729 348 590 147 220 71 309 517 852 418 711 245 713 914 408 158 27 352 17 255 50 502 448 638 347 922 858 411 210 855 777 289 647 651 242 363 360 947 966 849 991 123 287 279 303 169 836 754 732 262 66 983 679 425 359 716 296 910 822 127 371 778 125 406 749 836 538 376 377 220 583 896 431 10 608 647 226 677 594 229 85 301 599 966 660 611 561 772 892 179 500 594 826 284 305 180 624 327 598 470 467 468 325 184 732 470 344 213 220 893 215 620 510 419 406 708 346 144 52 63 187 698 448 830 321 332 939 976 259 440 448 431 374 390 779 832 718 447 281 592 43 947 273 28 586 899 649 857 699 397 795 379 422 931 957 555 773 981 664 489 195 145 516 702 409 150 915 660 185 634 833 463 168 792 63 165 299 380 753 772 292 470 519 611 95 312 574 119 262 599 716 795 777 745 543 952 375 423 401 227 859 382 790 387 161 656 491 924 941 913 885 984 349 911 274 876 471 830 268 421 22 950 84 267 490 692 62 807 519 304 350 858 202 836 359 827 964 418 306 342 852 801 99 204 432 593 276 677 307 861 211 871 646 595 651 716 775 760 418 296 161 521 516 368 10 139 362 786 451 666 382 367 378 514 83 41 200 327 150 146 472 973 91 447 733 820 412 431 737 111 451 812 809 742 349 286 108 731 361 159 68 663 249 427 777 605 243 377 666 349 541 920 585 482 392 489 625 760 313 205 695 397 51 435 439 496 992 360 645 91 515 915 756 102 942 392 495 883 294 337 954 98 397 323 158 349 551 894 832 332 381 737 257 896 382 299 242 224 952 994 377 970 184 793 455 441 893 420 984 889 347 461 42 431 427 81 328 262 272 244 389 434 917 225 687 31 798 917 339 500 112 753 349 812 660 470 825 579 779 638 979 458 775 932 433 516 771 36 315 623 878 124 708 611 961 62 956 338 428 821 329 326 202 784 527 823 666 25 272 412 114 859 550 159 269 318 784 599 157 515 160 209 308 824 472 799 270 562 276 598 657 427 41 722 740 704 87 44 28 385 776 465 177 23 602 952 828 172 688 310 575 579 592 216 545 762 583 133 370 536 132 289 658 365 634 921 26 13 549 467 424 614 768 728 812 181 732 836 391 394 546 413 910 972 88 955 518 733 314 215 348 655 592 907 715 40 980 953 48 281 443 223 731 480 256 894 895 630 677 384 898 474 374 933 437 368 497 472 177 195 595 956 180 262 353 579 340 48 639 3 234 639 246 137 728 446 241 826 488 522 289 64 102 736 612 107 392 994 896 999 729 132 343 778 860 158 582 570 865 952 656 144 314 475 78 299 102 995 756 244 268 173 927 769 120 206 882 556 469 328 954 829 257 802 590 354 906 773 638 104 6 190 328 532 434 562 515 338 830 505 757 141 362 377 387 999 966 958 681 594 264 761 487 239 817 679 563 623 637 691 689 701 419 456 698 104 151 906 908 432 545 280 125 944 639 792 
390
357
540
866
524
424
34
905
391
905
392
550
855
263
852
16
157
925
105
464
909
885
189
317
719
670
156
832
58
364
240
208
406
201
67
316
802
564
982
876
968
907
689
337
335
916
896
578
584
299
421
171
826
67
51
205
318
119
321
193
746
474
203
613
707
544
146
813
634
714
949
129
841
970
102
666
802
652
189
587
216
36
829
329
653
93
363
598
536
242
486
591
898
381
468
117
49
100
910
582
628
751
458
90
78
199
104
81
750
24
148
258
983
716
282
448
344
296
674
482
781
643
86
543
296
672
113
238
6
296
693
857
19
658
604
731
534
182
67
621
373
373
773
486
649
561
104
975
619
977
227
836
483
915
782
616
604
9
673
643
783
21
302
112
916
67
663
249
381
653
44
138
642
697
616
547
555
167
430
25
561
346
988
703
534
970
581
233
798
970
625
2
674
19
291
410
705
257
152
447
517
978
782
447
336
393
882
37
21
297
966
703
380
534
569
466
760
87
611
258
372
958
119
874
690
82
850
976
791
102
354
890
628
473
53
967
222
397
498
854
145
83
557
885
439
757
180
509
962
337
427
822
37
427
555
132
146
257
825
194
15
510
564
382
675
785
960
630
827
984
619
640
757
514
555
478
346
522
369
926
820
763
820
74
543
935
121
813
363
535
700
300
632
668
928
991
627
431
167
395
163
470
223
693
440
462
354
494
531
363
475
29
351
199
219
663
32
7
11
589
407
750
233
1
499
882
820
259
731
777
981
925
37
698
175
801
248
520
528
825
53
866
829
575
560
49
54
141
876
984
445
371
638
215
586
296
248
390
180
877
771
368
322
184
266
267
820
30
490
507
56
965
994
713
990
891
2
151
41
111
823
857
490
996
223
783
256
884
977
324
524
868
247
92
909
353
865
553
871
899
56
409
62
505
405
539
87
834
679
97
122
530
163
565
265
219
578
755
148
344
891
579
878
148
941
594
532
44
273
6
418
568
785
723
942
212
562
633
298
674
414
712
921
389
6
677
531
628
918
384
749
969
586
881
678
335
561
154
147
761
51
345
174
434
137
716
913
540
665
340
36
988
191
418
279
203
277
654
354
848
866
863
533
789
260
726
420
205
133
530
820
786
115
316
545
363
967
591
237
461
93
684
300
97
897
462
182
308
254
135
562
127
512
441
459
104
901
438
198
659
339
569
346
574
396
498
729
779
71
555
541
194
878
517
701
47
951
365
369
231
2
80
597
306
826
1000
329
247
823
343
892
963
336
177
622
284
127
229
984
74
623
819
51
630
554
515
952
429
217
169
701
995
229
554
250
743
942
469
530
964
674
510
837
988
354
139
654
261
192
3
229
182
915
45
908
876
394
528
423
84
127
350
191
941
222
752
9
623
524
956
662
146
460
546
795
128
99
403
767
8
799
695
716
241
585
7
496
596
554
336
764
456
178
867
870
471
678
689
191
865
314
440
570
315
464
54
54
679
792
579
729
622
372
658
745
306
623
447
922
69
37
758
109
861
969
59
993
314
511
258
914
626
851
328
431
29
393
335
691
297
759
411
59
73
409
243
700
602
993
393
345
816
445
780
469
205
590
873
951
701
790
356
782
365
288
717
365
540
313
525
965
75
568
966
342
127
36
934
711
619
979
719
389
123
265
644
18
691
725
708
21
498
164
350
669
393
277
698
99
942
941
440
920
911
161
536
314
816
318
124
394
508
932
154
697
703
678
60
217
566
963
522
764
941
202
665
889
56
16
469
933
455
301
601
538
338
45
940
448
121
914
883
671
730
68
337
731
358
802
948
143
302
995
633
746
849
672
803
971
704
263
964
291
35
277
464
189
529
269
202
353
310
48
161
910
623
288
267
44
80
558
340
801
755
320
859
162
622
10
211
642
462
63
123
604
315
34
624
945
986
141
736
915
339
875
507
585
921
907
779
762
945
995
719
796
506
522
574
688
942
938
5
624
879
249
351
92
681
911
69
595
349
119
488
135
764
277
300
345
606
529
710
383
702
271
778
681
348
149
182
501
386
861
401
987
545
410
247
911
691
756
660
486
583
298
700
627
470
453
153
552
242
448
303
417
478
734
312
368
207
270
197
879
236
982
546
121
891
589
897
998
237
329
222
496
602
24
262
697
927
268
912
207
892
320
306
346
555
469
129
197
802
637
791
802
635
217
270
585
180
802
515
443
564
956
992
631
812
204
127
716
614
459
283
226
272
934
234
408
189
252
659
726
1
394
100
622
536
557
782
565
881
26
190
318
17
841
422
712
371
