1000 1000
236 588 752 311 43 182 265 510 954 408 69 191 979 81 751 131 534 480 959 159 931 592 787 383 27 643 271 289 958 77 800 330 143 980 16 543 508 849 330 335 696 493 10 718 855 624 791 683 646 713 365 666 461 382 178 525 412 48 765 48 318 66 631 592 190 596 258 95 98 415 537 120 972 55 48 487 835 892 856 202 307 452 971 384 780 917 386 345 482 535 539 850 544 277 820 890 808 467 464 190 473 719 93 903 512 596 155 256 889 514 383 798 906 272 708 579 760 26 165 308 755 943 410 783 347 964 249 108 556 706 419 152 727 340 785 214 583 345 482 50 522 992 252 817 249 830 347 629 747 163 418 187 460 629 14 443 760 854 954 396 988 203 57 649 60 967 734 562 77 348 200 672 329 65 710 616 11 552 317 456 769 289 645 846 65 998 239 552 370 771 172 533 265 74 55 249 959 869 618 874 862 445 915 657 907 88 580 894 896 963 419 911 804 209 383 919 197 103 915 909 958 422 550 793 337 835 69 753 632 474 140 905 184 201 336 456 699 154 676 142 675 622 431 106 393 282 386 847 933 358 852 281 619 75 480 327 320 352 710 190 148 795 177 408 138 247 148 11 645 99 171 361 484 204 540 938 246 711 113 893 460 159 137 757 761 361 959 813 904 348 474 569 731 884 227 581 628 896 317 895 885 950 750 540 55 461 369 830 408 191 891 24 117 955 574 88 266 908 521 313 665 186 749 741 11 494 345 481 911 567 977 251 398 645 447 985 885 472 865 482 633 73 189 857 654 795 463 685 709 675 831 999 937 205 391 40 308 78 24 178 632 781 55 270 278 740 396 222 864 384 509 210 262 615 688 573 247 949 498 6 726 738 374 176 519 889 514 318 702 560 817 424 798 312 508 485 731 728 679 272 679 700 485 335 196 673 97 875 230 403 5 317 391 456 312 794 693 577 611 38 406 387 218 550 855 804 506 599 899 470 677 268 880 210 96 696 734 817 37 637 691 388 328 882 526 789 758 303 439 27 973 799 72 127 223 738 969 917 362 204 457 886 764 177 443 17 334 494 282 673 113 228 451 917 791 603 99 105 264 721 427 785 2 354 722 335 429 747 861 890 916 956 387 321 919 273 44 785 649 623 562 305 44 235 165 744 172 243 860 572 194 594 878 49 453 298 169 496 362 61 183 638 707 769 824 951 437 342 406 921 763 297 681 364 74 927 368 322 378 537 995 113 6 697 254 863 786 515 291 393 296 932 94 480 715 164 474 668 311 501 210 955 416 595 747 324 443 157 844 91 521 18 446 948 659 185 638 493 980 646 647 33 972 314 502 638 447 814 40 441 220 748 121 672 56 103 793 939 189 384 477 258 160 66 27 686 895 300 544 990 110 188 964 478 469 981 510 377 587 643 168 670 695 391 719 887 584 218 937 230 78 257 303 224 781 470 735 291 413 368 868 636 90 519 574 936 175 399 967 972 67 984 292 395 372 702 837 683 695 680 404 345 584 395 812 679 102 409 414 550 669 495 393 482 522 550 317 415 67 638 249 913 853 155 52 26 140 323 208 374 136 421 309 278 712 314 868 899 345 287 611 496 630 389 699 317 600 363 461 220 902 915 707 261 236 334 314 430 362 240 195 838 378 822 727 993 212 762 352 114 137 289 111 273 216 155 717 521 803 881 519 467 421 415 434 769 711 122 83 635 275 953 411 771 433 78 18 20 857 244 592 346 676 546 859 504 504 914 343 220 409 937 321 401 826 387 148 256 618 460 523 786 303 541 182 793 309 418 987 870 78 210 163 526 917 262 743 549 548 880 103 472 198 668 137 78 942 77 317 200 922 654 628 571 266 949 377 410 668 565 51 226 773 149 181 863 307 843 62 668 71 249 490 933 252 907 758 939 352 823 990 764 589 485 33 747 641 610 793 992 552 360 577 818 867 829 426 76 797 467 319 339 196 224 975 628 880 43 81 127 728 648 286 73 32 330 915 535 723 377 227 266 645 697 231 993 384 544 905 116 536 917 495 997 27 281 762 616 981 242 826 894 589 833 935 449 949 9 122 713 824 211 556 809 205 893 199 285 791 150 623 527 456 509 693 129 316 617 110 969 670 347 607 387 870 94 554 792 195 342 946 928 333 226 115 892 457 514 18 225 969 422 930 248 901 537 185 104 250 800 819 151 324 325 838 239 486 985 655 692 889 706 932 909 902 740 668 680 401 779 879 265 972 80 247 416 891 480 285 590 745 915 351 962 917 788 139 96 273 682 
470
710
948
38
658
636
512
777
798
343
17
610
889
609
490
560
388
414
595
677
262
838
462
582
794
645
355
126
985
10
698
805
191
746
494
9
986
303
586
550
233
8
644
324
756
800
389
659
864
626
527
279
406
604
9
964
360
524
652
487
173
61
161
929
490
91
906
143
872
5
750
453
800
95
772
986
225
54
250
414
762
64
980
915
814
426
963
384
410
310
271
270
834
798
852
249
754
39
629
149
405
600
295
888
546
525
781
742
750
343
665
882
284
732
86
514
734
749
137
819
307
420
498
678
344
637
642
788
835
161
675
179
514
38
586
287
235
42
932
254
666
413
384
59
34
736
360
365
96
95
597
850
243
44
253
727
690
278
510
945
44
881
214
52
692
53
5
152
725
907
908
37
802
431
685
12
235
154
589
241
371
473
361
725
225
324
441
597
709
248
634
111
558
425
378
458
275
729
811
292
731
792
121
369
853
588
713
444
883
942
620
249
653
563
604
49
506
123
859
336
929
156
376
567
995
94
730
573
387
812
915
528
842
514
834
355
397
830
266
528
559
358
959
899
626
890
871
315
569
182
894
188
107
8
148
586
508
294
298
160
989
411
289
989
798
450
472
262
486
577
735
266
727
410
893
265
700
543
358
996
90
166
970
20
738
448
358
218
104
776
391
725
950
281
248
39
599
22
677
225
947
276
810
584
801
921
579
979
324
197
885
721
775
983
52
913
819
638
859
725
949
262
865
39
25
301
114
786
892
923
488
388
213
151
543
858
903
22
513
24
3
227
594
405
526
652
655
284
221
789
684
827
159
213
21
998
183
87
321
953
12
717
662
397
56
449
321
82
63
106
320
197
966
993
135
53
246
187
57
865
782
889
405
240
930
409
323
887
701
269
938
509
839
73
670
403
42
799
889
490
205
364
406
202
393
762
208
268
862
4
520
247
637
943
398
407
222
732
878
929
357
738
332
169
166
508
822
740
622
376
235
880
48
298
102
493
497
943
801
975
618
366
909
215
811
336
256
42
192
858
256
857
845
369
456
22
281
937
124
930
481
325
817
909
200
990
151
917
808
619
675
919
588
927
968
64
874
803
445
156
276
32
115
631
449
869
458
167
457
119
60
247
143
100
581
244
408
432
953
571
586
574
263
544
727
894
376
47
558
626
173
612
190
681
927
402
308
33
42
166
287
3
668
803
219
293
523
977
868
131
31
383
525
442
129
631
86
8
17
198
846
19
697
420
423
666
197
254
721
314
206
232
504
256
604
504
176
853
34
786
458
270
580
390
783
347
383
953
808
746
326
977
864
772
318
93
569
216
587
200
251
89
966
373
632
75
237
386
166
620
432
699
554
421
976
743
832
375
371
601
837
486
908
420
94
733
12
974
40
211
771
630
652
647
622
337
528
241
861
37
698
230
861
568
586
183
935
649
542
756
420
35
210
687
481
208
273
110
672
442
539
211
536
553
60
407
111
489
860
62
825
578
87
658
105
365
629
221
901
777
48
94
480
82
923
691
872
22
482
611
128
562
776
489
226
931
471
206
114
2
507
910
502
396
298
266
226
877
823
23
528
989
730
778
958
686
645
659
489
784
740
304
603
742
690
584
943
110
675
630
612
429
744
505
279
392
963
458
900
402
923
82
645
556
31
641
149
289
954
652
528
610
217
766
660
792
252
352
896
398
831
25
533
175
824
233
352
996
998
74
268
174
854
843
856
367
167
576
898
839
685
829
830
107
76
141
875
252
212
922
709
961
170
286
460
920
9
60
626
878
23
67
887
987
180
885
342
27
413
501
588
259
426
58
919
102
590
377
50
618
450
29
884
831
287
449
40
659
753
343
770
100
385
576
841
417
948
218
107
63
601
374
14
731
914
938
208
399
851
762
999
111
431
712
590
777
591
38
498
482
211
487
853
546
977
880
2
633
611
369
798
114
891
35
102
887
31
973
90
350
230
619
970
84
106
278
503
602
61
156
692
64
959
824
549
829
93
18
290
432
897
187
713
916
46
130
806
523
376
28
223
146
983
921
214
323
693
208
225
210
831
680
526
739
312
713
719
190
760
952
91
708
621
895
718
826
653
535
401
871
960
651
826
64
515
42
704
221
694
157
690
474
355
821
139
513
151
981
362
180
475
591
177
986
676
769
814
897
645
751
817
210
999
185
295
940
741
132
874
275
327
913
715
691
56
30
418
66
427
855
772
924
481
934
608
396
902
770
937
280
418
777
830
344
140
679
513
663
725
773
314
65
957
924
470
382
466
492
319
277
